/*--------------------------------*- C++ -*----------------------------------*\
| =========                 |                                                 |
| \\      /  F ield         | OpenFOAM: The Open Source CFD Toolbox           |
|  \\    /   O peration     | Version:  v1912                                 |
|   \\  /    A nd           | Website:  www.openfoam.com                      |
|    \\/     M anipulation  |                                                 |
\*---------------------------------------------------------------------------*/
FoamFile
{
    version     2.0;
    format      ascii;
    class       volScalarField;
    location    "0.46";
    object      p;
}
// * * * * * * * * * * * * * * * * * * * * * * * * * * * * * * * * * * * * * //

dimensions      [0 2 -2 0 0 0 0];


internalField   nonuniform List<scalar> 
6600
(
153.746
149.167
146.875
145.419
144.309
143.363
142.452
141.554
140.616
139.602
138.461
137.2
135.772
134.182
132.484
130.886
128.973
126.685
124.387
121.901
119.192
116.291
113.047
108.994
104.718
100.145
95.1783
89.6235
83.3947
76.6344
69.1696
60.5421
50.6226
39.2741
26.1227
10.7899
-7.04766
-27.765
-51.8803
-80.034
-112.924
-151.263
-195.821
-247.5
-307.146
-375.617
-453.957
-540.298
-642.781
-756.763
150.529
145.785
143.906
142.199
140.632
139.221
137.91
136.612
135.236
133.765
132.179
130.474
128.621
126.645
124.468
122.169
119.67
116.697
113.389
109.913
106.052
101.809
97.4385
92.5479
86.7975
80.4955
73.5998
66.1471
57.7271
48.2916
37.9302
26.38
13.2857
-1.55278
-18.4732
-37.951
-60.3848
-86.1593
-115.743
-149.808
-189.019
-234.115
-286.024
-345.596
-413.624
-490.674
-578.035
-674.078
-783.987
-905.779
146.11
141.218
139.683
137.708
135.832
134.111
132.455
130.778
128.953
126.951
124.819
122.537
120.107
117.509
114.745
111.61
108.188
104.497
100.404
95.8681
90.9116
85.3961
79.2405
72.7915
65.6341
57.7
48.7816
38.9559
28.2882
16.3856
3.02305
-11.8831
-28.5375
-47.1929
-68.2104
-92.1221
-119.373
-150.351
-185.591
-225.767
-271.572
-323.582
-382.826
-449.998
-525.902
-611.499
-707.226
-811.508
-925.184
-1047.34
140.981
135.795
134.546
132.274
130.205
128.242
126.239
124.123
121.862
119.448
116.884
114.105
111.082
107.715
104.057
100.136
95.8361
90.9781
85.7338
79.9869
73.6334
66.7503
59.2225
50.8416
41.752
31.8862
21.1168
8.99241
-4.43165
-19.227
-35.5816
-53.7927
-74.2095
-96.9765
-122.372
-150.945
-183.27
-219.694
-260.819
-307.203
-359.518
-418.466
-484.75
-559.081
-642.194
-735.105
-837.901
-948.332
-1063.9
-1183.1
135.197
129.792
128.78
126.237
124.05
121.875
119.589
117.118
114.507
111.729
108.71
105.391
101.722
97.6443
93.1048
88.0789
82.7456
76.9512
70.5024
63.5181
55.8012
47.1698
37.7102
27.4071
16.1801
3.92059
-9.36241
-23.837
-39.8621
-57.585
-77.2524
-98.9842
-123.204
-150.242
-180.328
-213.823
-251.181
-293.01
-339.873
-392.333
-450.927
-516.302
-589.042
-669.73
-759.077
-857.926
-966.007
-1080.52
-1196.6
-1311.97
128.759
123.316
122.454
119.561
117.319
114.952
112.397
109.663
106.759
103.606
100.09
96.1776
91.8145
86.9905
81.7105
75.7935
69.2188
62.1138
54.3483
45.8191
36.6632
26.6963
15.5492
3.25338
-10.2666
-24.8812
-40.8683
-58.3835
-77.4798
-98.3907
-121.391
-146.775
-174.871
-206.033
-240.601
-278.971
-321.565
-368.827
-421.207
-479.247
-543.585
-614.719
-693.025
-778.931
-872.973
-976.016
-1088.05
-1205.95
-1322.27
-1432.26
121.857
116.472
115.692
112.217
110.019
107.471
104.625
101.59
98.2645
94.5786
90.4765
85.9179
80.8471
75.2431
69.0185
62.247
54.8314
46.4469
37.4515
27.5302
16.4061
4.42795
-8.50167
-22.656
-38.2928
-55.3824
-73.928
-94.193
-116.347
-140.642
-167.271
-196.427
-228.521
-263.926
-302.979
-346.006
-393.403
-445.581
-502.995
-566.178
-635.52
-711.494
-794.362
-884.403
-981.929
-1087.64
-1201.86
-1321.78
-1437.53
-1540.16
114.575
109.323
108.54
104.493
102.42
99.4986
96.2325
92.9979
89.1108
84.7806
79.9991
74.7113
68.8817
62.4873
55.4055
47.4846
38.8316
29.1752
18.5702
7.27607
-5.13433
-18.8994
-33.9181
-50.2035
-67.8995
-87.3059
-108.592
-131.805
-157.114
-184.718
-214.88
-247.808
-283.702
-322.991
-366.098
-413.486
-465.441
-522.178
-584.005
-651.398
-724.867
-804.674
-891.048
-984.024
-1083.79
-1191.14
-1306.81
-1427.73
-1541.64
-1634.22
106.766
101.756
100.879
96.7006
95.0438
91.4516
87.8863
83.9903
79.5851
74.6576
69.1527
63.0412
56.2815
48.8079
40.6823
31.7665
21.9207
11.2091
-0.816104
-14.1394
-28.4215
-43.9763
-61.0411
-79.572
-99.6234
-121.308
-144.953
-170.791
-199.03
-229.792
-263.265
-299.748
-339.533
-382.816
-429.862
-480.974
-536.605
-597.091
-662.763
-733.851
-810.568
-893.273
-982.081
-1077.11
-1178.3
-1286.1
-1401.29
-1521.38
-1632.13
-1713.05
98.6096
94.2409
93.2674
89.4602
87.1734
83.4938
79.5934
75.1945
70.2344
64.6793
58.4596
51.5546
43.9204
35.4582
26.0355
15.7267
4.38381
-7.88683
-21.1047
-35.8158
-51.9488
-69.4048
-88.4344
-109.141
-131.693
-156.133
-182.529
-211.143
-242.187
-275.946
-312.659
-352.414
-395.432
-442.025
-492.481
-547.106
-606.076
-669.689
-738.221
-811.958
-891.085
-975.73
-1066.04
-1162.02
-1263.81
-1371.61
-1485.58
-1602.75
-1708.79
-1777.03
90.5616
86.949
85.9648
82.2948
79.6421
75.7217
71.5031
66.6743
61.1903
55.0291
48.1238
40.4418
31.8464
22.3737
12.0357
0.585861
-11.9808
-25.9352
-41.1177
-57.4861
-75.4142
-94.911
-115.997
-138.811
-163.551
-190.424
-219.484
-250.914
-284.846
-321.424
-360.878
-403.608
-449.814
-499.567
-553.033
-610.479
-672.205
-738.381
-809.234
-884.897
-965.582
-1051.46
-1142.56
-1238.81
-1340.17
-1446.94
-1558.6
-1671.67
-1771.72
-1827.24
83.0535
80.1957
78.9664
75.3724
72.4765
68.316
63.7685
58.5447
52.6047
45.8979
38.4071
30.0586
20.7095
10.2409
-1.25967
-13.9896
-27.8123
-42.8668
-59.4859
-77.5216
-97.0811
-118.413
-141.662
-166.834
-194.009
-223.315
-254.933
-288.965
-325.585
-365.054
-407.47
-452.936
-501.688
-554.011
-610.051
-669.894
-733.757
-801.877
-874.423
-951.494
-1033.1
-1119.43
-1210.46
-1306.15
-1406.46
-1511.52
-1620.39
-1728.47
-1820.82
-1864.7
76.2078
73.8927
72.5765
69.0743
66.0553
61.6695
56.8103
51.2052
44.8265
37.5934
29.4858
20.3866
10.3747
-0.613682
-12.957
-26.5926
-41.7165
-58.1928
-76.1383
-95.7906
-117.118
-140.161
-165.155
-192.244
-221.577
-253.241
-287.304
-323.954
-363.199
-405.075
-449.848
-497.821
-549.119
-603.806
-662.099
-724.156
-789.949
-859.594
-933.19
-1010.86
-1092.79
-1178.98
-1269.51
-1364.15
-1462.71
-1565.27
-1671.42
-1774.48
-1858.76
-1892.57
70.3346
68.4685
67.1127
63.7373
60.6076
56.1082
51.0467
45.1433
38.3576
30.7071
22.1228
12.4818
1.61633
-10.2301
-23.3434
-37.704
-53.5432
-71.0262
-90.1036
-110.944
-133.745
-158.57
-185.463
-214.508
-245.789
-279.486
-315.665
-354.446
-396.048
-440.568
-487.946
-538.291
-591.721
-648.453
-708.514
-771.941
-839.026
-909.733
-984.214
-1062.45
-1144.33
-1229.99
-1319.29
-1412.33
-1508.9
-1608.66
-1710.19
-1808.2
-1886.1
-1910.99
65.6718
64.3231
62.8691
59.6253
56.4124
51.821
46.6554
40.6033
33.5464
25.5553
16.5084
6.53262
-4.48567
-17.0279
-30.8964
-46.1269
-62.8038
-81.1397
-101.294
-123.311
-147.227
-173.271
-201.582
-232.252
-265.397
-301.041
-339.364
-380.348
-423.98
-470.391
-519.751
-572.148
-627.701
-686.318
-748.166
-813.343
-881.633
-953.266
-1028.12
-1106.19
-1187.56
-1272.14
-1359.97
-1450.79
-1544.75
-1641.65
-1738.88
-1830.62
-1899.95
-1919.55
62.6662
61.5264
60.0586
56.8847
53.6168
49.0279
43.8431
37.7039
30.6062
22.5393
13.3592
2.84167
-8.59195
-21.3171
-35.509
-51.2269
-68.5407
-87.5313
-108.368
-131.305
-156.4
-183.675
-213.293
-245.352
-279.971
-317.247
-357.195
-400.023
-445.851
-494.546
-546.087
-600.509
-657.754
-718.047
-781.289
-847.427
-916.696
-988.801
-1063.84
-1141.85
-1222.68
-1306.2
-1392.35
-1481.02
-1571.92
-1663.89
-1753.87
-1835.4
-1892.3
-1910.12
61.0561
60.0991
58.5498
55.5692
52.3507
47.8336
42.752
36.6337
29.5441
21.4417
12.4642
2.29226
-9.38153
-22.3874
-36.7771
-52.7913
-70.5296
-90.0964
-111.558
-134.981
-160.689
-188.836
-219.481
-252.796
-288.833
-327.723
-369.492
-414.032
-461.429
-511.811
-565.077
-621.353
-680.6
-742.481
-807.132
-874.675
-944.85
-1017.79
-1093.3
-1171
-1250.86
-1332.92
-1416.9
-1502.64
-1589.65
-1676.89
-1758.18
-1825.27
-1865.3
-1880.05
61.1369
60.011
58.4546
55.6629
52.5872
48.2633
43.3545
37.4981
30.662
22.7364
13.5661
3.65742
-7.52997
-20.24
-34.4978
-50.4409
-68.1741
-87.8715
-109.755
-133.814
-160.104
-188.87
-220.259
-254.387
-291.447
-331.488
-374.681
-421.057
-470.469
-522.84
-578.155
-636.166
-696.993
-760.675
-826.989
-895.699
-966.838
-1040.3
-1115.76
-1193.24
-1272.51
-1353.1
-1434.98
-1518.16
-1601.48
-1681.93
-1753.82
-1806.38
-1828.49
-1838.97
62.6655
61.3416
59.7189
57.0726
54.1751
50.2007
45.6021
39.9906
33.5321
26.2982
17.8123
8.0515
-2.99718
-15.2249
-29.0718
-44.626
-62.0701
-81.5047
-103.108
-127.178
-153.776
-182.972
-215.02
-250.017
-288.029
-329.225
-373.625
-421.323
-472.363
-526.536
-583.784
-644.163
-707.167
-772.499
-840.106
-910.2
-982.666
-1057.03
-1133.43
-1211.3
-1290.18
-1369.91
-1449.63
-1528.95
-1608.61
-1683.04
-1746.41
-1790.29
-1803.86
-1808.01
65.4025
63.8272
62.1077
59.6796
56.9529
53.3159
49.2602
44.2098
38.2347
31.3102
23.5732
14.5026
4.25773
-7.26726
-20.3645
-35.1959
-52.0258
-71.0404
-92.3067
-115.994
-142.345
-171.555
-203.699
-239.082
-277.773
-319.885
-365.569
-414.794
-467.514
-523.698
-582.984
-645.139
-710.299
-777.997
-848.116
-920.16
-993.84
-1069.61
-1146.7
-1224.73
-1303.48
-1382.7
-1462.42
-1540.97
-1615.54
-1684.4
-1742.35
-1779.84
-1793.91
-1792.2
68.7008
66.9874
65.3377
63.0815
60.638
57.3704
53.726
49.3704
44.4386
38.4708
31.5263
23.2764
13.7941
2.85299
-9.12871
-22.8819
-38.6378
-56.6322
-77.0897
-100.191
-126.046
-154.986
-187.178
-222.679
-261.713
-304.363
-350.812
-401.253
-455.592
-513.639
-575.405
-640.501
-708.29
-778.54
-850.579
-924.584
-1000.66
-1077.84
-1156.34
-1236.15
-1316.47
-1396.46
-1475.67
-1554
-1628.96
-1693.96
-1742.04
-1765.79
-1777.52
-1776.3
72.5131
70.7247
68.9978
67.036
64.8538
62.0741
59.0086
55.1961
50.8399
45.846
39.9899
33.2223
25.1447
15.5169
4.42213
-8.33587
-22.8843
-39.4904
-58.4944
-80.3434
-105.236
-133.321
-165.028
-200.438
-239.654
-282.844
-330.078
-381.574
-437.456
-497.542
-561.337
-628.881
-699.714
-772.908
-848.384
-925.556
-1003.83
-1083.65
-1164.67
-1245.87
-1327.21
-1408.99
-1490.12
-1567.75
-1639.66
-1703.35
-1746.15
-1759.43
-1762.23
-1763.78
76.6373
74.6529
72.8808
71.2793
69.308
66.9587
64.484
61.4237
57.8681
53.6657
48.7548
43.2288
36.6498
28.8499
19.1982
7.97668
-5.01759
-20.0985
-37.5457
-57.7563
-81.2423
-108.157
-138.709
-173.388
-212.374
-255.702
-303.509
-355.771
-412.784
-474.756
-541.23
-611.49
-685.501
-762.74
-841.972
-922.318
-1004.04
-1086.89
-1170.18
-1254.27
-1338.79
-1423.17
-1505.35
-1585
-1654.65
-1707.32
-1739.73
-1754.53
-1752.21
-1753.74
80.3054
78.5223
76.6542
75.6593
73.7798
71.9333
69.9126
67.4513
64.7163
61.4035
57.5079
52.9671
47.6352
41.4187
33.8209
24.6257
13.6908
0.644387
-14.8544
-33.0465
-54.4632
-79.6567
-108.831
-142.261
-180.44
-223.513
-271.645
-324.842
-383.105
-446.6
-515.538
-589.338
-667.006
-747.814
-830.815
-915.911
-1001.83
-1087.91
-1174.97
-1262.56
-1349.77
-1435.13
-1519.03
-1596.33
-1666.49
-1718.11
-1734.99
-1742.43
-1742.75
-1743.44
83.3147
82.1836
79.756
79.5914
77.8769
76.7747
75.2257
73.2448
71.1702
68.768
65.9734
62.5945
58.6042
53.7853
47.9638
40.8929
32.1882
21.4679
8.36958
-7.48495
-26.4634
-49.1539
-76.2788
-108.084
-144.949
-187.219
-235.078
-288.61
-347.928
-413.152
-484.05
-560.437
-641.812
-727.443
-816.509
-906.321
-996.537
-1087.86
-1178.94
-1268.96
-1359.11
-1447.89
-1535.5
-1614.23
-1674.56
-1715.05
-1733.64
-1731.97
-1733.8
-1733.53
85.3601
85.9124
82.5249
83.2708
81.5679
81.0575
80.0081
78.6439
77.1795
75.4725
73.6001
71.444
68.85
65.646
61.5468
56.3806
49.9065
41.7274
31.4205
18.4766
2.30074
-17.5618
-41.8265
-71.2792
-106.338
-147.366
-194.578
-248.19
-308.272
-374.949
-448.504
-528.329
-613.914
-704.289
-797.688
-893.7
-990.441
-1085.84
-1180.86
-1275.93
-1369.43
-1462.33
-1546.34
-1625.96
-1689.12
-1710.63
-1722.37
-1722.49
-1723.29
-1723.28
85.8792
89.1981
84.3845
86.779
84.8418
84.6604
84.0061
83.2349
82.3191
81.2474
80.1294
78.9399
77.5553
75.838
73.5771
70.4177
66.0678
60.3769
52.8244
42.9605
30.1875
13.7194
-7.24691
-33.5327
-65.8404
-104.777
-150.65
-203.738
-264.142
-332.145
-407.855
-491.281
-581.079
-676.468
-776.687
-879.56
-982.326
-1084.11
-1184.81
-1284.62
-1380.86
-1474.37
-1563.06
-1636.42
-1687.51
-1711.77
-1712.24
-1713.23
-1713.14
-1712.89
84.5292
91.6544
85.686
89.026
87.3953
87.7208
87.2811
86.9549
86.4832
85.9333
85.4422
85.0215
84.7476
84.4357
83.9054
82.9204
80.8489
77.6454
72.8182
65.9353
56.6229
43.9289
26.7527
4.22164
-24.5969
-60.6075
-104.473
-156.527
-217.164
-285.978
-363.334
-449.859
-545.174
-647.041
-754.398
-864.146
-974.825
-1084.05
-1190.75
-1294.06
-1395.23
-1488.88
-1575.82
-1651.77
-1683.73
-1701.21
-1701.64
-1702.05
-1701.85
-1701.45
80.4327
92.9063
86.1103
90.4498
89.3696
90.1528
89.9981
90.0283
90.0039
89.8954
89.9571
90.0185
90.4699
91.1924
91.9098
92.512
92.8267
92.1732
90.0557
86.2993
80.35
71.5217
58.6799
40.5099
15.8563
-16.3796
-57.0304
-107.026
-167.179
-237.555
-317.275
-408.647
-509.07
-617.146
-731.024
-850.69
-970.432
-1086.32
-1200.36
-1307.56
-1410.6
-1508.22
-1588.2
-1648.93
-1683.11
-1685.4
-1687.92
-1688.98
-1689.44
-1689.24
52.7848
87.8235
85.9945
90.6748
90.7776
91.7772
92.0563
92.2452
92.3745
92.5204
92.9643
93.8992
95.0803
96.7254
98.4945
100.571
103.901
106.192
105.785
103.915
101.32
96.4122
87.6529
73.7427
53.4154
25.3016
-12.0459
-59.814
-117.968
-187.842
-269.193
-366.1
-473.701
-590.095
-713.881
-842.302
-971.563
-1097.83
-1216.63
-1330.1
-1430.17
-1517.73
-1600.32
-1637.38
-1661.63
-1667.26
-1671.58
-1674.94
-1677.11
-1677.77
269.642
265.515
263.558
262.338
261.81
261.713
261.798
262.062
262.568
263.374
264.582
266.128
267.982
270.168
272.678
275.505
278.73
282.345
286.241
290.427
294.882
299.668
304.754
310.085
315.559
321.198
326.923
332.766
338.511
344.141
349.572
354.58
358.804
361.962
363.775
363.792
362.024
358.076
351.277
341.189
327.21
308.518
284.458
254.24
217.139
172.288
119.173
58.2853
-16.8695
-97.3075
267.431
263.771
262.612
261.503
260.926
260.777
260.798
261.013
261.551
262.38
263.529
264.991
266.662
268.521
270.755
273.32
276.21
279.485
283.099
286.911
290.876
295.029
299.359
303.874
308.484
313.029
317.53
322.09
326.563
330.493
334.116
337.113
339.198
339.956
339.095
336.126
330.884
323.159
312.25
297.672
278.923
255.089
225.535
189.345
145.776
93.9258
33.3719
-35.0704
-115.985
-202.612
264.825
261.518
261.181
260.37
259.832
259.626
259.678
259.92
260.442
261.276
262.437
263.842
265.525
267.366
269.437
271.832
274.451
277.235
280.339
283.727
287.286
290.969
294.628
298.242
301.908
305.626
309.16
312.414
315.348
317.573
319.095
319.683
319.126
317.079
313.196
307.102
298.369
286.767
271.515
252.158
228.357
199.198
163.984
121.7
71.8711
13.528
-53.6454
-128.857
-212.804
-299.485
262.158
259.152
259.452
258.67
258.265
258.113
258.142
258.468
259.055
259.886
260.976
262.276
263.82
265.671
267.682
269.892
272.34
274.904
277.526
280.275
283.151
286.22
289.389
292.396
295.068
297.574
299.928
301.837
303.095
303.577
302.878
301.04
297.793
292.739
285.623
276.079
263.67
248.182
228.56
204.473
175.499
140.973
100.299
52.6211
-2.78353
-66.781
-139.534
-219.421
-304.722
-388.535
259.519
256.766
257.387
256.243
256.084
256.026
256.073
256.387
256.968
257.779
258.777
260.025
261.466
263.169
265.045
266.98
269.016
271.2
273.463
275.751
278.062
280.224
282.437
284.633
286.598
288.023
288.881
289.182
288.682
287.171
284.507
280.089
274.043
266.065
255.705
242.693
226.552
206.904
183.092
154.605
121.059
81.7452
36.0847
-16.3377
-76.0934
-144.136
-220.528
-303.238
-389.028
-468.725
256.921
254.142
254.977
253.445
253.61
253.395
253.515
253.878
254.383
255.035
255.868
256.877
258.088
259.449
261.017
262.715
264.425
266.12
267.786
269.424
271.116
272.717
274.052
274.954
275.598
275.773
275.216
273.63
271.268
267.68
262.819
256.213
247.586
236.637
223.187
206.929
187.247
163.764
136.084
103.681
66.0738
22.8461
-26.4462
-82.3182
-145.196
-215.756
-294.127
-378.131
-463.203
-537.528
254.105
251.281
252.222
250.562
250.97
250.698
250.725
250.964
251.366
251.904
252.583
253.408
254.315
255.19
256.149
257.237
258.417
259.629
260.75
261.679
262.388
262.936
263.277
263.167
262.496
261.172
259.115
256.047
251.811
246.128
238.714
229.551
218.415
204.857
188.61
169.231
146.345
119.604
88.6366
53.0746
12.5118
-33.6115
-85.5672
-143.511
-207.84
-279.233
-357.998
-442.07
-525.039
-592.014
250.984
248.254
249.193
247.608
247.946
247.613
247.653
247.767
247.963
248.328
248.76
249.264
249.848
250.423
250.932
251.374
251.777
252.172
252.512
252.748
252.706
252.185
251.173
249.666
247.493
244.566
240.703
235.966
229.805
222.203
212.824
201.437
187.819
171.75
152.919
130.939
105.409
76.0765
42.6375
4.71093
-38.0221
-85.7984
-138.968
-197.829
-262.501
-333.452
-411.038
-493.308
-572.229
-629.951
247.518
244.851
245.83
244.228
244.413
243.93
243.905
243.948
244.023
244.176
244.405
244.619
244.771
244.91
244.999
244.974
244.76
244.329
243.67
242.754
241.54
240.023
237.898
235.119
231.587
227.183
221.715
215.071
207.003
197.284
185.759
172.311
156.644
138.406
117.245
93.0101
65.4731
34.3148
-0.798902
-40.0971
-83.8184
-132.302
-185.63
-243.949
-307.62
-377.134
-452.231
-530.584
-603.595
-649.773
243.671
241.089
242.039
240.245
240.298
239.686
239.563
239.417
239.325
239.216
239.081
238.962
238.813
238.556
238.153
237.584
236.801
235.71
234.3
232.48
230.217
227.376
223.89
219.616
214.566
208.603
201.558
193.118
183.345
172.05
158.891
143.591
125.992
105.87
83.0331
57.2503
28.2726
-4.08643
-40.0378
-79.909
-123.855
-171.938
-224.365
-281.268
-342.8
-409.461
-480.842
-553.824
-619.132
-653.567
239.192
236.867
237.532
235.889
235.859
235.007
234.74
234.343
233.976
233.626
233.151
232.523
231.826
231.07
230.18
229.045
227.607
225.788
223.517
220.782
217.557
213.726
209.207
203.844
197.491
190.066
181.521
171.658
160.173
147.104
132.274
115.438
96.3551
74.8637
50.767
23.9787
-5.68628
-38.4835
-74.6303
-114.141
-157.18
-203.948
-254.446
-308.799
-367.202
-430.026
-497.165
-564.295
-621.115
-645.428
234.078
232.089
232.639
231.032
231.062
230.086
229.639
228.96
228.247
227.477
226.652
225.688
224.451
222.989
221.336
219.502
217.373
214.896
212.005
208.521
204.242
199.269
193.556
187.071
179.596
170.976
161.061
149.853
137.377
123.15
107.016
88.889
68.6746
46.2647
21.5586
-5.67059
-35.5732
-68.166
-103.578
-142.136
-183.779
-228.432
-276.151
-326.995
-381.157
-438.905
-500.187
-561.357
-611.653
-628.874
228.604
226.96
227.674
225.676
225.743
224.703
224.182
223.241
222.317
221.175
219.824
218.357
216.702
214.75
212.409
209.729
206.676
203.208
199.301
194.918
189.967
184.248
177.679
170.209
161.738
152.194
141.382
129.099
115.3
99.8868
82.8548
63.9545
43.2179
20.4251
-4.57065
-31.7455
-61.1797
-93.0694
-127.428
-164.079
-203.21
-244.917
-289.142
-335.775
-384.644
-436.806
-491.171
-544.859
-588.246
-603.984
222.837
221.627
222.082
220.372
220.517
219.071
218.431
217.261
216.112
214.736
213.077
211.101
208.836
206.28
203.389
200.076
196.347
192.153
187.344
181.881
175.821
169.104
161.594
153.19
143.809
133.307
121.622
108.79
94.4073
78.3654
60.6728
41.3112
20.2098
-2.65107
-27.3583
-54.0573
-82.7126
-113.186
-145.615
-180.212
-216.744
-254.988
-294.846
-336.342
-379.351
-424.202
-469.521
-512.231
-544.345
-560.12
217.037
216.27
216.502
215.064
215.476
213.249
212.621
211.285
209.879
208.109
206.139
203.866
201.223
198.14
194.655
190.657
186.121
181.102
175.584
169.469
162.627
155.036
146.647
137.322
127.081
115.898
103.551
89.7148
74.5347
58.1464
40.2479
20.8353
-0.13428
-22.8158
-47.1083
-72.8752
-100.192
-129.194
-159.645
-191.297
-224.277
-258.681
-294.198
-330.064
-366.756
-403.524
-438.27
-466.08
-481.128
-493.907
211.257
210.841
211.062
209.887
209.724
208.066
207.326
205.687
204.026
201.903
199.458
196.675
193.571
190.1
186.209
181.835
176.855
171.176
164.811
157.807
150.17
141.791
132.608
122.521
111.373
99.3091
86.3209
72.3482
57.0428
40.2453
22.0491
2.56282
-18.2722
-40.3684
-63.7989
-88.5586
-114.467
-141.343
-169.348
-198.47
-228.332
-258.554
-289.023
-319.465
-349.24
-377.271
-401.91
-418.938
-423.795
-430.529
205.84
205.782
205.885
204.992
204.611
203.144
202.193
200.35
198.528
196.196
193.503
190.366
186.775
182.722
178.16
173.128
167.611
161.536
154.769
147.24
138.943
129.925
120.118
109.437
97.8894
85.2652
71.4394
56.5867
40.8526
24.0448
5.95007
-13.3585
-33.872
-55.5516
-78.2226
-101.735
-126.08
-151.275
-177.019
-203.1
-229.381
-255.952
-282.348
-308.049
-331.718
-352.039
-367.029
-375.526
-383.29
-386.57
201.012
201.205
201.294
200.593
200.187
198.834
197.624
195.747
193.664
191.043
188.097
184.649
180.764
176.378
171.448
165.893
159.692
152.88
145.44
137.376
128.525
118.897
108.555
97.3199
85.2113
72.1641
58.3833
43.4789
27.3111
10.0676
-8.05554
-27.1846
-47.3373
-68.387
-90.2204
-112.771
-135.849
-159.075
-182.555
-206.466
-230.517
-253.907
-275.94
-297.126
-316.177
-330.627
-339.067
-341.662
-348.986
-352.973
196.816
197.183
197.358
196.714
196.315
195.068
193.836
191.928
189.764
187.023
183.832
180.075
175.779
170.829
165.368
159.383
152.78
145.495
137.496
128.808
119.463
109.352
98.4779
86.943
74.532
61.2044
46.8036
31.4884
15.3773
-1.8159
-20.0311
-39.1277
-59.1043
-79.8814
-101.247
-122.897
-144.741
-166.875
-188.845
-210.268
-231.652
-252.883
-273.001
-291.082
-306.489
-316.414
-318.586
-321.342
-324.108
-329.525
193.225
193.699
194.096
193.537
193.211
192.015
190.815
188.897
186.718
183.916
180.587
176.715
172.244
167.059
161.106
154.565
147.27
139.341
130.749
121.422
111.422
100.772
89.3708
77.2529
64.4602
51.0592
36.7674
21.3809
4.97207
-12.2166
-30.2389
-49.3438
-69.3076
-89.9068
-110.974
-132.366
-153.668
-174.39
-194.855
-215.4
-235.394
-254.318
-271.978
-288.038
-300.771
-307.714
-308.325
-311.022
-311.699
-315.221
190.203
190.783
191.39
191.053
190.861
189.806
188.728
186.917
184.75
181.986
178.604
174.47
169.674
164.273
158.162
151.258
143.529
135.017
125.784
115.839
105.172
93.8568
81.9834
69.4379
56.1566
42.0409
27.3514
12.1226
-4.09182
-21.252
-39.3595
-58.3597
-78.3604
-99.2793
-120.61
-141.857
-162.953
-183.63
-203.238
-222.24
-240.706
-258.029
-274.141
-287.652
-296.202
-297.223
-299.924
-301.716
-304.349
-305.62
187.682
188.271
188.995
189.025
189.274
188.182
187.308
185.696
183.721
180.994
177.753
173.774
168.929
163.249
156.753
149.463
141.269
132.25
122.386
111.761
100.366
88.2723
75.5804
62.3763
48.593
34.3093
19.3779
3.72516
-12.4728
-29.3959
-47.3393
-66.3405
-86.4324
-107.551
-129.533
-151.818
-173.505
-194.032
-213.324
-231.321
-248.359
-263.602
-276.186
-285.936
-291.615
-293.216
-295.463
-296.875
-299.709
-300.41
185.533
186.164
187.161
187.359
187.771
187.23
186.635
185.269
183.631
181.009
177.774
173.831
169.114
163.522
156.905
149.336
140.789
131.28
120.811
109.582
97.4614
84.6278
71.1003
57.0035
42.3116
27.1959
11.8507
-3.93965
-20.2097
-37.1376
-54.7571
-73.5112
-93.6182
-115.23
-138.065
-161.326
-184.438
-206.338
-225.746
-242.491
-257.59
-270.895
-280.086
-282.692
-282.121
-287.783
-290.757
-294.689
-297.802
-298.483
183.507
184.406
185.511
185.93
186.678
186.585
186.281
185.352
183.971
181.927
179.037
175.249
170.528
164.88
158.238
150.525
141.691
131.756
120.726
108.724
95.7571
82.0364
67.5921
52.6054
37.0942
21.1643
4.96077
-11.2601
-27.7873
-44.5937
-61.9446
-80.1581
-99.8125
-121.438
-145.37
-171.034
-196.563
-220.697
-242.321
-259.371
-271.599
-281.191
-286.632
-283.639
-282.112
-283.494
-288.762
-294.474
-298.708
-299.563
181.145
182.695
183.939
184.745
185.812
186.157
186.25
185.734
184.695
182.959
180.513
177.311
172.957
167.451
160.827
153.047
144.052
133.795
122.271
109.576
95.7203
81.1719
65.4516
49.1224
32.3182
15.4108
-1.51457
-18.4078
-35.2768
-52.1679
-69.2343
-86.8312
-105.674
-126.819
-151.061
-178.484
-207.885
-236.677
-262.029
-281.121
-291.801
-293.04
-289.916
-287.381
-286.787
-287.617
-292.126
-297.075
-300.659
-302.107
178.377
181.259
182.303
183.559
184.989
185.749
186.355
186.408
185.868
184.601
182.558
179.662
175.84
170.788
164.393
156.613
147.451
136.919
124.91
111.532
96.8242
81.2594
64.3681
46.7624
28.7455
10.33
-7.83361
-25.7675
-43.232
-60.2984
-76.9836
-93.6821
-111.074
-130.469
-154.259
-183.715
-217.474
-252.954
-284.395
-307.11
-318.929
-313.721
-293.636
-292.321
-292.7
-295.627
-297.962
-299.962
-301.957
-303.29
175.369
179.903
180.115
182.114
183.915
185.171
186.257
186.785
186.859
186.318
184.894
182.519
179.154
174.679
168.757
161.3
152.101
141.338
128.991
114.966
99.4805
82.5155
64.1749
45.0315
25.5207
5.63822
-14.1869
-33.3928
-51.837
-69.321
-85.9516
-101.804
-117.412
-134.316
-155.006
-183.701
-221.858
-266.137
-309.541
-343.065
-352.176
-336.656
-316.145
-303.631
-304.81
-305.131
-304.295
-303.392
-303.267
-303.761
171.23
178.674
177.352
180.546
182.522
184.192
186.086
187.128
187.808
187.863
187.168
185.506
182.759
178.663
173.257
166.416
157.331
146.455
133.897
119.311
102.79
84.8196
65.1626
44.3566
22.8534
1.16888
-20.6061
-41.6318
-61.3815
-79.6331
-96.2812
-111.41
-124.865
-137.579
-153.692
-178.543
-217.748
-270.372
-332.002
-383.937
-393.491
-361.824
-343.209
-327.615
-322.544
-317.23
-312.366
-307.662
-304.707
-303.919
164.998
177.558
174.745
178.904
180.992
183.045
185.216
187.021
188.391
189.057
189.051
188.175
186.299
182.899
177.621
172.068
163.176
152.413
139.553
124.734
107.25
87.9048
66.915
44.377
20.8588
-3.23095
-27.2061
-50.5097
-72.1177
-91.4964
-108.706
-123.374
-135.511
-144.445
-152.36
-167.424
-198.333
-260.289
-351.326
-434.961
-446.466
-406.634
-372.629
-357.818
-347.518
-336.755
-326.568
-317.135
-310.296
-306.999
142.029
172.031
172.091
176.738
179.125
181.857
184.401
186.518
188.146
189.553
190.403
190.245
188.651
185.983
181.919
176.353
168.289
157.749
144.616
129.478
111.598
90.7415
68.4289
44.1768
18.6816
-7.8268
-34.5526
-60.5377
-84.7299
-105.843
-123.935
-138.452
-148.116
-153.896
-154.921
-153.276
-167.075
-218.618
-315.799
-439.811
-488.212
-473.716
-403.477
-394.308
-389.357
-377.656
-360.842
-342.988
-329.332
-321.905
144.754
170.473
172.434
175.097
177.456
180.57
183.663
186.097
188.457
190.666
192.387
193.085
192.597
190.391
186.684
181.206
173.262
162.48
149.032
132.594
113.966
92.0218
67.6036
41.31
12.8188
-16.7111
-46.7519
-76.5334
-104.57
-128.613
-147.229
-161.312
-168.843
-170.264
-160.9
-137.668
-126.788
-162.11
-274.817
-443.514
-510.711
-514.704
-453.755
-446.536
-452.521
-443.619
-420.552
-392.816
-370.595
-358.316
155.456
168.482
171.827
174.595
177.636
180.873
183.753
186.693
189.683
192.409
194.73
195.566
195.1
193.377
189.579
183.152
173.776
161.701
146.999
128.926
107.71
83.735
56.6088
27.1772
-4.52233
-38.2711
-72.0786
-105.213
-136.322
-161.763
-181.102
-192.969
-194.823
-186.154
-161.953
-121.133
-85.3294
-98.6626
-192.493
-350.395
-464.698
-484.781
-507.856
-539.541
-551.96
-536.477
-502.546
-462.109
-432.089
-416.975
163.854
169.962
172.638
175.258
178.649
182.149
185.262
188.692
192.079
194.805
196.38
197.268
196.27
193.616
188.753
181.198
170.103
155.688
138.258
117.733
93.3298
65.5962
35.2015
1.69511
-34.4823
-72.1297
-110.221
-146.334
-179.845
-207.668
-224.525
-230.843
-224.833
-202.408
-156.556
-92.1002
-30.686
-22.4833
-89.8894
-212.393
-370.351
-486.809
-584.631
-648.697
-669.601
-647.837
-592.376
-533.938
-494.338
-477.97
169.461
171.263
173.254
176.1
179.683
183.957
187.952
190.931
193.785
197.195
199.52
199.631
197.337
192.953
186.029
175.403
161.474
143.961
122.8
98.1722
69.8616
37.8475
2.67852
-35.2742
-76.6898
-119.652
-162.166
-203.218
-239.396
-265.498
-280.041
-283.155
-263.713
-211.81
-132.228
-42.0211
24.9281
49.721
-10.2749
-154.398
-332.968
-494.994
-613.432
-692.441
-722.192
-693.825
-631.757
-572.864
-534.429
-518.597
171.729
172.444
173.966
177.178
180.608
184.589
189.355
193.367
197.202
200.819
202.078
201.043
198.248
192.519
182.916
168.875
150.508
128.381
102.532
72.6895
38.4251
1.00704
-39.8742
-84.2979
-131.902
-182.125
-232.076
-277.403
-314.951
-344.681
-362.089
-351.681
-308.435
-219.141
-125.612
-27.3841
43.6503
33.3426
-61.4508
-212.698
-367.519
-488.664
-575.032
-628.055
-640.861
-621.441
-588.736
-553.86
-530.005
-521.717
173.038
172.399
173.647
176.776
181.055
185.932
191.402
195.818
199.241
203.052
204.843
203.42
198.958
190.372
177.372
160.176
138.107
110.841
79.1668
43.2578
3.10329
-42.0081
-90.63
-143.755
-201.306
-261.401
-319.502
-373.814
-421.358
-453.151
-459.581
-433.629
-369.558
-266.528
-150.262
-77.9906
-75.0265
-120.925
-194.876
-288.372
-386.626
-464.42
-519.956
-544.534
-540.288
-525.875
-513.242
-505.226
-503.083
-506.676
172.18
170.121
172.051
175.787
181.158
187.763
191.734
195.528
201.139
205.328
205.959
202.87
196.858
186.162
169.322
146.943
119.953
88.1543
51.4132
8.88896
-39.0211
-92.1874
-150.173
-214.351
-284.945
-359.338
-434.954
-504.532
-556.497
-585.277
-579.88
-540.788
-448.706
-347.49
-275.204
-243.211
-235.95
-259.102
-306.284
-361.381
-410.49
-447.171
-471.416
-477.484
-470.361
-465.943
-470.54
-482.113
-492.589
-501.464
169.933
166.369
166.054
172
175.978
180.444
188.573
194.262
197.35
199.975
201.514
198.012
188.474
174.031
153.601
126.946
94.6274
56.3858
13.0977
-34.799
-90.0293
-152.62
-223.106
-300.507
-389.35
-488.929
-586.197
-663.876
-723.31
-750.81
-727.678
-653.528
-573.701
-497.868
-437.218
-402.943
-390.541
-391.291
-403.193
-422.232
-438.941
-450.989
-459.01
-462.891
-462.734
-466.711
-477.355
-498.002
-510.947
-515.049
161.159
153.239
150.847
154.016
162.726
165.491
171.963
181.269
187.38
189.548
187.222
181.109
167.734
147.812
121.064
89.5328
53.3785
11.8511
-36.2399
-92.0313
-155.431
-227.557
-310.701
-409.433
-526.383
-653.681
-764.688
-861.521
-924.767
-924.675
-872.118
-800.05
-730.807
-659.835
-594.586
-552.499
-519.101
-496.482
-485.748
-481.443
-478.44
-477.378
-478.222
-482.834
-492.637
-506.771
-523.945
-540.757
-549.761
-551.144
132.338
116.961
117.523
124.193
133.366
144.003
151.576
155.01
154.03
153.247
148.401
138.202
124.822
104.095
74.6201
37.9594
-4.56957
-50.4528
-102.799
-163.226
-234.565
-320.556
-421.061
-545.464
-693.315
-844.403
-984.424
-1088.32
-1115.31
-1084.05
-1021.17
-951.678
-882.359
-804.221
-731.311
-671.769
-625.401
-589.535
-564.559
-548.15
-539.016
-534.084
-532.63
-535.195
-539.708
-554.806
-574.444
-591.282
-601.244
-603.562
74.9891
48.2689
55.9582
62.6135
72.681
91.4371
105.808
103.315
95.2961
83.9849
70.0653
51.3653
34.6261
17.3354
-3.2903
-34.741
-75.4677
-123.486
-180.468
-248.643
-330.139
-429.277
-553.579
-710.928
-891.701
-1066.25
-1211.01
-1279.28
-1275.26
-1231.43
-1164.9
-1083.04
-1007.39
-928.196
-853.075
-786.404
-739.375
-698.127
-669.328
-648.407
-634.188
-624.926
-619.749
-618.933
-621.484
-627.979
-638.444
-653.103
-661.902
-667.732
-79.5493
-172.906
-182.746
-152.971
-79.584
-18.4652
2.77435
-0.352008
-14.3998
-36.1736
-67.6484
-100.553
-121.603
-127.631
-128.841
-144.295
-170.63
-211.202
-265.231
-338.382
-433.011
-549.927
-702.84
-893.264
-1101.3
-1286.24
-1393.16
-1420.88
-1404.79
-1362.2
-1285.36
-1189.78
-1108.78
-1041.08
-974.45
-921.726
-875.68
-840.649
-812.682
-790.923
-772.939
-757.2
-743.42
-733.442
-728.654
-727.897
-730.095
-735.559
-742.902
-749.366
-363.559
-541.833
-573.94
-457.614
-312.676
-202.614
-150.791
-149.064
-174.732
-221.64
-279.215
-325.18
-346.348
-331.29
-296.303
-281.154
-289.654
-317.575
-363.647
-435.222
-537.263
-671.486
-849.402
-1065.77
-1287.33
-1451.33
-1518.03
-1518.24
-1500.45
-1460.88
-1382.94
-1285.2
-1203.19
-1150.86
-1101.98
-1070.19
-1045.96
-1023.19
-1000.16
-976.471
-953.18
-931.445
-909.911
-888.282
-869.676
-857.052
-850.654
-848.557
-851.099
-855.402
-663.313
-920.381
-907.621
-654.84
-448.96
-340.193
-303.813
-324.687
-385.082
-473.755
-566.18
-623.895
-634.447
-582.151
-492.214
-429.646
-409.202
-417.182
-455.173
-523.077
-631.713
-778.257
-968.442
-1196.71
-1413.74
-1549.82
-1581.6
-1565.65
-1542.41
-1502.69
-1436.92
-1356.31
-1301
-1263.72
-1251.02
-1245.59
-1242.63
-1234.73
-1219.46
-1197.79
-1169.48
-1137.26
-1104.33
-1072.39
-1043.11
-1018.39
-999.903
-990.114
-987.459
-988.482
-630.285
-774.244
-750.465
-566.8
-430.23
-394.032
-417.769
-489.344
-617.672
-783.237
-937.936
-1007.28
-1003.03
-871.721
-688.435
-567
-515.738
-497.022
-516.076
-581.867
-684.497
-835.778
-1030.12
-1256.47
-1459.45
-1572.68
-1585.41
-1553.74
-1518.76
-1483.38
-1444.21
-1408.57
-1401.75
-1409.27
-1428.11
-1450
-1467.44
-1475.75
-1470.56
-1451.73
-1420.74
-1379.67
-1332.66
-1284.64
-1240.91
-1204.88
-1177.39
-1158.94
-1150.16
-1148.26
-341.626
-384.827
-422.438
-376.908
-337.001
-361.028
-429.404
-582.279
-811.384
-1101.09
-1389.06
-1546.22
-1438.63
-1150.69
-868.405
-671.938
-574.992
-543.577
-536.083
-583.479
-677.72
-822.689
-1011.43
-1225.74
-1416.23
-1518.03
-1526.33
-1493.26
-1461.69
-1440.1
-1439.94
-1466.67
-1507.48
-1559.62
-1622.73
-1681.25
-1725.14
-1750.87
-1756.74
-1739.56
-1701.95
-1649.08
-1587.85
-1524.76
-1465.07
-1413.65
-1374.07
-1347.27
-1333.1
-1328.82
-113.83
-148.115
-172.454
-179.026
-204.13
-270.89
-379.451
-561.525
-841.521
-1223.03
-1618.69
-1852.17
-1660.31
-1269.74
-946.059
-710.848
-574.212
-516.882
-501.656
-523.622
-603.414
-729.207
-900.332
-1097.42
-1274.01
-1375.41
-1393.13
-1370.8
-1358.08
-1372.28
-1405.91
-1478.88
-1573.36
-1682.5
-1791.46
-1886.92
-1960.78
-2011.05
-2035.27
-2028.92
-1991.07
-1927.6
-1850.11
-1770.74
-1694.79
-1629.87
-1579.3
-1543.95
-1524.98
-1518.48
28.377
5.80974
-17.1354
-40.6705
-82.3003
-151.793
-251.644
-402.297
-656.646
-1021.86
-1424.86
-1647.21
-1455.34
-1137.67
-854.526
-635.526
-499.881
-422.864
-402.463
-411.346
-464.692
-563.71
-702.876
-869.948
-1026.64
-1122.35
-1151.72
-1156.78
-1168.69
-1211.23
-1296.69
-1427.17
-1580.33
-1739.96
-1889.98
-2016.36
-2115.71
-2194.02
-2245.06
-2260.11
-2236.84
-2178.69
-2096.91
-2001.78
-1909.88
-1831.55
-1771.2
-1729.54
-1707.12
-1699.51
99.8536
88.0108
72.9751
52.102
17.7097
-35.8161
-112.369
-225.14
-405.1
-659.537
-922.993
-1058.44
-971.523
-790.069
-600.912
-453.182
-352.167
-284.474
-254.91
-255.118
-284.31
-348.389
-444.11
-565.016
-688.169
-773.881
-824.827
-857.029
-903.821
-1000.32
-1149.81
-1331.68
-1528.41
-1721.95
-1902.54
-2049.81
-2167.81
-2272.75
-2353.56
-2393.98
-2392.95
-2350.06
-2273.98
-2179.45
-2081.73
-1995.61
-1928.37
-1881.82
-1856.82
-1851.29
130.701
127.186
121.499
105.239
79.1281
41.7371
-9.03347
-80.6599
-190.737
-346.069
-495.375
-559.521
-535.05
-435.502
-333.262
-246.316
-181.215
-130.97
-97.4945
-85.8564
-96.4236
-130.366
-186.469
-260.103
-341.149
-426.257
-491.497
-555.949
-651.006
-796.853
-983.982
-1211.5
-1435.19
-1650.58
-1850.15
-2012.3
-2146.74
-2275.8
-2383.6
-2445.43
-2467.81
-2439.15
-2373.59
-2284.92
-2189.04
-2102.08
-2032.79
-1983
-1958.91
-1953.29
131.527
132.561
129.214
120.631
106.32
84.4088
55.1091
15.7197
-43.7217
-130.492
-220.595
-246.983
-229.745
-188.686
-144.035
-90.3973
-43.4235
-5.67311
28.3375
49.6689
52.9626
38.5061
7.33512
-37.6122
-99.2432
-167.787
-240.532
-327.867
-445.152
-607.846
-823.834
-1067.48
-1310.91
-1550.74
-1771.67
-1941.95
-2078.49
-2218.94
-2348.75
-2429.55
-2462
-2446.83
-2393.07
-2313.87
-2225.43
-2142.74
-2074.69
-2026.37
-2001.54
-1994.77
124.489
127.038
127.334
124.976
116.542
103.948
86.6793
64.119
35.0128
-4.45086
-50.3402
-74.6953
-70.9917
-55.4658
-17.7483
6.76009
42.4798
76.8635
111.137
139.007
152.581
149.429
131.114
95.099
51.6955
-5.93186
-78.697
-170.878
-290.59
-451.948
-665.804
-913.04
-1173.47
-1433.64
-1665
-1835.21
-1970.1
-2101.41
-2226.87
-2322.99
-2372.89
-2372.47
-2332.58
-2266.81
-2190.38
-2117.1
-2054.53
-2008.26
-1983.3
-1978.38
116.088
118.833
121.021
121.013
117.199
110.555
101.354
89.4548
74.432
55.1987
36.7823
28.6217
29.7913
33.3976
37.3853
70.6809
100.493
127.327
155.377
181.64
201.553
208.067
197.869
175.013
138.201
83.6553
9.99347
-81.0353
-194.169
-345.638
-541.4
-772.506
-1029.24
-1292.65
-1524.05
-1702.65
-1841.38
-1959.27
-2063.53
-2149.98
-2208.88
-2225.05
-2201.38
-2154.21
-2095.77
-2036.45
-1983.1
-1943.95
-1924.72
-1923.79
107.306
111.866
114.874
115.883
115.307
112.49
107.364
100.832
92.5911
83.3872
75.1078
74.5187
84.675
89.1133
91.4995
106.175
123.277
145.623
168.795
193.809
216.026
227.813
225.603
207.738
171.16
117.391
46.8801
-40.8195
-147.175
-281.957
-451.016
-652.217
-886.322
-1139.31
-1372.28
-1565.95
-1717.52
-1827.38
-1908.46
-1972.3
-2018.86
-2038.48
-2027.8
-2000.57
-1963.47
-1922.13
-1884.24
-1856.82
-1845.7
-1853.83
100.951
105.136
108.37
110.474
111.009
110.354
108.204
104.878
100.973
96.4449
92.1576
92.5587
100.008
111.593
121.602
125.865
141.15
158.687
173.495
190.787
207.41
216.891
216.807
203.283
172.069
124.658
61.7382
-18.2325
-116.565
-237.588
-386.427
-565.27
-770.584
-994.197
-1220.28
-1418.47
-1585.21
-1704.95
-1776.03
-1820.71
-1850.39
-1863.55
-1861.4
-1847.33
-1826.13
-1803.57
-1783.84
-1771.79
-1769.88
-1785.08
95.7128
99.2356
102.368
105.411
106.817
107.149
106.427
104.818
102.695
100.588
99.895
101.627
105.868
112.99
123.752
136.964
145.757
152.968
166.382
181.652
191.769
198.579
199.546
188.24
163.397
124.197
68.8272
-2.70398
-91.4103
-200.529
-331.594
-485.263
-661.059
-858.559
-1070.2
-1272.22
-1441.16
-1578.48
-1665.62
-1709.38
-1726.49
-1730.45
-1729.69
-1723.96
-1714.49
-1706.61
-1703.31
-1707.09
-1715.27
-1729.64
90.4932
94.124
97.6429
100.31
101.971
102.737
103.258
102.704
102.196
101.591
101.019
102.319
106.41
112.313
118.436
126.657
137.07
146.033
154.178
163.057
170.795
177.132
176.559
166.242
145.886
112.919
66.4942
6.13516
-69.4067
-162.6
-273.838
-406.423
-563.299
-741.398
-932.342
-1130.72
-1308.23
-1447.9
-1557.88
-1620.3
-1641.73
-1649.61
-1649.43
-1646.6
-1646.88
-1648.49
-1654.79
-1667.54
-1680.82
-1692.29
83.8368
90.05
93.3124
96.0167
98.1722
99.1575
99.7836
100.05
99.9002
99.2034
99.0554
99.9748
102.168
105.952
111.819
118.89
124.845
131.426
139.45
144.994
149.696
153.092
152.14
144.492
127.327
99.0867
59.2454
7.01557
-58.1438
-138.446
-235.912
-354.505
-494.026
-648.252
-816.822
-995.623
-1174.8
-1326.86
-1443.86
-1532.99
-1583.9
-1601.48
-1613.13
-1617.82
-1621.11
-1628.71
-1638.86
-1651.87
-1664.37
-1671.08
72.8488
88.5183
91.7362
93.4469
94.8875
95.95
96.7909
97.218
96.7542
96.4213
96.4591
96.6984
98.0538
100.661
104.594
109.672
115.326
121.202
126.853
130.977
133.976
135.327
133.424
125.91
109.855
84.0621
47.7923
0.643551
-59.1153
-131.725
-220.79
-328.008
-452.271
-590.158
-738.171
-895.36
-1055.97
-1209.49
-1336.05
-1437.58
-1520.71
-1582.12
-1603.55
-1620.34
-1629.11
-1635.54
-1643.79
-1653.78
-1662.07
-1665.43
58.7482
89.8732
91.6445
91.7232
92.7788
93.8255
94.3414
94.5778
94.4609
94.5229
94.3617
94.7017
95.9747
98.2703
101.433
104.442
108.14
113.379
117.545
119.009
118.557
117.018
113.135
103.651
86.8025
61.6996
26.9536
-18.8305
-76.072
-145.528
-229.114
-329.22
-444.907
-571.539
-706.851
-846.639
-988.131
-1127.08
-1253.32
-1366.26
-1468.11
-1544.16
-1606.81
-1639.89
-1644.9
-1651.36
-1656.85
-1662.66
-1667.55
-1669.35
269.685
265.832
263.828
262.809
262.408
262.473
262.741
263.179
263.826
264.798
266.186
267.97
270.161
272.717
275.556
278.726
282.262
286.212
290.528
295.258
300.353
305.843
311.692
317.848
324.292
331.027
337.933
344.987
351.862
358.889
365.711
372.238
378.255
383.564
387.854
390.932
392.471
391.919
388.835
382.78
373.059
359.07
340.319
316.052
285.476
247.763
202.244
148.171
82.329
14.7027
267.305
265.088
263.73
263.229
263.282
263.601
264.187
265.015
266.053
267.349
268.956
271.023
273.535
276.449
279.695
283.311
287.314
291.743
296.609
301.944
307.737
313.97
320.633
327.681
335.142
342.925
351.008
359.269
367.589
375.941
384.348
392.578
400.447
407.878
414.646
420.497
424.893
427.459
428.003
425.935
420.495
411.339
397.868
379.312
355.006
324.241
286.325
240.145
184.044
127.152
265.738
264.597
263.81
263.821
264.37
264.96
265.766
266.93
268.332
269.996
271.958
274.359
277.222
280.532
284.238
288.364
292.929
297.953
303.475
309.505
316.074
323.143
330.707
338.748
347.238
356.152
365.455
374.987
384.786
394.759
404.837
414.86
424.758
434.38
443.56
451.949
459.179
465.001
469.053
470.776
469.763
465.395
456.995
444.079
426.096
402.37
372.062
334.372
288.442
243.153
264.828
264.245
263.942
264.422
265.358
266.286
267.308
268.748
270.521
272.597
274.997
277.778
281.035
284.767
288.994
293.701
298.88
304.567
310.804
317.583
324.943
332.895
341.421
350.506
360.101
370.206
380.745
391.723
403.066
414.738
426.637
438.607
450.599
462.452
474.005
484.977
495.127
504.187
511.719
517.368
520.582
520.714
517.372
510.07
498.207
481.099
458.078
428.618
392.023
358.101
264.397
264.153
264.22
265.018
266.323
267.584
268.817
270.495
272.67
275.184
278.052
281.28
284.938
289.099
293.839
299.172
305.053
311.456
318.4
325.96
334.18
343.065
352.609
362.769
373.523
384.865
396.781
409.231
422.183
435.571
449.296
463.307
477.43
491.573
505.565
519.213
532.341
544.623
555.71
565.15
572.396
577.053
578.679
576.729
570.701
560.008
544.121
522.636
495.115
470.48
264.279
264.222
264.483
265.509
267.162
268.738
270.237
272.154
274.701
277.701
281.033
284.708
288.791
293.423
298.709
304.672
311.241
318.367
326.07
334.441
343.563
353.442
364.042
375.313
387.265
399.887
413.186
427.15
441.755
456.92
472.575
488.613
504.938
521.427
537.921
554.329
570.43
585.913
600.395
613.4
624.527
633.425
639.64
642.767
642.254
637.471
627.927
613.2
592.974
575.98
264.266
264.267
264.628
265.884
267.834
269.666
271.445
273.655
276.566
280.031
283.819
287.922
292.474
297.629
303.493
310.092
317.365
325.214
333.701
342.915
352.941
363.788
375.427
387.837
400.985
414.915
429.635
445.152
461.418
478.352
495.903
513.977
532.487
551.295
570.321
589.431
608.366
626.828
644.434
660.805
675.658
688.61
699.304
707.234
711.675
712.087
708.168
699.806
686.871
676.235
264.151
264.171
264.6
266.016
268.216
270.312
272.341
274.858
278.133
282.013
286.286
290.888
295.923
301.58
308.006
315.202
323.133
331.73
341.002
351.054
361.961
373.775
386.461
399.997
414.38
429.62
445.752
462.785
480.65
499.324
518.737
538.799
559.427
580.512
601.957
623.563
645.128
666.381
687.008
706.739
725.212
742
756.588
768.313
776.767
781.659
782.629
779.213
771.216
765.099
263.753
263.763
264.271
265.822
268.176
270.486
272.763
275.61
279.274
283.576
288.288
293.341
298.834
304.964
311.914
319.725
328.316
337.631
347.65
358.472
370.23
382.972
396.683
411.311
426.853
443.342
460.813
479.253
498.659
518.987
540.141
562.069
584.673
607.863
631.498
655.432
679.483
703.414
726.926
749.658
771.151
790.924
808.477
823.494
835.788
844.952
850.331
851.544
848.681
846.313
262.93
262.868
263.444
265.107
267.507
270.05
272.635
275.78
279.776
284.473
289.59
295.031
300.957
307.577
315.037
323.404
332.599
342.541
353.24
364.818
377.396
391.016
405.659
421.29
437.909
455.541
474.225
493.982
514.801
536.611
559.358
582.976
607.367
632.439
658.103
684.211
710.573
736.888
762.807
787.939
811.872
834.242
854.71
872.94
888.415
900.451
908.635
912.685
912.733
912.531
261.412
261.28
261.87
263.618
266.088
268.867
271.72
275.182
279.493
284.5
289.939
295.748
302.066
309.101
317.028
325.883
335.583
346.058
357.36
369.597
382.871
397.237
412.679
429.173
446.713
465.335
485.086
505.989
528.016
551.113
575.235
600.29
626.21
652.946
680.363
708.309
736.53
764.712
792.548
819.678
845.742
870.348
893.058
913.366
930.748
945.076
956.323
964.132
968.081
970.368
258.884
258.813
259.447
261.193
263.78
266.78
269.899
273.632
278.197
283.443
289.124
295.203
301.855
309.269
317.571
326.785
336.867
347.778
359.56
372.324
386.167
401.144
417.246
434.441
452.732
472.168
492.791
514.616
537.614
561.745
586.942
613.144
640.321
668.38
697.197
726.577
756.254
785.953
815.338
844.046
871.719
897.948
922.311
944.435
964.057
980.81
993.677
1001.82
1005.64
1007.43
255.186
255.289
256.023
257.751
260.478
263.644
267.009
270.965
275.71
281.086
286.919
293.211
300.111
307.791
316.341
325.786
336.109
347.319
359.454
372.592
386.833
402.21
418.739
436.403
455.213
475.213
496.437
518.884
542.54
567.367
593.306
620.331
648.398
677.408
707.224
737.618
768.335
799.065
829.473
859.224
887.945
915.239
940.746
964.026
984.497
1001.49
1014.98
1025.52
1032.95
1037.57
250.276
250.557
251.513
253.305
256.089
259.35
262.936
267.075
271.903
277.31
283.183
289.584
296.641
304.453
313.092
322.616
333.047
344.39
356.682
369.999
384.411
399.967
416.69
434.582
453.662
473.953
495.474
518.236
542.233
567.421
593.778
621.282
649.875
679.452
709.843
740.815
772.101
803.393
834.382
864.719
894.025
921.921
947.955
971.638
992.652
1010.87
1026.01
1037.17
1043.77
1047.32
244.172
244.709
245.91
247.823
250.576
253.883
257.643
261.905
266.727
272.047
277.853
284.245
291.32
299.132
307.722
317.158
327.495
338.78
351.041
364.31
378.665
394.163
410.824
428.668
447.716
467.978
489.48
512.226
536.196
561.378
587.762
615.319
643.994
673.665
704.136
735.178
766.517
797.868
828.909
859.292
888.651
916.571
942.615
966.399
987.499
1005.4
1019.62
1029.98
1036.42
1040.11
236.921
237.807
239.302
241.343
244.028
247.337
251.204
255.491
260.202
265.328
270.948
277.209
284.181
291.846
300.206
309.367
319.44
330.472
342.482
355.488
369.546
384.71
401.032
418.537
437.234
457.15
478.299
500.679
524.278
549.078
575.075
602.256
630.553
659.838
689.919
720.559
751.484
782.404
812.995
842.919
871.809
899.275
924.915
948.264
968.737
985.814
999.266
1009.08
1015.17
1018.39
228.756
230.011
231.811
233.971
236.568
239.834
243.723
247.968
252.474
257.28
262.595
268.62
275.34
282.684
290.672
299.399
309.022
319.614
331.154
343.662
357.178
371.755
387.453
404.316
422.368
441.631
462.097
483.766
506.631
530.673
555.884
582.249
609.708
638.138
667.359
697.125
727.159
757.157
786.796
815.728
843.59
870.002
894.583
916.957
936.786
953.631
966.756
975.112
978.78
980.072
219.881
221.523
223.629
225.87
228.4
231.603
235.401
239.49
243.708
248.131
253.044
258.685
265.033
271.941
279.396
287.553
296.549
306.491
317.382
329.172
341.905
355.649
370.472
386.43
403.543
421.833
441.3
461.924
483.695
506.601
530.621
555.738
581.905
609.014
636.884
665.284
693.933
722.523
750.711
778.136
804.4
829.096
851.792
872.052
889.501
903.916
915.333
923.844
928.731
931.304
210.609
212.614
214.994
217.316
219.797
222.837
226.453
230.33
234.201
238.159
242.581
247.735
253.595
259.952
266.772
274.202
282.449
291.595
301.616
312.503
324.264
336.957
350.667
365.462
381.377
398.418
416.58
435.849
456.208
477.638
500.11
523.598
548.062
573.406
599.468
626.029
652.827
679.553
705.87
731.392
755.713
778.397
799.043
817.276
832.746
844.954
853.283
857.567
857.905
857.093
201.257
203.573
206.183
208.564
210.974
213.814
217.173
220.758
224.226
227.686
231.572
236.167
241.44
247.139
253.199
259.817
267.19
275.394
284.443
294.273
304.885
316.356
328.762
342.171
356.633
372.161
388.737
406.35
424.98
444.611
465.211
486.73
509.115
532.273
556.061
580.278
604.677
628.973
652.84
675.911
697.77
717.966
736.026
751.475
763.902
773.053
778.559
780.158
777.878
775.169
192.148
194.687
197.449
199.85
202.157
204.785
207.865
211.084
214.107
217.042
220.322
224.328
228.941
233.901
239.17
244.901
251.307
258.488
266.423
275.067
284.438
294.558
305.517
317.401
330.238
344.041
358.82
374.54
391.182
408.739
427.183
446.453
466.474
487.15
508.343
529.858
551.451
572.84
593.71
613.72
632.489
649.598
664.561
676.839
685.818
691.053
692.259
689.149
681.746
675.277
183.57
186.227
189.05
191.415
193.604
195.996
198.718
201.552
204.122
206.508
209.203
212.556
216.466
220.672
225.079
229.909
235.33
241.41
248.157
255.529
263.535
272.208
281.632
291.869
302.959
314.91
327.71
341.339
355.782
371.014
387.019
403.756
421.131
439.045
457.348
475.862
494.334
512.456
529.895
546.284
561.251
574.39
585.276
593.457
598.39
599.457
596.238
588.632
576.717
566.424
175.772
178.422
181.192
183.46
185.483
187.599
189.954
192.368
194.462
196.351
198.47
201.184
204.348
207.742
211.32
215.243
219.651
224.65
230.2
236.265
242.851
250.031
257.842
266.352
275.612
285.625
296.361
307.81
319.927
332.696
346.088
360.065
374.54
389.403
404.53
419.735
434.781
449.355
463.074
475.547
486.357
495.088
501.275
504.47
504.205
499.939
491.119
477.419
458.719
442.685
168.935
171.448
174.043
176.126
177.91
179.726
181.741
183.707
185.346
186.735
188.336
190.426
192.85
195.465
198.192
201.187
204.613
208.52
212.867
217.655
222.855
228.515
234.687
241.457
248.839
256.833
265.437
274.626
284.362
294.598
305.297
316.398
327.831
339.459
351.165
362.774
374.052
384.68
394.292
402.447
408.695
412.605
413.708
411.502
405.471
395.162
380.058
359.62
333.601
310.07
163.185
165.419
167.701
169.491
170.982
172.504
174.152
175.686
176.89
177.803
178.926
180.383
182.136
183.984
185.918
188.058
190.544
193.366
196.567
200.079
203.915
208.11
212.692
217.723
223.236
229.233
235.701
242.576
249.861
257.502
265.453
273.628
281.945
290.288
298.486
306.381
313.713
320.167
325.345
328.835
330.15
328.778
324.234
315.99
303.484
286.056
263.313
234.877
200.185
168.065
158.566
160.402
162.244
163.622
164.795
165.982
167.231
168.351
169.132
169.668
170.32
171.199
172.275
173.382
174.601
175.945
177.533
179.372
181.449
183.751
186.277
189.039
192.086
195.449
199.139
203.189
207.555
212.188
217.036
222.077
227.236
232.44
237.58
242.562
247.207
251.285
254.544
256.645
257.184
255.71
251.755
244.804
234.272
219.56
200.095
175.279
144.362
107.04
63.0838
21.0814
155.183
156.462
157.649
158.51
159.318
160.175
161.018
161.714
162.101
162.31
162.531
162.893
163.324
163.781
164.289
164.901
165.672
166.6
167.672
168.843
170.127
171.538
173.067
174.81
176.773
178.943
181.279
183.747
186.252
188.756
191.187
193.467
195.484
197.107
198.167
198.395
197.496
195.126
190.885
184.286
174.796
161.861
144.93
123.34
96.3705
63.3543
23.6811
-23.4595
-78.6422
-132.295
153.14
153.558
153.918
154.204
154.599
155.089
155.514
155.744
155.754
155.68
155.526
155.382
155.247
155.143
155.029
154.942
154.949
155.062
155.214
155.383
155.558
155.665
155.808
155.967
156.213
156.553
156.945
157.304
157.559
157.61
157.391
156.829
155.822
154.174
151.662
148.016
142.906
135.982
126.818
114.949
99.8118
80.7846
57.2
28.4186
-6.30737
-47.8564
-96.9629
-154.231
-220.505
-288.136
152.705
151.603
150.911
150.619
150.608
150.675
150.637
150.436
150.146
149.771
149.249
148.655
148.01
147.339
146.652
145.925
145.24
144.591
143.893
143.183
142.348
141.396
140.187
138.869
137.514
136.114
134.617
132.937
131.028
128.761
125.982
122.645
118.643
113.78
107.767
100.291
91.0061
79.5285
65.3999
48.1076
27.1148
1.7763
-28.6416
-64.8983
-107.684
-157.873
-216.449
-284.676
-363.979
-446.432
153.874
150.414
148.582
147.636
147.136
146.73
146.266
145.745
145.153
144.447
143.604
142.656
141.605
140.429
139.199
137.965
136.633
135.226
133.734
132.084
130.321
128.383
125.973
123.223
120.355
117.361
114.082
110.407
106.403
101.971
96.8305
90.8192
83.8465
75.7052
66.0833
54.6901
41.1941
25.1775
6.11445
-16.5969
-43.5265
-75.3068
-112.717
-156.653
-207.882
-267.183
-335.197
-412.882
-504.098
-601.149
172.619
161.733
162.763
166.391
169.428
172.681
175.016
174.256
172.607
157.123
115.749
28.8524
-186.61
-395.641
-455.039
-301.719
-103.732
34.7296
104.602
130.081
128.021
117.662
111.725
101.545
97.2736
92.0271
87.7565
85.5794
83.6655
91.1254
172.698
162.366
160.763
162.032
165.845
170.968
175.529
177.45
183.089
179.821
148.681
94.2053
-58.1441
-218.508
-352.536
-308.695
-173.422
-15.065
73.6455
115.381
120.041
110.842
104.524
97.1848
93.3386
89.1865
86.4263
86.591
88.541
97.8567
160.062
157.497
156.966
157.767
161.435
167.709
175.07
183.477
196.225
190.967
165.381
112.665
-5.85818
-165.443
-350.327
-395.274
-306.021
-123.165
17.848
88.5178
104.486
102.081
97.6354
92.7959
88.9882
86.4388
84.8239
85.8273
86.3092
87.5111
148.561
149.777
151.444
153.371
158.047
166.451
176.761
190.53
205.742
190.854
168.71
100.507
-19.4332
-240.849
-479.134
-585.062
-472.516
-241.565
-41.2777
58.6401
82.2013
88.9615
88.8279
86.3803
83.9248
82.4983
81.3401
82.1798
80.2964
79.1745
139.014
141.204
144.579
147.931
153.68
162.909
174.082
187.957
196.468
185.359
159.72
65.4107
-60.7471
-306.302
-616.837
-769.792
-616.17
-303.397
-72.2802
30.4152
58.4331
72.8148
77.3833
78.0956
78.1115
77.8065
76.701
76.9421
74.778
74.9155
129.884
131.521
135.219
139.135
144.611
152.166
161.667
173.692
176.233
160.09
117.426
25.0469
-107.348
-307.122
-575.012
-682.882
-561.233
-296.526
-93.6236
4.67265
40.327
60.4651
67.2066
71.0015
72.1397
72.8483
71.7918
71.8738
70.8413
71.7032
119.361
120.049
122.584
124.927
127.333
131.062
135.242
138.988
127.958
96.8157
44.0744
-31.8473
-139.213
-270.371
-427.885
-457.8
-356.568
-195.646
-58.5653
6.57358
37.6665
54.5861
61.3831
66.0428
67.096
67.9921
67.1124
67.5424
67.4735
68.2229
106.585
105.829
106.135
105.766
104.254
101.384
94.4322
75.7201
40.7066
-14.2546
-62.03
-106.041
-162.393
-221.397
-282.864
-262.449
-173.475
-88.5987
-15.8049
20.104
41.7696
52.3764
57.9158
61.6904
62.6856
63.6602
63.3299
63.9557
63.7514
64.1492
91.8722
89.6855
87.6286
83.9144
78.0772
66.6837
42.1067
-12.415
-90.3388
-171.68
-200.65
-198.525
-190.606
-177.892
-165.765
-130.61
-61.7843
-17.7383
13.0567
32.2567
45.2323
51.0543
55.2855
57.8834
58.5231
59.4743
59.4343
59.8487
59.4619
59.8668
76.2394
73.3783
69.5107
62.2126
50.3773
30.4386
-17.3282
-105.081
-244.031
-361.883
-361.374
-296.272
-224.564
-152.582
-96.9931
-45.7962
3.53743
21.7573
30.0217
41.9845
47.3772
50.9634
53.7344
55.3025
55.7406
56.435
55.6859
55.6215
55.1799
55.3446
61.035
57.9448
52.2461
42.1679
23.7639
-4.0306
-65.1737
-184.324
-381.866
-562.076
-553.9
-406.024
-266.484
-147.434
-58.8132
-4.44425
33.2318
38.7538
38.6124
46.2983
47.3876
50.5418
52.1125
52.9739
52.9605
52.8043
52.2806
51.7845
50.5732
51.0869
47.1298
43.5618
36.0187
23.582
0.387415
-34.1579
-105.555
-243.367
-442.892
-633.916
-606.419
-436.195
-270.326
-140.468
-48.0277
2.6106
33.4656
39.5358
40.6292
45.4883
45.9068
48.871
49.0675
49.8341
49.8811
48.9162
48.1202
47.6105
46.8377
47.091
33.5556
30.1978
21.8515
8.60997
-15.1499
-47.3154
-110.91
-218.99
-365.761
-509.135
-506.379
-372.645
-229.481
-123.531
-43.371
-1.20691
23.0017
32.3448
38.1072
42.7306
44.7189
47.0436
46.8826
46.4895
46.4843
46.4207
44.5645
43.7131
43.3372
43.0173
22.117
19.4582
11.2562
-0.54452
-20.2653
-47.1306
-91.9249
-159.405
-250.196
-326.469
-341.48
-259.662
-166.63
-93.7428
-34.3431
-0.275298
16.6092
23.442
31.9208
37.6354
43.2832
44.6081
44.9235
44.0276
42.9699
42.2991
41.3734
40.2026
39.2386
38.3345
14.8395
12.1581
5.46641
-4.41781
-19.8977
-39.2721
-66.1333
-104.026
-146.005
-184.51
-195.79
-147.578
-92.5504
-50.9592
-18.3114
1.02879
12.0265
18.0081
31.9077
39.3
44.3275
45.3616
43.858
41.9381
40.8545
38.8582
37.5166
36.0002
34.4212
33.2081
10.4662
7.89962
2.82677
-4.27248
-15.2354
-28.9217
-42.9985
-61.9074
-79.5373
-92.2495
-74.1333
-43.0246
-19.123
-13.9481
-3.67917
4.11028
11.5616
27.3989
40.2633
43.5078
43.7201
42.7287
42.147
39.7388
36.8192
35.2805
33.7397
31.4508
29.3634
28.5562
7.64294
5.47575
1.52443
-3.42242
-10.3413
-19.3297
-25.6724
-34.0603
-42.3633
-33.585
2.52763
27.3907
32.2813
12.8348
10.163
13.0102
20.6827
37.8034
43.5552
47.8681
45.1562
40.8825
39.279
36.9114
33.6603
31.391
28.6767
25.8349
24.4777
23.6711
4.40042
2.95456
0.226704
-3.07829
-6.97936
-11.6504
-13.1687
-13.4257
-9.6027
5.60737
24.9707
52.6391
43.7022
22.6473
19.8401
20.8412
23.6877
39.1284
49.0815
45.4878
37.606
35.1732
34.5677
32.7019
29.144
25.7969
22.5351
20.8734
19.6816
18.67
1.5659
0.708212
-0.764341
-2.4212
-3.92576
-6.26534
-5.60484
-3.27761
0.338526
10.8213
21.5595
61.1744
36.53
29.2155
12.6701
18.9062
23.3155
39.5688
46.2993
43.4621
36.0546
23.509
16.0515
21.2623
23.3694
19.6761
16.7266
15.2575
12.7576
12.8451
0.0992506
-0.138225
-0.36007
-0.799338
-1.00333
-2.06053
-1.89807
-0.929894
-0.835806
5.90208
13.0256
34.1967
20.4433
9.01496
-6.73038
-5.16916
-10.2741
10.9955
18.7773
18.8139
18.9492
15.8753
11.2443
8.40139
8.82934
9.57164
9.37998
8.83191
7.66609
8.68698
)
;

boundaryField
{
    INLET
    {
        type            zeroGradient;
    }
    OUTLET
    {
        type            fixedValue;
        value           uniform 0;
    }
    WALL
    {
        type            zeroGradient;
    }
    CYLINDER
    {
        type            zeroGradient;
    }
    frontAndBackPlanes
    {
        type            empty;
    }
}


// ************************************************************************* //
