/*--------------------------------*- C++ -*----------------------------------*\
| =========                 |                                                 |
| \\      /  F ield         | OpenFOAM: The Open Source CFD Toolbox           |
|  \\    /   O peration     | Version:  v1912                                 |
|   \\  /    A nd           | Website:  www.openfoam.com                      |
|    \\/     M anipulation  |                                                 |
\*---------------------------------------------------------------------------*/
FoamFile
{
    version     2.0;
    format      ascii;
    class       volScalarField;
    location    "0.45";
    object      p;
}
// * * * * * * * * * * * * * * * * * * * * * * * * * * * * * * * * * * * * * //

dimensions      [0 2 -2 0 0 0 0];


internalField   nonuniform List<scalar> 
6600
(
282.557
278.216
276.215
274.993
274.144
273.622
273.371
273.236
273.183
273.2
273.316
273.576
274.014
274.592
275.308
276.1
276.962
277.982
279.139
280.358
281.45
282.682
284.152
285.656
287.16
288.398
289.477
290.399
291.217
291.751
291.946
291.562
290.583
288.927
286.376
282.626
277.037
269.172
258.905
245.889
229.548
209.181
184.106
153.663
117.257
73.7883
22.6264
-35.2759
-104.982
-180.814
279.919
275.95
274.461
273.182
272.156
271.478
270.995
270.578
270.225
269.957
269.782
269.758
269.901
270.181
270.562
271.006
271.4
271.793
272.282
272.811
273.155
273.341
273.605
273.861
274.092
274.326
274.262
273.776
272.833
271.468
269.599
267.006
263.388
258.866
253.165
246.041
237.081
225.584
211.223
193.776
172.806
147.464
117.003
80.7558
38.3308
-11.382
-68.9256
-133.772
-208.173
-287.503
276.686
272.94
271.971
270.671
269.635
268.841
268.138
267.507
266.975
266.549
266.234
265.999
265.79
265.603
265.432
265.387
265.349
265.217
264.913
264.598
264.235
263.661
262.847
261.959
260.664
259.097
257.345
255.33
252.755
249.374
245.253
240.289
234.138
226.632
217.664
206.978
194.218
178.822
160.258
138.257
112.477
82.025
46.357
4.70207
-43.4197
-98.9087
-162.18
-232.404
-308.848
-386.868
273.187
269.504
269.023
267.77
266.741
265.867
265.08
264.334
263.714
263.196
262.707
262.238
261.733
261.184
260.515
259.784
259.055
258.355
257.484
256.237
254.8
253.238
251.32
249.027
246.475
243.413
239.804
235.65
230.976
225.607
219.149
211.578
202.666
192.226
179.86
165.456
148.788
129.349
106.597
80.1248
49.3995
13.947
-26.6921
-73.2221
-126.254
-186.459
-254.047
-327.447
-404.409
-478.98
269.417
265.889
265.749
264.423
263.455
262.53
261.662
260.867
260.182
259.524
258.815
258.033
257.167
256.191
255.119
253.924
252.486
250.777
249.066
247.229
244.842
242.051
239.097
235.533
231.182
226.364
221.015
214.888
207.903
199.942
190.985
180.783
168.94
155.364
139.787
121.79
101.143
77.5741
50.6497
19.9059
-15.2077
-55.1008
-100.136
-150.824
-207.625
-271.048
-341.259
-416.352
-492.612
-562.24
265.507
262.141
262.133
260.467
259.576
258.646
257.679
256.745
255.906
254.994
254.029
252.935
251.712
250.296
248.703
246.953
244.945
242.567
239.694
236.652
233.308
229.321
224.749
219.915
214.381
207.87
200.505
192.242
183.046
172.628
160.879
147.73
132.965
116.274
97.3615
75.9483
51.6862
24.2772
-6.62788
-41.3708
-80.2765
-123.758
-172.191
-225.914
-285.161
-350.317
-421.588
-497.077
-571.47
-634.309
261.51
258.219
258.198
256.161
255.209
254.165
253.117
252.049
250.909
249.653
248.281
246.758
245.053
243.156
240.975
238.49
235.62
232.496
228.903
224.642
220.019
215.03
209.058
202.246
194.896
186.739
177.584
167.24
155.566
142.697
128.325
112.33
94.4989
74.702
52.6873
28.0651
0.527227
-30.2072
-64.4131
-102.366
-144.306
-190.51
-241.236
-296.755
-357.201
-422.797
-493.901
-568.546
-639.616
-693.758
257.159
253.922
253.88
251.642
250.728
249.467
248.211
246.902
245.455
243.831
241.987
239.938
237.63
235.046
232.162
228.92
225.273
221.029
216.288
210.893
204.714
198.003
190.817
182.62
173.436
163.234
151.971
139.56
125.797
110.426
93.4178
74.7177
54.1302
31.4181
6.38049
-21.2025
-51.6118
-85.0867
-121.873
-162.188
-206.206
-254.111
-306.071
-362.237
-422.766
-487.863
-557.441
-629.543
-696.185
-740.378
252.41
249.268
249.224
247.16
246.141
244.72
243.21
241.577
239.763
237.717
235.389
232.758
229.798
226.438
222.641
218.382
213.658
208.446
202.574
196.095
188.803
180.307
171.121
161.023
149.938
137.795
124.386
109.57
93.4418
75.8093
56.5039
35.3144
12.0916
-13.1928
-40.7142
-70.7332
-103.449
-139.079
-177.752
-219.608
-264.818
-313.48
-365.64
-421.471
-481.099
-544.784
-612.149
-680.594
-741.514
-775.544
247.46
244.775
244.452
242.452
241.294
239.679
237.955
236.049
233.877
231.404
228.617
225.438
221.817
217.747
213.123
207.969
202.042
195.424
188.109
179.958
171.22
161.527
150.62
138.747
125.646
111.3
95.7081
78.7837
60.2965
40.2609
18.5661
-4.89249
-30.2731
-57.8185
-87.5962
-119.659
-154.133
-191.171
-230.967
-273.622
-319.2
-367.796
-419.412
-474.039
-531.873
-593.271
-657.717
-721.779
-776.404
-801.715
242.357
239.999
239.532
237.502
236.197
234.366
232.414
230.226
227.725
224.866
221.612
217.915
213.67
208.832
203.389
197.193
190.361
182.728
174.282
164.779
154.126
142.683
129.949
116.064
101.022
84.657
66.807
47.5756
26.9344
4.73948
-19.0728
-44.691
-72.2024
-101.587
-132.974
-166.517
-202.28
-240.318
-280.669
-323.432
-368.713
-416.492
-466.764
-519.598
-574.985
-633.153
-693.981
-753.663
-802.885
-821.663
236.982
234.91
234.386
232.376
231.039
229.027
226.83
224.372
221.532
218.269
214.54
210.299
205.517
200.084
193.997
186.922
178.878
169.904
160.046
149.375
137.415
124.239
109.968
94.3026
77.1963
58.7532
38.9632
17.5999
-5.28491
-29.7077
-55.68
-83.1741
-112.334
-143.346
-176.155
-210.783
-247.284
-285.711
-326.114
-368.501
-412.851
-459.262
-507.688
-557.954
-610.304
-664.942
-720.783
-774.999
-818.879
-834.581
231.295
229.767
229.233
227.378
226.044
223.894
221.538
218.826
215.629
211.964
207.793
202.986
197.513
191.352
184.344
176.711
168.146
158.42
147.38
135.135
121.793
107.027
90.8671
73.3785
54.4857
34.038
12.1829
-11.0965
-35.9192
-62.2108
-90.031
-119.447
-150.331
-182.619
-216.464
-251.844
-288.718
-327.136
-367.089
-408.582
-451.654
-496.126
-542.054
-589.462
-638.059
-688.136
-737.918
-783.94
-817.729
-831.407
226.066
224.931
224.392
222.651
221.27
219.054
216.631
213.751
210.308
206.323
201.765
196.572
190.661
183.959
176.226
167.487
157.79
147.175
135.384
122.09
107.447
91.4127
73.8863
54.7153
34.0001
11.7846
-12.0582
-37.4064
-64.2201
-92.5228
-122.171
-153.038
-185.238
-218.761
-253.439
-289.332
-326.414
-364.556
-403.752
-444.014
-485.231
-527.487
-570.607
-614.335
-659.102
-703.369
-744.399
-777.495
-796.264
-806.712
221.418
220.523
219.966
218.338
216.918
214.668
212.235
209.249
205.688
201.576
196.765
191.171
184.75
177.493
169.462
160.339
150.025
138.387
125.47
111.201
95.3699
77.8782
58.8041
38.1191
15.7527
-8.26056
-33.8997
-61.141
-89.8261
-119.869
-151.254
-183.887
-217.48
-251.96
-287.357
-323.522
-360.432
-398.13
-436.445
-475.261
-514.569
-554.09
-593.929
-633.802
-673.327
-710.901
-744.166
-767.774
-776.163
-781.524
217.152
216.551
215.952
214.497
213.088
210.912
208.536
205.533
201.941
197.809
192.992
187.39
180.898
173.293
164.534
154.785
143.987
131.778
118.107
102.959
86.209
67.8164
47.5161
25.3588
1.37169
-24.4767
-52.0672
-81.3099
-112.129
-144.251
-177.434
-211.503
-246.461
-282.126
-318.261
-354.786
-391.629
-428.673
-465.898
-503.241
-540.425
-577.363
-613.959
-650.355
-684.96
-715.905
-741.514
-759.583
-768.406
-769.245
213.007
212.934
212.42
211.206
209.954
207.9
205.616
202.727
199.29
195.212
190.324
184.66
178.223
170.883
162.4
152.511
141.187
128.474
114.242
98.2889
80.5129
60.9388
39.5537
16.1848
-9.30556
-36.7954
-66.2725
-97.5502
-130.435
-164.686
-200.057
-236.196
-272.699
-309.466
-346.436
-383.417
-420.255
-456.931
-493.272
-529.117
-564.446
-599.05
-632.885
-665.593
-696.055
-723.113
-743.641
-753.865
-760.878
-761.174
209.802
210.039
209.591
208.56
207.471
205.672
203.588
200.824
197.596
193.808
189.261
183.882
177.493
170.081
161.631
152.038
140.977
128.289
113.917
97.7247
79.6177
59.4028
36.9248
12.2073
-14.7457
-43.9524
-75.3652
-108.915
-144.319
-181.209
-219.067
-257.447
-296.105
-334.654
-372.826
-410.437
-447.428
-483.755
-519.398
-554.13
-587.917
-620.664
-652.256
-681.972
-709.433
-731.882
-746.755
-755.202
-756.974
-757.88
207.46
207.79
207.312
206.558
205.63
204.089
202.334
199.887
196.907
193.286
189.028
184.157
178.437
171.631
163.649
154.383
143.616
131.258
117.031
100.852
82.4277
61.9576
39.0845
13.4662
-14.7402
-45.5978
-78.9863
-114.765
-152.782
-192.671
-233.821
-275.43
-316.763
-357.542
-397.455
-436.404
-474.14
-510.561
-545.709
-579.639
-612.284
-643.364
-672.403
-699.341
-723.34
-742.466
-751.79
-756.796
-757.459
-757.779
205.699
206.151
205.651
205.098
204.365
203.073
201.588
199.57
197.155
194.076
190.275
185.719
180.399
174.214
167.029
158.549
148.633
137.096
123.663
108.172
90.3431
69.8765
46.6442
20.609
-8.54738
-40.7712
-76.1196
-114.478
-155.482
-198.768
-243.704
-289.425
-334.792
-378.918
-421.488
-462.135
-500.883
-537.778
-572.903
-606.427
-637.686
-666.564
-693.163
-716.791
-736.428
-749.278
-757.829
-759.269
-759.894
-759.705
204.209
204.798
204.36
204.012
203.513
202.594
201.451
199.757
197.73
195.217
192.202
188.503
183.974
178.616
172.275
164.739
155.903
145.387
132.947
118.231
101.418
82.0309
59.3443
33.3712
3.8686
-29.3819
-66.2667
-106.866
-151.148
-198.561
-248.252
-299.001
-349.616
-398.567
-444.896
-488.463
-529.251
-567.371
-602.695
-635.155
-664.796
-691.099
-715.025
-735.052
-748.053
-756.847
-761.2
-762.976
-763.683
-763.465
202.7
203.604
203.292
203.226
203.022
202.386
201.671
200.511
199.023
196.987
194.489
191.498
187.878
183.552
178.364
172.162
164.738
155.909
145.3
132.479
116.864
98.3297
76.7185
51.5633
22.3152
-11.2361
-49.4401
-92.0642
-139.135
-190.665
-245.963
-303.525
-360.986
-416.633
-468.882
-516.474
-559.747
-599.007
-634.719
-666.895
-694.336
-718.173
-738.129
-752.011
-759.949
-764.348
-766.887
-768.738
-769.635
-769.583
201.267
202.477
202.392
202.704
202.835
202.411
202.017
201.238
200.271
198.953
197.23
194.986
192.282
189.028
185.084
180.351
174.502
167.418
158.743
148.068
134.771
118.333
98.8907
75.5954
47.1895
13.9225
-24.7314
-69.1195
-119.026
-174.492
-235.204
-300.105
-367.095
-432.525
-492.705
-546.447
-593.704
-635.796
-672.327
-702.13
-727.376
-747.471
-761.19
-768.476
-772.689
-774.297
-775.902
-777.094
-777.772
-778.024
199.747
201.483
201.169
202.232
202.539
202.601
202.611
202.203
201.491
200.57
199.503
198.058
196.233
194.029
191.367
188.143
184.196
179.221
172.989
165.11
154.986
141.307
124.032
102.844
77.0906
45.1678
7.13841
-37.5095
-89.4463
-148.759
-215.695
-289.146
-366.505
-443.931
-516.614
-580.205
-633.777
-678.249
-714.692
-743.244
-763.862
-778.55
-784.785
-787.953
-788.508
-788.413
-787.969
-787.573
-787.33
-787.464
197.809
200.436
199.754
201.731
202.009
202.541
202.981
203.075
202.951
202.366
201.573
200.716
199.683
198.409
196.92
195.104
192.873
189.962
186.131
180.974
174.074
164.591
151.305
133.367
110.761
81.8044
45.4727
1.42924
-50.9559
-112.396
-183.641
-265.414
-355.665
-449.59
-539.828
-618.456
-681.59
-729.963
-765.495
-790.5
-806.659
-810.211
-811.001
-808.653
-806.017
-803.46
-801.021
-798.7
-796.908
-796.352
195.155
199.421
197.876
201.243
201.19
202.49
203.15
203.434
203.765
203.65
203.224
202.685
202.118
201.525
200.923
200.38
199.755
198.94
197.691
195.624
192.299
187.234
178.999
165.751
147.104
122.617
90.1921
48.3816
-3.31651
-65.9982
-140.83
-229.404
-332.198
-444.45
-557.668
-659.69
-739.322
-796.027
-829.816
-847.985
-851.044
-845.788
-836.234
-828.085
-821.419
-815.847
-811.194
-807.142
-804.052
-802.225
191.524
198.475
195.286
200.434
200.08
202.132
203.166
203.772
204.384
204.578
204.524
204.223
203.875
203.659
203.657
203.933
204.554
205.443
206.457
207.294
207.444
206.436
203.539
196.619
183.942
165.003
138.24
101.412
52.7544
-8.89715
-85.0483
-178.293
-291.641
-424.375
-567.969
-705.478
-812.617
-879.263
-909.76
-908.486
-894.607
-877.166
-859.884
-846.289
-835.602
-827.324
-820.415
-814.072
-808.845
-805.628
186.296
197.525
192.342
199.038
198.881
201.508
202.747
203.829
204.617
204.996
205.148
204.97
204.721
204.536
204.748
205.475
206.935
209.211
212.268
215.945
219.794
223.007
225.219
224.91
219.341
207.559
188.131
158.537
115.936
58.011
-17.1129
-112.98
-234.862
-386.924
-563.262
-746.721
-896.586
-978.546
-1003.38
-982.621
-954.268
-921.341
-892.174
-869.393
-851.952
-839.361
-829.036
-819.74
-812.583
-808.331
178.142
195.487
189.102
196.592
197.305
200.214
201.976
203.471
204.639
205.228
205.572
205.508
205.249
205.068
205.084
205.915
207.655
210.728
215.134
220.863
228.011
235.398
241.802
247.728
250.594
247.382
236.65
215.824
181.904
132.107
62.0883
-32.8336
-158.734
-326.478
-539.133
-775.989
-994.169
-1111.32
-1117.9
-1091.05
-1041.54
-987.443
-939.05
-902.804
-874.107
-852.128
-835.014
-821.79
-812.386
-807.491
146.317
184.782
185.862
193.274
195.401
198.631
200.974
202.665
203.934
204.981
205.514
205.184
204.607
204.028
203.971
204.564
206.359
209.59
214.636
222.271
232.693
244.583
255.366
266.654
278.3
285.056
282.961
271.554
248.06
209.062
147.507
57.3338
-71.6551
-248.083
-488.034
-776.263
-1068.24
-1228.8
-1272.04
-1231.18
-1166.92
-1091.27
-1024.09
-957.925
-904.532
-864.253
-835.505
-815.968
-804.307
-798.966
254.443
249.879
247.483
245.986
245.277
244.839
244.3
243.729
243.181
242.689
242.283
241.971
241.666
241.322
241.057
240.971
240.91
240.81
240.712
240.474
240.18
239.914
239.617
239.099
238.338
237.467
236.411
234.982
232.959
230.159
226.513
221.855
215.969
208.571
199.271
187.67
173.369
155.955
134.826
109.267
78.6342
42.2328
-0.723266
-51.1547
-110.07
-178.6
-256.999
-344.218
-448.943
-563.094
251.581
247.041
245.532
244.098
242.957
242.072
241.25
240.436
239.701
239.088
238.487
237.84
237.203
236.586
235.847
235.156
234.551
233.846
233.053
232.316
231.314
230.126
228.774
227.156
225.133
222.672
219.957
216.803
212.903
207.962
201.874
194.583
185.874
175.297
162.414
146.848
128.188
105.944
79.4729
48.1504
11.2104
-32.0849
-82.2888
-140.648
-208.055
-285.626
-373.541
-470.545
-583.415
-707.034
247.906
243.421
242.705
241.214
239.852
238.709
237.651
236.682
235.716
234.824
233.906
232.98
232.038
231.151
230.222
229.078
227.819
226.513
224.917
223.159
221.275
219.149
216.702
213.934
210.771
206.996
202.413
197.179
191.192
184.085
175.414
165.07
153.052
138.921
122.15
102.289
78.8797
51.388
19.2074
-18.1541
-61.7506
-112.086
-169.586
-235.753
-311.335
-397.554
-494.391
-600.533
-717.972
-843.403
243.814
239.365
239.065
237.194
235.76
234.528
233.264
232.085
230.976
229.793
228.547
227.305
226.023
224.594
223.165
221.606
219.706
217.639
215.435
212.846
209.979
206.748
203.059
198.89
194.175
189.004
182.82
175.485
167.037
157.206
145.76
132.407
116.853
98.9234
78.011
53.5373
25.1889
-7.70294
-45.8354
-89.0679
-139.167
-196.296
-261.154
-334.88
-418.23
-512.213
-616.771
-729.936
-849.806
-973.103
239.371
234.823
234.791
232.41
231.053
229.681
228.335
226.921
225.475
223.941
222.348
220.676
218.908
217.014
214.944
212.7
210.225
207.335
204.12
200.546
196.593
192.217
187.339
181.831
175.443
168.203
160.074
150.701
139.865
127.258
112.704
95.9554
76.9283
55.1767
29.9082
0.754369
-32.5755
-70.6943
-114.262
-163.847
-220.124
-283.675
-355.25
-435.545
-525.333
-625.726
-736.47
-854.643
-975.939
-1095.81
234.593
229.868
230.081
227.307
226.13
224.592
222.986
221.347
219.634
217.782
215.769
213.63
211.242
208.582
205.715
202.605
199.271
195.64
191.597
186.999
181.777
175.934
169.463
162.337
154.402
145.328
134.966
123.093
109.554
94.1826
76.7079
56.7698
33.9728
7.98848
-21.6594
-55.2207
-93.2629
-136.341
-185.126
-240.163
-301.929
-371.21
-448.591
-534.551
-629.588
-734.628
-849.54
-971.498
-1094
-1209.66
229.377
224.705
225.075
221.931
221.013
219.267
217.391
215.417
213.351
211.169
208.797
206.175
203.326
200.082
196.4
192.383
187.963
183.132
177.888
172.165
165.784
158.642
150.546
141.433
131.353
120.079
107.502
93.3319
77.2168
58.8963
38.22
14.8924
-11.5079
-41.3273
-74.8955
-112.682
-155.241
-202.998
-256.517
-316.41
-383.118
-457.161
-539.01
-629.018
-727.611
-835.784
-953.728
-1078.31
-1200.97
-1310.7
223.824
219.317
219.808
216.232
215.491
213.28
211.278
209.155
206.775
204.139
201.323
198.146
194.61
190.761
186.491
181.75
176.47
170.649
164.128
156.943
149.001
140.243
130.544
119.716
107.588
93.9828
78.8317
61.9754
43.2125
22.1573
-1.55713
-28.167
-58.041
-91.4983
-128.828
-170.534
-217.048
-268.848
-326.486
-390.381
-460.944
-538.656
-623.854
-716.778
-817.706
-927.476
-1046.66
-1172.61
-1294.34
-1395.62
218.003
213.728
214.179
210.277
209.556
206.909
204.736
202.319
199.623
196.586
193.211
189.532
185.447
180.883
175.869
170.282
164.048
157.226
149.567
141.127
131.778
121.379
109.828
97.0351
82.8493
67.1013
49.6752
30.3351
8.77721
-15.1989
-41.8713
-71.5119
-104.534
-141.308
-182.15
-227.386
-277.431
-332.727
-393.694
-460.78
-534.28
-614.525
-701.746
-796.145
-897.985
-1008.16
-1127.37
-1252.59
-1370.73
-1460.13
211.908
208.025
208.256
204.272
203.503
200.398
198.113
195.293
192.115
188.629
184.671
180.217
175.369
170.074
164.356
157.882
150.719
142.781
133.927
124.14
113.333
101.463
88.406
73.9479
57.8543
39.9067
20.0044
-1.88855
-25.972
-52.6063
-82.0904
-114.702
-150.685
-190.336
-234.031
-282.15
-335.009
-392.962
-456.408
-525.656
-600.983
-682.648
-770.894
-865.868
-967.695
-1076.95
-1193.94
-1315.89
-1428.99
-1504.58
205.449
202.121
202.075
198.42
197.53
194.084
191.549
188.301
184.647
180.581
176.128
171.13
165.483
159.225
152.394
144.876
136.657
127.587
117.572
106.544
94.3168
80.7683
65.8868
49.6595
31.8649
12.2665
-9.43479
-33.4919
-60.0572
-89.1926
-121.117
-156.103
-194.55
-236.825
-283.101
-333.571
-388.596
-448.527
-513.62
-584.149
-660.31
-742.388
-830.477
-924.681
-1025.18
-1132.42
-1246.11
-1362.97
-1468.9
-1530.42
199.035
196.371
196.049
192.706
191.436
187.991
185.23
181.526
177.477
172.861
167.668
162.033
155.75
148.741
140.921
132.297
122.884
112.579
101.23
88.801
75.2551
60.4154
44.0053
25.9614
6.20538
-15.4108
-39.0499
-64.9194
-93.3066
-124.498
-158.66
-195.944
-236.466
-280.474
-328.378
-380.487
-436.964
-497.994
-563.823
-634.701
-710.836
-792.311
-879.325
-971.948
-1070.2
-1174.3
-1283.52
-1393.95
-1490.81
-1539.27
193.038
190.972
190.382
187.491
185.693
182.189
179.156
175.087
170.666
165.704
160.046
153.679
146.603
138.804
130.178
120.637
110.128
98.6556
86.1002
72.2818
57.1241
40.6268
22.6885
3.11437
-18.243
-41.5037
-66.8924
-94.5657
-124.712
-157.523
-193.203
-232.018
-274.194
-319.914
-369.225
-422.304
-479.472
-540.933
-606.822
-677.284
-752.413
-832.46
-917.422
-1007.24
-1102
-1202
-1306.69
-1410.23
-1496.8
-1533.63
187.774
186.262
185.339
182.724
180.723
177.156
173.724
169.37
164.533
159.042
152.95
146.113
138.449
129.893
120.473
110.11
98.7075
86.1182
72.3948
57.4745
41.1885
23.3395
3.85222
-17.3404
-40.3959
-65.4364
-92.5086
-121.776
-153.437
-187.76
-224.946
-265.053
-308.23
-354.672
-404.627
-458.229
-515.559
-576.742
-641.901
-711.174
-784.672
-862.326
-944.296
-1030.71
-1121.45
-1216.24
-1315.09
-1412.01
-1490.03
-1515.65
183.418
182.207
181.283
178.673
176.431
172.907
169.223
164.612
159.537
153.637
146.973
139.551
131.368
122.299
112.231
101.082
89.0407
75.5385
60.7245
44.5437
26.9927
7.95981
-12.706
-35.1278
-59.4104
-85.7883
-114.364
-145.163
-178.27
-213.803
-251.976
-293.078
-337.184
-384.354
-434.647
-488.2
-545.166
-605.575
-669.508
-737.024
-808.072
-882.787
-961.081
-1042.79
-1128.12
-1217.41
-1308.96
-1397.94
-1468.38
-1489.28
180.085
179.14
178.188
175.673
173.274
169.643
165.872
161.046
155.692
149.572
142.623
134.779
126.042
116.396
105.74
93.9855
81.0872
66.9291
51.4598
34.526
15.9523
-4.25693
-26.1607
-49.8252
-75.3519
-102.89
-132.59
-164.531
-198.833
-235.572
-274.768
-316.48
-360.971
-408.399
-458.775
-512.055
-568.265
-627.508
-689.741
-754.961
-823.203
-894.281
-968.248
-1045.16
-1124.56
-1206.27
-1288.46
-1366.14
-1423.97
-1445.3
178.154
177.193
176.137
173.633
171.438
167.68
163.827
158.892
153.387
146.979
139.799
131.735
122.694
112.625
101.486
89.2045
75.6246
60.6781
44.3603
26.5966
7.2604
-13.5848
-36.389
-61.0179
-87.4964
-116.035
-146.705
-179.616
-214.763
-252.32
-292.372
-334.899
-379.836
-427.256
-477.307
-530.044
-585.425
-643.262
-703.578
-766.343
-831.396
-898.733
-968.089
-1039.13
-1111.63
-1185.28
-1255.74
-1316.84
-1356.63
-1376.06
177.396
176.261
175.336
172.642
170.57
167.05
163.219
158.23
152.814
146.33
138.993
130.724
121.443
111.061
99.4964
86.7718
72.8011
57.4573
40.5741
22.1115
1.95431
-19.8587
-43.44
-68.9243
-96.2998
-125.595
-157.041
-190.664
-226.581
-264.755
-305.179
-347.971
-393.215
-440.882
-490.814
-542.917
-597.169
-653.62
-712.024
-772.25
-834.156
-897.446
-961.91
-1027.09
-1093.17
-1157.59
-1216.05
-1259.86
-1278.98
-1293.51
178.191
176.699
175.933
173.04
171.411
167.334
164.282
158.973
153.685
147.36
140.122
131.871
122.543
112.039
100.229
87.0807
72.5754
56.7163
39.3806
20.4767
-0.149542
-22.5978
-46.9271
-73.1429
-101.258
-131.186
-163.381
-197.669
-234.145
-272.909
-314.028
-357.274
-402.641
-450.073
-499.619
-551.243
-604.775
-659.919
-716.594
-774.477
-833.407
-893.284
-953.593
-1013.12
-1072.11
-1128.12
-1176.15
-1208.29
-1216.86
-1224.24
179.952
178.179
177.815
174.908
173.23
169.496
166.234
161.484
156.273
150.125
143.023
134.844
125.557
115.139
103.448
90.3346
75.6577
59.402
41.5664
22.0973
0.907885
-22.085
-47.0022
-73.9354
-102.77
-133.441
-166.36
-201.308
-238.309
-277.457
-318.709
-362.215
-407.834
-455.516
-505.073
-556.269
-608.998
-663.161
-718.445
-774.732
-831.296
-887.729
-944.192
-1000.38
-1053.92
-1101.63
-1139.23
-1161.3
-1172.5
-1175.63
182.642
180.474
180.107
177.613
175.893
172.582
169.448
165.154
160.275
154.459
147.737
139.868
130.811
120.483
108.816
95.7179
81.0784
64.7692
46.7342
26.9388
5.29922
-18.2094
-43.6243
-71.0255
-100.488
-131.978
-165.669
-201.179
-238.734
-278.477
-320.405
-364.361
-410.3
-458.11
-507.627
-558.771
-611.294
-664.88
-719.247
-773.896
-828.961
-884.17
-938.431
-990.857
-1039.64
-1081.9
-1109.88
-1119.27
-1131.11
-1135.17
185.583
183.354
182.991
180.908
179.182
176.388
173.5
169.743
165.349
160.024
153.73
146.346
137.836
127.969
116.679
103.785
89.2539
72.9748
54.823
34.7456
12.7379
-11.253
-37.2541
-65.2518
-95.2888
-127.484
-161.877
-198.41
-236.864
-277.024
-319.366
-363.701
-410.001
-458.144
-508.076
-559.459
-611.987
-665.458
-719.552
-774.168
-828.408
-881.875
-934.092
-984.262
-1029.65
-1066.38
-1088.84
-1092.58
-1095.99
-1103.26
188.761
186.545
186.103
184.344
183.014
180.759
178.176
174.97
171.085
166.447
160.885
154.095
146.086
136.782
125.991
113.501
99.3165
83.3172
65.3572
45.2714
23.0637
-1.27827
-27.7363
-56.3487
-87.1
-119.947
-154.852
-192.028
-231.394
-272.648
-315.777
-360.95
-407.999
-456.85
-507.308
-559.19
-612.281
-666.157
-720.466
-774.503
-828.978
-883.289
-935.587
-983.708
-1025.24
-1054.62
-1066.7
-1076.48
-1074
-1080.85
191.497
189.736
189.307
188.071
186.979
185.179
183.061
180.378
177.181
173.169
168.354
162.537
155.453
146.858
137.019
124.998
111.251
95.54
77.8199
57.8808
35.6336
11.0487
-15.8498
-45.0203
-76.4985
-110.177
-146.128
-184.15
-224.303
-266.536
-310.562
-356.476
-404.198
-453.774
-505.088
-557.961
-611.941
-666.691
-721.815
-777.435
-832.689
-886.717
-938.86
-985.998
-1023.97
-1046.14
-1050.76
-1056.91
-1058.53
-1063.54
193.912
192.794
192.324
191.438
190.778
189.508
188.004
185.939
183.455
180.249
176.166
171.133
164.975
157.449
148.385
137.456
124.451
109.31
91.9579
72.2917
50.1857
25.5871
-1.55455
-31.254
-63.3997
-97.8779
-134.603
-173.69
-215.125
-258.488
-303.795
-350.782
-399.593
-450.127
-502.395
-556.343
-611.782
-668.107
-724.843
-781.014
-837.241
-892.808
-945.586
-992.263
-1024.18
-1035.45
-1041.59
-1043.24
-1047.92
-1050.93
195.793
195.51
194.719
194.324
194.106
193.356
192.488
191.118
189.298
187.031
184.021
180.017
174.891
168.414
160.363
150.455
138.443
124.106
107.336
88.0463
66.1134
41.492
14.1731
-15.9319
-48.7917
-84.2849
-122.107
-162.166
-204.427
-249.102
-295.66
-344.244
-394.327
-445.948
-499.277
-554.401
-611.195
-669.253
-727.702
-786.782
-845.222
-900.738
-953.063
-998.709
-1025.94
-1030.06
-1034.28
-1034.38
-1039.99
-1042.62
196.334
197.933
196.445
196.965
196.979
196.739
196.532
195.85
194.726
193.11
190.96
188.102
184.233
179.04
172.268
163.592
152.69
139.468
123.55
104.938
83.3703
58.9047
31.4694
1.07325
-32.3831
-68.6315
-107.8
-149.585
-193.624
-239.744
-287.209
-337.267
-388.822
-441.815
-496.197
-552.424
-610.92
-671.398
-733.063
-794.34
-853.932
-909.803
-962.813
-1007.4
-1025.68
-1027.89
-1026.08
-1028.94
-1033.28
-1036.09
195.068
200.511
197.583
199.118
199.282
199.533
199.895
199.918
199.706
198.9
197.574
195.754
192.989
189.136
183.774
176.486
166.878
154.711
139.886
122.121
101.057
76.8396
49.3033
18.4995
-15.5551
-52.6289
-92.5992
-135.557
-181.358
-229.281
-279.325
-331.027
-384.194
-438.546
-494.16
-551.292
-610.799
-673.42
-737.804
-802.877
-865.752
-921.854
-969.688
-1007.68
-1018.99
-1025.94
-1021.36
-1024.29
-1026.96
-1029.03
190.899
202.481
198.17
200.638
200.915
201.628
202.404
202.94
203.4
203.479
203.168
202.351
200.687
198.112
194.21
188.426
180.291
169.654
156.05
139.452
119.081
95.2606
67.771
36.4559
1.70227
-36.6552
-78.0764
-122.661
-169.949
-219.787
-271.59
-325.608
-380.75
-436.801
-493.572
-551.531
-611.87
-675.547
-744.179
-813.369
-879.752
-938.932
-983.915
-1000.45
-1011.77
-1014.92
-1016.68
-1018.41
-1019.7
-1020.87
171.048
200.349
198.935
201.816
202.502
203.556
204.704
205.6
206.555
207.288
207.633
207.763
207.161
205.552
202.765
198.459
192.203
183.227
170.657
154.834
135.771
112.442
84.4072
52.6966
17.3827
-21.6678
-64.7741
-111.194
-160.364
-212.37
-266.652
-322.931
-380.419
-438.524
-496.608
-554.83
-616.239
-680.501
-751.063
-823.701
-888.627
-942.194
-985.307
-988.428
-1003.69
-1006.92
-1013
-1012.78
-1012.54
-1012.35
173.043
199.428
201.101
202.745
203.849
205.12
206.16
207.198
208.354
209.889
211.037
212.045
212.627
212.28
211.031
208.301
203.233
195.534
184.496
169.276
149.637
126.106
97.8921
65.1502
28.4561
-11.5087
-55.7548
-104.339
-156.064
-210.559
-267.93
-327.279
-387.659
-448.048
-508.18
-567.25
-625.95
-690.184
-760.703
-842.302
-920.974
-983.778
-1012.3
-1011.78
-1002.52
-1006.57
-1010.8
-1010.36
-1007.65
-1005.46
184.612
199.397
203.095
204.864
205.876
207.221
208.495
209.943
211.208
212.829
215.042
216.88
218.174
218.457
217.654
215.478
210.799
202.783
190.916
174.554
153.697
128.69
99.1822
64.836
25.7076
-17.4964
-63.4533
-114.067
-168.706
-226.186
-286.315
-348.464
-411.626
-474.014
-534.468
-592.959
-650.81
-713.636
-786.562
-874.671
-962.074
-1013.87
-1022.09
-1024.76
-1016.88
-1018.15
-1018.88
-1016.24
-1011.18
-1007.21
195.58
204.172
206.517
208.426
209.082
210.118
211.719
213.054
214.676
216.882
219.825
222.177
224.044
224.462
223.982
221.629
215.637
205.342
190.945
172.277
148.864
120.525
87.2645
49.8932
9.12789
-36.7127
-87.3864
-141.45
-199.318
-259.834
-322.96
-387.697
-452.91
-516.369
-576.198
-635.183
-693.552
-748.032
-813.821
-903.081
-993.006
-1022.28
-1033.97
-1031.73
-1039.75
-1047.04
-1047.73
-1041.78
-1033.24
-1026.89
204.884
210.173
211.986
212.514
212.802
213.147
214.81
217.479
219.778
221.987
224.61
227.704
230.327
231.298
230.178
226.961
219.913
207.425
189.432
166.056
137.68
105.05
67.4649
24.5508
-22.0787
-71.1153
-124.49
-182.657
-244.791
-309.61
-375.96
-442.784
-508.911
-572.809
-634.774
-691.148
-733.583
-775.826
-832.273
-905.722
-976.324
-1015.7
-1034.23
-1055.75
-1081.28
-1101.18
-1103.21
-1093.39
-1081.41
-1074.08
213.88
216.614
217.946
217.259
216.314
216.806
218.513
221.297
223.665
226.897
231.669
236.14
238.008
238.808
238.15
233.512
223.656
207.634
185.727
158.095
124.439
85.1941
41.4248
-6.4769
-58.4605
-114.586
-173.457
-235.846
-301.928
-371.062
-441.184
-510.777
-578.418
-643.761
-701.444
-740.386
-766.93
-794.843
-827.293
-869.499
-916.893
-974.965
-1036.7
-1102.01
-1159.21
-1188.03
-1187.97
-1173.17
-1154.54
-1144.42
222.045
223.72
223.48
220.712
218.402
218.394
219.748
223.313
227.521
231.624
236.01
240.435
244.387
246.652
246.073
240.157
227.316
207.638
180.393
146.446
107.085
62.4517
13.2706
-40.9915
-98.8905
-159.761
-225.245
-294.978
-368.035
-443.064
-518.438
-592.523
-662.932
-722.73
-765.245
-789.004
-796.035
-791.022
-790.059
-807.262
-848.156
-944.068
-1058.97
-1174.4
-1264.12
-1299.54
-1294.72
-1266.11
-1237.26
-1226.48
232.247
230.425
225.959
220.715
216.569
217.242
220.156
225.415
227.545
229.208
236.252
244.14
248.542
250.284
248.152
239.689
223.056
198.426
166.221
127.281
82.333
31.8804
-22.7158
-80.976
-144.732
-212.58
-283.89
-359.361
-440.642
-524.944
-609.322
-690.287
-759.726
-808.002
-837.347
-838.996
-809.328
-774.507
-741.614
-750.024
-812.916
-955.276
-1105.11
-1247.58
-1348.72
-1377.12
-1351.13
-1319.44
-1294.36
-1284.46
242.216
235.696
228.23
218.751
210.777
209.13
212.777
211.393
217.236
223.815
227.544
234.946
241.068
245.116
242.371
230.385
207.352
174.372
135.113
90.9702
42.3078
-10.7511
-69.225
-132.47
-199.895
-272.513
-352.095
-437.179
-526.966
-621.366
-717.461
-803.981
-868.333
-908.738
-917.289
-887.646
-828.4
-764.719
-740.572
-768.742
-860.662
-993.603
-1145.35
-1290.73
-1377.3
-1388.29
-1356.11
-1326.54
-1307.05
-1300.01
253.503
240.739
225.808
199.261
183.834
185.868
188.928
184.548
189.36
200.959
212.337
218.552
220.442
222.046
213.857
196.763
168.015
130.77
86.016
36.386
-16.8708
-72.8589
-132.506
-197.224
-268.39
-346.322
-430.561
-525.541
-629.823
-741.751
-850.011
-940.207
-1002.59
-1029.5
-1008.5
-946.952
-878.208
-839.982
-841.383
-873.34
-944.769
-1052.36
-1184.23
-1300.69
-1357.98
-1351.58
-1316.29
-1296.15
-1288.01
-1287.66
251.845
230.145
196.797
159.946
137.431
140.282
144.031
156.868
161.778
172.298
179.454
180.929
181.037
167.127
143.257
111.742
77.0524
40.7452
1.00487
-44.685
-96.5744
-151.92
-212.205
-278.707
-350.862
-433.323
-526.291
-632.389
-756.342
-891.407
-1015.07
-1107.73
-1164.81
-1168.55
-1119.35
-1059.49
-1012.68
-988.941
-990.366
-1022.24
-1071.34
-1132.72
-1213.67
-1287.54
-1312.48
-1291.09
-1265.74
-1257.41
-1259.52
-1263.25
225.609
192.708
140.309
71.2694
20.1429
32.0639
37.5492
56.1991
80.4947
100.728
105.014
100.497
87.5085
56.8145
13.1188
-35.9987
-77.8749
-110.027
-134.423
-164.794
-204.05
-251.334
-305.465
-370.472
-446.889
-534.024
-638.051
-761.574
-914.014
-1072.98
-1206.8
-1306.41
-1347.9
-1322.8
-1276.3
-1229.6
-1193.67
-1170.74
-1164.51
-1176.14
-1199.68
-1225.65
-1254.71
-1283.17
-1281.21
-1254.97
-1232.13
-1228.13
-1234.57
-1238.82
164.368
107.924
2.80706
-136.89
-247.293
-262.21
-215.226
-130.214
-59.6684
-24.7116
-17.0047
-26.4241
-54.6547
-108.405
-175.158
-241.086
-293.778
-320.416
-320.458
-321.166
-336.57
-368.995
-414.716
-474.173
-552.878
-647.296
-765.544
-914.645
-1092.4
-1273.91
-1429.57
-1522.93
-1540.74
-1517.09
-1476.76
-1436.5
-1400.48
-1366.2
-1342.93
-1329.51
-1323.61
-1316.2
-1307.24
-1298.54
-1279.81
-1249.58
-1223.4
-1217.27
-1223.19
-1228.11
28.3943
-59.4694
-218.878
-448.649
-666.617
-704.928
-554.867
-384.347
-257.16
-188.141
-162.096
-183.013
-235.595
-317.085
-412.92
-504.594
-571.034
-589.034
-557.314
-509.283
-489.619
-497.229
-530.037
-582.773
-659.994
-765.745
-902.477
-1078.67
-1289.44
-1496.8
-1653.96
-1732.77
-1752.6
-1738.11
-1698.34
-1651.13
-1606.73
-1559.24
-1512.4
-1472.83
-1437.43
-1406.17
-1372.23
-1337.82
-1303.39
-1268.57
-1239.21
-1223.06
-1227.61
-1233.19
-142.309
-248.793
-447.42
-741.444
-1034.2
-1049.55
-766.515
-528.36
-371.532
-296.871
-296.291
-335.964
-421.78
-545.697
-690.71
-828.845
-914.227
-913.444
-828.574
-714.249
-650.527
-627.878
-639.734
-686.219
-761.345
-872.562
-1029.49
-1240.89
-1481.2
-1707.86
-1858.47
-1929.87
-1959.87
-1952.89
-1901.13
-1837.88
-1780.06
-1716.86
-1650.7
-1590.43
-1531.41
-1478.76
-1429.23
-1381.57
-1337.86
-1299.56
-1267.58
-1246.1
-1237.98
-1248.37
-311.58
-357.16
-491.611
-702.437
-905.9
-912.185
-691.265
-474.338
-368.602
-346.001
-370.667
-438.557
-572.719
-750.802
-962.207
-1164.45
-1270.12
-1255.09
-1098.44
-911.603
-794.938
-740.97
-727.896
-760.308
-835.304
-958.261
-1130.54
-1363.53
-1629.35
-1868.82
-2019.79
-2090.48
-2125.99
-2118.8
-2055.1
-1973.19
-1896.98
-1819.45
-1742.36
-1667.43
-1596.67
-1530.38
-1470.46
-1416.15
-1368.39
-1328.29
-1296.31
-1275.2
-1269.46
-1289.25
-313.241
-279.197
-310.861
-382.852
-458.961
-503.86
-439.4
-335.235
-297.574
-311.823
-363.004
-472.608
-648.023
-872.807
-1146.04
-1420.6
-1598.71
-1529.05
-1300.5
-1062.69
-897.12
-813.277
-778.107
-789.551
-859.604
-984.893
-1170.83
-1417.01
-1697.08
-1945.94
-2097.99
-2170.18
-2205.53
-2197.62
-2132.49
-2042.03
-1953.92
-1868.49
-1785.97
-1705.07
-1627.91
-1555.17
-1489.03
-1430.78
-1380.94
-1340.86
-1311.29
-1294.2
-1292.11
-1296.65
-169.923
-93.6191
-88.3615
-117.528
-160.972
-194.182
-191.264
-174.702
-181.205
-221.994
-301.952
-434.127
-616.419
-865.754
-1174.5
-1490.44
-1681.07
-1609.03
-1344.88
-1096.34
-916.421
-812.47
-761.975
-757.384
-813.486
-933.755
-1123.5
-1371.35
-1651.86
-1906.28
-2064.51
-2142.88
-2180.79
-2175.29
-2122.2
-2040.76
-1954.25
-1869.94
-1786.84
-1704.26
-1623.85
-1547.64
-1478.08
-1418.49
-1369.26
-1331.19
-1305.74
-1291.27
-1285.59
-1285.88
28.59
68.7872
69.5181
58.2504
26.5983
1.37586
-19.0443
-37.655
-68.1989
-123.726
-204.11
-329.008
-503.236
-729.05
-1032.75
-1358.68
-1559.63
-1490.51
-1225.39
-1003.42
-832.828
-719.09
-659.715
-647.577
-689.882
-797.733
-973.696
-1210.67
-1487.11
-1743.94
-1915.93
-2009.33
-2054.29
-2069.5
-2040.68
-1982
-1910.04
-1833.15
-1753.33
-1670.4
-1587.44
-1507.7
-1435.08
-1373.44
-1325.32
-1290.58
-1270.01
-1261.05
-1261.88
-1271.23
140.865
153.136
148.69
124.211
119.299
103.199
83.8847
58.2761
22.3962
-27.2275
-97.5701
-199.44
-333.73
-520.731
-785.045
-1079.41
-1287.91
-1245.19
-1007.96
-808.845
-660.953
-549.041
-486.708
-469.856
-496.85
-582.763
-734.493
-948.126
-1208.34
-1472.14
-1672.74
-1800.28
-1876.49
-1914.46
-1914.63
-1882.91
-1829.17
-1761.36
-1685.18
-1602.75
-1517.85
-1435.97
-1360.7
-1297.22
-1248.17
-1213.85
-1195.83
-1192.68
-1202.49
-1225.24
190.76
196.342
194.747
188.576
181.563
168.734
150.1
124.656
94.157
52.6664
-2.10763
-75.6206
-174.945
-312.897
-504.158
-736.118
-927.545
-883.404
-763.466
-573.213
-448.655
-349.656
-283.407
-250.34
-256.059
-314.937
-432.098
-614.121
-853.522
-1115.86
-1344.08
-1518.65
-1634.22
-1708.92
-1743.53
-1741.8
-1710.35
-1655.52
-1585.86
-1506.62
-1421.49
-1338.06
-1261.47
-1196.15
-1145.71
-1111.04
-1093.07
-1090.02
-1103.25
-1137.47
198.037
207.988
213.361
214.412
210.471
200.979
185.31
165.842
142.395
112.531
73.6659
22.3187
-44.8894
-135.332
-262.596
-423.26
-564.697
-590.912
-500.083
-363.369
-241.989
-152.757
-82.5894
-31.4261
-7.54383
-33.1549
-114.939
-255.313
-456.665
-702.097
-944.812
-1150.82
-1325
-1452.94
-1535.01
-1572.05
-1569.72
-1532.69
-1470.68
-1395.29
-1311.58
-1227.14
-1148.99
-1081.76
-1029.48
-993.444
-973.853
-969.751
-984.083
-1013.01
196.318
206.72
212.092
214.877
215.624
212.23
203.067
191.302
174.689
153.192
125.415
90.9807
48.6275
-4.40685
-76.7552
-177.396
-275.941
-322.997
-272.667
-173.114
-62.4321
21.0541
94.2274
155.039
200.744
210.138
167.306
72.7534
-81.0122
-290.15
-532.105
-767.135
-986.463
-1172.33
-1316.59
-1406.52
-1442.64
-1425.02
-1368.67
-1293.14
-1207.66
-1120.06
-1039.18
-969.673
-915.096
-876.635
-855.185
-850.097
-862.305
-887.916
194.957
203.556
208.454
212.79
215.132
214.074
209.393
202.409
191.897
177.755
159.57
137.349
109.913
77.3684
38.7755
-9.79568
-64.0805
-101.612
-87.5263
-22.5193
72.0882
168.895
229.317
297.827
354.164
385.793
378.268
325.165
220.1
58.6464
-148.373
-401.597
-658.814
-897.559
-1103.03
-1259.13
-1347.88
-1362.66
-1321.32
-1243.58
-1143.62
-1042.08
-952.692
-878.861
-821.15
-779.956
-756.143
-748
-755.611
-774.358
189.634
197.301
203.651
208.799
211.75
213.225
211.762
207.649
201.814
193.238
181.097
165.729
147.714
128.082
106.1
82.6796
63.1555
54.2726
57.353
92.9808
161.882
230.617
318.609
397.751
457.921
499.804
516.285
498.392
440.521
321.106
144.047
-90.9901
-368.467
-660.476
-941.8
-1170.78
-1308.75
-1361.68
-1336.32
-1251.81
-1133.61
-1011.65
-906.648
-824.141
-761.901
-717.392
-690.516
-678.692
-681.686
-693.577
186.045
192.428
199.103
204.756
208.49
210.714
211.29
210.153
206.302
200.274
192.968
184.017
173.183
160.75
147.618
134.657
125.509
129.178
148.741
175.507
210.828
275.765
344.866
414.154
479.827
534.734
574.441
584.975
561.102
482.991
349.49
140.901
-141.745
-470.378
-833.543
-1148.55
-1354.63
-1452.2
-1437.08
-1330.36
-1180.12
-1029.68
-905.968
-812.026
-743.803
-695.747
-665.249
-649.583
-647.868
-653.539
182.512
189.27
195.497
200.361
204.712
207.795
209.324
209.678
208.415
205.902
201.631
195.444
188.115
180.809
174.139
168.115
164.567
167.663
183.597
214.164
253.659
285.483
334.872
395.856
450.099
504.732
546.714
571.203
569.631
523.434
424.301
249.096
-17.0174
-353.575
-774.111
-1165.13
-1457.14
-1597.35
-1582.51
-1458.13
-1291.82
-1113.32
-958.902
-844.772
-764.557
-709.461
-674.129
-654.579
-648.899
-650.147
179.11
185.708
191.239
196.737
201.693
205.083
207.248
208.549
208.996
207.832
205.219
202.033
198.51
194.307
189.958
186.832
186.44
191.315
202.283
221.157
252.442
290.476
326.96
361.257
405.538
446.182
474.273
494.068
493.591
464.758
392.562
254.96
30.7824
-295.372
-715.547
-1151.2
-1565.44
-1751.24
-1710.04
-1580.16
-1395.76
-1198.08
-1026.83
-897.535
-807.119
-745.547
-704.643
-683.259
-675.055
-673.711
173.887
183.426
189.003
193.869
198.27
201.777
204.77
206.923
207.771
208.076
207.719
206.341
203.807
200.745
198.272
196.432
196.138
199.333
207.971
222.793
242.717
269.344
302.76
335.115
366.731
393.84
417.411
429.283
425.316
398.78
339.452
233.749
58.4796
-219.601
-601.628
-1062.39
-1542.97
-1792.94
-1719.77
-1625.87
-1460.06
-1264.3
-1093.99
-959.725
-861.379
-795.566
-754.912
-726.352
-715.081
-711.737
164.232
182.925
188.122
191.899
196.05
199.6
202.505
204.914
206.65
207.63
207.475
206.496
204.976
203.231
201.313
199.951
199.511
201.317
206.922
217.435
234.135
254.834
277.018
302.014
328.923
352.424
369.873
376.36
369.801
343.346
293.165
207.707
66.8401
-158.119
-474.584
-915.365
-1399.25
-1648.6
-1626.57
-1563.76
-1434.24
-1266.73
-1118
-992.96
-899.577
-836.645
-793.688
-765.608
-754.538
-750.14
150.554
184.654
188.92
191.658
194.748
198.07
201.139
203.625
205.198
206.01
206.248
205.954
205.239
203.639
202.333
201.688
201.975
204.538
209.512
217.154
228.979
245.907
264.368
280.775
298.643
316.493
325.848
325.471
311.702
281.91
231.055
149.621
22.02
-166.073
-421.315
-787.861
-1213.13
-1430.84
-1464.9
-1418.79
-1322.92
-1211.13
-1094.7
-993.065
-915.633
-860.5
-822.025
-796.045
-785.894
-780.567
254.463
250.748
248.765
247.629
247.165
247.031
246.854
246.605
246.287
246.005
245.888
245.939
246.044
246.185
246.443
246.815
247.251
247.688
248.078
248.334
248.772
249.426
250.161
250.826
251.423
251.937
252.295
252.333
251.933
250.979
249.308
246.804
243.456
239.037
233.114
225.2
214.907
201.825
185.372
165.211
140.725
110.94
75.0051
32.1084
-18.5337
-77.6592
-145.821
-224.07
-316.651
-412.687
252.534
251.005
250.145
249.81
249.652
249.821
250.049
250.176
250.224
250.284
250.509
250.871
251.305
251.852
252.59
253.468
254.461
255.487
256.552
257.689
259.007
260.561
262.296
264.109
265.995
267.855
269.663
271.307
272.673
273.666
274.181
274.133
273.373
271.734
268.908
264.529
258.091
249.287
237.617
222.603
203.791
180.292
151.199
115.83
73.6163
23.8171
-34.4869
-102.747
-182.774
-264.106
252.02
251.886
252.009
252.334
252.593
253.015
253.605
254.124
254.564
254.984
255.512
256.187
257.081
258.161
259.418
260.828
262.405
264.104
265.94
268.004
270.326
272.912
275.756
278.808
282.018
285.315
288.685
292.035
295.305
298.388
301.196
303.625
305.522
306.74
307.045
306.089
303.496
298.853
291.855
282
268.711
251.287
229.02
201.201
167.204
126.312
77.6613
20.456
-46.1926
-111.937
252.866
253.426
254.311
255.249
255.97
256.607
257.433
258.291
259.164
260.003
260.911
261.987
263.284
264.891
266.76
268.819
271.043
273.504
276.22
279.249
282.631
286.361
290.399
294.736
299.337
304.173
309.201
314.386
319.644
324.93
330.109
335.08
339.754
343.959
347.46
349.974
351.191
350.769
348.38
343.563
335.695
324.203
308.42
287.737
261.595
229.312
190.24
143.7
88.9821
38.0037
254.811
255.715
257.05
258.527
259.678
260.566
261.608
262.795
264.081
265.427
266.797
268.321
270.085
272.227
274.711
277.462
280.447
283.701
287.326
291.399
295.904
300.825
306.152
311.863
317.943
324.4
331.184
338.293
345.662
353.195
360.842
368.507
376.021
383.198
389.87
395.841
400.881
404.706
406.85
406.871
404.296
398.555
389.1
375.42
356.895
332.928
302.961
266.603
223.554
184.936
257.557
258.647
260.333
262.24
263.73
264.877
266.149
267.735
269.475
271.326
273.168
275.112
277.385
280.133
283.328
286.832
290.622
294.745
299.341
304.495
310.19
316.363
323.014
330.152
337.778
345.908
354.546
363.644
373.149
383.022
393.157
403.429
413.722
423.911
433.857
443.379
452.243
460.122
466.707
471.545
474.073
473.794
470.265
462.944
451.313
434.893
413.208
385.811
352.365
323.956
260.996
262.231
264.136
266.332
268.087
269.54
271.077
273.024
275.233
277.543
279.894
282.372
285.201
288.569
292.468
296.746
301.363
306.418
312.049
318.316
325.189
332.655
340.677
349.283
358.502
368.372
378.876
389.989
401.657
413.822
426.397
439.295
452.432
465.687
478.903
491.92
504.519
516.384
527.088
536.176
543.322
548.146
550.163
548.949
544.02
534.698
520.447
501.17
476.936
457.242
265.039
266.349
268.368
270.774
272.759
274.429
276.27
278.577
281.266
284.086
286.962
289.995
293.412
297.41
302.026
307.136
312.658
318.681
325.316
332.678
340.759
349.511
358.916
369.018
379.863
391.468
403.829
416.926
430.729
445.161
460.17
475.687
491.605
507.81
524.154
540.46
556.471
571.898
586.435
599.789
611.572
621.299
628.547
632.75
633.192
629.408
621.287
608.657
591.35
578.087
269.547
270.861
272.938
275.429
277.594
279.483
281.657
284.334
287.454
290.802
294.216
297.783
301.798
306.462
311.79
317.715
324.12
331.068
338.72
347.169
356.44
366.48
377.277
388.852
401.274
414.561
428.726
443.75
459.595
476.212
493.541
511.512
530.026
548.97
568.208
587.564
606.843
625.764
643.989
661.133
676.8
690.645
702.136
710.68
715.948
717.734
715.61
709.279
698.859
691.051
274.337
275.583
277.647
280.172
282.484
284.605
287.055
290.119
293.682
297.482
301.402
305.525
310.115
315.43
321.509
328.211
335.458
343.314
351.95
361.464
371.874
383.146
395.263
408.244
422.141
437.01
452.867
469.694
487.451
506.096
525.564
545.787
566.685
588.145
610.052
632.255
654.501
676.516
697.988
718.564
737.864
755.346
770.54
783.133
792.769
798.845
800.87
798.576
792.287
787.92
279.172
280.316
282.31
284.827
287.239
289.599
292.354
295.747
299.7
303.921
308.285
312.927
318.12
324.076
330.821
338.226
346.24
354.939
364.477
374.976
386.447
398.846
412.139
426.378
441.626
457.94
475.331
493.779
513.255
533.705
555.078
577.316
600.33
624.045
648.353
673.063
697.946
722.707
746.976
770.351
792.362
812.635
830.872
846.668
859.616
869.402
875.682
878.227
877.003
875.805
283.818
284.844
286.722
289.176
291.688
294.265
297.31
301.02
305.27
309.822
314.597
319.737
325.472
331.995
339.307
347.315
356.011
365.474
375.837
387.204
399.586
412.941
427.274
442.629
459.072
476.647
495.361
515.211
536.147
558.137
581.128
605.059
629.892
655.55
681.882
708.69
735.699
762.58
788.994
814.586
839.035
862.009
883.091
901.882
917.995
930.783
939.648
944.318
944.782
944.659
288.044
288.937
290.681
293.044
295.616
298.405
301.698
305.659
310.134
314.945
320.067
325.639
331.841
338.8
346.568
355.101
364.371
374.452
385.481
397.543
410.652
424.791
439.966
456.228
473.624
492.201
511.971
532.905
554.981
578.164
602.416
627.713
654.007
681.192
709.107
737.525
766.166
794.747
822.944
850.438
876.859
901.8
924.816
945.427
963.109
977.617
989.051
997.286
1001.93
1004.74
291.632
292.387
293.993
296.243
298.85
301.818
305.33
309.449
314.052
319.037
324.436
330.339
336.88
344.182
352.278
361.165
370.861
381.418
392.928
405.484
419.118
433.825
449.618
466.535
484.622
503.919
524.433
546.142
569.027
593.061
618.239
644.54
671.898
700.197
729.256
758.847
788.706
818.539
848.029
876.835
904.592
930.927
955.451
977.818
997.683
1014.54
1027.41
1035.37
1039.07
1040.71
294.395
295.041
296.511
298.618
301.238
304.352
308.026
312.222
316.849
321.907
327.478
333.627
340.392
347.858
356.116
365.214
375.16
386
397.811
410.661
424.581
439.6
455.737
473.026
491.515
511.225
532.159
554.301
577.636
602.159
627.87
654.75
682.728
711.672
741.397
771.674
802.24
832.797
863.032
892.606
921.161
948.305
973.617
996.592
1016.66
1033.44
1046.91
1057.41
1064.71
1069.26
296.224
296.828
298.109
300.093
302.687
305.902
309.676
313.868
318.417
323.442
329.086
335.342
342.177
349.666
357.937
367.069
377.088
388.017
399.906
412.815
426.781
441.844
458.044
475.418
494.001
513.806
534.828
557.058
580.493
605.126
630.966
657.994
686.136
715.261
745.181
775.668
806.463
837.275
867.78
897.629
926.449
953.838
979.386
1002.71
1023.5
1041.47
1056.18
1067.06
1073.77
1077.55
297.033
297.63
298.753
300.644
303.194
306.453
310.256
314.341
318.71
323.618
329.206
335.424
342.2
349.576
357.694
366.694
376.602
387.419
399.17
411.892
425.661
440.518
456.505
473.672
492.04
511.622
532.407
554.382
577.551
601.914
627.47
654.206
682.049
710.876
740.513
770.735
801.283
831.869
862.168
891.82
920.444
947.638
973.006
996.188
1016.86
1034.67
1049.2
1060.01
1066.73
1070.63
296.822
297.461
298.552
300.346
302.81
306.009
309.763
313.693
317.812
322.474
327.896
333.967
340.55
347.676
355.51
364.203
373.818
384.319
395.728
408.074
421.401
435.799
451.324
468.011
485.872
504.915
525.144
546.535
569.09
592.814
617.696
643.715
670.812
698.868
727.725
757.174
786.956
816.789
846.356
875.309
903.271
929.833
954.544
976.913
996.428
1012.78
1025.98
1036.26
1043.37
1047.56
295.664
296.393
297.599
299.254
301.589
304.707
308.336
312.026
315.829
320.183
325.334
331.15
337.425
344.17
351.589
359.838
368.985
379.023
389.904
401.653
414.36
428.076
442.887
458.839
475.935
494.169
513.53
534.028
555.661
578.422
602.295
627.24
653.206
680.092
707.747
735.982
764.552
793.171
821.526
849.278
876.062
901.489
925.146
946.623
965.525
981.321
993.201
1000.54
1003.76
1005.03
293.807
294.613
295.913
297.489
299.717
302.675
306.116
309.544
312.985
316.959
321.746
327.191
333.048
339.334
346.231
353.93
362.494
371.898
382.109
393.132
405.008
417.872
431.765
446.745
462.829
479.991
498.233
517.54
537.929
559.409
581.947
605.497
629.973
655.291
681.323
707.893
734.77
761.673
788.288
814.273
839.265
862.887
884.73
904.334
921.208
935.001
945.508
952.425
955.496
956.862
291.548
292.411
293.638
295.214
297.332
300.115
303.313
306.411
309.46
313.017
317.399
322.398
327.759
333.502
339.803
346.857
354.721
363.393
372.808
382.972
393.943
405.803
418.629
432.487
447.366
463.256
480.147
498.045
516.96
536.888
557.802
579.659
602.374
625.851
649.967
674.56
699.4
724.208
748.669
772.446
795.18
816.5
836.024
853.346
867.935
879.202
886.729
890.293
889.928
888.865
289.086
290.017
291.161
292.65
294.605
297.17
300.108
302.858
305.497
308.627
312.533
317.024
321.843
327.012
332.696
339.038
346.143
353.971
362.49
371.706
381.635
392.39
404.058
416.64
430.191
444.674
460.051
476.344
493.567
511.725
530.772
550.654
571.305
592.627
614.514
636.811
659.296
681.682
703.634
724.799
744.806
763.268
779.765
793.946
805.473
813.837
818.497
819.084
815.488
811.861
286.619
287.583
288.682
289.995
291.707
294.031
296.66
299.044
301.313
304.013
307.429
311.359
315.621
320.162
325.173
330.821
337.132
344.1
351.697
359.882
368.744
378.327
388.722
399.966
412.081
425.024
438.808
453.399
468.813
485.058
502.089
519.835
538.224
557.162
576.544
596.244
616.056
635.69
654.804
673.022
689.962
705.233
718.403
728.988
736.608
740.822
741.16
737.289
728.973
721.622
284.337
285.246
286.244
287.349
288.831
290.877
293.143
295.155
297.052
299.363
302.294
305.666
309.325
313.222
317.588
322.479
327.995
334.101
340.742
347.93
355.686
364.07
373.17
383.026
393.624
404.964
417.043
429.849
443.366
457.587
472.499
488.001
504.012
520.434
537.159
554.049
570.912
587.471
603.384
618.266
631.714
643.32
652.676
659.296
662.706
662.497
658.169
649.318
635.634
623.036
282.376
283.132
283.953
284.837
286.067
287.779
289.678
291.325
292.867
294.799
297.246
300.087
303.139
306.468
310.157
314.34
319.039
324.254
329.967
336.163
342.825
350.058
357.877
366.352
375.446
385.183
395.526
406.496
418.074
430.231
442.93
456.099
469.658
483.489
497.484
511.477
525.261
538.546
551.006
562.267
571.91
579.491
584.555
586.602
585.094
579.58
569.637
554.783
534.523
515.838
280.846
281.366
281.898
282.523
283.47
284.828
286.345
287.642
288.886
290.451
292.428
294.716
297.199
299.975
303.047
306.564
310.48
314.852
319.627
324.841
330.466
336.542
343.103
350.209
357.831
365.979
374.639
383.792
393.429
403.503
413.988
424.803
435.852
447.061
458.272
469.304
479.904
489.792
498.617
506.008
511.562
514.84
515.341
512.537
505.845
494.676
478.545
457.099
429.889
403.946
279.879
280.014
280.149
280.472
281.13
282.11
283.166
284.118
285.116
286.358
287.893
289.667
291.64
293.858
296.374
299.239
302.46
306.021
309.94
314.221
318.87
323.848
329.217
334.967
341.14
347.737
354.745
362.137
369.874
377.916
386.21
394.702
403.293
411.888
420.303
428.341
435.729
442.149
447.254
450.658
451.917
450.591
446.187
438.115
425.788
408.538
385.735
356.877
321.389
287.028
279.749
279.159
278.705
278.682
279.033
279.603
280.217
280.864
281.622
282.515
283.62
284.934
286.445
288.172
290.158
292.424
294.993
297.803
300.94
304.357
308.108
312.096
316.348
320.839
325.63
330.707
336.092
341.779
347.676
353.746
359.879
366.128
372.326
378.34
383.967
388.982
393.126
396.07
397.416
396.778
393.695
387.662
378.2
364.701
346.522
322.986
293.31
256.828
212.844
168.139
280.622
278.706
277.584
277.172
277.154
277.313
277.556
277.927
278.39
278.96
279.708
280.602
281.69
282.988
284.494
286.207
288.171
290.327
292.72
295.307
298.174
301.262
304.5
307.889
311.404
315.064
318.879
322.889
327.021
331.199
335.302
339.321
343.2
346.729
349.634
351.616
352.444
351.864
349.458
344.747
337.301
326.538
311.891
292.761
268.453
238.306
201.58
157.224
103.977
48.8263
282.664
278.75
276.82
275.978
275.519
275.288
275.283
275.407
275.61
275.927
276.369
276.896
277.588
278.455
279.515
280.723
282.121
283.732
285.486
287.357
289.289
291.464
293.815
296.239
298.618
300.929
303.283
305.701
308.146
310.454
312.659
314.491
315.987
316.948
317.203
316.3
313.836
309.598
303.31
294.475
282.609
267.125
247.348
222.625
192.24
155.36
111.463
59.9387
-1.86469
-66.859
201.501
189.654
193.107
200.236
209.336
219.076
230.296
243.901
261.358
264.535
241.551
188.776
65.5683
-130.727
-356.768
-440.696
-311.126
-62.1565
103.355
172.182
183.998
184.38
183.898
181.498
179.708
177.24
174.945
173.367
174.017
181.047
200.281
189.453
189.67
194.347
201.436
212.379
224.956
241.715
264.191
261.699
244.113
180.288
25.8364
-236.409
-558.588
-732.604
-508.347
-167.947
66.201
150.275
167.294
173.383
174.358
174.612
173.159
172.365
171.459
172.712
176.684
185.611
185.308
183.49
183.939
187.064
193.387
204.279
218.169
237.538
254.319
255.194
234.039
136.742
-30.4082
-282.51
-671.286
-903.851
-625.868
-221.032
45.6191
119.914
149.351
161.222
165.569
167.822
166.344
167.254
167.528
169.89
171.064
172.615
171.769
173.558
175.97
179.038
185.269
195.098
207.472
222.372
231.673
220.961
181.353
78.6056
-72.9311
-282.878
-572.89
-666.292
-471.296
-183.53
21.0391
94.9772
132.991
149.235
156.371
160.072
160.62
162.369
162.614
164.322
162.468
162.317
159.588
161.689
165.113
168.29
172.782
178.65
184.234
187.661
173.676
138.821
86.4427
3.91577
-104.513
-231.867
-381.346
-379.925
-234.677
-72.7292
47.889
99.3829
129.084
143.744
149.902
154.339
155.735
157.323
156.785
157.554
156.146
156.606
146.816
147.93
150.419
152.025
152.323
150.747
143.173
123.59
75.7742
0.797168
-51.6502
-89.472
-134.212
-175.471
-215.267
-172.527
-52.5367
31.7864
84.9218
113.33
133.402
142.628
146.962
150.506
151.311
152.109
151.357
151.646
151.231
151.924
132.649
131.988
132.107
130.173
124.846
114.602
89.9115
35.9026
-60.3616
-185.781
-222.601
-200.128
-167.395
-126.634
-92.0145
-41.0082
43.4319
94.1645
112.19
126.322
137.608
141.946
144.899
146.992
146.596
147.096
146.637
146.708
146.455
146.891
117.102
114.527
111.721
106.236
95.8566
78.2581
37.2809
-51.4049
-201.923
-390.721
-432.826
-327.934
-217.962
-112.854
-28.3927
40.3172
99.8771
128.064
129.101
135.481
139.454
141.394
142.992
143.654
142.952
142.851
142.175
141.824
141.026
141.272
101.347
97.9433
93.0046
84.8597
69.4154
46.9173
-4.56023
-98.7101
-282.32
-546.28
-625.382
-446.064
-258.153
-106.154
3.87793
72.197
120.517
140.001
135.615
139.337
139.195
140.882
141.189
141.073
140.476
139.185
137.844
136.908
135.511
135.771
86.7697
83.4603
77.5149
68.2442
49.5363
23.9792
-31.3302
-124.602
-290.868
-532.682
-618.839
-416.416
-240.104
-92.7947
15.6562
79.3367
118.674
134.297
134.544
137.787
137.887
139.691
139.289
138.591
137.611
135.218
133.432
131.808
130.48
130.348
72.8431
70.8455
64.7925
56.0903
35.887
13.4652
-31.8661
-105.441
-218.737
-358.025
-425.971
-314.828
-174.763
-64.1568
25.5313
78.5356
108.572
122.792
129.906
134.486
135.979
137.36
136.726
134.62
132.898
129.953
127.403
125.618
124.524
124.637
60.3702
59.0526
53.3931
45.3321
30.4818
11.9823
-18.1362
-62.5085
-125.599
-187.035
-233.534
-179.041
-90.9569
-20.885
40.5409
81.9656
105.583
115.744
124.487
129.733
135.529
136.33
134.282
131.54
128.594
125.397
122.189
119.78
118.363
116.887
51.0981
48.7979
44.0647
37.706
27.6391
15.3425
-0.8453
-22.355
-49.5787
-75.7477
-84.8755
-53.5231
-1.24108
32.7132
67.0699
89.8891
101.869
111.187
124.639
131.263
136.435
135.322
132.819
129.404
124.322
120.21
117.25
114.441
111.818
110.775
42.7465
40.8219
37.2227
32.6106
26.0449
18.9806
12.6715
3.54197
-3.19686
-1.92174
24.4776
51.647
78.1031
78.7445
84.8898
98.0032
103.518
118.502
133.069
139.059
138.989
136.682
131.748
126.293
120.472
114.537
110.352
107.258
104.531
102.773
35.1634
34.1011
32.1462
29.698
26.197
22.52
22.2888
22.5655
29.7837
42.212
73.4423
113.505
121.174
112.423
103.691
106.254
114.476
130.3
139.86
144.884
141.307
136.95
129.788
121.47
114.493
110.333
104.273
98.7187
94.9209
92.6446
28.9579
28.3345
27.189
26.1539
24.9859
23.8837
27.4899
33.8483
44.3494
65.1426
95.7789
140.33
147.133
122.57
117.585
115.666
116.565
135.941
151.232
150.241
140.716
130.938
125.261
115.494
107.36
101.642
94.7604
88.6276
84.4435
83.0388
22.4602
22.0296
21.4083
20.8005
21.0022
21.96
26.7424
35.1537
48.6205
72.9688
95.3369
139.749
145.853
127.809
121.87
124.024
117.049
132.378
147.215
148.734
140.593
125.914
114.271
105.854
98.5597
88.8547
82.4278
77.2405
72.3167
70.0888
15.5437
15.3422
15.3148
15.194
16.2037
17.1749
22.2278
31.8876
45.0011
62.2875
80.8598
120.517
122.604
120.046
99.6139
115.254
117.218
124.399
130.783
129.68
125.594
116.55
96.1568
88.4277
82.458
75.2657
69.28
62.6513
55.4431
54.8605
9.33466
9.01111
9.04904
9.06025
10.3915
11.2807
16.4335
24.7715
35.1654
51.9442
74.8397
82.246
82.162
68.9896
61.3006
85.9465
92.3961
87.9267
92.9007
92.4639
90.2099
86.5467
82.1354
73.1974
63.6966
57.7947
49.9217
42.6102
37.9382
39.3013
2.99838
2.64749
2.75972
2.77091
3.52906
5.28771
8.21815
12.671
22.1942
39.2153
56.9898
33.0143
18.9314
-9.34121
-20.052
-1.39845
22.3818
28.8933
32.0191
29.8152
26.1475
26.4632
30.6741
30.9847
36.936
34.2688
25.5789
22.5449
22.1404
23.0007
)
;

boundaryField
{
    INLET
    {
        type            zeroGradient;
    }
    OUTLET
    {
        type            fixedValue;
        value           uniform 0;
    }
    WALL
    {
        type            zeroGradient;
    }
    CYLINDER
    {
        type            zeroGradient;
    }
    frontAndBackPlanes
    {
        type            empty;
    }
}


// ************************************************************************* //
