/*--------------------------------*- C++ -*----------------------------------*\
| =========                 |                                                 |
| \\      /  F ield         | OpenFOAM: The Open Source CFD Toolbox           |
|  \\    /   O peration     | Version:  v1912                                 |
|   \\  /    A nd           | Website:  www.openfoam.com                      |
|    \\/     M anipulation  |                                                 |
\*---------------------------------------------------------------------------*/
FoamFile
{
    version     2.0;
    format      ascii;
    class       volScalarField;
    location    "0.27";
    object      p;
}
// * * * * * * * * * * * * * * * * * * * * * * * * * * * * * * * * * * * * * //

dimensions      [0 2 -2 0 0 0 0];


internalField   nonuniform List<scalar> 
6600
(
108.289
103.594
101.409
100.126
99.6459
99.7385
100.268
101.2
102.715
104.844
107.534
110.779
114.627
119.076
124.115
129.748
135.969
142.784
150.188
158.146
166.528
175.274
184.815
194.722
204.653
214.709
225.107
235.558
245.866
256.007
265.902
275.35
284.131
292.093
298.975
304.52
308.475
310.557
310.342
307.458
301.533
292.115
278.697
260.698
237.703
208.851
173.882
132.185
82.4032
32.7913
105.121
100.262
98.5995
97.1267
96.3509
96.1267
96.3868
97.1936
98.5617
100.498
103.018
106.116
109.794
114.065
118.913
124.328
130.296
136.809
143.868
151.457
159.644
167.929
176.42
185.547
195.019
204.409
213.794
223.25
232.535
241.475
249.998
257.955
265.105
271.252
276.179
279.599
281.257
280.861
278.055
272.414
263.546
250.993
234.254
212.761
186.106
153.462
114.682
69.5984
17.7131
-32.2087
100.707
95.5786
94.6033
93.0591
92.1917
91.8944
91.9967
92.7107
94.0837
96.0043
98.5145
101.591
105.25
109.489
114.278
119.61
125.463
131.818
138.656
145.908
153.615
161.678
169.866
178.195
186.704
195.344
203.922
212.282
220.33
227.953
235.019
241.324
246.646
250.82
253.598
254.715
253.9
250.833
245.22
236.662
224.736
209.006
189.032
164.296
134.338
98.6104
56.8962
9.8318
-41.74
-88.9584
95.4709
90.0547
89.5905
87.8594
86.9955
86.6578
86.8705
87.6464
89.0395
91.0452
93.6347
96.7937
100.525
104.811
109.619
114.932
120.715
126.93
133.557
140.54
147.934
155.563
163.186
170.922
178.752
186.467
193.989
201.268
208.115
214.335
219.812
224.394
227.851
229.961
230.524
229.268
225.913
220.169
211.763
200.321
185.448
166.77
143.922
116.476
84.0639
46.2804
3.04143
-44.4731
-94.3528
-136.914
89.3809
83.7285
83.6152
81.5663
80.8139
80.5441
80.7893
81.6949
83.2217
85.3323
87.9993
91.2298
95.0141
99.3153
104.103
109.362
115.056
121.122
127.519
134.155
140.994
148.153
155.46
162.595
169.555
176.413
182.97
189.057
194.597
199.424
203.366
206.224
207.808
207.924
206.323
202.768
197.004
188.777
177.804
163.763
146.346
125.256
100.223
70.9462
37.1555
-1.39512
-44.7777
-91.5701
-138.546
-175.009
82.7313
76.4391
76.5511
74.207
73.5207
73.3464
73.7252
74.7031
76.2834
78.4484
81.1694
84.4286
88.2059
92.4597
97.169
102.302
107.815
113.651
119.757
126.091
132.592
139.101
145.628
152.19
158.508
164.41
169.919
174.927
179.206
182.617
185.03
186.268
186.099
184.316
180.726
175.099
167.214
156.839
143.724
127.633
108.336
85.6246
59.3212
29.2315
-4.82765
-43.0597
-85.2596
-130.125
-173.432
-202.694
74.8461
68.354
68.1691
65.7779
65.2268
65.059
65.485
66.4951
68.1215
70.292
72.9851
76.1816
79.8512
83.9673
88.5057
93.4209
98.6766
104.219
109.974
115.852
121.841
127.924
133.914
139.632
145.073
150.177
154.725
158.574
161.627
163.73
164.73
164.416
162.621
159.181
153.876
146.515
136.917
124.888
110.239
92.7981
72.418
48.9718
22.3706
-7.49118
-40.7759
-77.7362
-118.04
-160.071
-198.861
-220.632
65.642
59.0926
58.5977
56.1642
55.6703
55.5606
55.9953
56.9678
58.5369
60.6381
63.2301
66.2971
69.7969
73.7198
78.0172
82.6439
87.5662
92.7338
98.0974
103.601
109.103
114.45
119.667
124.775
129.521
133.7
137.275
140.111
142.039
142.911
142.593
140.951
137.793
132.952
126.284
117.622
106.821
93.7301
78.2161
60.1797
39.5344
16.219
-9.80094
-38.5851
-70.2207
-104.953
-142.779
-181.44
-215.5
-230.929
54.281
48.2584
47.6557
45.2454
44.7868
44.6531
45.0962
46.0618
47.516
49.4953
51.9079
54.7534
58.0218
61.665
65.6462
69.9415
74.4949
79.2586
84.1707
89.129
94.0857
99.022
103.724
107.992
111.848
115.241
117.962
119.844
120.757
120.591
119.221
116.464
112.215
106.363
98.7527
89.2642
77.7915
64.2434
48.5405
30.6191
10.4398
-12.0059
-36.6956
-63.6385
-92.9706
-124.885
-159.285
-194.237
-224.322
-235.814
41.1034
35.7909
35.198
32.85
32.4314
32.2511
32.6247
33.508
34.8482
36.63
38.847
41.4592
44.4381
47.774
51.4336
55.3633
59.5185
63.8466
68.3078
72.8808
77.3816
81.6091
85.605
89.373
92.685
95.313
97.2093
98.2854
98.4138
97.4297
95.2189
91.701
86.7439
80.2381
72.1035
62.2631
50.6555
37.2186
21.9083
4.70926
-14.3773
-35.3329
-58.117
-82.692
-109.013
-137.543
-167.583
-197.697
-223.249
-233.903
26.1629
21.4308
21.0562
18.9803
18.5897
18.3542
18.6062
19.3684
20.5642
22.1253
24.0664
26.3794
29.0455
32.0396
35.3329
38.8856
42.6658
46.6113
50.636
54.6324
58.6133
62.5898
66.3137
69.491
72.1171
74.1833
75.5717
76.079
75.5852
74.0472
71.3599
67.378
62.0405
55.2992
47.0844
37.3458
26.0498
13.1856
-1.242
-17.2179
-34.7226
-53.7097
-74.0853
-95.7321
-118.796
-143.109
-167.632
-190.418
-206.968
-216.7
9.96249
5.53983
5.32771
3.47126
3.17716
2.87039
3.0056
3.5582
4.48844
5.79788
7.45316
9.44114
11.7682
14.4269
17.369
20.5759
23.9937
27.5829
31.3065
35.1156
38.7942
42.1336
45.2395
48.1871
50.7095
52.482
53.4333
53.595
52.8633
51.0732
48.1545
44.0689
38.7459
32.1229
24.1749
14.9023
4.31217
-7.58625
-20.7655
-35.1747
-50.7353
-67.3632
-84.9707
-103.387
-122.654
-141.936
-159.994
-173.926
-180.098
-186.064
-8.05449
-11.801
-11.812
-13.4037
-13.6627
-14.0908
-14.115
-13.7983
-13.1779
-12.2153
-10.9222
-9.31003
-7.3425
-5.07328
-2.49162
0.379634
3.48903
6.7852
10.2067
13.6307
17.0713
20.5603
23.793
26.4263
28.5314
30.1974
31.2543
31.4156
30.6225
28.8858
26.1214
22.2337
17.1939
11.0039
3.6598
-4.83411
-14.4509
-25.1399
-36.8332
-49.4386
-62.8539
-76.9326
-91.4796
-106.629
-121.653
-135.638
-147.573
-155.811
-159.601
-161.554
-27.3339
-30.3713
-30.1659
-31.6098
-31.9131
-32.4972
-32.7554
-32.7539
-32.4919
-31.9684
-31.1092
-29.8984
-28.3486
-26.437
-24.1802
-21.6056
-18.7454
-15.6387
-12.3088
-8.80419
-5.37742
-2.26069
0.725545
3.66032
6.2255
8.06458
9.18565
9.62783
9.2344
7.86361
5.47468
2.06294
-2.38183
-7.88119
-14.4257
-21.9584
-30.4181
-39.7385
-49.8268
-60.5791
-71.8298
-83.3759
-95.1686
-106.977
-118.263
-128.225
-135.766
-139.962
-144.886
-145.505
-47.9279
-49.6946
-49.4557
-50.7537
-51.1807
-51.9946
-52.591
-52.9837
-53.1424
-53.0883
-52.7828
-52.108
-51.0224
-49.5541
-47.68
-45.4043
-42.7506
-39.7673
-36.5506
-33.1838
-29.6344
-25.908
-22.3314
-19.2342
-16.5417
-14.1716
-12.3718
-11.3659
-11.2052
-11.9292
-13.5952
-16.2634
-19.9459
-24.6047
-30.1917
-36.6561
-43.9175
-51.8698
-60.4127
-69.3968
-78.6665
-88.0821
-97.4846
-106.601
-114.96
-121.988
-126.935
-129.999
-132.001
-133.061
-69.0652
-69.7691
-69.2853
-70.5665
-71.1777
-72.3959
-73.4585
-74.3747
-75.1752
-75.7419
-75.9942
-75.9069
-75.3978
-74.3851
-72.8681
-70.8663
-68.3827
-65.4487
-62.0746
-58.308
-54.4002
-50.6059
-46.7872
-42.9018
-39.2428
-36.1072
-33.5486
-31.65
-30.5463
-30.3261
-31.0945
-32.8585
-35.592
-39.276
-43.8664
-49.2667
-55.3766
-62.0974
-69.2757
-76.8075
-84.4534
-92.0467
-99.5545
-106.634
-112.876
-117.691
-120.77
-123.708
-124.553
-125.259
-89.7455
-89.4833
-89.1321
-90.4851
-91.382
-93.049
-94.691
-96.3693
-97.8637
-99.172
-100.287
-100.951
-101.112
-100.716
-99.7151
-98.0621
-95.7737
-92.8688
-89.3974
-85.4637
-81.1041
-76.3564
-71.4363
-66.6844
-62.2262
-58.0528
-54.3153
-51.198
-48.8721
-47.5079
-47.115
-47.7492
-49.4215
-52.0895
-55.6873
-60.1294
-65.2859
-70.9967
-77.2056
-83.5276
-89.6643
-95.8676
-101.968
-107.463
-111.826
-114.76
-117.42
-118.816
-119.627
-119.978
-109.655
-108.154
-108.133
-109.766
-111.24
-113.695
-116.144
-118.705
-121.327
-123.606
-125.569
-127.178
-128.194
-128.517
-128.089
-126.854
-124.783
-121.902
-118.219
-113.704
-108.549
-103.147
-97.5811
-91.6709
-85.6994
-79.9697
-74.7534
-70.199
-66.4298
-63.5336
-61.7427
-61.1167
-61.6435
-63.2665
-65.9018
-69.4532
-73.8301
-79.0042
-84.4107
-89.5737
-94.837
-100.135
-104.867
-108.735
-111.635
-113.489
-114.853
-115.876
-116.568
-116.704
-127.589
-125.753
-126.02
-128.023
-130.149
-133.437
-136.917
-140.634
-144.375
-147.983
-151.216
-153.972
-156.141
-157.507
-157.924
-157.317
-155.641
-152.869
-149.036
-144.186
-138.428
-131.866
-124.676
-117.168
-109.762
-102.5
-95.4877
-88.9882
-83.2859
-78.6818
-75.2498
-73.1236
-72.3125
-72.7823
-74.4821
-77.3517
-81.4148
-86.1111
-90.758
-95.5856
-100.554
-104.953
-108.221
-110.376
-111.77
-112.998
-113.683
-114.494
-115.057
-115.168
-142.605
-140.174
-141.786
-144.477
-147.546
-152.003
-156.758
-161.877
-167.237
-172.451
-177.178
-181.396
-184.961
-187.616
-189.116
-189.355
-188.239
-185.742
-181.859
-176.553
-169.801
-162.082
-153.806
-144.845
-135.377
-125.847
-116.599
-107.942
-100.102
-93.2639
-87.7776
-83.8053
-81.4629
-80.7697
-81.5647
-83.7648
-87.3943
-91.7725
-96.676
-101.984
-106.82
-110.255
-112.068
-112.804
-113.19
-113.435
-113.845
-114.375
-114.759
-114.919
-154.228
-152.286
-154.958
-158.419
-162.687
-168.485
-174.713
-181.502
-188.544
-195.746
-202.554
-208.591
-213.856
-218.203
-221.37
-222.918
-222.771
-220.872
-217.173
-211.685
-204.487
-195.632
-185.317
-174.116
-162.49
-150.719
-138.993
-127.645
-117.027
-107.578
-99.5919
-93.3884
-89.1579
-86.8907
-86.6196
-88.1602
-91.527
-96.3348
-102.153
-108.085
-112.809
-115.578
-116.74
-116.562
-116.015
-115.546
-115.113
-114.821
-114.724
-114.811
-161.598
-161.559
-165.051
-169.497
-175.084
-182.479
-190.399
-199.13
-208.278
-217.561
-226.772
-235.457
-243.099
-249.525
-254.553
-257.847
-259.09
-258.162
-254.957
-249.401
-241.497
-231.535
-219.855
-206.923
-192.809
-178.05
-163.173
-148.618
-134.836
-122.189
-111.167
-102.102
-95.3031
-91.0838
-89.4541
-90.3496
-93.5008
-98.8509
-105.694
-112.603
-117.738
-120.423
-121.22
-120.757
-119.434
-117.71
-116.118
-114.86
-114.226
-113.985
-164.368
-166.895
-171.283
-177.243
-184.25
-193.295
-203.036
-213.879
-225.315
-237.104
-248.966
-260.482
-271.128
-280.379
-287.895
-293.548
-296.932
-297.683
-295.58
-290.564
-282.663
-271.953
-258.529
-242.925
-225.937
-208.097
-189.892
-171.74
-154.159
-137.736
-122.9
-110.228
-100.295
-93.3668
-89.5388
-88.9766
-91.8199
-98.0354
-106.409
-114.602
-120.376
-123.244
-123.877
-122.91
-120.885
-118.441
-116.041
-114.033
-112.773
-112.068
-161.917
-167.717
-173.312
-181.138
-189.692
-200.679
-212.2
-225.319
-239.254
-253.754
-268.562
-283.34
-297.482
-310.323
-321.283
-329.989
-336.165
-339.156
-338.837
-334.888
-327.1
-315.576
-301.012
-283.773
-264.086
-242.705
-220.465
-197.938
-175.85
-154.744
-135.449
-118.515
-104.428
-93.7649
-86.8392
-84.2066
-86.855
-94.1342
-103.688
-112.623
-119.111
-122.871
-123.816
-122.945
-121.068
-118.596
-115.667
-113.19
-111.537
-110.315
-155.99
-164.589
-171.269
-180.875
-191.353
-203.904
-217.395
-232.988
-249.534
-266.861
-284.84
-303.074
-321.078
-338.103
-353.321
-366.008
-375.593
-381.943
-384.45
-382.614
-376.182
-365.049
-349.461
-329.76
-306.831
-281.798
-255.201
-227.938
-200.682
-174.444
-149.896
-127.429
-108.249
-93.1907
-82.4449
-77.2981
-79.2873
-87.0722
-96.8473
-106.454
-114.434
-120.171
-123.771
-125.096
-124.44
-122.292
-119.179
-116.107
-113.925
-112.358
-146.957
-158.306
-165.862
-177.039
-189.033
-202.974
-218.416
-236.414
-255.368
-275.736
-297.16
-319.21
-341.398
-363.042
-383.198
-400.841
-415.225
-425.798
-431.957
-433.208
-428.827
-418.425
-402.348
-381.35
-356.186
-327.404
-296.135
-263.604
-230.639
-197.928
-166.595
-138.238
-113.554
-93.0524
-78.0556
-70.1975
-70.9952
-78.233
-88.5442
-99.163
-110.583
-120.432
-127.067
-130.518
-131.194
-129.554
-126.374
-122.887
-120.397
-118.79
-137.219
-149.211
-157.762
-169.836
-182.748
-198.09
-215.398
-235.069
-256.525
-279.924
-304.799
-330.811
-357.485
-384.159
-409.842
-433.257
-453.335
-469.219
-480.156
-485.831
-485.196
-477.634
-462.53
-440.476
-412.3
-379.617
-343.808
-305.559
-265.52
-225.827
-188.013
-153.091
-121.589
-94.3799
-76.5876
-67.7147
-66.7388
-72.6105
-82.3311
-94.2861
-107.822
-120.38
-129.927
-135.592
-137.435
-136.577
-134.043
-130.837
-128.572
-127.55
-127.379
-138.477
-147.781
-160.424
-173.865
-190.011
-208.404
-229.623
-253.206
-279.213
-307.342
-337.281
-368.663
-400.763
-432.554
-462.451
-489.108
-511.526
-528.78
-540.067
-544.588
-540.707
-527.269
-505.232
-475.987
-440.147
-399.454
-355.283
-309.42
-262.686
-216.72
-172.89
-134.291
-104.057
-83.0225
-72.5772
-70.3422
-74.7241
-83.9987
-95.5945
-108.476
-120.789
-130.525
-136.56
-139.169
-139.419
-138.133
-136.071
-135.004
-134.781
-122.763
-126.802
-136.753
-149.218
-162.908
-179.487
-198.442
-220.607
-245.715
-273.758
-304.503
-338.021
-374.129
-411.993
-450.255
-487.087
-520.998
-551.324
-576.439
-594.538
-605.567
-607.414
-598.647
-578.88
-548.579
-509.234
-463.359
-414.101
-363.727
-306.649
-250.439
-198.868
-155.092
-121.04
-99.9103
-87.6398
-83.447
-85.5277
-92.1416
-101.243
-111.69
-122.138
-130.953
-136.503
-139.126
-139.784
-139.552
-139.016
-139.185
-139.731
-136.314
-118.13
-126.509
-138.216
-151.841
-168.262
-187.372
-210.112
-235.922
-265.199
-298.165
-334.342
-374.648
-417.865
-461.537
-505.834
-547.873
-586.62
-620.557
-647.75
-666.766
-675.697
-672.021
-654.798
-627.29
-587.327
-536.815
-481.38
-424.263
-361.296
-295.154
-234.923
-186.714
-150.562
-125.068
-108.959
-101.954
-101.293
-104.615
-110.748
-118.227
-125.768
-132.191
-136.588
-138.976
-139.924
-140.377
-141.134
-142.189
-143.223
28.6427
23.6762
21.2919
19.8327
19.1164
18.7918
18.6035
18.5916
18.9177
19.6272
20.6651
22.0051
23.6788
25.654
27.9006
30.4516
33.3076
36.472
39.9802
43.7877
47.8532
52.1356
56.6084
61.1977
65.8825
70.6401
75.3751
79.9053
84.0992
87.8598
91.0752
93.6032
95.2054
95.5706
94.4136
91.4441
86.3042
78.6003
67.9147
53.7849
35.7566
13.2025
-14.5877
-48.2878
-88.5586
-136.22
-191.406
-255.081
-329.714
-404.757
25.0512
19.2705
17.3072
15.3085
14.0162
13.0992
12.4473
12.1236
12.1112
12.4244
13.0661
14.0092
15.2322
16.7354
18.5152
20.5633
22.8818
25.4754
28.3524
31.481
34.8223
38.3222
41.9222
45.5442
49.1526
52.7754
56.3016
59.5423
62.3055
64.5
66.0132
66.6806
66.2976
64.5002
60.9879
55.4748
47.5885
36.9322
23.0742
5.52717
-16.2349
-42.7525
-74.7285
-112.853
-157.807
-210.396
-270.713
-339.101
-416.903
-493.205
19.4686
13.0577
11.8235
9.35797
7.71435
6.38608
5.33617
4.6612
4.36048
4.34582
4.62802
5.19663
6.01329
7.10591
8.45169
10.0332
11.8532
13.9081
16.1827
18.6475
21.2705
24.0105
26.7681
29.4621
32.111
34.6157
36.8416
38.6699
39.9839
40.5782
40.2763
38.926
36.3217
32.1466
26.0876
17.8295
7.01218
-6.76619
-23.9506
-45.0283
-70.5445
-101.053
-137.061
-179.249
-228.275
-284.875
-349.143
-420.496
-498.331
-571.625
12.5321
5.57417
4.78749
1.85783
-0.056402
-1.67203
-2.94611
-3.8796
-4.50487
-4.80935
-4.82937
-4.62843
-4.16622
-3.45648
-2.53298
-1.39613
-0.0620313
1.44791
3.12543
4.92828
6.81765
8.73131
10.628
12.4279
14.0064
15.3305
16.2811
16.6949
16.3994
15.2771
13.1098
9.6854
4.79916
-1.84816
-10.5515
-21.6221
-35.4338
-52.3779
-72.8821
-97.4163
-126.49
-160.59
-200.12
-245.649
-297.76
-357.112
-423.718
-496.045
-572.044
-639.991
4.75431
-2.96686
-3.66082
-7.03661
-9.13842
-10.9451
-12.4483
-13.6335
-14.4793
-15.0677
-15.4442
-15.5759
-15.4746
-15.1742
-14.6958
-14.0375
-13.2285
-12.3016
-11.2649
-10.1675
-9.05237
-7.95168
-6.99135
-6.25506
-5.77899
-5.67391
-6.09635
-7.16499
-9.01918
-11.8826
-15.9533
-21.4423
-28.5965
-37.6767
-48.963
-62.7783
-79.4746
-99.4169
-122.992
-150.612
-182.706
-219.684
-261.891
-309.76
-363.714
-424.242
-491.272
-563.018
-635.932
-696.787
-4.10517
-12.5321
-13.4796
-17.3036
-19.4788
-21.4619
-23.1794
-24.5972
-25.7543
-26.6637
-27.3548
-27.8636
-28.1786
-28.3385
-28.3579
-28.242
-28.0201
-27.7352
-27.4055
-27.0815
-26.8184
-26.6858
-26.6932
-26.9588
-27.6049
-28.7508
-30.5164
-33.087
-36.6018
-41.1988
-47.1232
-54.6176
-63.9079
-75.2729
-88.9733
-105.291
-124.553
-147.086
-173.214
-203.279
-237.624
-276.55
-320.332
-369.297
-423.744
-483.988
-549.982
-619.853
-688.292
-740.471
-14.927
-23.445
-24.6577
-28.7776
-30.9808
-33.1639
-35.1001
-36.8193
-38.2755
-39.5411
-40.6492
-41.5864
-42.3941
-43.0921
-43.6862
-44.2013
-44.6588
-45.1002
-45.5559
-46.0721
-46.6934
-47.4532
-48.5112
-49.9453
-51.8268
-54.2303
-57.3344
-61.3247
-66.3777
-72.6593
-80.3597
-89.7026
-100.946
-114.339
-130.116
-148.539
-169.878
-194.404
-222.388
-254.079
-289.732
-329.572
-373.789
-422.617
-476.312
-535.149
-598.698
-665.097
-728.017
-770.106
-27.3829
-35.7259
-37.1044
-41.4388
-43.748
-46.1055
-48.2976
-50.3013
-52.1557
-53.8449
-55.4178
-56.8991
-58.2948
-59.6152
-60.8858
-62.1251
-63.3491
-64.5941
-65.9057
-67.3251
-68.9022
-70.6977
-72.746
-75.1979
-78.1878
-81.8496
-86.3152
-91.7284
-98.2449
-106.056
-115.362
-126.37
-139.278
-154.324
-171.736
-191.726
-214.518
-240.328
-269.353
-301.792
-337.811
-377.538
-421.09
-468.629
-520.382
-576.728
-637.249
-699.198
-755.306
-786.824
-41.791
-49.4113
-50.8331
-55.2317
-57.6646
-60.2783
-62.7778
-65.1237
-67.3591
-69.5688
-71.7276
-73.8244
-75.899
-77.9471
-79.9879
-82.0354
-84.103
-86.2259
-88.4473
-90.8059
-93.3451
-96.1187
-99.2931
-102.889
-107.045
-111.847
-117.469
-124.102
-131.903
-141.02
-151.648
-163.961
-178.162
-194.454
-212.988
-233.956
-257.536
-283.886
-313.164
-345.481
-380.942
-419.624
-461.586
-506.94
-555.862
-608.707
-665.378
-722.268
-771.105
-792.852
-57.3208
-64.2918
-65.7209
-70.1403
-72.6495
-75.6324
-78.4656
-81.2305
-84.0178
-86.7904
-89.5793
-92.4126
-95.2658
-98.1364
-101.034
-103.966
-106.958
-110.018
-113.175
-116.479
-119.98
-123.722
-127.807
-132.363
-137.51
-143.425
-150.194
-157.926
-166.78
-176.94
-188.572
-201.849
-216.908
-233.901
-253.006
-274.354
-298.068
-324.259
-353.013
-384.427
-418.553
-455.4
-494.972
-537.315
-582.596
-631.213
-682.949
-734.61
-777.795
-793.241
-74.1113
-80.1983
-81.6033
-85.9854
-88.6438
-91.9426
-95.2278
-98.5106
-101.868
-105.332
-108.898
-112.541
-116.25
-120.018
-123.843
-127.73
-131.679
-135.702
-139.83
-144.095
-148.545
-153.25
-158.279
-163.847
-169.922
-176.628
-184.141
-192.647
-202.271
-213.128
-225.381
-239.15
-254.6
-271.876
-291.028
-312.172
-335.409
-360.803
-388.419
-418.266
-450.358
-484.7
-521.266
-560.014
-600.929
-644.644
-690.184
-735.267
-772.767
-787.286
-91.5924
-97.0458
-98.3369
-102.606
-105.431
-109.154
-112.903
-116.807
-120.889
-125.115
-129.526
-134.077
-138.729
-143.479
-148.3
-153.172
-158.114
-163.131
-168.23
-173.431
-178.778
-184.35
-190.205
-196.411
-203.168
-210.572
-218.73
-227.753
-237.773
-248.947
-261.413
-275.315
-290.722
-307.703
-326.398
-346.863
-369.127
-393.216
-419.119
-446.858
-476.411
-507.71
-540.675
-575.196
-611.436
-649.251
-687.056
-722.259
-748.303
-762.184
-109.317
-114.208
-115.425
-119.678
-122.688
-126.866
-131.203
-135.781
-140.641
-145.812
-151.157
-156.689
-162.393
-168.225
-174.128
-180.053
-186.008
-191.983
-198.011
-204.127
-210.335
-216.678
-223.272
-230.144
-237.408
-245.158
-253.516
-262.654
-272.735
-283.868
-296.162
-309.691
-324.597
-340.987
-358.827
-378.156
-399.004
-421.359
-445.214
-470.48
-497.076
-524.922
-553.852
-583.61
-614.84
-645.862
-674.58
-696.991
-707.779
-717.449
-127.26
-131.07
-132.442
-136.699
-140.097
-144.786
-149.687
-155.067
-160.815
-166.905
-173.285
-179.915
-186.729
-193.674
-200.73
-207.822
-214.89
-221.934
-228.958
-235.979
-242.989
-250.003
-257.09
-264.355
-271.856
-279.735
-288.146
-297.176
-306.921
-317.54
-329.211
-342.072
-356.142
-371.427
-388.034
-405.961
-425.148
-445.539
-467.035
-489.578
-513.058
-537.269
-561.907
-587.15
-612.274
-635.946
-656.254
-670.193
-675.424
-678.826
-144.436
-147.477
-148.869
-153.266
-156.987
-162.296
-167.965
-174.169
-180.936
-188.112
-195.679
-203.515
-211.535
-219.688
-227.94
-236.259
-244.54
-252.728
-260.777
-268.672
-276.431
-284.045
-291.59
-299.129
-306.712
-314.456
-322.436
-330.854
-339.929
-349.792
-360.528
-372.224
-385.042
-399.083
-414.257
-430.518
-447.819
-466.074
-485.213
-505.069
-525.453
-546.113
-566.962
-587.738
-607.561
-625.151
-638.39
-645.802
-653.336
-654.532
-160.312
-162.318
-164.114
-168.761
-172.982
-178.977
-185.437
-192.633
-200.488
-208.894
-217.767
-226.97
-236.443
-246.063
-255.718
-265.365
-274.914
-284.255
-293.325
-302.093
-310.558
-318.724
-326.588
-334.158
-341.554
-348.892
-356.357
-364.059
-372.064
-380.597
-389.926
-400.239
-411.59
-423.982
-437.487
-452.054
-467.535
-483.782
-500.617
-517.925
-535.575
-553.285
-570.794
-587.623
-603.123
-616.201
-625.16
-629.11
-632.343
-634.508
-173.814
-175.434
-177.526
-182.488
-187.269
-194.145
-201.551
-209.801
-218.85
-228.587
-238.841
-249.557
-260.588
-271.807
-283.074
-294.231
-305.2
-315.869
-326.13
-335.932
-345.23
-354.005
-362.153
-369.757
-376.909
-383.667
-390.134
-396.505
-403.14
-410.216
-417.878
-426.322
-435.785
-446.453
-458.266
-471.096
-484.794
-499.166
-514.07
-529.39
-544.839
-559.962
-574.542
-588.17
-600.127
-609.208
-614.427
-619.271
-619.778
-621.658
-184.855
-185.834
-188.458
-193.964
-199.426
-207.208
-215.621
-225.15
-235.55
-246.717
-258.536
-270.878
-283.593
-296.555
-309.607
-322.553
-335.244
-347.541
-359.284
-370.305
-380.495
-389.871
-398.343
-405.909
-412.578
-418.545
-424.001
-429.126
-434.01
-438.994
-444.472
-450.753
-458.112
-466.685
-476.588
-487.775
-499.985
-512.966
-526.494
-540.286
-553.792
-566.604
-578.824
-589.795
-598.388
-603.749
-607.586
-609.854
-611.046
-612.053
-192.403
-193.279
-196.5
-202.607
-208.746
-217.688
-227.131
-237.931
-249.82
-262.642
-276.219
-290.414
-305.082
-320.028
-335.079
-350.057
-364.719
-378.858
-392.289
-404.801
-416.207
-426.395
-435.404
-443.119
-449.552
-454.759
-458.869
-462.085
-464.874
-467.605
-470.561
-474.187
-478.856
-485.009
-492.862
-502.351
-513.284
-525.308
-538.106
-550.947
-562.863
-573.958
-583.951
-591.976
-597.24
-599.962
-602.079
-603.558
-604.843
-605.398
-195.036
-197.234
-201.208
-208.129
-215.042
-225.138
-235.609
-247.853
-261.298
-275.784
-291.226
-307.457
-324.306
-341.544
-358.923
-376.222
-393.17
-409.499
-424.965
-439.322
-452.316
-463.777
-473.638
-481.616
-487.72
-492.08
-494.935
-496.503
-497.059
-496.929
-496.757
-497.075
-498.537
-501.649
-506.839
-514.428
-524.246
-535.985
-548.917
-561.281
-572.429
-582.185
-589.589
-594.07
-596.086
-597.634
-598.309
-599.56
-600.743
-601.229
-193.418
-197.602
-202.335
-210.039
-217.885
-229.344
-240.669
-254.322
-269.298
-285.494
-302.87
-321.235
-340.4
-360.127
-380.145
-400.144
-419.827
-438.873
-456.937
-473.677
-488.777
-501.94
-512.973
-521.72
-528.094
-532.081
-533.754
-533.341
-531.089
-527.729
-523.892
-520.329
-517.771
-516.982
-518.714
-523.637
-532.204
-544.215
-557.725
-571.005
-582.882
-591.362
-595.634
-596.569
-596.705
-596.465
-596.754
-597.488
-598.263
-598.709
-187.696
-194.513
-199.911
-208.63
-217.47
-229.829
-242.225
-257.309
-273.654
-291.505
-310.79
-331.335
-352.929
-375.35
-398.295
-421.382
-444.248
-466.496
-487.708
-507.461
-525.302
-540.794
-553.69
-563.92
-570.992
-574.76
-575.365
-573.155
-568.456
-561.708
-553.593
-545.088
-537.34
-531.404
-528.254
-529.014
-535.531
-547.294
-562.939
-579.658
-593.613
-600.913
-602.126
-600.984
-599.051
-597.655
-596.672
-596.09
-595.97
-596.252
-179.087
-188.062
-193.993
-203.833
-213.917
-226.677
-240.31
-256.505
-274.095
-293.543
-314.697
-337.421
-361.519
-386.752
-412.794
-439.256
-465.691
-491.623
-516.553
-539.975
-561.323
-580.075
-595.696
-607.957
-616.499
-621.091
-621.532
-617.909
-610.428
-599.689
-586.597
-572.365
-558.255
-545.591
-535.874
-530.652
-532.876
-543.784
-562.036
-583.831
-601.949
-609.932
-609.758
-606.229
-602.871
-599.34
-596.265
-593.922
-592.784
-592.549
-167.5
-178.751
-185.156
-196.077
-206.858
-220.261
-234.927
-251.914
-270.741
-291.62
-314.451
-339.176
-365.661
-393.694
-422.949
-453.018
-483.396
-513.53
-542.823
-570.656
-596.378
-619.296
-638.67
-653.929
-664.956
-670.975
-671.666
-667.164
-657.753
-643.675
-625.709
-604.978
-582.968
-561.555
-543.02
-529.396
-524.062
-530.989
-550.827
-579.111
-604.185
-615.124
-615.329
-609.586
-604.332
-598.951
-594.03
-590.202
-587.932
-586.971
-154.073
-167.147
-173.631
-185.426
-196.895
-210.817
-226.146
-243.801
-263.524
-285.577
-309.827
-336.319
-364.988
-395.776
-428.262
-462.061
-496.656
-531.406
-565.625
-598.595
-629.527
-657.576
-681.844
-701.416
-715.882
-724.724
-727.307
-723.168
-712.472
-695.136
-671.978
-644.294
-613.896
-582.39
-552.078
-525.793
-509.235
-509.278
-527.617
-559.453
-592.175
-609.785
-613.107
-608.758
-602.897
-596.828
-590.807
-585.937
-582.915
-581.144
-139.309
-153.647
-160.555
-172.901
-184.465
-198.657
-214.317
-232.46
-252.799
-275.715
-301.201
-329.186
-359.612
-392.837
-428.358
-465.854
-504.775
-544.432
-584.063
-622.824
-659.816
-694.038
-724.441
-749.925
-769.475
-782.45
-787.861
-785.148
-774.089
-754.871
-727.936
-694.076
-654.604
-611.135
-566.474
-524.385
-492.534
-480.608
-491.735
-521.597
-559.896
-587.38
-602.124
-607.94
-607.497
-602.469
-595.773
-589.419
-584.964
-582.091
-124.885
-139.024
-146.532
-158.77
-170.344
-184.494
-200.167
-218.336
-238.804
-262.124
-288.447
-317.912
-349.52
-385.005
-423.32
-464.318
-507.472
-552.143
-597.503
-642.529
-686.22
-727.549
-765.259
-798.006
-824.293
-842.99
-853.397
-854.278
-844.895
-824.982
-794.899
-754.951
-706.136
-651.155
-592.103
-532.834
-482.419
-454.58
-453.898
-479.476
-519.58
-565.419
-597.886
-615.545
-619.798
-615.318
-607.603
-600.378
-595.274
-592.134
-112.031
-123.599
-132.328
-144.046
-155.348
-169.151
-184.416
-202.257
-222.47
-245.779
-272.346
-302.447
-335.787
-372.747
-413.306
-457.45
-504.632
-554.24
-605.398
-657.054
-708.068
-757.251
-803.279
-844.558
-879.308
-905.971
-923.089
-929.098
-923.213
-904.743
-873.251
-830.084
-775.428
-709.066
-634.167
-556.062
-491.897
-450.625
-438.284
-451.357
-492.581
-548.456
-595.338
-625.21
-634.352
-628.853
-620.994
-613.624
-608.407
-605.901
-103.872
-108.613
-118.335
-129.054
-140.138
-153.406
-167.934
-185.022
-204.52
-227.256
-253.534
-283.826
-318.013
-356.282
-398.967
-445.765
-496.582
-550.896
-607.842
-666.249
-724.845
-782.468
-837.718
-888.752
-933.298
-969.483
-995.566
-1009.76
-1010.69
-996.628
-966.328
-921.613
-864.985
-782.884
-694.282
-602.935
-530.624
-479.227
-456.993
-461.844
-491.85
-540.571
-590.861
-626.028
-638.642
-633.969
-627.144
-621.239
-617.62
-616.217
-118.529
-97.5743
-105.509
-114.946
-125.687
-138.198
-151.758
-167.751
-186.298
-208.26
-233.894
-263.807
-298.328
-337.749
-382.035
-431.002
-484.89
-543.471
-605.845
-670.811
-737.083
-803.448
-868.61
-929.764
-984.376
-1031.26
-1068.89
-1093.21
-1103.15
-1097.06
-1071.72
-1024.4
-962.495
-876.488
-774.887
-684.504
-602.303
-540.904
-506.493
-498.902
-515.285
-550.687
-592.754
-625.193
-637.246
-633.853
-627.61
-623.625
-621.881
-621.782
-99.1788
-83.3124
-92.5466
-102.553
-113.604
-125.517
-138.289
-153.255
-170.705
-191.618
-216.638
-246.465
-281.439
-322.026
-367.831
-419.198
-476.393
-539.658
-608.672
-682.393
-758.831
-835.99
-912.028
-984.777
-1051.94
-1110.83
-1159.14
-1195.94
-1217.23
-1221.97
-1201.31
-1155.67
-1067.35
-965.114
-858.909
-759.842
-677.163
-618.902
-581.196
-565.76
-569.108
-585.82
-608.974
-626.982
-631.338
-627.2
-623.23
-622.259
-622.915
-623.985
-86.0584
-82.657
-88.626
-96.9839
-107.309
-118.896
-132.422
-148.212
-166.739
-189.189
-216.403
-249.064
-287.285
-331.367
-381.902
-439.403
-503.838
-575.318
-653.37
-736.385
-822.389
-909.948
-997.259
-1081.53
-1159.01
-1227.11
-1283.79
-1323.81
-1342.72
-1336.78
-1296.38
-1219.17
-1124
-1017.54
-911.869
-813.23
-736.801
-682.821
-648.41
-629.957
-624.361
-627.626
-633.263
-635.076
-631.009
-623.673
-620.672
-621.277
-623.342
-624.785
-76.0902
-80.9636
-86.564
-94.1746
-104.02
-115.539
-130.193
-147.916
-169.244
-195.311
-226.355
-263.448
-307.258
-358.394
-417.699
-485.161
-560.422
-642.862
-731.545
-825.045
-922.548
-1022.49
-1121.77
-1215.14
-1299.65
-1371.74
-1429.88
-1464.63
-1468.94
-1436.21
-1378
-1295.38
-1196.22
-1089.58
-987.887
-895.36
-818.312
-760.064
-718.942
-692.976
-677.022
-667.659
-659.509
-649.635
-637.965
-627.304
-622.255
-623.434
-625.408
-627.256
-68.1849
-75.0756
-81.5364
-89.6232
-99.8621
-112.182
-127.763
-147.201
-171.121
-200.457
-235.928
-278.678
-329.567
-389.69
-459.395
-538.467
-626.302
-722.138
-825.729
-935.424
-1049.34
-1163.66
-1272.3
-1371.5
-1459.94
-1536.59
-1589.03
-1607.51
-1593.63
-1552.64
-1485.67
-1398.68
-1297.28
-1192.58
-1085.41
-988.079
-903.764
-837.905
-788.201
-752.605
-727.014
-706.668
-688.564
-670.515
-653.023
-638.35
-629.501
-627.912
-630.37
-633.151
-59.6287
-66.5301
-73.6419
-82.0481
-92.3286
-105.457
-121.692
-142.15
-168.185
-200.616
-241.044
-290.578
-350.156
-420.431
-501.543
-594.088
-697.634
-811.611
-934.877
-1064.62
-1195.59
-1322.14
-1439.52
-1546.09
-1641.03
-1711.92
-1747.06
-1752.48
-1730.28
-1682.53
-1610.49
-1519.59
-1419.21
-1306.2
-1190.45
-1082.92
-989.365
-912.518
-853.13
-807.356
-772.291
-743.275
-717.7
-694.446
-673.228
-655.291
-642.728
-637.323
-640.233
-642.984
-49.5671
-55.6138
-62.377
-70.3686
-80.1579
-93.167
-109.764
-131.303
-159.613
-195.877
-241.972
-298.723
-367.732
-449.318
-544.196
-654.025
-778.253
-915.348
-1061.52
-1210.91
-1356.73
-1494.95
-1623.96
-1738.42
-1826.05
-1879.48
-1902.67
-1897.66
-1866.98
-1811.6
-1736.85
-1645.26
-1534.31
-1412.51
-1288.5
-1170.38
-1066.98
-979.866
-910.088
-855.478
-811.933
-776.139
-745.484
-718.831
-695.67
-676.119
-661.445
-653.484
-652.854
-656.705
-37.3771
-41.5884
-46.5549
-52.9484
-61.8814
-74.2156
-91.2846
-114.661
-145.488
-186.021
-237.607
-302.447
-382.838
-479.236
-592.444
-724.175
-873.835
-1036.5
-1205.35
-1373.04
-1534.04
-1684.93
-1819.78
-1923.95
-1994.28
-2033.39
-2044.01
-2027.9
-1986.52
-1923.64
-1843.5
-1744.95
-1628.58
-1500.59
-1369.49
-1243.38
-1130.29
-1034.23
-955.715
-893.368
-843.639
-802.887
-769.134
-740.857
-717.174
-697.74
-682.919
-673.718
-670.311
-677.392
-21.0263
-23.1423
-26.4114
-31.7155
-39.8948
-51.5501
-68.5713
-92.4057
-125.074
-169.322
-227.507
-302.787
-397.54
-512.81
-648.964
-806.962
-985.132
-1174.61
-1365.14
-1551.86
-1727.31
-1878.14
-1996.21
-2082.68
-2137.51
-2162.11
-2158.74
-2129.49
-2078.82
-2008.67
-1921.64
-1817.64
-1696.73
-1564.3
-1427.24
-1294.82
-1174.4
-1070.88
-986.159
-918.593
-864.773
-821.474
-786.396
-757.914
-734.932
-716.688
-703.082
-695.021
-693.426
-700.653
-2.01122
-2.17119
-2.39848
-3.89453
-9.11807
-18.6942
-34.1439
-58.0134
-93.3499
-142.687
-209.277
-297.519
-411.131
-551.276
-714.537
-902.096
-1112.13
-1327.96
-1540.82
-1738.4
-1905.09
-2038.98
-2141.18
-2209.65
-2247.86
-2258.2
-2240.51
-2199.54
-2139.88
-2062.94
-1969.12
-1860.26
-1736.03
-1599.87
-1458
-1319.73
-1194.16
-1086.37
-998.382
-928.523
-873.428
-829.747
-795.053
-767.584
-746.245
-730.238
-719.167
-713.668
-714.048
-718.639
20.8756
25.0532
28.9205
32.0225
31.7564
26.418
13.8127
-9.02544
-45.7658
-99.9698
-176.601
-281.287
-417.857
-587.612
-785.545
-1008.62
-1247.04
-1485.3
-1704.67
-1890.3
-2042.33
-2160.72
-2246.36
-2299.4
-2321.53
-2317.61
-2288.33
-2237.42
-2169.32
-2085.48
-1986.35
-1873.59
-1745.4
-1604.36
-1457.67
-1314.83
-1187.1
-1078.64
-991.013
-922.153
-868.359
-826.212
-793.108
-767.575
-748.469
-735.165
-727.307
-724.656
-726.53
-729.753
48.7912
58.6727
68.3741
77.3783
84.3284
86.6417
79.6222
59.3633
21.4782
-38.9665
-129.771
-256.638
-422.261
-625.332
-860.602
-1115.15
-1371.43
-1616.56
-1827.68
-2000.67
-2137.54
-2239.91
-2310.19
-2348.38
-2356.74
-2340.01
-2300.48
-2241.18
-2166.33
-2077.02
-1973.1
-1855.25
-1720.5
-1573.29
-1422.21
-1278.64
-1152.65
-1048.21
-964.709
-899.822
-849.338
-810.007
-779.473
-756.347
-739.719
-729.022
-723.834
-723.995
-727.826
-731.677
76.5976
95.4017
114.044
132.971
149.721
161.183
161.49
143.119
102.909
31.584
-79.8748
-234.792
-431.344
-665.084
-925.547
-1196.49
-1459.89
-1700.17
-1899.17
-2058.11
-2180.63
-2269.39
-2324.9
-2348.97
-2347.7
-2320.93
-2275.2
-2210.72
-2130.86
-2035.97
-1925.13
-1797.45
-1653.81
-1501.59
-1350.84
-1212.82
-1094.35
-998.361
-922.802
-863.679
-817.557
-781.539
-753.786
-733.243
-719.131
-710.843
-707.605
-710.053
-716.491
-721.56
117.86
146.693
175.853
207.945
236.921
257.285
263.509
237.122
181.724
89.6779
-38.0743
-222.322
-448.51
-705.543
-981.759
-1254.54
-1510.66
-1743.64
-1925.91
-2071.66
-2179.71
-2254.86
-2299.1
-2313.55
-2303.39
-2271.06
-2218.91
-2148.86
-2061.41
-1955.76
-1831.52
-1691.9
-1542.71
-1392.26
-1250.4
-1125.04
-1020.34
-936.107
-869.499
-816.653
-774.758
-741.822
-716.669
-698.483
-686.494
-680.092
-679.004
-683.097
-691.485
-697.864
143.244
172.869
205.808
236.268
262.568
272.882
274.182
234.734
172.185
66.9379
-75.1814
-264.469
-498.72
-754.001
-1025.62
-1290.2
-1534.21
-1748.37
-1918.57
-2050.11
-2147.11
-2212.93
-2249.31
-2257.09
-2238.4
-2193.77
-2125.15
-2040.58
-1938.14
-1818.1
-1684.18
-1541.28
-1396.07
-1257.97
-1134.07
-1027.56
-938.89
-866.599
-807.87
-760.249
-721.981
-692.012
-669.503
-653.547
-643.318
-638.354
-638.43
-643.536
-652.946
-661.088
163.058
188.727
209.991
223.545
226.75
210.862
182.345
120.072
35.6391
-92.785
-251.69
-431.989
-639.459
-864.322
-1098.73
-1325.25
-1530.48
-1709.72
-1855.1
-1966.06
-2046.14
-2095.97
-2116.42
-2109.37
-2078.32
-2025.24
-1950.02
-1855.36
-1743.1
-1621.08
-1492.9
-1362.79
-1236.93
-1120.56
-1017.02
-927.852
-852.621
-789.877
-737.87
-695.228
-661.07
-634.594
-614.837
-600.778
-591.763
-587.553
-588.141
-593.451
-602.613
-612.928
147.68
165.135
178.108
179.065
163.133
124.313
60.3085
-33.4588
-158.064
-301.757
-469.711
-653.113
-848.469
-1042.69
-1227.82
-1395.9
-1544.5
-1670.72
-1771.84
-1846.95
-1896.07
-1918.88
-1916.6
-1891.73
-1847.24
-1785.94
-1713.13
-1623.52
-1521.79
-1412.9
-1300.78
-1190.1
-1084.94
-988.18
-901.818
-826.62
-762.432
-708.291
-663.172
-626.217
-596.682
-573.66
-556.092
-543.227
-534.808
-530.904
-531.529
-536.585
-545.531
-553.584
105.621
114.767
116.021
103.333
70.8577
13.9544
-74.7369
-193.786
-341.794
-512.652
-707.751
-908.207
-1096.64
-1256.5
-1387.27
-1493.95
-1582.69
-1654
-1706.87
-1740.08
-1752.75
-1746.08
-1722.02
-1683.43
-1630.77
-1565.44
-1490.44
-1406.25
-1315.97
-1220.84
-1125.49
-1032.8
-945.719
-865.705
-793.77
-730.571
-676.147
-629.984
-591.263
-559.202
-533.063
-512.085
-495.633
-483.433
-475.548
-472.048
-472.738
-477.345
-485.24
-491.818
58.0574
57.0353
48.2784
28.1642
-10.9093
-78.8516
-183.527
-320.514
-491.836
-696.921
-926.393
-1147.81
-1332.14
-1473.04
-1560.2
-1610.43
-1641.27
-1659.42
-1666.32
-1657.65
-1634.98
-1601.62
-1557.65
-1504.77
-1443.45
-1374.69
-1299.52
-1219.88
-1138.34
-1055.89
-973.582
-894.889
-822.253
-755.51
-695.214
-641.767
-595.246
-555.386
-521.604
-493.227
-469.624
-450.352
-435.284
-424.434
-417.742
-414.898
-415.485
-419.195
-425.634
-431.512
20.6476
12.0517
-3.91608
-30.182
-72.3852
-141.653
-248.741
-391.608
-571.733
-792.275
-1037.08
-1278.43
-1487.01
-1619.26
-1688.26
-1715.46
-1718.3
-1702.49
-1667.31
-1613.98
-1555.37
-1496.36
-1432.92
-1363.77
-1290.86
-1216.05
-1140.55
-1064.9
-989.651
-915.772
-844.469
-777.113
-713.94
-656.525
-604.855
-558.976
-518.813
-483.973
-454.119
-428.987
-408.317
-391.847
-379.315
-370.423
-364.789
-362.019
-361.87
-364.289
-369.156
-374.132
-8.69209
-22.108
-42.4908
-71.9489
-115.658
-183.199
-278.243
-404.866
-577.142
-791.747
-1034.02
-1292.67
-1518.44
-1675.34
-1758.02
-1777.89
-1769.61
-1739.16
-1684.63
-1613.85
-1531.38
-1439.84
-1350.02
-1260.02
-1172.8
-1090.09
-1010.96
-935.053
-862.445
-793.705
-729.676
-670.544
-616.032
-566.387
-521.839
-482.375
-447.801
-417.822
-392.168
-370.724
-353.291
-339.495
-328.92
-321.229
-316.133
-313.454
-313.135
-315.178
-319.314
-323.329
-33.6075
-49.4243
-71.3531
-100.786
-142.05
-201.755
-284.15
-394.294
-540.637
-723.969
-942.26
-1187.29
-1429.41
-1624.65
-1737.23
-1785.49
-1787.19
-1759.5
-1703.89
-1618.55
-1518.94
-1414.71
-1309.47
-1204.04
-1098.6
-999.975
-911.695
-831.645
-758.344
-691.618
-631.495
-577.768
-529.682
-486.574
-448.172
-414.395
-385.012
-359.534
-337.64
-319.376
-304.527
-292.831
-283.943
-277.623
-273.682
-272
-272.417
-274.731
-278.512
-281.822
-53.8444
-69.8331
-91.3001
-119.193
-157.361
-209.604
-278.68
-368.626
-485.135
-637.413
-825.609
-1035.63
-1251.8
-1454.35
-1621.17
-1712.68
-1744.76
-1738.42
-1689.18
-1610.28
-1513.05
-1405.62
-1292.9
-1174.81
-1055.9
-947.056
-848.723
-759.633
-681.434
-613.469
-553.937
-502.626
-458.762
-420.354
-386.518
-357.295
-332.199
-310.492
-291.912
-276.389
-263.897
-254.464
-247.473
-242.775
-240.13
-239.296
-240.045
-242.184
-245.366
-248.014
-67.952
-83.4588
-103.457
-129.921
-165.403
-211.709
-269.827
-342.263
-433.745
-554.021
-708.385
-884.724
-1067.32
-1246.62
-1413.45
-1550.3
-1635.74
-1654.56
-1633.04
-1573.99
-1487.28
-1388.89
-1275.3
-1153.54
-1032.83
-916.415
-809.205
-711.995
-628.668
-557.786
-496.413
-445.15
-403.257
-367.734
-337.04
-311.199
-289.454
-270.818
-255.109
-242.284
-232.086
-224.028
-218.338
-214.836
-213.137
-212.957
-214.049
-216.178
-218.988
-221.097
-77.5616
-92.9918
-111.475
-135.031
-166.291
-207.524
-258.467
-319.166
-391.692
-484.122
-604.014
-748.682
-903.748
-1055.87
-1200.33
-1334.72
-1443.7
-1515.13
-1529.34
-1499.45
-1441.58
-1350.07
-1245.62
-1130.49
-1011.02
-893.225
-781.42
-680.584
-592.97
-518.053
-454.393
-402.18
-360.643
-326.585
-298.088
-274.651
-255.35
-239.173
-225.74
-214.879
-206.331
-199.887
-195.485
-192.841
-191.945
-192.399
-193.913
-196.203
-198.849
-200.658
-84.5285
-99.5241
-117.068
-138.335
-164.939
-199.513
-242.8
-295.772
-357.669
-431.022
-521.029
-631.465
-760.743
-892.001
-1016.29
-1131.62
-1237.23
-1322.52
-1374.93
-1383.58
-1347.93
-1284.51
-1196.33
-1094.38
-982.188
-868.502
-758.378
-656.317
-566.119
-487.694
-422.275
-369.277
-327.204
-293.801
-266.955
-245.455
-228.239
-214.266
-202.902
-193.806
-186.767
-181.615
-178.217
-176.418
-176.003
-176.889
-178.702
-181.089
-183.562
-185.118
-89.6722
-103.194
-118.927
-138.045
-161.428
-190.77
-226.453
-270.327
-323.464
-385.8
-458.646
-543.444
-640.959
-749.555
-858.959
-960.154
-1053.1
-1134.29
-1196.4
-1230.04
-1231.5
-1193.19
-1126.95
-1040.87
-942.585
-838.33
-732.531
-633.204
-542.204
-463.127
-395.98
-342.056
-299.397
-266.231
-240.623
-220.864
-205.582
-193.697
-184.347
-177.021
-171.442
-167.441
-164.913
-163.767
-163.873
-165.037
-167.036
-169.474
-171.764
-173.088
-93.6085
-105.638
-118.239
-134.581
-154.383
-179.683
-210.592
-246.641
-289.743
-341.619
-403.631
-474.042
-551.017
-634.935
-723.248
-812.351
-893.517
-968.438
-1031.14
-1075.76
-1095.04
-1085.09
-1043.5
-976.096
-893.769
-798.911
-702.859
-607.768
-519.572
-439.927
-372.452
-317.817
-274.225
-241.395
-216.64
-198.497
-185.271
-175.565
-168.414
-163.08
-159.131
-156.364
-154.71
-154.143
-154.606
-155.995
-158.08
-160.521
-162.538
-163.616
-96.7754
-106.551
-116.2
-129.25
-145.84
-166.841
-193.592
-224.719
-260.469
-302.082
-351.389
-410.45
-476.809
-545.124
-616.168
-688.813
-759.754
-826.037
-884.54
-933.243
-963.258
-969.983
-949.901
-908.191
-842.216
-761.688
-673.733
-583.919
-497.092
-418.129
-351.06
-294.449
-250.893
-217.218
-193.475
-176.771
-165.309
-158.024
-153.28
-150.325
-148.474
-147.349
-146.815
-146.884
-147.596
-148.999
-151.033
-153.518
-155.329
-156.174
-102.52
-104.716
-113.423
-125.199
-140.412
-158.195
-179.647
-205.578
-236.303
-271.965
-312.708
-360.121
-413.781
-473.194
-535.254
-596.502
-657.964
-714.804
-766.011
-810.103
-842.781
-859.758
-855.93
-832.887
-788.049
-729.407
-653.204
-567.989
-482.996
-403.703
-333.06
-274.916
-228.449
-193.394
-170.179
-154.492
-145.004
-139.962
-137.842
-137.64
-138.385
-139.455
-140.542
-141.576
-142.585
-143.814
-145.602
-147.924
-149.733
-150.521
-114.852
-104.159
-114.882
-127.504
-142.021
-158.66
-177.689
-200.329
-226.856
-258.2
-294.247
-334.438
-379.34
-429.2
-480.67
-534.081
-586.956
-635.508
-679.264
-714.916
-742.056
-758.096
-760.857
-748.229
-718.817
-675.757
-620.139
-555.916
-478.009
-400.397
-329.379
-267.342
-215.547
-178.356
-150.667
-133.831
-124.094
-120.916
-121.386
-124.297
-128.236
-132.215
-135.562
-137.909
-139.313
-140.449
-141.811
-143.77
-145.516
-146.47
28.8369
25.6569
24.1645
23.5414
23.4584
23.616
23.8629
24.2985
25.0535
26.1685
27.6372
29.4708
31.6527
34.1635
36.9665
40.0964
43.5625
47.3775
51.5594
56.0737
60.8936
66.0291
71.507
77.2178
83.0031
88.8067
94.6327
100.39
105.924
111.111
115.851
120.003
123.351
125.632
126.584
125.916
123.285
118.318
110.608
99.7201
85.1892
66.4274
42.8264
13.7113
-21.558
-63.6736
-113.166
-171.235
-238.982
-306.406
28.2236
27.7553
27.7514
28.1564
28.8494
29.6916
30.6303
31.7021
32.9984
34.6251
36.6
38.9322
41.6355
44.687
48.0821
51.8503
55.9903
60.5197
65.4384
70.728
76.38
82.3979
88.7595
95.3775
102.185
109.116
116.1
123.058
129.885
136.479
142.723
148.455
153.493
157.639
160.655
162.241
162.089
159.858
155.146
147.514
136.501
121.585
102.228
77.817
47.7606
11.413
-31.8982
-83.3435
-143.649
-202.052
29.8475
30.869
32.1588
33.5659
35.041
36.586
38.1812
39.8333
41.6679
43.804
46.2899
49.1568
52.4294
56.0948
60.159
64.632
69.5114
74.8122
80.53
86.6663
93.2138
100.161
107.465
115.086
122.973
131.049
139.234
147.457
155.644
163.698
171.473
178.824
185.615
191.67
196.76
200.628
202.997
203.531
201.851
197.536
190.132
179.175
164.193
144.66
120.023
89.6383
52.8334
8.92129
-42.4534
-91.1092
33.3824
35.2614
37.4579
39.7506
42.0049
44.1979
46.3703
48.591
50.9629
53.6112
56.6291
60.0637
63.9394
68.2565
73.0195
78.2175
83.8651
89.9713
96.5378
103.57
111.056
118.973
127.291
135.982
144.99
154.251
163.706
173.284
182.917
192.493
201.88
210.957
219.594
227.628
234.875
241.12
246.09
249.461
250.866
249.894
246.135
239.199
228.666
214.043
194.818
170.423
140.357
103.924
60.8202
22.5632
38.4726
40.91
43.7378
46.7308
49.6928
52.4943
55.1892
57.909
60.8036
64.0031
67.6018
71.6482
76.1593
81.1458
86.6131
92.5574
98.9991
105.942
113.396
121.362
129.818
138.748
148.131
157.931
168.109
178.623
189.412
200.413
211.543
222.695
233.769
244.654
255.215
265.326
274.838
283.538
291.165
297.406
301.909
304.315
304.287
301.459
295.426
285.746
271.962
253.56
230.049
201.092
166.587
137.1
44.928
47.7148
51.0074
54.5126
58.0423
61.3936
64.5756
67.7879
71.2155
75.0001
79.2088
83.8769
89.0261
94.6825
100.863
107.579
114.843
122.656
131.03
139.949
149.403
159.375
169.849
180.801
192.204
204.018
216.183
228.64
241.301
254.089
266.919
279.68
292.264
304.555
316.394
327.585
337.882
346.989
354.598
360.397
364.06
365.241
363.572
358.638
349.993
337.187
319.915
297.731
270.551
248.859
52.6005
55.59
59.185
63.0497
66.9777
70.7792
74.4529
78.1719
82.1423
86.4965
91.2946
96.5703
102.36
108.702
115.617
123.126
131.225
139.923
149.215
159.097
169.56
180.595
192.187
204.325
216.981
230.11
243.671
257.595
271.825
286.294
300.919
315.606
330.256
344.735
358.894
372.556
385.488
397.425
408.095
417.206
424.47
429.575
432.148
431.77
428.026
420.547
408.99
393.155
373.139
357.894
61.3527
64.3818
68.101
72.177
76.3765
80.5362
84.67
88.8961
93.4072
98.321
103.702
109.596
116.038
123.078
130.738
139.032
147.962
157.53
167.739
178.585
190.066
202.171
214.892
228.214
242.11
256.553
271.499
286.905
302.721
318.881
335.311
351.924
368.607
385.239
401.686
417.773
433.286
447.993
461.642
473.972
484.7
493.467
499.879
503.543
504.088
501.176
494.628
484.161
469.808
459.684
70.9029
73.8607
77.5515
81.6884
86.043
90.503
95.0445
99.7763
104.821
110.284
116.238
122.727
129.805
137.513
145.886
154.937
164.673
175.093
186.202
197.995
210.473
223.626
237.45
251.929
267.048
282.788
299.112
315.987
333.36
351.171
369.345
387.794
406.416
425.109
443.742
462.149
480.139
497.492
513.966
529.29
543.137
555.151
564.992
572.324
576.815
578.212
576.243
570.702
561.778
555.762
80.931
83.6975
87.2468
91.3408
95.7831
100.479
105.381
110.557
116.099
122.089
128.592
135.659
143.344
151.694
160.751
170.537
181.052
192.302
204.276
216.986
230.421
244.585
259.471
275.069
291.375
308.361
326.005
344.265
363.093
382.431
402.212
422.362
442.805
463.447
484.162
504.792
525.143
544.99
564.071
582.081
598.689
613.563
626.377
636.807
644.596
649.452
651.092
649.253
644.072
640.854
91.0599
93.5366
96.8784
100.868
105.338
110.191
115.392
120.965
126.961
133.447
140.464
148.068
156.315
165.265
174.959
185.422
196.656
208.659
221.432
234.975
249.292
264.384
280.245
296.876
314.259
332.382
351.217
370.728
390.874
411.608
432.878
454.622
476.775
499.24
521.881
544.524
566.955
588.929
610.167
630.373
649.239
666.472
681.783
694.945
705.75
713.926
719.064
720.828
719.362
718.339
100.871
103.013
106.111
109.955
114.408
119.364
124.796
130.698
137.1
144.016
151.49
159.574
168.333
177.821
188.085
199.143
211.011
223.685
237.172
251.466
266.577
282.501
299.244
316.795
335.146
354.283
374.179
394.808
416.133
438.114
460.715
483.891
507.558
531.598
555.853
580.135
604.228
627.896
650.893
672.961
693.845
713.285
731.021
746.745
760.065
770.476
777.565
781.187
781.633
781.848
109.972
111.762
114.581
118.274
122.684
127.708
133.301
139.462
146.186
153.465
161.324
169.815
179.006
188.95
199.691
211.256
223.659
236.905
250.993
265.921
281.695
298.317
315.786
334.096
353.239
373.199
393.957
415.487
437.764
460.763
484.456
508.788
533.662
558.945
584.473
610.058
635.495
660.571
685.058
708.721
731.303
752.52
772.031
789.441
804.334
816.443
825.756
832.197
835.6
837.709
117.948
119.457
122.011
125.517
129.847
134.902
140.621
146.984
153.952
161.503
169.65
178.452
187.975
198.274
209.389
221.349
234.169
247.856
262.407
277.826
294.115
311.275
329.306
348.201
367.95
388.539
409.949
432.165
455.175
478.969
503.513
528.74
554.543
580.783
607.298
633.907
660.416
686.616
712.279
737.157
760.974
783.431
804.21
823.003
839.489
853.248
863.631
870.083
873.071
874.587
124.537
125.787
128.115
131.435
135.659
140.708
146.522
153.024
160.145
167.857
176.188
185.198
194.947
205.49
216.862
229.091
242.193
256.174
271.04
286.79
303.427
320.95
339.357
358.641
378.788
399.783
421.613
444.27
467.757
492.064
517.151
542.943
569.33
596.171
623.307
650.557
677.729
704.61
730.968
756.545
781.055
804.18
825.577
844.879
861.715
875.821
887.124
895.731
901.479
905.024
129.493
130.564
132.689
135.828
139.947
144.995
150.867
157.432
164.598
172.359
180.76
189.86
199.718
210.382
221.886
234.253
247.496
261.624
276.641
292.551
309.353
327.048
345.632
365.096
385.426
406.608
428.629
451.486
475.181
499.706
525.023
551.057
577.697
604.805
632.22
659.763
687.235
714.42
741.079
766.951
791.754
815.188
836.949
856.754
874.335
889.4
901.607
910.548
916.037
919.252
132.676
133.637
135.624
138.632
142.661
147.679
153.551
160.101
167.232
174.945
183.302
192.371
202.212
212.871
224.378
236.747
249.989
264.109
279.115
295.009
311.793
329.468
348.027
367.463
387.765
408.917
430.904
453.713
477.341
501.784
527.008
552.947
579.498
606.524
633.865
661.338
688.743
715.856
742.435
768.216
792.928
816.3
838.072
857.961
875.666
890.837
903.075
911.934
917.292
920.355
134.101
135.067
136.967
139.839
143.798
148.793
154.615
161.072
168.069
175.629
183.825
192.744
202.454
212.993
224.383
236.626
249.729
263.696
278.536
294.254
310.851
328.327
346.676
365.891
385.959
406.867
428.595
451.124
474.433
498.511
523.331
548.84
574.943
601.512
628.389
655.395
682.33
708.972
735.074
760.365
784.547
807.31
828.338
847.328
864.029
878.309
890.162
899.6
906.156
910.151
133.891
134.871
136.786
139.656
143.556
148.425
154.1
160.384
167.18
174.501
182.448
191.126
200.606
210.925
222.084
234.084
246.923
260.608
275.144
290.538
306.79
323.902
341.866
360.678
380.322
400.786
422.048
444.083
466.862
490.356
514.537
539.357
564.736
590.557
616.671
642.902
669.056
694.916
720.242
744.769
768.206
790.236
810.543
828.83
844.824
858.184
868.439
875.262
878.777
880.502
132.315
133.404
135.342
138.184
141.971
146.69
152.192
158.256
164.772
171.774
179.393
187.746
196.914
206.912
217.739
229.389
241.858
255.153
269.272
284.223
300.003
316.612
334.042
352.284
371.326
391.149
411.735
433.057
455.08
477.764
501.062
524.924
549.281
574.032
599.037
624.129
649.12
673.804
697.954
721.32
743.611
764.507
783.642
800.63
815.109
826.872
835.794
841.674
844.419
845.792
129.7
130.941
132.867
135.632
139.312
143.88
149.148
154.91
161.055
167.67
174.894
182.873
191.662
201.27
211.684
222.896
234.905
247.712
261.32
275.729
290.941
306.951
323.746
341.314
359.64
378.705
398.486
418.953
440.07
461.789
484.055
506.811
529.986
553.483
577.166
600.869
624.398
647.548
670.1
691.819
712.439
731.654
749.129
764.482
777.261
787.019
793.521
796.677
796.595
796.057
126.261
127.709
129.676
132.345
135.842
140.167
145.146
150.549
156.289
162.467
169.261
176.812
185.17
194.331
204.275
214.988
226.469
238.716
251.731
265.513
280.065
295.376
311.435
328.224
345.723
363.908
382.753
402.227
422.288
442.891
463.98
485.486
507.333
529.424
551.628
573.773
595.654
617.046
637.718
657.436
675.946
692.952
708.11
721.101
731.595
739.201
743.521
744.31
741.608
739.035
122.125
123.91
126.056
128.601
131.814
135.8
140.421
145.423
150.728
156.449
162.792
169.877
177.756
186.416
195.841
206.012
216.93
228.579
240.968
254.091
267.941
282.514
297.79
313.75
330.372
347.623
365.474
383.881
402.802
422.182
441.962
462.072
482.434
502.956
523.511
543.928
563.993
583.465
602.085
619.598
635.756
650.299
662.89
673.131
680.657
685.108
686.175
683.526
677.053
671.653
117.947
119.863
122.114
124.54
127.461
131.061
135.241
139.785
144.624
149.885
155.762
162.365
169.732
177.852
186.709
196.299
206.598
217.618
229.34
241.773
254.896
268.694
283.153
298.249
313.957
330.245
347.071
364.39
382.143
400.269
418.697
437.352
456.152
475.006
493.793
512.34
530.43
547.814
564.219
579.355
592.932
604.688
614.354
621.573
625.928
627.021
624.484
618.027
607.49
598.177
114.212
115.903
118.037
120.329
122.986
126.161
129.821
133.841
138.189
142.985
148.389
154.501
161.347
168.92
177.208
186.194
195.871
206.236
217.287
229.019
241.407
254.433
268.07
282.292
297.073
312.376
328.158
344.368
360.941
377.803
394.878
412.074
429.303
446.469
463.45
480.069
496.099
511.284
525.349
538.002
548.912
557.751
564.209
567.953
568.594
565.708
558.93
547.834
532.172
518.352
111.047
112.399
114.175
116.218
118.542
121.232
124.332
127.801
131.644
135.966
140.882
146.482
152.787
159.802
167.508
175.886
184.933
194.643
205.022
216.049
227.717
239.975
252.808
266.178
280.051
294.389
309.141
324.255
339.662
355.279
371.018
386.784
402.476
417.984
433.165
447.841
461.779
474.708
486.337
496.373
504.491
510.331
513.536
513.728
510.503
503.414
492.03
476.03
455.166
435.914
108.561
109.505
110.771
112.343
114.183
116.357
118.887
121.795
125.126
128.975
133.417
138.508
144.275
150.725
157.843
165.616
174.039
183.11
192.826
203.174
214.126
225.642
237.685
250.224
263.22
276.627
290.39
304.447
318.729
333.145
347.591
361.979
376.199
390.114
403.556
416.328
428.198
438.888
448.09
455.482
460.728
463.449
463.247
459.718
452.422
440.864
424.597
403.113
376.089
350.832
107.015
107.259
107.776
108.694
109.963
111.606
113.58
115.904
118.705
122.083
126.062
130.666
135.909
141.798
148.329
155.504
163.322
171.776
180.85
190.544
200.816
211.639
222.933
234.675
246.827
259.346
272.171
285.227
298.441
311.717
324.944
338.018
350.828
363.216
374.985
385.916
395.764
404.25
411.056
415.838
418.243
417.881
414.323
407.104
395.755
379.727
358.476
331.546
298.556
266.016
106.877
105.699
105.201
105.369
106.03
107.06
108.443
110.239
112.556
115.462
118.978
123.103
127.842
133.191
139.161
145.761
152.991
160.844
169.289
178.314
187.924
198.129
208.776
219.776
231.114
242.794
254.749
266.878
279.088
291.292
303.388
315.237
326.706
337.629
347.795
356.958
364.861
371.202
375.659
377.867
377.45
374.009
367.095
356.213
340.837
320.382
294.253
261.69
222.236
183.154
108.317
104.819
103.146
102.499
102.512
102.952
103.762
105.042
106.898
109.352
112.407
116.072
120.346
125.224
130.703
136.794
143.494
150.797
158.674
167.072
175.987
185.619
195.73
206.056
216.614
227.53
238.701
249.952
261.22
272.421
283.424
294.089
304.262
313.738
322.302
329.714
335.689
339.916
342.053
341.726
338.555
332.118
321.937
307.482
288.221
263.497
232.792
195.284
150.468
105.564
-53.1484
-65.2896
-62.8282
-58.3387
-51.1929
-42.3397
-31.5216
-17.9477
-0.764636
18.7826
42.0192
60.5383
92.1988
116.974
132.002
130.335
93.7821
57.0959
26.7836
1.71332
-20.54
-40.8808
-54.6653
-63.6591
-70.9725
-77.0684
-80.9303
-82.8991
-82.4837
-73.4767
-35.4012
-48.3741
-49.3441
-47.6212
-42.0785
-34.5825
-24.9631
-13.6613
1.39327
17.8607
37.2174
51.4974
72.1181
88.6919
103.69
113.469
80.1097
54.5375
30.0752
9.10779
-10.4132
-29.7976
-42.9142
-51.5871
-59.0438
-65.5797
-68.8798
-69.3804
-67.0982
-55.7406
-34.5623
-38.0696
-38.5367
-37.7703
-33.4738
-26.8998
-18.4746
-8.39305
4.10252
17.5034
32.8374
44.8706
58.2041
67.0053
80.4173
96.0096
67.3466
51.2063
30.5051
13.7929
-2.98096
-20.2796
-32.7167
-41.4013
-48.787
-55.199
-58.053
-58.0713
-57.1803
-53.6398
-33.9253
-32.6863
-30.7171
-29.6201
-25.9013
-19.9548
-12.7794
-3.81934
6.12066
17.5913
29.4733
39.4814
47.7691
54.6016
60.1767
78.4022
57.3578
47.0455
29.4334
16.7475
2.26363
-12.4831
-24.0276
-32.5855
-39.6692
-45.6334
-48.4986
-49.0399
-50.7499
-51.739
-31.1478
-28.6579
-25.3526
-23.3143
-19.8181
-14.5403
-8.40869
-0.63758
7.5956
17.0468
26.323
34.9009
39.7094
46.6919
46.9484
62.7608
50.117
42.1361
28.429
18.2372
5.76697
-6.55838
-16.9808
-24.9167
-31.5728
-37.1668
-40.3567
-42.0862
-45.2878
-47.7348
-26.4906
-24.6379
-21.3019
-18.6327
-15.1186
-10.4423
-4.99184
1.69612
8.64431
16.1182
23.1784
30.5898
33.9532
40.3241
38.9745
51.547
44.0725
37.2982
27.2409
18.3625
8.00291
-2.40285
-11.5523
-18.6354
-24.7781
-30.0308
-33.709
-36.4203
-39.8861
-41.8157
-21.3564
-20.5962
-17.7862
-14.9727
-11.4573
-7.22141
-2.33807
3.15474
9.02185
14.9551
20.7514
26.9521
29.5953
35.216
34.455
41.5793
39.8951
32.8698
24.998
17.2225
9.14762
0.176357
-7.62253
-13.8596
-19.5456
-24.5019
-28.411
-31.4428
-34.5633
-35.4186
-16.8118
-16.7027
-14.5579
-11.9765
-8.66246
-4.8277
-0.521247
3.829
8.85241
13.7349
18.6772
23.7213
25.8937
30.668
30.6069
35.116
34.9766
28.5532
22.0753
15.5731
9.30915
1.44223
-4.94773
-10.3962
-15.6533
-20.3063
-24.0946
-26.9489
-29.4632
-29.6304
-13.0253
-13.1911
-11.6193
-9.44782
-6.54603
-3.19622
0.556454
4.03891
8.34517
12.5681
16.5881
20.6476
22.4867
26.692
27.9039
30.1677
30.166
24.4688
19.3055
13.9122
8.92002
1.89924
-3.29777
-8.06173
-12.6927
-16.8684
-20.3268
-22.8168
-24.7314
-24.6755
-9.91212
-10.0699
-9.00199
-7.35273
-4.9609
-2.14788
1.15504
4.05182
7.70661
11.4461
14.5848
18.0107
19.9192
23.1582
25.5176
25.7883
25.59
20.8821
16.8734
12.1017
8.49463
2.13761
-2.20979
-6.52593
-10.5007
-14.0519
-16.9734
-18.9302
-20.3497
-20.3828
-7.62953
-7.4604
-6.80079
-5.66807
-3.80062
-1.46223
1.46238
3.98224
7.00158
10.3078
12.7684
15.6584
17.5829
19.7048
22.8584
21.9917
21.2982
17.8392
14.789
10.8035
7.23637
2.28378
-1.30356
-5.29709
-8.77521
-11.7609
-14.1286
-15.4815
-16.4656
-16.8472
-6.05566
-5.75119
-5.07471
-4.22443
-2.75656
-0.845589
1.59318
3.7636
6.19707
9.02126
11.0739
13.4923
15.4776
16.8297
19.9477
18.6911
17.4702
14.9965
12.7119
9.26853
6.12412
2.23995
-0.671393
-4.20692
-7.16321
-9.6465
-11.6276
-12.6295
-13.5912
-14.0352
-5.00279
-4.55348
-3.72126
-2.97987
-1.7852
-0.314532
1.55698
3.36176
5.30482
7.71592
9.57808
11.4905
13.4341
14.2352
17.2285
15.5761
13.9569
12.3533
10.6298
7.74351
5.15842
1.93649
-0.448008
-3.38196
-5.72315
-7.647
-9.34757
-10.2187
-11.3037
-11.8434
-4.06011
-3.62327
-2.70823
-2.03119
-1.1146
-0.00892888
1.45998
2.99853
4.53716
6.56942
8.23915
9.52975
11.4666
11.8999
14.9986
12.5523
10.7456
10.01
8.72444
6.40459
4.34043
1.67235
-0.347803
-2.7761
-4.56722
-5.98802
-7.49414
-8.28109
-9.31178
-9.80311
-3.12233
-2.78705
-2.02519
-1.44926
-0.687301
0.206132
1.38234
2.69682
3.87136
5.48992
6.93853
7.73363
9.54673
9.69511
13.0442
9.5016
7.7408
7.7915
6.97445
5.18223
3.65094
1.52156
-0.0911501
-2.16967
-3.56033
-4.69569
-6.03667
-6.76349
-7.52283
-7.81509
-2.37501
-2.18903
-1.71066
-1.14388
-0.332218
0.450885
1.39431
2.42382
3.23592
4.43817
5.71275
6.07777
7.68313
7.53096
10.9661
6.87819
5.02806
5.92789
5.36563
3.98149
2.94
1.28013
0.138666
-1.55213
-2.62889
-3.59892
-4.74918
-5.33337
-5.92482
-6.08022
-1.5563
-1.68947
-1.43532
-0.967081
-0.145491
0.564055
1.32361
2.09196
2.65448
3.45126
4.57558
4.55194
5.9862
5.50316
8.79503
4.77456
2.82435
4.37422
3.93585
2.94013
2.26818
1.02794
0.232772
-1.02548
-1.86571
-2.63225
-3.57402
-3.88276
-4.45155
-4.46211
-1.1463
-1.09355
-0.906851
-0.73514
-0.126086
0.396574
0.992254
1.55013
1.99553
2.43825
3.34597
3.11268
4.29822
3.72583
6.64511
2.66817
1.01258
3.16716
2.62244
2.00436
1.63466
0.572631
0.259717
-0.705508
-1.35939
-1.8005
-2.45425
-2.58804
-2.8932
-3.05142
-0.768164
-0.828753
-0.498773
-0.493557
-0.0811532
0.082394
0.636008
1.00815
1.30424
1.46994
2.14116
1.74743
2.62736
1.95962
4.5828
1.68336
0.441505
1.57126
1.49396
0.961414
0.960433
0.354481
0.216315
-0.463156
-0.778762
-1.07252
-1.50646
-1.48943
-1.79053
-1.72949
-0.25391
-0.455241
-0.20238
-0.219127
-0.0548957
-0.1363
0.158774
0.25877
0.447283
0.453774
0.920824
0.549268
1.16054
0.791474
1.43076
0.942541
0.384131
0.259426
0.587012
0.309658
0.394782
0.141047
0.105328
-0.142402
-0.244707
-0.389161
-0.508055
-0.512847
-0.858655
-0.645704
)
;

boundaryField
{
    INLET
    {
        type            zeroGradient;
    }
    OUTLET
    {
        type            fixedValue;
        value           uniform 0;
    }
    WALL
    {
        type            zeroGradient;
    }
    CYLINDER
    {
        type            zeroGradient;
    }
    frontAndBackPlanes
    {
        type            empty;
    }
}


// ************************************************************************* //
