/*--------------------------------*- C++ -*----------------------------------*\
| =========                 |                                                 |
| \\      /  F ield         | OpenFOAM: The Open Source CFD Toolbox           |
|  \\    /   O peration     | Version:  v1912                                 |
|   \\  /    A nd           | Website:  www.openfoam.com                      |
|    \\/     M anipulation  |                                                 |
\*---------------------------------------------------------------------------*/
FoamFile
{
    version     2.0;
    format      ascii;
    class       volScalarField;
    location    "0.36";
    object      p;
}
// * * * * * * * * * * * * * * * * * * * * * * * * * * * * * * * * * * * * * //

dimensions      [0 2 -2 0 0 0 0];


internalField   nonuniform List<scalar> 
6600
(
98.5585
93.9449
91.6809
90.2969
89.2581
88.371
87.4754
86.5169
85.5275
84.5522
83.6059
82.7101
81.7178
80.5914
79.3495
78.1339
76.8455
75.4778
73.9695
72.4094
70.7038
68.5172
66.1672
63.7741
61.226
58.2913
54.8524
50.8015
46.1132
40.587
34.1918
26.8077
18.113
7.75931
-4.57755
-19.2732
-36.8016
-57.6441
-82.2477
-111.206
-145.257
-185.347
-232.246
-286.716
-349.404
-422.293
-505.136
-597.206
-705.871
-826.852
95.4385
90.6586
88.8474
87.23
85.7162
84.3173
82.9878
81.7042
80.4495
79.2214
77.9166
76.4883
74.9927
73.4518
71.6752
69.7748
67.7855
65.6827
63.2874
60.6596
58.0126
55.0903
51.6317
47.7821
43.624
39.0582
33.8987
27.8957
20.9693
13.1109
4.13721
-6.14361
-17.9961
-31.7473
-47.8015
-66.5532
-88.4284
-114.054
-143.967
-178.678
-218.799
-265.536
-319.634
-382.037
-452.727
-534.461
-626.387
-727.651
-843.58
-971.793
91.0448
86.1054
84.6927
82.8572
81.0365
79.3168
77.663
76.0544
74.4552
72.8874
71.2664
69.3716
67.2722
65.0539
62.7669
60.2457
57.4653
54.4874
51.2913
47.6536
43.703
39.4911
34.8206
29.6623
23.8052
17.2955
10.1639
2.15742
-7.02872
-17.4511
-29.2102
-42.5634
-57.8617
-75.4012
-95.518
-118.643
-145.241
-175.982
-211.375
-252.122
-298.551
-352.231
-413.433
-483.183
-562.157
-651.83
-751.956
-861.251
-980.625
-1108.43
85.982
80.7933
79.6227
77.3491
75.2945
73.397
71.5461
69.6972
67.7912
65.6778
63.425
61.0658
58.555
55.7009
52.5801
49.2654
45.6401
41.5945
37.2642
32.6073
27.5269
21.9714
15.7653
8.9592
1.52045
-6.88466
-16.2926
-26.6755
-38.2614
-51.3375
-66.0625
-82.7538
-101.708
-123.155
-147.483
-175.171
-206.713
-242.764
-283.873
-330.675
-383.782
-443.974
-512.012
-588.834
-675.043
-771.526
-878.377
-993.373
-1114.04
-1238.29
80.3089
74.8128
73.8661
71.1307
69.0002
66.9219
64.8254
62.6152
60.2851
57.7499
54.9173
51.8704
48.6392
45.2308
41.4167
37.1734
32.6023
27.6221
22.1525
16.1559
9.6158
2.50883
-5.24569
-13.8727
-23.2667
-33.6067
-45.1694
-58.0074
-72.3254
-88.3664
-106.164
-126.247
-148.901
-174.431
-203.196
-235.655
-272.277
-313.667
-360.314
-412.944
-472.245
-538.677
-612.772
-695.458
-787.488
-889.595
-1001.47
-1120.18
-1240.76
-1360.43
73.9614
68.355
67.6293
64.4653
62.2924
60.0206
57.6426
55.0322
52.1357
49.044
45.7725
42.2357
38.2688
33.9239
29.2933
24.2013
18.5782
12.4342
5.82537
-1.39274
-9.31064
-18.0878
-27.7456
-38.3029
-49.8683
-62.5027
-76.4835
-91.8323
-108.852
-127.849
-149.018
-172.68
-199.173
-228.757
-261.816
-298.871
-340.383
-386.888
-438.874
-496.898
-561.551
-633.353
-712.798
-800.345
-896.478
-1002.1
-1117.17
-1238.54
-1358.6
-1472.16
67.064
61.5078
60.9221
57.4314
55.2072
52.6249
49.8217
46.8213
43.5165
39.9101
35.9898
31.7413
27.1643
22.0527
16.4247
10.3779
3.79477
-3.48731
-11.5417
-20.2667
-29.7401
-40.1258
-51.6205
-64.1956
-77.9518
-92.9368
-109.416
-127.565
-147.6
-169.705
-194.169
-221.294
-251.459
-285.04
-322.391
-363.917
-410.045
-461.194
-517.832
-580.522
-649.77
-725.881
-809.187
-900.185
-999.214
-1107.03
-1223.84
-1346.51
-1464.86
-1569.88
59.765
54.3804
53.7682
49.9317
47.7183
44.8347
41.6134
38.1127
34.325
30.253
25.7523
20.7118
15.189
9.203
2.60376
-4.58564
-12.3599
-20.8154
-30.063
-40.2655
-51.4776
-63.6238
-76.9736
-91.5766
-107.564
-125.015
-144.097
-164.989
-187.927
-213.158
-240.929
-271.571
-305.416
-342.771
-383.976
-429.46
-479.615
-534.784
-595.4
-661.898
-734.673
-814.112
-900.387
-993.603
-1093.98
-1202.36
-1319.39
-1442.1
-1557.67
-1651.56
52.0353
47.0196
46.2924
42.2304
39.9198
36.6337
33.0852
29.1459
24.8431
20.0828
14.8333
9.09228
2.75598
-4.22107
-11.8614
-20.2386
-29.3633
-39.346
-50.0835
-61.7548
-74.6804
-88.7297
-103.973
-120.539
-138.648
-158.453
-180.102
-203.808
-229.676
-257.968
-288.94
-322.842
-359.977
-400.705
-445.415
-494.424
-548.042
-606.608
-670.416
-739.832
-815.176
-896.612
-984.384
-1078.72
-1179.68
-1287.78
-1403.57
-1524.17
-1635
-1715.83
44.0335
39.5499
38.7003
34.5696
32.1584
28.3605
24.457
20.1143
15.2427
9.81941
3.76598
-2.91879
-10.1884
-18.1787
-26.934
-36.5115
-46.9834
-58.3818
-70.8076
-84.2712
-98.7971
-114.736
-132.082
-150.789
-171.075
-193.228
-217.364
-243.598
-272.152
-303.267
-337.167
-374.113
-414.38
-458.22
-505.878
-557.718
-614.033
-675.061
-741.13
-812.513
-889.456
-972.182
-1060.68
-1154.98
-1255.21
-1361.88
-1474.99
-1591.38
-1696.31
-1763.14
35.9705
32.2898
31.1229
27.112
24.5477
20.3188
16.0572
11.1559
5.69932
-0.432807
-7.23231
-14.6907
-22.9673
-32.0534
-42.0156
-52.8739
-64.7005
-77.5852
-91.6205
-106.884
-123.329
-141.062
-160.35
-181.284
-203.857
-228.261
-254.759
-283.5
-314.612
-348.353
-384.934
-424.557
-467.407
-513.741
-563.876
-618.026
-676.452
-739.407
-807.072
-879.613
-957.161
-1039.83
-1127.85
-1221.26
-1320.02
-1424.46
-1534.07
-1644.8
-1741.72
-1794.51
28.2753
25.3882
23.9208
20.1368
17.2093
12.7162
8.16087
2.58864
-3.33729
-10.1745
-17.7808
-26.1493
-35.3678
-45.4812
-56.5601
-68.7153
-81.9104
-96.2453
-111.867
-128.778
-147.144
-166.885
-188.144
-211.073
-235.902
-262.654
-291.44
-322.502
-355.98
-392.034
-430.898
-472.768
-517.887
-566.44
-618.545
-674.421
-734.259
-798.231
-866.5
-939.288
-1016.79
-1099.02
-1185.88
-1277.35
-1373.47
-1474.51
-1580.08
-1684.68
-1772.46
-1812.55
21.5461
19.1747
17.6537
14.0197
10.7876
5.95702
1.08148
-5.30771
-11.8335
-19.2683
-27.5432
-36.7222
-46.8645
-58.0301
-70.2233
-83.5331
-98.0858
-113.885
-130.983
-149.461
-169.467
-191.151
-214.474
-239.466
-266.266
-295.111
-326.101
-359.317
-394.939
-433.156
-474.1
-517.995
-564.959
-615.083
-668.581
-725.633
-786.373
-850.933
-919.479
-991.991
-1068.46
-1149.03
-1233.84
-1322.81
-1415.77
-1512.88
-1613.77
-1712.06
-1791.04
-1819.97
15.8571
13.966
12.3878
8.80882
5.27455
0.271618
-4.79679
-12.0648
-19.0172
-27.1093
-36.1316
-46.1161
-57.097
-69.1677
-82.406
-96.8535
-112.604
-129.745
-148.301
-168.368
-189.936
-213.159
-238.219
-265.212
-294.052
-324.879
-357.871
-393.14
-430.728
-470.795
-513.496
-558.936
-607.322
-658.823
-713.46
-771.27
-832.39
-896.913
-964.797
-1036.25
-1111.4
-1190.1
-1272.19
-1357.76
-1446.75
-1539.14
-1633.87
-1725.55
-1797.88
-1819.41
11.9518
10.2738
8.47789
4.69702
0.996805
-4.59907
-9.13859
-17.5037
-24.7622
-33.3445
-42.984
-53.7116
-65.5448
-78.4901
-92.6191
-108.11
-124.972
-143.293
-163.115
-184.581
-207.782
-232.685
-259.355
-287.905
-318.523
-351.196
-385.933
-422.938
-462.293
-504.056
-548.323
-595.263
-644.902
-697.236
-752.409
-810.58
-871.723
-935.824
-1003.02
-1073.19
-1146.24
-1222.26
-1301.17
-1382.82
-1467.1
-1554.23
-1641.49
-1723.88
-1785.99
-1805.41
9.62953
8.0515
6.27276
2.42692
-1.43126
-7.28517
-12.5098
-21.1597
-28.4574
-37.6264
-47.8214
-59.0995
-71.5908
-85.317
-100.203
-116.593
-134.524
-153.997
-175.071
-197.731
-222.154
-248.477
-276.728
-306.913
-339.088
-373.419
-409.963
-448.633
-489.506
-532.697
-578.289
-626.296
-676.802
-729.922
-785.647
-843.878
-904.698
-968.149
-1034.02
-1102.33
-1173.15
-1246.29
-1321.57
-1398.81
-1477.72
-1558.06
-1635.68
-1704.19
-1749.93
-1767.38
9.57369
7.74603
5.6468
1.61706
-2.2038
-8.34
-14.0371
-22.2759
-29.9923
-39.5973
-50.2343
-62.0117
-75.0476
-89.5267
-104.597
-121.818
-140.659
-161.091
-183.265
-207.258
-232.985
-260.549
-290.122
-321.786
-355.496
-391.226
-429.15
-469.325
-511.695
-556.248
-603.016
-652.081
-703.484
-757.129
-812.976
-871.189
-931.647
-994.179
-1058.82
-1125.41
-1193.78
-1263.78
-1335.09
-1407.48
-1480.78
-1552.84
-1619.03
-1670.5
-1696.17
-1709.12
11.2833
9.16601
7.10526
2.7417
-1.08965
-7.55325
-13.0717
-21.9915
-28.9716
-39.2069
-49.9948
-61.9643
-75.2889
-90.0823
-106.094
-123.562
-143.278
-164.598
-187.574
-212.384
-239.256
-268.138
-298.993
-331.897
-367.046
-404.446
-443.892
-485.444
-529.089
-574.846
-622.757
-672.777
-724.804
-778.896
-835.108
-893.198
-953.17
-1014.98
-1078.35
-1143.01
-1208.81
-1275.68
-1343.28
-1410.82
-1478.25
-1542.13
-1597.43
-1635.58
-1647.33
-1653.96
15.1462
12.2952
10.5213
5.81701
2.41223
-5.56885
-9.33461
-19.2117
-26.1561
-36.1426
-47.0776
-59.0841
-72.6091
-87.5881
-104.063
-122.14
-142.11
-164.05
-187.944
-213.702
-241.428
-271.234
-303.285
-337.518
-373.835
-412.376
-453.262
-496.29
-541.408
-588.5
-637.521
-688.465
-741.385
-796.151
-852.56
-910.697
-970.406
-1031.51
-1093.8
-1157.1
-1221.07
-1285.25
-1349.45
-1413.17
-1474.87
-1530.78
-1576.44
-1605.58
-1616.99
-1618.35
20.5867
16.9802
15.6958
10.4339
7.41677
0.394499
-5.07359
-13.1518
-21.3344
-30.9475
-41.918
-53.3251
-67.0708
-82.1524
-98.7897
-117.178
-137.371
-159.47
-183.689
-210.134
-238.757
-269.551
-302.628
-337.969
-375.796
-415.843
-458.085
-502.522
-548.961
-597.375
-647.71
-699.864
-753.631
-808.974
-865.961
-924.379
-984.041
-1044.73
-1106.35
-1168.46
-1230.74
-1292.97
-1354.84
-1415.91
-1473.34
-1523.72
-1561
-1579.44
-1590.83
-1590.61
27.2845
23.0147
22.1204
16.9897
13.4407
7.42852
1.56525
-5.96957
-14.1751
-23.5032
-34.0338
-45.7926
-59.0804
-73.8915
-90.3182
-108.592
-128.913
-151.317
-175.811
-202.555
-231.716
-263.318
-297.343
-333.698
-372.533
-413.945
-457.746
-503.735
-551.859
-601.892
-653.688
-707.072
-762.031
-818.501
-876.215
-935.058
-995.035
-1055.99
-1117.35
-1179.03
-1240.87
-1302.53
-1362.98
-1421.31
-1475.29
-1521.2
-1551.99
-1561.21
-1565.43
-1567.73
34.8024
29.7215
28.9923
24.3843
20.7996
15.4146
9.81878
2.73391
-5.22286
-14.2638
-24.4619
-35.9544
-48.8954
-63.2008
-79.2408
-97.2606
-117.156
-139.352
-163.93
-190.893
-220.354
-252.438
-287.288
-324.864
-365.012
-407.624
-452.903
-500.627
-550.446
-602.191
-655.706
-710.838
-767.331
-824.962
-883.735
-943.636
-1004.27
-1065.39
-1127.14
-1188.99
-1250.45
-1311.49
-1372
-1429.29
-1479.98
-1519.76
-1542.04
-1551.69
-1549.37
-1552.01
42.1523
37.8331
35.9182
32.2558
29.0375
24.2179
19.0018
12.514
5.09299
-3.49029
-13.2099
-24.2045
-36.6482
-50.7208
-65.4288
-83.2427
-102.743
-124.617
-148.862
-175.744
-205.373
-237.798
-273.048
-311.241
-352.499
-396.644
-443.447
-492.903
-544.752
-598.672
-654.341
-711.381
-769.614
-829
-889.325
-950.275
-1012.07
-1074.53
-1136.93
-1199.4
-1262.04
-1324.14
-1383.87
-1438.41
-1485.65
-1518.26
-1530.6
-1536.82
-1535.88
-1537.75
49.3232
45.5399
43.8422
40.703
37.5883
33.3547
28.6076
22.8187
16.1176
8.19917
-0.855879
-11.1573
-22.8279
-36.0791
-50.7632
-67.5598
-85.4736
-107.017
-130.843
-157.303
-186.75
-219.352
-255.156
-294.136
-336.215
-381.51
-429.972
-481.315
-535.294
-591.504
-649.532
-709.088
-769.748
-831.163
-893.224
-956.001
-1019.16
-1082.65
-1146.5
-1210.1
-1273.22
-1334.96
-1393.92
-1447.49
-1489.46
-1513.88
-1523.4
-1522.98
-1524.14
-1525.28
55.3477
53.1996
51.5958
48.8613
46.2032
42.6533
38.472
33.3475
27.3666
20.2833
12.0772
2.64882
-8.10595
-20.3273
-34.1964
-50.0129
-67.6005
-87.7565
-110.773
-136.51
-165.446
-197.678
-233.459
-272.918
-316.031
-362.618
-412.601
-465.865
-522.06
-580.889
-641.879
-704.3
-767.614
-831.579
-896.092
-960.808
-1025.82
-1091.1
-1156.23
-1221.02
-1285.11
-1347.98
-1405.47
-1455.76
-1491.72
-1505.99
-1512.95
-1512.01
-1513.41
-1514.24
59.1977
58.6213
57.9604
56.4923
54.6557
51.8105
48.3011
43.8301
38.5532
32.297
24.9729
16.4952
6.75753
-4.3681
-16.9983
-31.4938
-48.0587
-67.0768
-88.9672
-113.348
-141.837
-173.729
-209.292
-248.787
-292.359
-340.067
-391.714
-447.041
-505.849
-567.556
-631.5
-697.196
-763.966
-831.07
-898.128
-965.237
-1032.27
-1099.27
-1166.31
-1233.09
-1298.37
-1360.28
-1417.73
-1463.74
-1490.99
-1501.38
-1501.54
-1502.57
-1503.48
-1504.25
60.6748
63.2702
62.9877
63.1751
62.4147
60.4635
57.8176
54.0858
49.4993
43.9839
37.5223
30.0267
21.4068
11.4601
-0.0264633
-13.1834
-28.3456
-45.8612
-66.1116
-89.2441
-116.318
-147.324
-182.403
-221.862
-265.891
-314.469
-367.563
-424.961
-486.213
-551.045
-618.84
-688.518
-759.021
-829.654
-900.183
-970.194
-1039.4
-1108.13
-1176.7
-1244.44
-1310.51
-1372.25
-1429.14
-1470.78
-1486.61
-1494.16
-1492.94
-1493.64
-1494.07
-1494.46
58.7054
66.3804
66.7588
68.8912
69.2447
68.4246
66.7701
63.8702
60.0036
55.1803
49.4496
42.8349
35.2332
26.6174
16.604
4.90689
-8.68959
-24.597
-43.1783
-64.8487
-90.2339
-119.715
-153.874
-192.85
-236.912
-286.307
-340.997
-400.666
-464.905
-533.158
-604.81
-678.611
-753.519
-828.499
-902.629
-975.748
-1047.45
-1117.73
-1187.94
-1257.63
-1324.1
-1386.27
-1438.05
-1471.69
-1483.67
-1483.9
-1484.61
-1484.51
-1484.64
-1484.64
53.4606
66.7567
69.0527
72.9726
75.2188
75.6169
74.9621
73.2112
70.0647
65.8313
60.7631
54.877
48.085
40.3742
31.6678
21.6445
9.79759
-4.18074
-20.6458
-40.355
-63.8169
-91.6657
-124.53
-162.575
-206.314
-256.025
-311.984
-373.991
-441.446
-513.656
-589.948
-668.828
-748.64
-828.391
-907.322
-984.275
-1057.95
-1129.53
-1200.92
-1272.63
-1341.77
-1405.63
-1448.43
-1466.58
-1477.94
-1474.91
-1475.55
-1475.3
-1475.21
-1474.94
39.4367
63.9792
68.5075
75.6403
80.13
82.037
82.8881
81.482
79.2891
75.7868
71.2499
65.9876
59.9944
52.9874
45.3411
36.5399
26.3481
14.3741
-0.0396776
-17.5374
-38.8497
-64.9589
-96.504
-133.277
-176.304
-226.573
-283.815
-347.978
-418.776
-495.453
-576.769
-660.716
-746.369
-832.568
-916.949
-998.007
-1074.12
-1147.14
-1218.18
-1285.05
-1347.13
-1402.19
-1441.86
-1459.23
-1461.51
-1463.83
-1465.22
-1465.98
-1466.28
-1466.1
180.989
176.56
174.594
173.332
172.749
172.712
173.016
173.622
174.645
176.088
177.992
180.331
183.101
186.318
189.974
194.062
198.639
203.677
209.171
215.097
221.398
228.137
235.327
242.86
250.84
258.981
267.114
275.301
283.519
291.707
299.647
307.13
313.975
320.107
325.267
329.299
331.844
332.158
329.855
324.843
316.696
304.697
288.203
266.532
239.139
204.847
163.325
115.613
55.6068
-6.3974
178.335
174.091
172.726
171.461
170.788
170.627
170.804
171.308
172.238
173.601
175.426
177.697
180.383
183.433
186.833
190.618
194.824
199.517
204.618
210.147
215.967
222.067
228.494
235.169
242.061
249.375
256.774
264.043
271.077
277.834
284.27
290.007
294.878
298.718
301.355
302.605
302.221
299.624
294.194
285.596
273.49
257.224
236.146
209.536
177.081
137.43
90.3807
36.4633
-27.6644
-92.7308
174.926
170.782
170.095
168.93
168.243
168.051
168.215
168.754
169.716
171.129
172.93
175.141
177.783
180.829
184.234
187.959
191.935
196.275
200.954
206.041
211.474
217.128
222.926
228.98
235.015
241.011
247.091
253.199
259.034
264.364
269.024
272.897
275.739
277.346
277.395
275.737
272.226
266.227
257.268
244.956
228.838
208.265
182.678
151.373
113.87
69.3385
17.4174
-41.2242
-106.756
-170.647
171.025
166.942
166.856
165.688
165.135
164.926
165.084
165.668
166.698
168.153
170.004
172.221
174.77
177.692
181.009
184.727
188.775
193.07
197.49
202.084
206.962
212.052
217.25
222.392
227.658
232.801
237.667
242.271
246.543
250.26
253.226
255.11
255.694
254.898
252.441
247.888
241.076
231.743
219.229
203.041
182.842
158.134
128.374
92.9068
51.1936
2.74094
-52.7628
-114.076
-179.647
-240.186
166.756
162.682
162.935
161.532
161.137
161.034
161.271
161.922
162.971
164.431
166.238
168.427
171.002
173.892
177.047
180.477
184.247
188.387
192.784
197.147
201.521
205.978
210.563
215.106
219.347
223.291
226.947
230.147
232.797
234.672
235.635
235.478
233.961
230.76
225.642
218.351
208.476
195.662
179.652
159.993
136.171
107.782
74.4762
35.7407
-8.89949
-59.8923
-117.326
-179.522
-243.915
-299.688
162.175
158.077
158.397
156.666
156.429
156.361
156.618
157.284
158.352
159.791
161.566
163.652
166.049
168.8
171.873
175.183
178.655
182.263
186.196
190.269
194.228
198.057
201.706
205.344
208.867
211.986
214.406
216.103
217.014
217.062
216.045
213.777
209.967
204.442
196.851
186.803
174.066
158.332
139.215
116.457
89.7152
58.5777
22.7226
-18.1623
-64.3625
-116.256
-174.028
-235.979
-298.035
-347.412
157.067
152.791
153.091
151.215
151.027
151.006
151.309
151.963
152.977
154.31
155.951
157.928
160.182
162.64
165.306
168.233
171.41
174.655
177.909
181.292
184.749
188.116
191.242
193.848
195.99
197.795
199.053
199.467
198.831
197.017
194.082
189.775
183.854
175.994
165.992
153.605
138.421
120.165
98.6863
73.6864
44.85
11.918
-25.314
-67.0869
-113.628
-165.233
-221.979
-282.123
-340.251
-381.704
151.28
146.82
146.977
145.196
145.009
144.874
145.132
145.774
146.727
147.981
149.466
151.174
153.158
155.391
157.803
160.321
162.896
165.55
168.231
170.798
173.284
175.625
177.863
179.738
181.063
181.632
181.385
180.333
178.291
175.032
170.307
164.002
156.004
146.162
134.098
119.533
102.37
82.3458
59.1708
32.7058
2.7758
-30.8353
-68.3042
-109.798
-155.498
-205.729
-260.314
-317.216
-370.289
-402.733
144.197
140.102
140.138
138.381
138.3
138.159
138.344
138.866
139.678
140.75
142.079
143.623
145.264
147.025
148.937
151.006
153.166
155.228
157.2
159.136
160.887
162.331
163.387
163.969
163.926
163.282
161.834
159.37
155.788
150.968
144.736
136.92
127.273
115.601
101.875
85.9162
67.3735
46.103
22.0291
-5.03237
-35.2261
-68.6371
-105.339
-145.486
-189.324
-237.224
-288.825
-341.358
-388.19
-411.373
136.393
132.356
132.329
130.584
130.469
130.263
130.475
130.994
131.733
132.662
133.759
135.041
136.49
138.009
139.505
140.896
142.344
143.817
145.049
146.071
146.821
147.306
147.303
146.914
145.898
143.949
141.133
137.363
132.514
126.357
118.739
109.45
98.411
85.5419
70.5861
53.4291
34.1269
12.4535
-11.8302
-38.7641
-68.3699
-100.725
-135.876
-173.859
-214.872
-259.231
-306.882
-354.922
-395.899
-411.964
126.855
123.52
123.434
121.823
121.802
121.521
121.662
122.071
122.656
123.424
124.347
125.333
126.355
127.437
128.603
129.717
130.589
131.317
131.928
132.316
132.339
131.853
130.842
129.033
126.69
123.757
119.877
114.887
108.749
101.39
92.666
82.4409
70.4559
56.6264
41.0198
23.5041
3.8329
-17.9352
-41.7822
-67.8481
-96.1739
-126.76
-159.61
-194.668
-231.965
-272.094
-314.78
-357.661
-393.789
-407.094
116.27
113.625
113.524
112.18
112.134
111.818
111.945
112.243
112.632
113.107
113.702
114.435
115.206
115.917
116.522
117.101
117.545
117.695
117.554
117.02
116.236
115.007
113.264
110.96
107.7
103.559
98.6006
92.696
85.6166
77.2498
67.5297
56.3302
43.6975
29.527
13.5759
-4.10891
-23.3778
-44.4339
-67.3748
-92.1208
-118.611
-146.814
-176.741
-208.327
-241.365
-276.376
-312.522
-347.648
-376.182
-389.671
104.653
102.731
102.845
101.778
101.787
101.361
101.33
101.442
101.631
101.892
102.138
102.342
102.587
102.884
103.115
103.156
103.068
102.813
102.313
101.368
99.8332
97.8948
95.1981
91.8823
87.9607
83.2467
77.4992
70.7072
62.8225
53.7773
43.5315
32.0178
19.0217
4.54947
-11.2421
-28.4712
-47.2903
-67.4714
-88.9637
-111.828
-136.005
-161.402
-187.893
-215.262
-243.751
-272.751
-300.983
-325.032
-340.365
-352.08
92.4538
91.0518
91.2366
90.408
90.5568
90.2024
90.1324
90.0222
89.8915
89.8387
89.8493
89.8121
89.633
89.3058
88.9276
88.4314
87.7428
86.7946
85.5454
84.0884
82.1619
79.625
76.7323
73.032
68.4428
63.0473
56.8076
49.6102
41.324
31.8721
21.1596
9.2192
-3.80066
-17.9643
-33.4884
-50.2142
-67.9244
-86.7574
-106.65
-127.456
-149.082
-171.378
-194.144
-217.306
-240.415
-262.777
-282.963
-297.505
-302.575
-308.566
79.7824
79.0629
79.2721
78.5949
78.6872
78.2847
78.2024
78.0407
77.7769
77.3924
76.9032
76.4052
75.8981
75.2563
74.3917
73.3509
72.1441
70.7374
69.0109
66.9374
64.5403
61.5532
57.8816
53.7271
48.9836
43.3299
36.7295
29.1647
20.5905
10.9844
0.356397
-11.3634
-24.3132
-38.3837
-53.2789
-69.0877
-85.8823
-103.365
-121.433
-140.017
-158.973
-178.175
-197.344
-216.231
-234.207
-250.284
-263.197
-271.543
-277.521
-279.943
66.6682
66.6986
67.0807
66.612
66.7711
66.2463
65.9638
65.5426
65.1041
64.6217
63.9833
63.1213
62.0797
60.9613
59.6882
58.184
56.4215
54.3888
52.103
49.5395
46.6017
43.4394
39.7116
35.2112
29.9988
24.1879
17.596
10.0963
1.59598
-7.99415
-18.6942
-30.3914
-42.9045
-56.296
-70.7236
-85.8609
-101.437
-117.525
-133.937
-150.471
-167.082
-183.566
-199.42
-214.279
-227.914
-239.477
-247.712
-251.768
-257.289
-259.216
53.4988
54.505
54.8356
54.5182
54.7573
54.2427
53.9193
53.2406
52.3814
51.4424
50.4485
49.3691
48.1017
46.586
44.9067
43.0516
40.9856
38.6574
35.9948
33.0051
29.6219
25.7995
21.6986
17.1774
11.9629
6.01247
-0.679401
-8.14553
-16.4832
-25.7811
-36.0013
-47.1915
-59.4815
-72.6712
-86.3658
-100.605
-115.372
-130.317
-145.34
-160.336
-175.066
-189.138
-202.201
-214.19
-224.45
-231.809
-235.81
-240.103
-242.219
-244.485
40.7431
42.6397
43.1152
42.8957
43.0316
42.3073
41.8744
41.0653
40.091
38.8924
37.4486
35.8382
34.1279
32.2502
30.1581
27.8562
25.3326
22.5959
19.6648
16.4591
12.9792
9.11468
4.75579
-0.0191459
-5.18596
-10.9629
-17.4022
-24.6103
-32.6207
-41.555
-51.5527
-62.5636
-74.3421
-86.92
-100.409
-114.326
-128.352
-142.524
-156.593
-170.4
-183.705
-196.005
-206.895
-216.12
-223.365
-227.966
-230.241
-232.937
-235.005
-236.291
29.16
31.2855
31.9495
31.9393
32.0538
31.0741
30.4204
29.177
27.8689
26.4333
24.7542
22.7962
20.591
18.2347
15.7101
13.0367
10.2137
7.18006
3.94144
0.46863
-3.29478
-7.3103
-11.5755
-16.2898
-21.4218
-27.0192
-33.1868
-40.03
-47.6536
-56.1533
-65.5018
-75.8294
-87.3322
-99.8713
-112.993
-126.635
-140.506
-154.232
-167.786
-181.051
-193.624
-204.58
-213.588
-220.31
-224.443
-226.629
-229.537
-230.735
-232.529
-233.017
18.7661
21.0789
21.758
21.7206
21.8068
20.7121
20.0177
18.4144
16.7329
14.8095
12.6498
10.283
7.66486
4.79653
1.72993
-1.54657
-4.9442
-8.39189
-11.9408
-15.585
-19.3362
-23.3211
-27.5297
-31.9584
-36.7518
-41.9497
-47.6726
-53.9307
-60.878
-68.7126
-77.6527
-87.7826
-98.8814
-110.93
-124.2
-138.18
-152.283
-166.25
-179.911
-193.112
-205.193
-215.676
-223.18
-226.386
-226.988
-228.544
-230.038
-231.539
-232.79
-232.949
9.68176
12.0974
12.8423
12.7687
12.7139
11.4005
10.5576
8.51103
6.59908
4.27665
1.60805
-1.31717
-4.47498
-7.86751
-11.4189
-15.1443
-19.0763
-23.0817
-27.122
-31.1706
-35.2381
-39.2808
-43.3924
-47.594
-51.9642
-56.6601
-61.6927
-67.228
-73.4627
-80.5731
-88.5564
-97.6609
-108.359
-120.601
-133.91
-148.353
-163.441
-178.31
-192.525
-205.652
-217.928
-229.068
-235.298
-235.053
-233.469
-232.766
-233.6
-234.712
-235.42
-235.338
2.25041
4.36875
5.09635
4.92981
4.80313
3.35302
2.38839
0.0315205
-2.25032
-5.08974
-8.23147
-11.6666
-15.4266
-19.4974
-23.8183
-28.24
-32.7601
-37.4017
-42.0356
-46.5702
-50.9954
-55.2838
-59.3414
-63.2706
-67.1768
-71.1147
-75.2596
-79.8595
-84.9367
-90.8139
-97.8924
-106.437
-116.393
-127.91
-141.432
-156.661
-172.996
-189.423
-204.774
-218.747
-231.699
-241.81
-246.612
-245.94
-242.624
-240.156
-239.334
-239.146
-239.011
-238.664
-3.33449
-1.81654
-1.11043
-1.72728
-2.21313
-3.74056
-5.12326
-7.55775
-10.0958
-13.3386
-16.9027
-20.8336
-25.1151
-29.741
-34.7264
-39.9469
-45.2669
-50.6686
-56.062
-61.4205
-66.504
-71.2311
-75.564
-79.4504
-83.0527
-86.3742
-89.6306
-92.9264
-96.6572
-101.121
-106.599
-113.279
-122.056
-133.293
-146.598
-162.222
-180.222
-199.122
-216.942
-232.209
-243.825
-251.374
-254.567
-254.276
-250.702
-247.395
-244.848
-243.302
-242.508
-241.893
-7.32238
-6.66897
-5.8647
-7.15587
-7.87061
-9.68745
-11.268
-14.0897
-16.9331
-20.433
-24.3526
-28.8093
-33.7023
-38.9841
-44.6642
-50.7322
-57.0131
-63.3563
-69.7257
-75.9194
-81.8825
-87.3312
-92.1528
-96.2732
-99.6036
-102.29
-104.538
-106.459
-108.471
-110.975
-114.558
-119.729
-126.663
-136.008
-148.68
-164.837
-184.217
-205.733
-227.124
-244.079
-253.066
-257.026
-259.799
-259.118
-256.577
-252.876
-249.408
-246.88
-245.458
-244.612
-9.9771
-10.2705
-9.86694
-11.3723
-11.987
-14.75
-15.6709
-19.0933
-22.4432
-26.2936
-30.5732
-35.3813
-40.7534
-46.7011
-53.0938
-59.9777
-67.2874
-74.7964
-82.4549
-89.9035
-96.947
-103.466
-109.172
-113.792
-117.373
-119.873
-121.203
-121.769
-121.826
-122.01
-122.998
-125.152
-129.399
-136.798
-147.767
-162.94
-182.781
-206.957
-233.826
-254.388
-261.514
-263.676
-264.041
-264.284
-261.954
-258.334
-254.354
-251.09
-249.207
-247.761
-11.9096
-12.189
-11.7627
-14.2347
-15.1371
-17.788
-19.5994
-23.2109
-26.6904
-30.8989
-35.6166
-40.896
-46.6968
-53.2604
-60.4766
-68.2186
-76.5657
-85.406
-94.4138
-103.503
-112.171
-120.191
-127.023
-132.548
-136.477
-138.92
-139.641
-138.901
-136.85
-134.11
-131.858
-131.218
-132.065
-135.541
-142.8
-155.564
-176.069
-203.125
-232.645
-257.446
-269.39
-272.774
-273.887
-274.323
-272.654
-268.973
-264.158
-259.686
-256.745
-254.877
-11.847
-12.1831
-13.1195
-15.2899
-16.8793
-20.017
-22.6649
-26.2387
-29.9007
-34.4176
-39.4414
-45.0558
-51.351
-58.3852
-66.2173
-74.9146
-84.3793
-94.6469
-105.318
-116.042
-126.583
-136.388
-144.921
-152.052
-157.166
-160.149
-160.815
-159.187
-155.396
-149.804
-143.38
-137.65
-134.034
-132.797
-134.923
-144.368
-163.724
-190.245
-221.249
-248.228
-269.117
-279.688
-288.307
-293.119
-293.355
-289.442
-283.408
-277.585
-273.589
-270.855
-11.6773
-10.8608
-13.0942
-15.3427
-17.7059
-21.3289
-24.5858
-28.453
-32.6458
-37.4128
-42.7221
-48.5901
-55.2152
-62.7245
-70.9969
-80.5
-90.9378
-102.428
-114.629
-127.303
-140.014
-152.213
-163.55
-172.876
-179.804
-183.632
-184.556
-182.226
-177.202
-168.648
-157.585
-146.476
-137.432
-131.419
-127.614
-129.067
-143.497
-168.1
-199.095
-231.281
-259.128
-283.857
-304.055
-317.896
-322.978
-320.135
-312.779
-305.201
-300.132
-297.091
-13.0475
-7.05923
-11.5316
-14.4937
-17.5459
-21.4549
-25.3102
-29.7208
-34.4235
-39.5152
-45.0788
-51.3034
-58.1256
-65.9875
-74.8662
-84.7247
-96.0123
-108.608
-122.456
-136.973
-152.171
-166.839
-180.824
-193.619
-203.184
-208.914
-210.674
-209.168
-203.388
-193.367
-178.23
-159.572
-142.427
-131.98
-125.789
-119.01
-120.538
-142.117
-173.905
-211.958
-248.05
-284.368
-318.933
-346.421
-360.596
-360.401
-351.715
-341.923
-335.72
-332.589
-28.6378
-6.40705
-9.88379
-12.3934
-15.8954
-20.8337
-25.9066
-31.231
-36.3126
-41.6746
-47.5857
-54.3946
-61.9632
-69.2713
-78.484
-88.764
-100.404
-113.868
-129.214
-145.699
-162.904
-180.654
-197.447
-213.456
-227.351
-235.635
-238.718
-239.818
-235.256
-222.994
-201.846
-178.445
-151.939
-127.446
-110.769
-104.174
-105.209
-118.453
-153.103
-194.583
-239.911
-287.966
-335.223
-374.883
-398.116
-402.825
-395.103
-384.27
-377.659
-374.661
-21.7253
-5.97611
-9.18162
-11.6721
-14.6814
-19.0337
-24.5439
-30.6599
-36.6543
-42.8833
-49.1002
-55.7887
-64.1663
-72.764
-82.011
-93.3448
-105.752
-120.449
-137.33
-156.504
-176.674
-198.202
-219.365
-239.433
-258.438
-271.8
-277.233
-277.052
-272.593
-261.417
-239.739
-209.039
-173.449
-135.857
-115.295
-108.746
-113.994
-136.132
-169.035
-213.67
-261.103
-310.341
-357.977
-402.633
-430.36
-437.782
-432.387
-423.501
-418.348
-417.311
-14.8363
-9.58977
-10.9562
-13.4589
-17.2714
-22.0445
-27.8252
-34.344
-41.1472
-47.8797
-54.4701
-61.7364
-69.5271
-79.1729
-89.9091
-102.34
-116.992
-134.378
-154.153
-176.276
-200.791
-226.243
-251.56
-277.368
-301.513
-315.173
-320.807
-321.505
-317.437
-297.964
-266.496
-223.366
-179.991
-146.196
-121.657
-114.345
-132.682
-166.834
-208.805
-254.781
-300.425
-345.665
-387.091
-427.981
-455.003
-462.668
-460.661
-456.018
-454.399
-455.891
-10.2123
-9.21226
-13.5079
-17.873
-22.1332
-28.4477
-35.8519
-43.2584
-50.2265
-57.3097
-64.428
-71.845
-80.9017
-90.7901
-103.17
-117.6
-135.096
-155.642
-179.817
-206.777
-235.715
-266.412
-298.518
-328.098
-352.474
-368.858
-378.524
-378.495
-361.761
-326.994
-277.395
-232.755
-188.868
-146.94
-133.458
-147.137
-176.891
-215.49
-256.297
-298.11
-337.677
-374.024
-406.217
-436.656
-457.49
-469.898
-476.065
-479.437
-484.384
-489.72
-10.1265
-10.7947
-15.6594
-22.7234
-30.0627
-37.6266
-46.5978
-55.7835
-63.3563
-69.7135
-77.7607
-86.4924
-96.2782
-107.983
-121.853
-139.03
-159.984
-185.375
-214.744
-247.696
-283.89
-322.07
-358.595
-393.123
-424.071
-448.712
-452.649
-439.889
-404.242
-357.643
-299.684
-232.726
-187.945
-174.108
-179.134
-201.41
-232.076
-268.196
-307.292
-341.355
-371.798
-399.382
-424.607
-447.547
-464.922
-477.383
-488.246
-500.221
-513.115
-522.248
-10.8218
-13.1839
-18.4581
-26.896
-37.1931
-47.6979
-59.669
-69.2684
-77.6422
-85.6414
-93.2576
-102.291
-113.237
-127.514
-144.601
-165.639
-190.941
-222.071
-258.653
-300.479
-345.732
-391.827
-438.834
-485.218
-522.601
-540.641
-535.592
-502.1
-450.532
-376.143
-301.967
-260.207
-236.974
-228.5
-235.585
-260.53
-294.043
-327.202
-360.316
-388.017
-410.331
-428.701
-445.258
-461.32
-476.351
-491.384
-509.278
-529.112
-546.431
-556.43
-16.4808
-22.1453
-25.8712
-34.5454
-48.8056
-61.759
-73.6606
-84.1759
-92.0302
-99.0129
-108.485
-118.916
-131.178
-147.266
-168.64
-194.556
-226.087
-265.175
-312.336
-365.444
-423.376
-486.946
-548.033
-599.053
-637.891
-647.482
-619.412
-554.702
-471.412
-408.484
-355.709
-307.644
-293.456
-297.371
-304.214
-331.758
-366.366
-398.273
-425.081
-446.303
-461.626
-472.819
-482.629
-494.002
-508.396
-525.936
-547.438
-569.842
-587.257
-596.598
-23.9923
-30.833
-38.7614
-48.9045
-67.1866
-86.3911
-98.1103
-104.378
-109.813
-114.804
-121.863
-132.344
-147.166
-167.059
-192.76
-224.706
-265.3
-315.556
-376.018
-447.884
-530.11
-608.631
-674.126
-733.131
-770.245
-760.171
-688.026
-592.204
-518.032
-461.193
-415.692
-377.768
-367.173
-383.483
-404.733
-432.656
-464.27
-494.261
-515.313
-529.184
-537.497
-542.766
-548.008
-556.049
-568.885
-586.188
-606.608
-626.905
-642.68
-650.916
-41.8772
-49.7601
-60.6487
-82.5762
-101.742
-118.041
-129.258
-131.941
-132.475
-135.029
-139.334
-148.684
-163.243
-186.106
-217.575
-258.817
-309.556
-373.16
-455.945
-560.02
-661.53
-746.373
-824.83
-885.848
-901.41
-851.333
-760.864
-653.302
-564.387
-520.963
-497.851
-484.889
-490.486
-515.245
-548.257
-580.507
-608.185
-629.881
-642.889
-647.04
-645.982
-643.563
-642.614
-646.113
-655.081
-669.035
-685.917
-703.161
-717.656
-726.377
-81.7074
-95.8515
-113.863
-134.737
-168.332
-183.27
-174.691
-159.877
-152.949
-152.227
-155.899
-165.462
-182.142
-208.558
-245.551
-295.362
-358.976
-445.427
-562.671
-692.582
-809.563
-912.552
-990.297
-1020.67
-999.149
-938.762
-836.118
-720.262
-632.559
-611.946
-618.845
-634.449
-666.102
-706.758
-747.032
-778.582
-798.48
-808.28
-809.211
-801.452
-788.956
-776.351
-766.991
-762.635
-764.43
-772.182
-784.146
-798.19
-812.13
-822.195
-205.315
-175.994
-186.295
-217.407
-257.201
-272.346
-235.118
-192.418
-174.984
-165.877
-166.763
-177.468
-197.224
-228.302
-275.167
-338.865
-421.677
-534.584
-683.311
-838.176
-980.735
-1086.09
-1122.58
-1106.58
-1068.26
-997.644
-899.624
-802.757
-753.144
-749.606
-785.156
-839.554
-894.421
-943.789
-982.838
-1008.3
-1018.78
-1016.12
-1003.57
-983.806
-960.247
-936.566
-916.392
-902.09
-894.824
-894.637
-900.654
-911.131
-924.393
-935.722
-475.825
-388.235
-358.131
-349.392
-361.545
-361.988
-293.739
-221.81
-189.884
-178.481
-174.817
-185.234
-208.755
-245.377
-304.213
-384.653
-492.351
-635.071
-810.737
-996.792
-1145.04
-1202.48
-1186.33
-1137.92
-1078.13
-1015.55
-950.827
-905.463
-908.151
-950.284
-1012.44
-1085.14
-1153.75
-1210.83
-1249.11
-1266.81
-1265.94
-1249.2
-1221.74
-1187.51
-1150.34
-1114.38
-1083.06
-1058.53
-1041.95
-1033.72
-1033.61
-1040.28
-1052.39
-1064.64
-872.105
-677.027
-536.335
-451.922
-415.944
-378.054
-318.354
-238.482
-196.047
-180.586
-176.866
-186.754
-213.059
-254.664
-324.731
-428.292
-562.858
-729.797
-932.692
-1121.15
-1231.97
-1239.48
-1189.98
-1118.46
-1070.67
-1036.03
-1026.46
-1053.78
-1112.19
-1194.82
-1287.89
-1379.46
-1456.43
-1513.48
-1547.76
-1555.61
-1540.02
-1505.25
-1460.16
-1407.05
-1352.89
-1302.65
-1259.29
-1224.41
-1198.98
-1183.39
-1177.51
-1180.55
-1191.45
-1204.42
-1187.5
-841.003
-588.503
-430.355
-357.04
-294.715
-263.612
-203.121
-177.656
-164.513
-164.754
-177.167
-204.981
-253.185
-333.009
-446.028
-603.903
-791.447
-997.006
-1171.94
-1253.06
-1243.05
-1170.35
-1103.1
-1076.59
-1091.19
-1139.62
-1220.92
-1331.22
-1455.24
-1576.17
-1681.91
-1766.56
-1825.31
-1855.96
-1857.26
-1829.68
-1780.75
-1711
-1634.33
-1559.68
-1492.97
-1436.65
-1391.47
-1357.72
-1335.46
-1324.45
-1324.18
-1334.16
-1349.24
-1180.64
-770.126
-488.515
-326.966
-257.949
-205.934
-161.637
-135.316
-130.819
-128.65
-131.532
-146.882
-177.66
-226.93
-305.321
-431.782
-588.714
-772.361
-968.709
-1128.21
-1191.43
-1162.6
-1094.83
-1058.16
-1057.88
-1107.91
-1212.17
-1349.01
-1506.65
-1667.38
-1811.25
-1926.82
-2017.99
-2086.06
-2123.73
-2128.4
-2098.76
-2035.58
-1948.54
-1851.24
-1756.67
-1673.13
-1603.68
-1548.58
-1507.36
-1479.42
-1464.26
-1461.24
-1469.67
-1490.56
-850.691
-538.065
-333.55
-196.946
-135.686
-105.394
-53.6973
-75.3943
-66.0844
-79.1144
-86.7461
-98.7348
-125.952
-174.659
-250.762
-364.573
-502.839
-660.823
-823.471
-964.903
-989.763
-966.015
-936.19
-921.07
-960.981
-1066.71
-1224.99
-1412.74
-1608.62
-1797.44
-1951.94
-2070.09
-2168.87
-2250.99
-2303.53
-2321.06
-2298.72
-2236.59
-2143.71
-2034.51
-1925.68
-1828.72
-1748.19
-1684.51
-1636.86
-1604.16
-1585.54
-1580.34
-1587.83
-1603.77
-496.871
-309.24
-159.792
-71.0293
-34.8822
-19.626
-9.11319
-25.9739
-12.8705
-25.2647
-37.5815
-47.4301
-65.0029
-100.475
-160.762
-248.204
-352.403
-461.105
-557.946
-612.868
-672.387
-685.658
-688.587
-728.526
-829.563
-990.107
-1190.34
-1412.91
-1639.84
-1852.44
-2003.49
-2120.15
-2229.24
-2331.61
-2402.1
-2434.71
-2422.59
-2367.21
-2276.45
-2164.22
-2049.38
-1945.49
-1858.7
-1789.64
-1737.42
-1701.09
-1678.99
-1669.72
-1675.71
-1687.16
-233
-115.307
-21.4805
37.2854
62.4252
45.8233
22.4037
29.5156
8.7162
13.7544
9.93465
3.70465
-5.86611
-24.3578
-59.4099
-113.737
-180.491
-247.631
-306.161
-356.256
-394.231
-420.746
-457.281
-549.401
-695.174
-897.408
-1127.6
-1366.45
-1610.21
-1834.95
-1999.39
-2118.96
-2238.87
-2357.65
-2443.64
-2484.77
-2478.13
-2427.03
-2340.23
-2231.28
-2117.73
-2013.39
-1925.13
-1854.39
-1800.48
-1762.39
-1739.56
-1729.55
-1730.49
-1738.01
-51.1767
28.2137
92.2224
131.814
133.098
104.542
80.1356
59.24
43.9547
50.6648
39.9707
45.1677
47.8822
45.6857
34.0026
8.75936
-27.9825
-69.91
-110.874
-147.676
-180.355
-226.547
-297.648
-402.811
-561.396
-773.042
-1018.58
-1279.51
-1542.75
-1782.69
-1951.58
-2071.52
-2194.2
-2316.88
-2411.67
-2461.06
-2459.4
-2412.59
-2332.44
-2231.34
-2125.64
-2027.51
-1943.56
-1875.46
-1823.05
-1785.5
-1761.9
-1750.47
-1749.16
-1754.11
62.8349
118.696
158.688
176.463
171.225
156.076
127.796
100.639
77.7624
45.8606
64.2905
80.2919
83.2358
93.9313
101.463
99.2298
84.9801
61.9067
33.0108
0.308403
-42.4678
-105.135
-186.63
-294.891
-449.74
-651.785
-896.887
-1160.41
-1426.22
-1670.63
-1848.92
-1976.01
-2090.15
-2201.23
-2296.69
-2354.65
-2359.44
-2321.43
-2252.29
-2165.69
-2074.13
-1989.3
-1915.89
-1855.36
-1807.81
-1772.47
-1748.78
-1736.67
-1735.21
-1739.58
127.337
159.317
185.365
202.016
198.967
182.047
158.556
135.912
113.165
98.7946
93.0455
93.0955
109.172
128.058
145.009
153.257
152.757
141.842
120.303
82.8543
26.7258
-42.8286
-128.728
-234.598
-371.105
-550.077
-764.209
-1008.47
-1272.01
-1520.66
-1719.28
-1860.25
-1963.5
-2052.94
-2129.22
-2181.66
-2192.3
-2163.29
-2112.5
-2046.19
-1974.21
-1907.29
-1848.38
-1799.79
-1760.8
-1731.23
-1710.85
-1700.69
-1700.47
-1706.66
165.622
181.085
199.717
205.655
197.807
186.813
174.594
159.373
143.185
126.784
120.771
124.778
133.417
145.736
158.781
171.077
175.531
165.189
139.855
102.878
52.0343
-14.3802
-93.8709
-189.01
-308.817
-459.851
-644.902
-867.794
-1111.25
-1349.65
-1559.83
-1719.93
-1831.91
-1908.74
-1961.37
-1993.27
-1999.2
-1979.3
-1943.8
-1897.12
-1846.85
-1798.59
-1756.18
-1720.93
-1692.91
-1672.01
-1658.03
-1651.66
-1653.6
-1665.05
166.847
187.5
195.597
196.075
194.213
184.024
171.73
159.467
147.909
142.078
138.032
131.588
136.226
148
156.985
163.897
165.205
156.385
137
107.12
64.3736
6.46507
-65.9277
-154.289
-261.036
-390.751
-549.082
-733.862
-945.44
-1168.63
-1374.77
-1551.76
-1686.04
-1768.47
-1810.74
-1825.24
-1822.86
-1808.34
-1780.54
-1747.11
-1713.3
-1681.27
-1653.7
-1631.51
-1615.48
-1605.29
-1600.58
-1600.33
-1603.7
-1616.63
138.907
168.117
178.393
179.739
180.467
172.714
165.408
154.225
144.57
138.228
133.132
133.828
133.452
136.157
142.829
147.005
147.479
139.926
124.04
98.9535
61.326
11.3824
-51.3034
-128.573
-222.937
-334.104
-463.835
-621.832
-808.957
-1007.78
-1203.37
-1378.09
-1521.57
-1626.42
-1678.89
-1690.68
-1680.61
-1663.66
-1641.85
-1617.42
-1594.42
-1573.42
-1556.24
-1544.73
-1539.35
-1540.28
-1546.77
-1555.36
-1562.16
-1570.29
112.497
139.343
157.602
163.25
163.016
159.828
153.451
145.871
139.083
130.931
125.815
122.897
121.94
122.901
124.735
126.342
124.165
116.425
102.774
80.4361
48.4357
5.67651
-49.2103
-117.493
-200.251
-296.406
-410.727
-548.478
-703.492
-872.502
-1049.56
-1219.04
-1361.88
-1474.11
-1552.05
-1582.04
-1575.75
-1555.47
-1532.43
-1512.32
-1497.08
-1483.62
-1474.19
-1470.72
-1474.05
-1484.95
-1501.48
-1518.44
-1528.85
-1533.19
95.0252
117.005
134.196
143.711
146.419
145.943
142.177
136.698
128.881
123.062
118.698
114.076
111.116
108.941
107.377
105.399
101.446
94.3885
81.0334
60.3566
31.2158
-7.37914
-55.6531
-116.378
-189.491
-274.321
-374.21
-490.31
-620.724
-764.165
-917.145
-1073.5
-1216.77
-1332.53
-1421.24
-1479.82
-1500.29
-1484.15
-1463.43
-1443.02
-1428.81
-1421.04
-1416.53
-1418.21
-1427.03
-1444.03
-1465.93
-1486.94
-1499.13
-1500.76
80.106
101.831
116.693
126.245
131.332
131.743
128.466
125.123
119.223
114.28
108.651
103.775
99.7313
96.4561
93.4108
89.4115
83.8866
75.3892
62.6749
43.8378
17.5887
-16.1367
-59.5187
-113.909
-177.597
-250.525
-336.588
-438.355
-553.073
-677.181
-809.361
-944.962
-1079.65
-1200.76
-1298.91
-1374.19
-1419.29
-1436
-1425.67
-1412.72
-1399.3
-1392.25
-1391.64
-1396.1
-1405.49
-1421.53
-1441.32
-1461.59
-1471.44
-1473.66
69.4646
87.2635
99.4825
109.81
114.664
116.655
116.28
114.078
109.804
105.5
100.742
95.6535
90.8396
86.4993
81.8739
76.4638
69.8367
60.9714
48.6993
31.5049
8.63839
-21.4061
-59.7307
-107.237
-162.727
-227.318
-303.934
-392.44
-492.114
-602.437
-718.761
-838.001
-958.333
-1077.78
-1184.24
-1267.85
-1329.88
-1371.18
-1394.85
-1400.52
-1397.29
-1395.2
-1396.64
-1401.07
-1409.02
-1420.09
-1433.6
-1446.79
-1454.72
-1457.02
53.123
71.7369
83.7147
93.8567
100.165
103.706
105.508
104.552
102.004
98.2371
94.055
88.9702
83.6191
78.1981
72.4983
66.4186
59.1621
50.1211
38.1519
22.2452
1.60487
-24.5874
-58.4024
-100.487
-149.803
-207.164
-274.002
-351.457
-440.591
-539.396
-644.624
-753.139
-862.267
-971.978
-1078.18
-1168.85
-1239.54
-1297.62
-1346.01
-1383.12
-1406.55
-1412.64
-1413.34
-1415.62
-1421.58
-1429.45
-1437.95
-1446.01
-1451.05
-1452.62
40.1275
60.2873
70.7402
81.1106
89.6928
95.1146
97.1902
97.4809
95.0396
91.3812
87.5232
82.5083
76.9355
71.107
64.9634
58.3868
50.5852
41.0852
29.0584
13.9618
-5.05801
-29.3701
-60.5096
-98.3694
-142.595
-193.984
-255.03
-326.69
-408.203
-497.55
-592.807
-692.205
-794.034
-894.852
-992.018
-1081.76
-1160.89
-1228.78
-1290.14
-1350.29
-1399.23
-1429.64
-1438.68
-1433.34
-1436.27
-1440.9
-1445.96
-1450.36
-1453.15
-1454.1
33.9156
54.4589
65.136
76.3081
83.9058
87.9976
89.7814
89.6841
87.73
84.3612
80.205
75.0393
69.4933
63.2327
56.4242
49.0451
40.4646
30.0408
17.2126
1.65834
-17.5118
-41.6448
-71.9398
-108.409
-150.802
-200.881
-259.615
-326.696
-401.487
-483.069
-570.15
-661.42
-754.86
-848.488
-938.799
-1023.54
-1103.77
-1176.9
-1242.84
-1308.89
-1375.08
-1427.42
-1446.32
-1451.95
-1450.54
-1452.81
-1455.27
-1457.32
-1458.61
-1458.96
181.139
177.326
175.519
174.737
174.476
174.642
175.175
176.055
177.293
178.942
181.054
183.651
186.76
190.376
194.464
198.994
204.004
209.489
215.475
221.9
228.809
236.199
244.05
252.296
260.875
269.654
278.636
287.835
297.22
306.669
316.049
325.199
333.91
342.058
349.462
355.909
360.819
363.79
364.675
363.141
358.641
350.614
338.453
321.501
299.11
270.573
235.392
192.954
140.416
87.464
179.107
177.335
176.419
176.264
176.548
177.163
178.109
179.39
181.017
183.051
185.552
188.536
192.045
196.061
200.587
205.579
211.044
217.023
223.534
230.563
238.134
246.2
254.741
263.718
273.075
282.77
292.793
303.133
313.717
324.459
335.251
345.877
356.294
366.389
375.936
384.532
391.818
397.623
401.651
403.444
402.488
398.312
390.38
378.111
360.932
338.206
309.212
273.004
228.319
183.607
178.318
177.85
177.643
178.072
178.917
180.029
181.367
183.024
185.035
187.481
190.379
193.763
197.66
202.096
207.096
212.637
218.687
225.254
232.39
240.101
248.368
257.178
266.478
276.282
286.558
297.283
308.449
320.001
331.88
343.997
356.212
368.438
380.614
392.595
404.129
414.91
424.757
433.389
440.425
445.469
448.091
447.839
444.23
436.769
424.895
407.916
385.13
355.937
319.6
284.198
178.648
178.818
179.18
180.053
181.379
182.945
184.677
186.717
189.15
192.03
195.368
199.19
203.506
208.389
213.876
219.969
226.646
233.888
241.684
250.096
259.093
268.688
278.845
289.563
300.855
312.69
325.032
337.845
351.076
364.626
378.395
392.31
406.287
420.183
433.778
446.904
459.344
470.756
480.824
489.169
495.373
499.031
499.719
496.958
490.141
478.634
461.935
439.564
410.88
384.718
179.672
180.15
180.901
182.086
183.844
185.893
188.054
190.449
193.268
196.594
200.416
204.708
209.486
214.828
220.8
227.456
234.759
242.688
251.191
260.322
270.113
280.523
291.593
303.322
315.679
328.651
342.224
356.357
370.976
386.022
401.42
417.088
432.934
448.804
464.555
480.064
495.062
509.258
522.353
533.957
543.725
551.276
556.189
557.952
556.025
549.969
539.343
523.692
502.577
483.938
181.14
181.864
182.813
184.178
186.292
188.81
191.39
194.109
197.308
201.115
205.434
210.187
215.413
221.219
227.708
234.953
242.915
251.504
260.754
270.65
281.235
292.536
304.559
317.307
330.762
344.911
359.736
375.207
391.268
407.866
424.926
442.393
460.142
478.047
496.023
513.908
531.452
548.418
564.476
579.289
592.504
603.747
612.613
618.617
621.324
620.295
615.02
605.026
590.025
577.682
182.973
183.764
184.731
186.25
188.68
191.595
194.523
197.623
201.241
205.499
210.268
215.457
221.125
227.412
234.466
242.3
250.9
260.196
270.162
280.84
292.234
304.409
317.396
331.165
345.71
361.048
377.145
393.96
411.473
429.633
448.389
467.646
487.294
507.257
527.426
547.623
567.66
587.285
606.174
624.006
640.455
655.186
667.791
677.804
684.773
688.212
687.717
683.112
674.27
667.148
184.898
185.529
186.43
188.203
190.895
194.088
197.373
200.865
204.872
209.526
214.728
220.375
226.511
233.295
240.88
249.301
258.5
268.462
279.151
290.574
302.79
315.848
329.755
344.536
360.194
376.694
394.039
412.204
431.156
450.852
471.234
492.224
513.747
535.707
557.976
580.408
602.824
624.96
646.525
667.216
686.7
704.598
720.461
733.857
744.391
751.636
755.239
754.817
750.219
746.832
186.488
186.983
187.915
189.853
192.74
196.174
199.786
203.597
207.961
213.035
218.685
224.756
231.324
238.566
246.63
255.568
265.369
275.972
287.338
299.495
312.49
326.371
341.19
356.938
373.632
391.263
409.796
429.225
449.53
470.682
492.606
515.244
538.519
562.328
586.556
611.075
635.682
660.123
684.114
707.336
729.416
749.949
768.545
784.913
798.71
809.448
816.621
819.967
819.566
819.092
187.576
188.003
189.022
191.025
194.04
197.681
201.529
205.649
210.376
215.822
221.845
228.304
235.26
242.917
251.436
260.884
271.228
282.413
294.407
307.223
320.94
335.606
351.25
367.912
385.566
404.205
423.827
444.422
465.974
488.427
511.738
535.861
560.713
586.199
612.226
638.641
665.217
691.693
717.781
743.147
767.431
790.277
811.35
830.247
846.464
859.488
869.006
874.78
876.823
877.853
188.049
188.471
189.564
191.548
194.608
198.403
202.441
206.833
211.859
217.61
223.943
230.749
238.078
246.107
255.018
264.889
275.684
287.342
299.855
313.258
327.585
342.917
359.289
376.696
395.162
414.678
435.234
456.821
479.416
502.982
527.502
552.908
579.124
606.076
633.649
661.651
689.844
717.971
745.733
772.793
798.815
823.455
846.292
866.854
884.737
899.772
911.848
920.649
925.846
929.1
187.614
188.078
189.172
191.144
194.229
198.128
202.357
206.944
212.185
218.175
224.781
231.855
239.461
247.792
257.013
267.187
278.31
290.355
303.283
317.13
331.964
347.823
364.753
382.783
401.913
422.128
443.434
465.823
489.257
513.731
539.208
565.638
592.962
621.098
649.887
679.115
708.551
737.935
766.957
795.299
822.633
848.582
872.755
894.816
914.486
931.331
944.445
953.06
957.553
959.974
186.014
186.482
187.634
189.69
192.817
196.757
201.083
205.808
211.21
217.365
224.117
231.363
239.167
247.696
257.106
267.477
278.814
291.079
304.277
318.43
333.584
349.801
367.112
385.552
405.109
425.788
447.588
470.487
494.481
519.558
545.678
572.813
600.915
629.859
659.458
689.502
719.763
749.958
779.782
808.929
837.053
863.774
888.692
911.378
931.299
948.119
961.834
972.721
980.513
985.481
183.109
183.674
184.953
187.089
190.226
194.152
198.515
203.333
208.818
215.019
221.808
229.108
236.985
245.601
255.087
265.505
276.882
289.213
302.499
316.766
332.052
348.413
365.896
384.503
404.243
425.129
447.142
470.278
494.537
519.905
546.373
573.915
602.442
631.804
661.826
692.298
722.969
753.554
783.768
813.29
841.758
868.798
894.061
917.195
937.591
955.201
969.625
980.372
987.072
990.877
178.882
179.609
181.08
183.312
186.408
190.24
194.591
199.462
204.961
211.089
217.769
224.976
232.81
241.391
250.809
261.121
272.365
284.565
297.744
311.925
327.138
343.424
360.818
379.34
399.003
419.798
441.727
464.792
488.984
514.308
540.763
568.299
596.81
626.15
656.14
686.553
717.137
747.626
777.728
807.105
835.396
862.214
887.141
909.748
929.952
947.17
961.051
971.12
977.099
980.303
173.347
174.317
176.034
178.373
181.393
185.097
189.383
194.218
199.624
205.565
212.005
219.002
226.659
235.064
244.272
254.315
265.244
277.123
289.986
303.853
318.76
334.732
351.786
369.958
389.25
409.665
431.207
453.877
477.67
502.592
528.629
555.73
583.797
612.682
642.189
672.092
702.144
732.075
761.584
790.346
818.013
844.208
868.507
890.45
909.517
925.244
937.478
946.469
952.147
955.131
166.719
167.964
169.938
172.38
175.301
178.835
182.992
187.72
192.949
198.618
204.716
211.352
218.671
226.749
235.586
245.199
255.654
267.03
279.383
292.736
307.097
322.492
338.95
356.491
375.132
394.882
415.74
437.702
460.76
484.907
510.128
536.379
563.567
591.546
620.123
649.071
678.138
707.042
735.48
763.129
789.639
814.64
837.762
858.662
876.988
892.2
903.462
909.835
911.863
912.001
159.217
160.764
162.996
165.519
168.319
171.629
175.598
180.145
185.126
190.443
196.102
202.265
209.105
216.703
225.037
234.078
243.901
254.605
266.254
278.88
292.485
307.079
322.688
339.337
357.056
375.856
395.732
416.677
438.676
461.701
485.726
510.715
536.587
563.208
590.395
617.923
645.527
672.918
699.779
725.771
750.531
773.685
794.823
813.504
829.291
841.908
851.354
857.507
859.894
860.605
151.125
152.975
155.449
158.03
160.695
163.753
167.456
171.758
176.416
181.305
186.457
192.051
198.303
205.299
212.995
221.347
230.405
240.283
251.072
262.789
275.437
289.018
303.558
319.091
335.631
353.205
371.817
391.447
412.072
433.662
456.166
479.542
503.718
528.582
553.963
579.641
605.353
630.798
655.656
679.566
702.157
723.043
741.858
758.228
771.768
781.899
788.104
790.239
788.332
785.99
142.77
144.878
147.548
150.172
152.696
155.5
158.886
162.841
167.123
171.535
176.111
181.069
186.654
192.956
199.919
207.485
215.659
224.588
234.377
245.042
256.578
268.976
282.261
296.467
311.621
327.727
344.801
362.83
381.779
401.615
422.286
443.716
465.831
488.529
511.669
535.038
558.387
581.414
603.787
625.139
645.074
663.16
678.968
692.114
702.311
709.272
712.512
711.787
707.199
702.766
134.458
136.769
139.578
142.209
144.589
147.128
150.172
153.73
157.555
161.44
165.41
169.684
174.549
180.101
186.277
192.963
200.193
208.095
216.769
226.262
236.555
247.644
259.538
272.272
285.88
300.357
315.706
331.922
348.975
366.811
385.379
404.597
424.374
444.605
465.151
485.82
506.371
526.509
545.909
564.214
581.033
595.949
608.491
618.149
624.459
627.118
625.811
620.159
610.188
601.752
126.509
128.932
131.794
134.385
136.613
138.887
141.564
144.681
147.999
151.329
154.676
158.262
162.387
167.165
172.492
178.25
184.484
191.303
198.818
207.061
216.012
225.681
236.072
247.214
259.127
271.835
285.301
299.522
314.477
330.113
346.357
363.139
380.347
397.872
415.564
433.239
450.637
467.475
483.401
498.066
511.073
522.021
530.496
536.043
538.103
536.159
529.929
519.344
504.561
492.02
119.179
121.62
124.435
126.903
128.955
130.952
133.257
135.92
138.708
141.458
144.168
147.079
150.487
154.486
158.961
163.781
168.988
174.713
181.04
188.003
195.594
203.792
212.628
222.116
232.269
243.098
254.597
266.72
279.442
292.718
306.468
320.612
335.037
349.626
364.239
378.695
392.72
406.003
418.185
428.877
437.697
444.197
447.933
448.423
445.196
437.71
425.504
408.33
386.154
367.324
112.689
115.029
117.676
119.94
121.738
123.46
125.414
127.603
129.885
132.081
134.163
136.402
139.094
142.344
145.963
149.852
154.051
158.672
163.812
169.486
175.702
182.437
189.704
197.509
205.875
214.788
224.25
234.227
244.66
255.499
266.657
278.038
289.543
301.023
312.328
323.29
333.665
343.088
351.2
357.556
361.756
363.352
361.885
356.851
347.692
333.987
315.228
290.955
261.108
234.322
107.196
109.299
111.652
113.598
115.086
116.535
118.123
119.861
121.659
123.286
124.78
126.409
128.445
130.931
133.746
136.756
139.987
143.541
147.502
151.902
156.74
162.033
167.746
173.896
180.479
187.486
194.9
202.706
210.831
219.203
227.749
236.337
244.859
253.182
261.144
268.5
275.03
280.377
284.146
285.902
285.155
281.429
274.181
262.961
247.151
226.104
199.483
166.874
127.813
91.6903
102.81
104.525
106.431
107.959
109.111
110.255
111.491
112.803
114.077
115.168
116.143
117.215
118.604
120.357
122.37
124.563
126.912
129.466
132.325
135.503
139.016
142.883
147.08
151.618
156.455
161.594
167.006
172.646
178.473
184.368
190.28
196.061
201.585
206.685
211.239
214.983
217.583
218.703
217.904
214.765
208.783
199.475
186.216
168.382
145.53
116.934
81.8436
39.9183
-8.92245
-55.3642
99.5862
100.801
102.075
103.028
103.797
104.657
105.586
106.442
107.146
107.744
108.286
108.889
109.703
110.774
112.015
113.419
114.906
116.559
118.37
120.404
122.665
125.151
127.913
130.882
134.052
137.383
140.869
144.431
148.017
151.52
154.815
157.821
160.389
162.36
163.47
163.53
162.163
158.999
153.573
145.403
133.945
118.669
99.0522
74.2796
43.6563
6.66219
-37.391
-89.3104
-149.594
-208.292
97.6712
98.0826
98.5193
98.8447
99.2296
99.7512
100.254
100.625
100.841
100.998
101.149
101.319
101.6
102.031
102.608
103.252
103.976
104.766
105.65
106.613
107.703
108.896
110.241
111.714
113.289
114.901
116.515
118.08
119.506
120.723
121.529
121.809
121.433
120.29
118.09
114.484
109.108
101.552
91.3906
78.1085
61.162
39.8434
13.5786
-18.2499
-56.5634
-102.224
-155.921
-218.453
-290.496
-363.78
97.3602
96.2679
95.6439
95.3642
95.3876
95.5292
95.594
95.4292
95.1306
94.8772
94.6842
94.4987
94.3251
94.1786
94.1206
94.0758
94.088
94.0917
94.1292
94.1759
94.1304
94.1107
94.1196
94.1903
94.2502
94.2354
94.0378
93.6615
92.9911
91.9591
90.4127
88.1445
84.9705
80.7064
75.1654
67.9299
58.5972
46.6892
31.7318
13.2368
-9.3837
-36.8048
-69.8597
-109.236
-155.625
-209.982
-273.231
-346.702
-431.944
-520.633
98.6848
95.1858
93.3916
92.4937
92.0332
91.7007
91.3076
90.6745
89.958
89.3501
88.82
88.2915
87.6969
87.0328
86.3852
85.7394
85.0728
84.3681
83.625
82.8567
81.8224
80.6106
79.36
78.1744
76.8801
75.3373
73.4849
71.2376
68.5415
65.251
61.292
56.4913
50.6104
43.3813
34.4932
23.5515
10.1289
-6.18682
-25.8953
-49.6081
-77.9693
-111.641
-151.434
-198.282
-253.003
-316.518
-389.388
-472.695
-570.139
-673.805
12.184
-1.61128
-4.55097
-6.76382
-8.54982
-12.671
-22.1693
-39.2159
-93.342
-273.358
-607.32
-1135.65
-1689.13
-1701.41
-1240.94
-733.042
-372.109
-165.365
-25.735
48.9432
103.048
108.593
88.0387
68.258
59.8034
51.386
44.035
36.3543
29.9177
39.0807
20.038
6.22225
1.00549
-2.76357
-6.44963
-9.43154
-20.178
-41.0692
-85.5478
-302.51
-727.629
-1361.78
-2092.57
-2085.76
-1508.5
-932.153
-544.401
-311.052
-170.457
-95.5142
-48.1877
-35.7766
-22.8539
-1.03405
15.9873
18.7465
16.8489
19.2195
17.7615
30.7275
17.3033
10.3239
6.6961
2.77515
-1.6189
-6.32223
-17.0378
-44.8561
-88.5079
-306.675
-786.693
-1400.15
-2071.99
-2080.76
-1499.71
-1001.07
-649.377
-435.219
-319.638
-264.328
-246.664
-233.338
-187.519
-100.217
-38.3426
-16.1173
-5.50395
0.43469
3.70607
11.3507
12.9471
12.8719
11.5727
8.30376
3.93106
-3.15508
-15.8018
-50.4051
-89.2783
-285.614
-686.045
-1170.85
-1613.43
-1665.26
-1274.96
-914.04
-667.527
-524.582
-456.877
-443.253
-476.233
-470.892
-380.516
-223.632
-115.705
-61.9484
-34.0487
-23.43
-16.1675
-12.8141
11.5788
13.985
13.8475
11.8585
7.68507
1.02155
-11.4627
-37.8641
-78.8109
-212.826
-469.979
-782.935
-1063.51
-1136.81
-946.735
-745.781
-611.934
-557.111
-565.202
-640.689
-736.686
-740.168
-585.612
-350.527
-189.736
-116.383
-72.7897
-51.3986
-39.6122
-35.9482
14.7314
15.6493
15.6028
14.8142
11.6706
7.36426
-0.910585
-18.4666
-44.4014
-112.504
-253.269
-431.062
-605.522
-682.875
-634.679
-555.958
-517.709
-532.426
-607.573
-732.234
-879.671
-886.132
-697.03
-443.996
-249.579
-167.802
-109.618
-78.3263
-62.1891
-56.8725
18.5833
18.4288
18.5244
18.8227
17.5653
16.0292
13.4985
3.64025
-5.62278
-35.4131
-104.465
-206.2
-308.132
-366.985
-376.214
-382.904
-406.775
-452.165
-545.386
-665.912
-828.728
-825.378
-640.64
-429.788
-266.385
-184.241
-129.146
-97.8396
-80.1107
-73.2102
21.669
21.4707
22.0619
23.4022
24.2832
25.165
26.5677
23.2302
21.6866
11.5817
-19.2235
-66.9322
-122.364
-179.747
-208.726
-247.601
-296.869
-357.275
-440.83
-549.994
-650.409
-637.084
-500.208
-357.595
-245.724
-178.044
-132.138
-104.901
-87.5349
-79.7324
24.2763
23.94
24.9989
27.0638
29.4704
32.1401
35.6204
36.8558
39.3205
39.3197
27.6088
11.709
-25.507
-63.0068
-99.712
-152.001
-203.64
-262.42
-337.767
-417.877
-479.203
-452.077
-373.352
-282.349
-211.124
-161.36
-125.317
-102.613
-86.57
-78.4909
25.7717
25.4325
26.7759
29.1257
32.2537
36.1892
40.8213
45.3625
50.3323
55.2278
54.9742
51.794
28.9545
5.83994
-35.346
-86.0183
-135.255
-188.529
-249.454
-307.554
-347.96
-331.769
-279.19
-221.956
-178.422
-141.948
-114.485
-96.0208
-82.0267
-74.9324
25.905
25.9747
27.5269
29.926
33.3276
38.0722
43.4937
50.1098
56.8278
63.6962
69.9175
70.4566
59.0491
40.8333
-0.588165
-44.591
-86.8734
-133.9
-180.626
-221.915
-242.525
-241.148
-214.904
-176.988
-149.51
-122.833
-102.061
-87.5159
-75.874
-70.1363
25.1282
25.6813
27.4991
29.872
33.3577
38.4857
44.4248
51.8418
59.4029
67.0124
75.7436
77.2454
72.6597
52.6481
17.1699
-20.4743
-56.6581
-94.992
-130.039
-158.21
-172.238
-171.561
-161.329
-140.151
-122.854
-104.256
-88.8718
-77.7764
-68.4122
-63.8322
23.7929
24.6747
26.7375
29.1898
32.7469
37.8136
43.7988
51.0487
58.611
66.4047
74.7176
76.9095
74.1057
53.3993
24.8763
-6.02527
-37.2206
-67.3802
-94.0629
-114.629
-126.003
-126.555
-121.818
-110.108
-99.207
-86.7214
-75.5907
-67.3235
-60.0868
-56.6507
21.9848
22.8853
25.0553
27.5316
31.1305
35.8339
41.5377
48.1131
55.1384
62.862
69.7191
72.5034
67.9237
49.671
25.8456
1.46312
-24.0768
-47.8812
-68.1672
-83.6553
-92.6743
-95.0153
-93.0114
-86.1993
-79.2673
-70.7845
-62.9353
-56.8021
-51.5396
-48.9638
19.6524
20.3444
22.4504
24.7486
28.1235
32.2149
37.5578
43.3249
49.5575
56.6103
61.1383
65.1374
57.5225
43.4442
24.2941
4.70388
-15.2204
-33.5203
-48.7035
-60.4794
-67.9328
-70.8314
-70.4759
-66.563
-62.2617
-56.4326
-51.172
-46.6753
-43.1002
-41.0622
16.764
17.2478
19.0894
20.9894
24.0195
27.3225
32.015
37.0199
42.2256
48.635
52.2656
54.8884
47.2567
35.9846
21.416
6.05989
-8.81724
-22.9957
-34.2073
-42.8117
-49.017
-51.8332
-52.0459
-49.8657
-47.342
-43.3658
-40.1698
-37.017
-34.7709
-33.1662
13.4789
13.8246
15.322
16.6491
19.2036
21.9147
25.664
29.6598
34.1275
39.0212
42.0361
42.201
36.6551
27.9455
17.044
5.74221
-5.33004
-15.3322
-23.0029
-29.458
-34.0214
-36.6125
-37.0447
-35.8125
-34.3596
-31.7225
-29.8797
-27.8347
-26.5742
-25.3261
9.91036
10.1281
11.2022
12.1202
14.1116
16.0595
18.7925
21.7007
24.9642
28.7022
31.0007
29.641
26.0984
20.1628
11.7531
4.45769
-3.18913
-9.68081
-14.2798
-18.9818
-22.106
-24.2255
-24.4486
-23.8831
-23.1185
-21.5068
-20.5891
-19.3773
-18.7079
-17.8358
6.0516
6.17832
6.8397
7.34613
8.70607
9.85587
11.5708
13.2728
15.3256
17.6583
19.5069
18.1327
14.7247
12.4977
6.6943
2.53158
-1.00639
-5.14602
-8.11252
-10.4341
-12.3658
-13.7015
-13.6152
-13.7243
-13.2671
-12.4413
-12.0612
-11.3894
-11.319
-10.7039
1.90125
2.05593
2.37841
2.57181
3.05387
3.58717
4.42231
5.03548
6.28559
7.82336
9.33379
7.76445
4.11436
4.54469
3.15555
1.11049
-0.857357
-1.61333
-2.40876
-3.06959
-4.24591
-4.8595
-4.49882
-4.73513
-4.66751
-4.67248
-4.51258
-4.12643
-4.40678
-4.05776
)
;

boundaryField
{
    INLET
    {
        type            zeroGradient;
    }
    OUTLET
    {
        type            fixedValue;
        value           uniform 0;
    }
    WALL
    {
        type            zeroGradient;
    }
    CYLINDER
    {
        type            zeroGradient;
    }
    frontAndBackPlanes
    {
        type            empty;
    }
}


// ************************************************************************* //
