/*--------------------------------*- C++ -*----------------------------------*\
| =========                 |                                                 |
| \\      /  F ield         | OpenFOAM: The Open Source CFD Toolbox           |
|  \\    /   O peration     | Version:  v1912                                 |
|   \\  /    A nd           | Website:  www.openfoam.com                      |
|    \\/     M anipulation  |                                                 |
\*---------------------------------------------------------------------------*/
FoamFile
{
    version     2.0;
    format      ascii;
    class       volScalarField;
    location    "0.16";
    object      p;
}
// * * * * * * * * * * * * * * * * * * * * * * * * * * * * * * * * * * * * * //

dimensions      [0 2 -2 0 0 0 0];


internalField   nonuniform List<scalar> 
6600
(
58.6093
53.881
51.3785
49.9103
49.2176
49.0158
49.0871
49.4457
50.1364
51.278
52.8658
54.882
57.1624
59.8395
62.9622
66.5296
70.5017
74.8984
79.7367
84.9747
90.6167
96.6258
102.943
109.489
116.202
123.221
130.372
137.426
144.292
150.934
157.188
162.783
167.594
171.434
173.997
174.944
173.918
170.52
164.362
155.015
141.98
124.665
102.692
75.0229
41.1867
0.36827
-47.636
-103.646
-169.075
-235.99
55.2999
50.0981
48.198
46.4277
45.3006
44.7304
44.4721
44.5724
45.0142
45.8419
47.068
48.6551
50.6815
53.0995
55.8629
59.0204
62.562
66.4838
70.7916
75.4511
80.4637
85.7902
91.3991
97.2318
103.038
108.823
114.792
120.758
126.322
131.468
136.201
140.095
143.026
144.842
145.207
143.787
140.217
134.098
125.036
112.592
96.2446
75.3903
49.5549
17.958
-19.9605
-65.0091
-117.356
-177.168
-244.946
-312.156
50.5741
44.94
43.8854
41.8314
40.523
39.6457
39.1362
39.0104
39.3127
39.9502
40.9372
42.3039
43.9268
46.0363
48.5435
51.3578
54.534
58.0435
61.8756
66.0129
70.4314
75.0811
79.9388
84.9529
89.9579
94.822
99.594
104.206
108.439
112.133
115.141
117.209
118.148
117.76
115.726
111.726
105.423
96.4081
84.2774
68.5928
48.8426
24.4576
-5.06389
-40.2527
-81.6849
-130.097
-185.67
-247.687
-315.001
-378.613
44.8407
38.8477
38.4141
36.0459
34.6934
33.6688
32.9889
32.6963
32.7999
33.2387
33.9603
35.1848
36.661
38.4618
40.6152
43.1279
45.952
49.0518
52.4284
56.0431
59.8636
63.8311
67.9074
72.1106
76.2538
80.1185
83.7253
87.0288
89.8188
91.8993
93.1392
93.3277
92.2135
89.556
85.0657
78.4387
69.3418
57.3954
42.2038
23.3433
0.352315
-27.2629
-59.9267
-98.0236
-142.026
-192.59
-249.756
-312.028
-377.045
-434.764
38.3946
31.854
31.7436
29.0739
27.7178
26.6363
25.8402
25.4054
25.3582
25.6565
26.301
27.1397
28.3438
29.9002
31.7392
33.8479
36.2571
38.9112
41.7872
44.8252
47.9967
51.2418
54.4773
57.7068
60.8755
63.7713
66.2166
68.15
69.4932
70.0306
69.5144
67.7773
64.609
59.7431
52.8782
43.7245
31.9753
17.2732
-0.737458
-22.4183
-48.1532
-78.3227
-113.247
-153.225
-198.598
-249.796
-306.837
-368.072
-429.4
-479.407
30.9474
24.2128
23.975
21.0268
19.673
18.5027
17.6356
17.061
16.7761
16.822
17.2015
17.8885
18.8002
19.9507
21.3796
23.0661
24.9828
27.0867
29.3644
31.7524
34.2112
36.6858
39.0724
41.3521
43.4416
45.2114
46.5251
47.1966
47.0458
45.9638
43.789
40.257
35.129
28.173
19.1203
7.69502
-6.39895
-23.4548
-43.7647
-67.6297
-95.3355
-127.154
-163.298
-203.975
-249.433
-299.97
-355.434
-414.135
-470.458
-511.346
22.5546
15.5878
15.0991
11.8875
10.5671
9.24991
8.14946
7.47131
6.99903
6.85572
6.8932
7.14839
7.67806
8.46324
9.39674
10.5359
11.8667
13.3272
14.9151
16.5665
18.2315
19.8612
21.3584
22.6411
23.6329
24.2294
24.309
23.7079
22.2536
19.7275
15.9209
10.6773
3.7964
-4.98107
-15.9147
-29.2355
-45.1705
-63.9801
-85.8991
-111.138
-139.897
-172.34
-208.588
-248.773
-293.105
-341.88
-394.726
-449.581
-500.112
-531.07
12.8665
5.92426
5.18162
1.76476
0.316881
-1.14929
-2.39227
-3.44596
-4.14972
-4.71809
-4.89749
-4.99371
-4.97863
-4.82017
-4.43396
-3.90511
-3.27561
-2.54017
-1.72581
-0.890362
-0.0797011
0.653861
1.22512
1.57274
1.54802
0.998929
-0.128576
-1.98144
-4.80006
-8.7219
-13.8981
-20.5768
-28.9613
-39.2357
-51.6112
-66.2886
-83.4783
-103.357
-126.087
-151.826
-180.696
-212.787
-248.145
-286.822
-328.969
-374.949
-424.553
-474.884
-519.064
-540.683
1.51834
-4.92636
-5.88048
-9.41101
-11.0069
-12.7763
-14.2068
-15.3967
-16.4405
-17.3639
-18.2282
-18.9101
-19.3993
-19.7488
-20.0801
-20.3071
-20.4258
-20.4924
-20.5202
-20.5504
-20.6276
-20.8235
-21.2135
-21.8888
-22.9398
-24.4991
-26.7245
-29.7496
-33.6779
-38.7296
-45.1317
-52.9993
-62.4943
-73.815
-87.1384
-102.619
-120.391
-140.606
-163.379
-188.792
-216.913
-247.768
-281.345
-317.657
-356.817
-399.092
-444.641
-490.483
-529.263
-544.199
-11.2858
-16.9829
-18.014
-21.5567
-23.2965
-25.2743
-27.1211
-28.7196
-30.2532
-31.6036
-32.9604
-34.1858
-35.4846
-36.6099
-37.6308
-38.6366
-39.6071
-40.5338
-41.4526
-42.3824
-43.3752
-44.4912
-45.7911
-47.3418
-49.2943
-51.8204
-54.9982
-58.9691
-63.9248
-69.9441
-77.1511
-85.7824
-95.9889
-107.894
-121.627
-137.301
-155.044
-174.936
-197.031
-221.382
-248.005
-276.896
-308.011
-341.287
-376.739
-414.904
-455.343
-496
-530.449
-543.213
-25.3337
-30.2737
-31.2517
-34.6401
-36.474
-38.8387
-40.9294
-43.0063
-44.9879
-47.0967
-49.147
-51.142
-53.0009
-54.9806
-56.9559
-58.83
-60.6684
-62.4954
-64.3214
-66.1639
-68.0625
-70.0687
-72.2573
-74.7172
-77.5261
-80.7927
-84.6906
-89.3546
-94.8792
-101.446
-109.223
-118.273
-128.721
-140.703
-154.326
-169.674
-186.796
-205.753
-226.578
-249.267
-273.801
-300.125
-328.166
-357.859
-389.194
-422.46
-456.49
-489.437
-515.694
-528.182
-39.9376
-44.3977
-45.351
-48.5643
-50.4722
-53.1952
-55.7929
-58.4083
-61.0672
-63.7069
-66.5008
-69.4074
-72.2958
-75.1221
-77.9296
-80.7601
-83.547
-86.3008
-89.0477
-91.7912
-94.5572
-97.38
-100.328
-103.469
-106.919
-110.81
-115.229
-120.304
-126.21
-133.023
-140.834
-149.815
-160.07
-171.682
-184.715
-199.213
-215.237
-232.796
-251.862
-272.417
-294.401
-317.723
-342.245
-367.746
-394.722
-422.206
-448.529
-470.301
-482.667
-492.132
-55.015
-58.8067
-59.8337
-62.9983
-65.1785
-68.1454
-71.265
-74.4466
-77.8828
-81.4663
-85.0574
-88.7254
-92.5704
-96.4484
-100.343
-104.169
-107.955
-111.691
-115.371
-119.012
-122.619
-126.209
-129.851
-133.629
-137.597
-141.818
-146.426
-151.58
-157.373
-163.96
-171.504
-180.052
-189.684
-200.476
-212.488
-225.767
-240.291
-256.044
-273.005
-291.106
-310.253
-330.282
-350.913
-372.174
-393.777
-414.648
-433.189
-446.164
-449.97
-453.55
-70.3372
-73.4869
-74.4558
-77.5711
-79.9896
-83.4775
-87.1017
-91.0781
-95.2313
-99.6447
-104.346
-109.167
-113.991
-118.941
-123.913
-128.874
-133.745
-138.512
-143.16
-147.689
-152.095
-156.374
-160.554
-164.695
-168.913
-173.314
-177.936
-182.865
-188.305
-194.37
-201.136
-208.763
-217.351
-226.965
-237.626
-249.314
-262.048
-275.787
-290.436
-305.913
-322.089
-338.76
-355.733
-372.798
-389.187
-403.941
-415.561
-422.686
-428.299
-429.228
-85.3836
-87.7676
-88.8085
-92.1841
-94.8997
-98.8437
-102.98
-107.653
-112.802
-118.196
-123.875
-129.866
-135.942
-142.074
-148.298
-154.448
-160.499
-166.396
-172.094
-177.552
-182.775
-187.744
-192.453
-196.937
-201.277
-205.508
-209.747
-214.165
-218.827
-223.881
-229.558
-235.948
-243.15
-251.221
-260.202
-270.131
-280.93
-292.507
-304.798
-317.687
-331.035
-344.616
-358.292
-371.549
-383.681
-393.999
-401.383
-404.903
-408.922
-409.987
-99.4616
-100.895
-102.174
-105.768
-109.009
-113.657
-118.626
-124.087
-130.12
-136.771
-143.646
-150.721
-158.15
-165.661
-173.192
-180.688
-188.055
-195.208
-202.032
-208.494
-214.563
-220.191
-225.338
-229.98
-234.221
-238.191
-241.929
-245.489
-249.099
-252.935
-257.101
-261.814
-267.227
-273.473
-280.605
-288.557
-297.308
-306.797
-316.883
-327.446
-338.303
-349.187
-359.909
-370.165
-379.209
-386.002
-389.812
-393.882
-395.056
-396.328
-111.859
-112.72
-114.322
-118.131
-121.882
-127.179
-132.957
-139.52
-146.646
-154.278
-162.545
-171.239
-179.984
-188.996
-198.072
-207.074
-215.927
-224.486
-232.623
-240.271
-247.321
-253.705
-259.385
-264.329
-268.506
-271.961
-274.83
-277.329
-279.535
-281.627
-283.916
-286.616
-289.961
-294.09
-299.072
-304.994
-311.785
-319.29
-327.434
-336.104
-344.809
-353.322
-361.751
-369.591
-376.082
-380.427
-382.986
-384.939
-386.215
-386.938
-121.978
-122.492
-124.596
-128.803
-133.078
-139.217
-145.796
-153.371
-161.856
-170.887
-180.386
-190.508
-201.104
-211.797
-222.561
-233.306
-243.851
-254.05
-263.752
-272.775
-280.979
-288.277
-294.56
-299.722
-303.766
-306.803
-308.883
-310.058
-310.592
-310.764
-310.817
-311.081
-311.847
-313.433
-316.09
-319.82
-324.571
-330.331
-337.061
-344.08
-350.842
-357.668
-364.181
-369.745
-373.793
-376.26
-378.636
-379.464
-380.553
-380.869
-129.409
-129.904
-132.546
-137.171
-142.02
-149.084
-156.691
-165.25
-174.789
-185.34
-196.637
-208.324
-220.537
-233.204
-245.993
-258.75
-271.287
-283.402
-294.928
-305.632
-315.326
-323.851
-331.042
-336.797
-341.022
-343.646
-344.753
-344.565
-343.256
-341.07
-338.392
-335.66
-333.405
-332.059
-331.869
-333.097
-335.902
-340.287
-345.624
-351.038
-356.812
-362.559
-367.182
-370.269
-371.973
-373.68
-374.756
-375.785
-376.718
-376.958
-133.098
-134.596
-137.777
-142.947
-148.542
-156.435
-164.841
-174.8
-185.705
-197.474
-210.2
-223.908
-238.204
-252.868
-267.83
-282.905
-297.77
-312.198
-325.947
-338.734
-350.313
-360.446
-368.901
-375.482
-380
-382.487
-382.969
-381.454
-378.158
-373.454
-367.775
-361.649
-355.64
-350.417
-346.74
-345.055
-345.472
-348.051
-352.005
-357.178
-363.031
-367.778
-370.411
-371.226
-371.681
-372.06
-372.771
-373.665
-374.472
-374.764
-133.259
-136.119
-139.963
-145.834
-152.102
-161.038
-170.278
-181.258
-193.498
-206.912
-221.299
-236.592
-252.889
-269.958
-287.428
-305.061
-322.616
-339.79
-356.229
-371.585
-385.548
-397.79
-408.06
-416.093
-421.622
-424.441
-424.46
-421.728
-416.566
-409.216
-400.06
-389.724
-379.126
-369.323
-361.13
-355.369
-352.483
-352.947
-356.468
-362.44
-368.488
-372.367
-373.872
-373.71
-372.964
-372.581
-372.526
-372.716
-373.022
-373.331
-130.006
-134.734
-139.192
-145.92
-152.907
-162.64
-172.643
-184.862
-198.171
-212.804
-228.919
-246.278
-264.651
-283.954
-304.053
-324.575
-345.195
-365.531
-385.18
-403.736
-420.737
-435.764
-448.503
-458.546
-465.527
-469.154
-469.339
-466.097
-459.296
-449.248
-436.486
-421.724
-405.84
-389.855
-375.365
-364.162
-356.814
-354.439
-357.24
-363.966
-371.228
-375.829
-377.397
-377.173
-375.997
-374.363
-372.804
-371.714
-371.14
-371.052
-124.227
-130.492
-135.452
-142.942
-150.968
-160.895
-171.555
-185.154
-199.557
-215.487
-233.003
-252.042
-272.6
-294.417
-317.198
-340.761
-364.737
-388.644
-412.017
-434.356
-455.12
-473.745
-489.693
-502.601
-512.048
-517.537
-518.726
-515.348
-507.427
-495.119
-478.806
-459.022
-436.62
-413.293
-391.159
-371.914
-357.367
-349.737
-351.202
-359.711
-369.711
-376.648
-379.131
-378.703
-377.017
-374.383
-371.569
-369.34
-367.994
-367.379
-116.163
-123.905
-129.123
-137.301
-146.074
-156.559
-168.318
-181.925
-197.144
-214.41
-233.357
-254.114
-276.577
-300.717
-326.309
-353.06
-380.601
-408.453
-436.057
-462.816
-488.077
-511.125
-531.314
-548.081
-560.819
-568.869
-571.853
-569.604
-561.621
-547.697
-528.091
-503.45
-474.82
-443.227
-410.54
-379.754
-354.342
-339.885
-338.886
-347.785
-360.748
-371.858
-376.536
-376.824
-375.192
-372.58
-369.459
-366.554
-364.583
-363.264
-106.797
-115.909
-121.223
-129.671
-138.681
-149.272
-161.577
-175.927
-191.655
-209.662
-229.815
-251.964
-276.297
-302.678
-330.944
-360.877
-392.104
-424.149
-456.392
-488.126
-518.595
-546.989
-572.448
-594.122
-611.325
-623.405
-629.687
-629.516
-622.357
-607.99
-586.296
-557.532
-522.093
-480.949
-436.834
-392.683
-353.396
-327.925
-320.414
-328.508
-344.629
-359.384
-370.052
-375.478
-376.348
-374.43
-371.196
-367.759
-365.277
-363.537
-96.5201
-105.899
-112.002
-120.651
-129.545
-140.356
-152.485
-166.864
-183.173
-201.69
-222.56
-245.921
-271.74
-300.067
-330.858
-363.842
-398.724
-435.076
-472.23
-509.422
-545.777
-580.338
-612.078
-639.952
-662.99
-680.218
-690.753
-694
-689.51
-676.476
-654.087
-621.925
-580.813
-532.002
-476.482
-416.415
-358.302
-319.956
-305.139
-309.606
-330.015
-352.428
-369.334
-379.447
-382.528
-381.089
-377.393
-373.181
-370.099
-368.311
-86.7888
-96.0364
-101.681
-110.483
-119.05
-129.918
-141.786
-155.83
-171.981
-190.736
-211.976
-236.013
-262.961
-292.969
-325.897
-361.713
-400.155
-440.791
-482.985
-525.907
-568.62
-610.093
-649.142
-684.481
-714.684
-738.544
-755.181
-763.773
-763.31
-752.999
-731.956
-699.566
-655.826
-599.948
-529.571
-453.459
-384.988
-332.282
-304.638
-299.986
-320.003
-347.142
-368.831
-382.662
-387.103
-386.061
-382.291
-378.309
-375.802
-374.842
-78.4186
-85.5118
-92.1139
-100.071
-108.127
-118.55
-129.961
-143.667
-159.273
-177.541
-198.767
-223.136
-250.663
-281.662
-316.229
-354.462
-396.196
-441.005
-488.257
-537.081
-586.48
-635.396
-682.584
-726.501
-765.318
-797.498
-821.652
-836.826
-842.322
-836.901
-820.31
-790.57
-744.362
-681.756
-602.162
-516.203
-439.031
-377.026
-339.302
-327.274
-334.048
-351.265
-367.839
-379.128
-383.52
-382.829
-380.746
-378.52
-377.448
-377.561
-73.9755
-74.716
-83.4119
-89.6798
-97.4791
-107.085
-117.912
-130.706
-145.725
-163.332
-183.932
-207.98
-235.568
-267.019
-302.518
-342.477
-386.928
-435.662
-487.886
-542.622
-598.935
-655.761
-711.741
-765.146
-813.773
-855.881
-889.275
-913.256
-927.106
-928.567
-916.404
-891.74
-842.247
-775.837
-693.916
-608.107
-523.125
-458.449
-414.647
-389.089
-379.403
-379.352
-383.195
-384.961
-383.381
-380.234
-377.465
-376.409
-376.735
-377.816
-91.7824
-68.9377
-75.2171
-79.639
-87.5584
-96.5405
-106.685
-118.504
-132.481
-149.227
-169.116
-192.43
-219.463
-250.803
-286.795
-327.769
-374.043
-425.971
-482.611
-543.053
-606.32
-671.28
-736.348
-799.076
-857.718
-911.168
-955.887
-990.202
-1013.46
-1024.35
-1015.1
-992.483
-948.747
-878.597
-800.507
-715.695
-638.974
-572.767
-519.771
-479.417
-450.956
-430.882
-415.81
-403.168
-392.009
-382.64
-377.126
-376.032
-377.1
-378.585
55.9387
51.2186
48.7158
47.2681
46.5991
46.4236
46.5144
46.8898
47.581
48.7436
50.3274
52.3165
54.591
57.2668
60.3952
63.9567
67.9388
72.3591
77.2099
82.4891
88.1748
94.2643
100.683
107.377
114.271
121.405
128.734
136.061
143.279
150.33
157.033
163.186
168.627
173.189
176.593
178.501
178.618
176.583
172.005
164.388
153.29
138.162
118.448
93.4744
62.5944
25.236
-19.3285
-71.3087
-133.832
-196.908
52.599
47.4108
45.4894
43.7452
42.6368
42.0787
41.8243
41.9441
42.3913
43.2162
44.4259
46.0134
48.015
50.4238
53.1921
56.3379
59.8888
63.8253
68.1404
72.8399
77.8946
83.2922
88.9701
94.8988
101.014
107.097
113.193
119.294
125.18
130.711
135.804
140.245
143.798
146.289
147.446
146.918
144.394
139.498
131.892
120.984
106.356
87.4301
63.6567
34.373
-1.08012
-43.4222
-92.9544
-149.706
-215.568
-280.498
47.8556
42.2035
41.1576
39.1072
37.8015
36.928
36.4171
36.2828
36.5892
37.2403
38.1856
39.5599
41.1465
43.2499
45.7566
48.5618
51.7403
55.2517
59.0996
63.2758
67.7347
72.4565
77.3954
82.4712
87.6662
92.8359
97.8728
102.716
107.219
111.231
114.625
117.195
118.714
118.98
117.714
114.55
109.193
101.276
90.3903
76.0526
57.7872
35.0396
7.28651
-26.0706
-65.6574
-112.197
-165.78
-225.843
-292.259
-355.053
42.0456
36.0651
35.647
33.2494
31.8906
30.8691
30.176
29.872
29.9664
30.4123
31.1198
32.3055
33.7685
35.5595
37.6987
40.2003
43.0222
46.1284
49.5249
53.1782
57.0361
61.0793
65.2632
69.5369
73.8137
77.8917
81.7216
85.2982
88.4386
90.8951
92.5326
93.182
92.6062
90.566
86.782
80.9399
72.7132
61.723
47.5664
29.8296
8.04367
-18.2784
-49.59
-86.3995
-129.258
-178.802
-235.038
-296.59
-361.904
-420.429
35.5252
29.015
28.9103
26.177
24.8381
23.7475
22.9353
22.4872
22.4345
22.7072
23.3302
24.125
25.3206
26.8587
28.6868
30.7869
33.1949
35.8542
38.7481
41.8279
45.0457
48.3661
51.7226
55.0406
58.2896
61.3512
64.0377
66.2562
67.9041
68.8061
68.7329
67.4697
64.8024
60.5
54.2808
45.8249
34.8281
20.9339
3.75222
-17.0718
-41.9261
-71.2235
-105.343
-144.68
-189.641
-240.721
-297.842
-359.378
-422.495
-475.178
28.0857
21.2453
21.0658
18.0542
16.7132
15.5205
14.6393
14.0397
13.7459
13.7665
14.1028
14.762
15.6468
16.7744
18.1909
19.873
21.7883
23.9028
26.1995
28.63
31.1449
33.6896
36.1926
38.6094
40.831
42.6958
44.1284
45.0479
45.2594
44.5566
42.7687
39.6721
35.0252
28.5833
20.0774
9.23877
-4.23446
-20.6765
-40.3962
-63.6994
-90.9053
-122.322
-158.226
-198.912
-244.686
-295.886
-352.502
-412.794
-472.401
-517.776
19.5569
12.5487
12.0934
8.82502
7.51448
6.17464
5.05838
4.36449
3.85391
3.67502
3.68492
3.91139
4.40935
5.17336
6.09443
7.21802
8.54797
10.0251
11.6335
13.3264
15.0515
16.7471
18.3289
19.7158
20.8915
21.7165
21.9685
21.5243
20.2664
18.0392
14.6247
9.7865
3.29628
-5.06182
-15.5371
-28.4129
-43.9287
-62.3435
-83.9368
-108.947
-137.601
-170.125
-206.715
-247.579
-292.969
-343.193
-397.924
-455.5
-510.584
-547.315
9.75739
2.77602
2.07668
-1.38214
-2.83328
-4.32006
-5.57614
-6.65209
-7.39299
-7.9951
-8.21336
-8.34247
-8.35004
-8.21777
-7.84718
-7.32888
-6.70218
-5.9534
-5.11872
-4.24348
-3.36946
-2.56448
-1.90029
-1.44392
-1.33167
-1.69784
-2.64524
-4.30164
-6.87644
-10.5657
-15.5099
-21.8986
-29.9575
-39.9169
-52.0047
-66.4158
-83.3723
-103.109
-125.812
-151.663
-180.837
-213.476
-249.685
-289.604
-333.477
-381.69
-433.878
-487.72
-537.041
-564.67
-1.6331
-8.15807
-9.0551
-12.6308
-14.2346
-16.0302
-17.4846
-18.7014
-19.7865
-20.7475
-21.6539
-22.3648
-22.8956
-23.2673
-23.605
-23.8427
-23.9632
-24.0116
-24.0201
-24.018
-24.0442
-24.1749
-24.4874
-25.0761
-25.9972
-27.3716
-29.3779
-32.2109
-36.0223
-40.9277
-47.1071
-54.7665
-64.0942
-75.2545
-88.4294
-103.836
-121.632
-141.965
-165.003
-190.876
-219.685
-251.51
-286.421
-324.518
-365.981
-411.166
-459.989
-509.418
-552.445
-571.679
-14.4975
-20.2926
-21.278
-24.8654
-26.6045
-28.6073
-30.4824
-32.1201
-33.6956
-35.0918
-36.4961
-37.7471
-39.0578
-40.2305
-41.2711
-42.286
-43.2553
-44.1679
-45.0623
-45.9583
-46.9064
-47.9537
-49.1697
-50.6332
-52.5049
-54.9411
-58.0196
-61.8177
-66.5443
-72.4242
-79.5855
-88.1583
-98.2977
-110.181
-123.976
-139.792
-157.76
-178.027
-200.683
-225.808
-253.478
-283.727
-316.547
-351.982
-390.229
-431.632
-476.004
-520.7
-558.571
-572.448
-28.6497
-33.6307
-34.5899
-38.0227
-39.8545
-42.2484
-44.371
-46.4889
-48.506
-50.6514
-52.7451
-54.8097
-56.6992
-58.6891
-60.6943
-62.5895
-64.4296
-66.2504
-68.0529
-69.8608
-71.7226
-73.6748
-75.7964
-78.1883
-80.9246
-84.1097
-87.9078
-92.5012
-98.0092
-104.524
-112.218
-121.27
-131.818
-143.958
-157.79
-173.458
-191.055
-210.63
-232.26
-256
-281.874
-309.874
-339.98
-372.157
-406.41
-443.321
-482.058
-520.708
-553.199
-566.28
-43.403
-47.7934
-48.7385
-51.9933
-53.9015
-56.6664
-59.3082
-61.96
-64.6706
-67.373
-70.1783
-73.134
-76.0867
-78.9438
-81.7749
-84.6259
-87.4223
-90.1714
-92.896
-95.6045
-98.3361
-101.117
-104.003
-107.063
-110.449
-114.336
-118.786
-123.854
-129.693
-136.509
-144.435
-153.576
-164.027
-175.909
-189.343
-204.365
-221.025
-239.396
-259.485
-281.293
-304.827
-330.06
-356.89
-385.171
-415.071
-446.522
-478.251
-507.917
-529.954
-542.556
-58.5665
-62.2594
-63.2723
-66.4567
-68.6361
-71.6566
-74.8254
-78.0506
-81.5393
-85.1895
-88.8358
-92.5488
-96.4309
-100.325
-104.276
-108.132
-111.923
-115.66
-119.325
-122.925
-126.495
-130.058
-133.672
-137.408
-141.32
-145.503
-150.112
-155.337
-161.297
-168.056
-175.737
-184.496
-194.462
-205.7
-218.237
-232.156
-247.501
-264.249
-282.379
-301.869
-322.677
-344.712
-367.844
-391.89
-417.008
-442.151
-465.741
-484.154
-492.949
-501.621
-73.8324
-76.8989
-77.8763
-81.0231
-83.4515
-87.008
-90.672
-94.7053
-98.9101
-103.38
-108.153
-113.026
-117.913
-122.92
-127.925
-132.904
-137.784
-142.554
-147.196
-151.698
-156.064
-160.309
-164.477
-168.601
-172.786
-177.181
-181.867
-186.921
-192.484
-198.751
-205.86
-213.907
-222.953
-233.084
-244.403
-256.902
-270.552
-285.367
-301.298
-318.24
-336.086
-354.716
-373.908
-393.784
-413.589
-432.119
-448.063
-459.09
-463.764
-466.924
-88.7835
-91.1033
-92.1674
-95.5892
-98.325
-102.342
-106.527
-111.27
-116.493
-121.958
-127.714
-133.768
-139.914
-146.128
-152.348
-158.515
-164.596
-170.501
-176.189
-181.627
-186.803
-191.725
-196.414
-200.909
-205.26
-209.529
-213.806
-218.309
-223.236
-228.679
-234.748
-241.594
-249.37
-258.152
-267.916
-278.684
-290.477
-303.219
-316.816
-331.162
-346.111
-361.423
-377.014
-392.685
-407.738
-421.08
-431.115
-436.742
-443.286
-444.633
-102.739
-104.163
-105.465
-109.103
-112.362
-117.083
-122.108
-127.643
-133.755
-140.462
-147.442
-154.605
-162.094
-169.674
-177.252
-184.785
-192.176
-199.333
-206.149
-212.601
-218.638
-224.207
-229.309
-233.952
-238.211
-242.215
-246.073
-249.858
-253.692
-257.816
-262.484
-267.862
-274.022
-281.037
-289.03
-297.983
-307.792
-318.393
-329.723
-341.657
-353.99
-366.485
-378.918
-391.038
-402.298
-411.761
-418.225
-421.617
-424.443
-426.499
-114.963
-115.797
-117.439
-121.332
-125.111
-130.503
-136.338
-142.99
-150.217
-157.945
-166.289
-175.061
-183.898
-192.977
-202.129
-211.188
-220.046
-228.592
-236.744
-244.377
-251.382
-257.702
-263.307
-268.2
-272.405
-275.969
-278.946
-281.536
-284.033
-286.632
-289.507
-292.876
-297.009
-302.105
-308.139
-315.085
-322.93
-331.572
-340.876
-350.749
-361.002
-371.018
-380.791
-390.107
-398.363
-404.672
-408.425
-412.366
-413.165
-414.835
-124.83
-125.367
-127.519
-131.811
-136.136
-142.397
-149.043
-156.714
-165.305
-174.45
-184.05
-194.24
-204.933
-215.734
-226.578
-237.377
-247.957
-258.162
-267.854
-276.836
-285.002
-292.23
-298.425
-303.516
-307.501
-310.508
-312.694
-314.15
-315.021
-315.553
-316.168
-317.254
-319.063
-321.744
-325.525
-330.465
-336.431
-343.276
-350.935
-359.29
-367.54
-375.387
-383.156
-390.212
-395.731
-399.193
-402.377
-404.342
-405.498
-406.339
-131.923
-132.529
-135.247
-139.954
-144.884
-152.059
-159.737
-168.415
-178.061
-188.733
-200.137
-211.962
-224.26
-237.003
-249.908
-262.745
-275.35
-287.496
-298.979
-309.643
-319.273
-327.705
-334.789
-340.399
-344.506
-347.118
-348.271
-348.129
-347.036
-345.362
-343.426
-341.61
-340.4
-340.339
-341.614
-344.27
-348.317
-353.703
-360.31
-367.192
-373.705
-380.229
-386.188
-390.888
-393.933
-395.716
-397.362
-398.867
-400.053
-400.504
-135.284
-136.929
-140.206
-145.444
-151.212
-159.19
-167.633
-177.76
-188.796
-200.686
-213.534
-227.356
-241.778
-256.565
-271.618
-286.773
-301.708
-316.176
-329.917
-342.668
-354.169
-364.184
-372.492
-378.893
-383.226
-385.489
-385.841
-384.448
-381.442
-377.093
-371.948
-366.701
-362.048
-358.481
-356.525
-356.544
-358.634
-362.857
-368.371
-374.054
-380.011
-385.606
-389.602
-391.733
-392.621
-393.629
-394.301
-395.604
-396.696
-397.092
-135.136
-138.134
-142.126
-147.999
-154.537
-163.52
-172.859
-183.958
-196.32
-209.871
-224.4
-239.856
-256.268
-273.439
-291.043
-308.778
-326.407
-343.629
-360.063
-375.365
-389.243
-401.376
-411.46
-419.232
-424.486
-427.069
-426.904
-424.046
-418.791
-411.652
-403.14
-393.88
-384.643
-376.567
-370.6
-367.224
-366.664
-369.285
-374.026
-380.145
-386.52
-391.204
-393.328
-393.473
-393.266
-393.005
-393.367
-394.22
-394.989
-395.417
-131.655
-136.474
-141.055
-147.755
-155.017
-164.793
-175.013
-187.268
-200.698
-215.489
-231.751
-249.25
-267.799
-287.24
-307.456
-328.103
-348.833
-369.246
-388.916
-407.428
-424.345
-439.231
-451.734
-461.488
-468.143
-471.378
-471.123
-467.507
-460.575
-450.63
-438.192
-424.061
-409.509
-395.774
-384.185
-375.93
-371.515
-372.155
-377.136
-384.734
-391.989
-396.222
-397.468
-397.014
-395.765
-394.705
-393.902
-393.47
-393.479
-393.841
-125.645
-131.991
-137.051
-144.553
-152.743
-162.788
-173.741
-187.105
-201.757
-217.844
-235.532
-254.751
-275.442
-297.414
-320.353
-344.047
-368.158
-392.191
-415.657
-438.001
-458.673
-477.12
-492.815
-505.369
-514.342
-519.318
-519.964
-516.086
-507.61
-494.933
-478.615
-459.499
-438.555
-417.3
-398.055
-382.772
-372.856
-370.15
-374.8
-384.585
-394.108
-399.581
-401.375
-400.572
-398.725
-396.252
-393.869
-392.033
-391.137
-391.016
-117.339
-125.202
-130.47
-138.674
-147.498
-158.126
-170.088
-183.668
-198.979
-216.454
-235.538
-256.449
-279.091
-303.386
-329.13
-356.04
-383.727
-411.71
-439.438
-466.256
-491.489
-514.409
-534.357
-550.748
-563.001
-570.474
-572.689
-569.44
-560.673
-546.164
-526.258
-501.607
-473.417
-443.676
-414.568
-388.799
-369.257
-360.139
-363.974
-376.664
-390.707
-398.926
-401.758
-401.234
-398.898
-395.544
-391.994
-389.028
-387.218
-386.406
-107.661
-116.99
-122.316
-130.852
-139.9
-150.517
-162.959
-177.337
-193.177
-211.302
-231.617
-253.951
-278.408
-304.954
-333.391
-363.486
-394.864
-427.063
-459.456
-491.311
-521.829
-550.157
-575.411
-596.733
-613.376
-624.739
-630.106
-628.888
-620.637
-605.139
-582.298
-552.789
-517.622
-478.156
-436.396
-396.243
-363.267
-345.252
-345.059
-359.292
-377.937
-391.647
-397.276
-398.384
-397.136
-394.262
-390.388
-386.578
-383.903
-382.154
-97.1623
-106.76
-112.848
-121.586
-130.526
-141.335
-153.544
-167.987
-184.366
-202.967
-223.929
-247.45
-273.461
-301.941
-332.892
-366.042
-401.091
-437.617
-474.951
-512.3
-548.759
-583.336
-614.959
-642.535
-665.089
-681.696
-691.233
-693.161
-687.083
-672.277
-648.391
-615.185
-573.142
-523.559
-469.088
-412.964
-362.456
-328.454
-320.112
-332.613
-356.422
-377.052
-392.068
-399.552
-401.063
-398.44
-394.22
-389.58
-385.88
-383.342
-87.2358
-96.6858
-102.333
-111.206
-119.795
-130.679
-142.572
-156.655
-172.849
-191.634
-212.978
-237.099
-264.201
-294.351
-327.467
-363.434
-402.033
-442.848
-485.253
-528.408
-571.3
-612.857
-651.855
-686.991
-716.899
-740.193
-755.894
-763.078
-760.782
-748.207
-724.801
-689.782
-643.201
-586.047
-518.464
-442.67
-372.52
-324.894
-305.92
-312.556
-338.491
-366.122
-390.143
-404.125
-408.858
-407.158
-402.439
-397.037
-392.997
-390.633
-78.7027
-85.966
-92.5926
-100.643
-108.689
-119.093
-130.538
-144.238
-159.863
-178.148
-199.354
-223.762
-251.455
-282.6
-317.35
-355.656
-397.515
-442.485
-489.968
-539.072
-588.741
-637.846
-685.113
-729.026
-767.693
-799.458
-822.958
-836.799
-840.16
-831.967
-811.455
-778.056
-729.762
-666.438
-585.357
-496.423
-412.129
-349.763
-312.48
-310.391
-333.091
-363.21
-389.753
-405.556
-411.566
-410.05
-406.33
-401.746
-398.807
-397.53
-74.1573
-74.9743
-83.7022
-89.9762
-97.8309
-107.452
-118.314
-131.097
-146.092
-163.645
-184.239
-208.193
-235.859
-267.472
-303.207
-343.17
-387.69
-436.5
-488.965
-544.066
-600.723
-657.837
-714.105
-767.694
-816.312
-858.057
-891.157
-913.916
-925.528
-924.296
-908.767
-878.796
-829.805
-759.19
-670.432
-576.699
-488.164
-412.06
-367.096
-350.52
-356.305
-373.524
-391.036
-403.24
-407.658
-406.431
-403.927
-401.38
-400.234
-400.369
-91.6204
-69.0131
-75.3109
-79.7851
-87.775
-96.729
-106.875
-118.74
-132.729
-149.388
-169.016
-192.353
-219.443
-250.824
-286.941
-328.051
-374.384
-426.235
-483.141
-543.899
-607.522
-672.869
-738.673
-802.026
-860.806
-913.588
-958.221
-991.487
-1013.31
-1022.22
-1012.55
-984.443
-939.324
-864.081
-776.71
-684.957
-595.06
-520.556
-466.919
-432.057
-414.377
-409.462
-410.384
-410.623
-407.87
-403.838
-400.416
-398.935
-399.311
-400.54
-75.3307
-59.0466
-64.4591
-71.0568
-78.9925
-87.5347
-97.3252
-108.506
-121.573
-137.67
-156.667
-178.681
-204.739
-236.261
-273.394
-315.974
-364.457
-419.552
-481.507
-549.786
-622.852
-698.942
-775.554
-850.581
-921.828
-986.877
-1043.03
-1088.49
-1121.23
-1143.07
-1143.63
-1113.41
-1051.14
-973.346
-883.481
-790.338
-706.792
-633.721
-571.254
-524.219
-490.061
-465.613
-446.37
-429.828
-415.555
-404.424
-398.319
-397.887
-399.446
-400.914
-62.8334
-58.6826
-61.5908
-67.2045
-74.5555
-82.5215
-92.0534
-103.317
-116.79
-133.253
-153.444
-177.323
-205.958
-240.638
-281.492
-328.674
-383.318
-445.994
-516.777
-594.819
-678.128
-765.599
-854.795
-942.386
-1025.01
-1099.98
-1164.75
-1215.04
-1247.94
-1259.76
-1240.29
-1193.93
-1128.43
-1049.19
-961.467
-871.712
-788.094
-716.532
-654.395
-601.32
-556.462
-518.51
-485.885
-457.354
-432.87
-413.896
-402.997
-399.886
-401.94
-403.786
-54.707
-57.349
-60.8315
-66.1863
-72.7702
-80.4193
-90.1788
-101.924
-116.757
-135.229
-158.307
-186.545
-219.848
-259.089
-305.954
-361.77
-426.779
-500.413
-582.117
-671.698
-768.336
-869.943
-972.712
-1070.77
-1161.79
-1241.75
-1309.24
-1356.33
-1376.07
-1365.2
-1332.14
-1278.18
-1209.77
-1129.3
-1045.54
-961.519
-880.662
-804.128
-734.755
-672.407
-616.925
-567.878
-524.897
-487.713
-456.197
-431.037
-413.944
-405.975
-407.06
-409.634
-48.1515
-52.9998
-57.5694
-63.3931
-69.9541
-77.9492
-88.174
-101.024
-117.823
-138.718
-164.472
-196.268
-234.6
-280.746
-336.296
-401.938
-477.777
-564.147
-661.338
-768.883
-884.047
-1001.44
-1114.52
-1220.47
-1317.63
-1404.08
-1467.4
-1500
-1501.45
-1478.26
-1434.21
-1373.64
-1300.21
-1219.58
-1134.38
-1047.59
-962.007
-880.327
-803.394
-732.686
-668.379
-610.856
-560.326
-516.939
-480.789
-451.804
-430.328
-417.553
-413.733
-418.854
-41.6904
-46.7558
-51.6428
-57.3984
-64.1227
-72.6049
-83.6148
-97.9173
-115.917
-138.619
-167.436
-203.252
-247.548
-301.288
-365.097
-441.105
-531.027
-635.729
-754.409
-883.324
-1016.82
-1148.04
-1272.64
-1388.51
-1493.57
-1575.88
-1622.14
-1637.25
-1625.35
-1590.63
-1536.56
-1468.27
-1389.61
-1303.6
-1212.96
-1121.08
-1029.91
-941.75
-858.137
-780.114
-708.771
-644.842
-588.913
-541.352
-502.218
-471.188
-447.728
-431.935
-425.56
-432.958
-34.1106
-38.4628
-42.9148
-48.4463
-55.3546
-64.1482
-75.713
-90.4749
-109.217
-133.755
-166
-206.602
-256.774
-317.343
-390.718
-480.637
-590.098
-718.632
-861.499
-1011.98
-1162.83
-1309.38
-1448.85
-1574.85
-1674.33
-1734.45
-1763.15
-1762.32
-1736.66
-1689.72
-1626.41
-1549.91
-1463.61
-1370.55
-1273.88
-1176.02
-1079.14
-985.152
-895.497
-811.826
-735.175
-666.701
-607.22
-557.11
-516.432
-484.634
-460.937
-445.131
-439.106
-442.277
-24.7109
-28.3711
-32.1788
-36.9925
-43.5029
-52.0145
-62.6901
-77.1744
-97.0117
-123.846
-159.419
-204.233
-259.79
-329.165
-416.563
-525.983
-659.323
-813.698
-981.472
-1153.66
-1324.31
-1488.17
-1636.75
-1753.25
-1829.82
-1871.65
-1882.71
-1866.54
-1827.02
-1769.06
-1695.21
-1609.81
-1515.63
-1415.9
-1313.17
-1209.74
-1107.5
-1008.38
-914.011
-825.814
-745.411
-673.881
-612.195
-560.78
-519.615
-488.184
-465.606
-451.227
-445.112
-445.392
-14.2833
-16.6163
-19.1611
-22.2634
-26.9419
-33.8754
-43.4894
-58.1735
-79.4651
-108.008
-145.164
-193.955
-257.154
-339.37
-445.504
-577.964
-737.578
-919.006
-1112.93
-1309.5
-1499.42
-1669.16
-1800.97
-1895.12
-1953.01
-1977.79
-1972.77
-1942.58
-1890.38
-1821.44
-1738.13
-1644.25
-1543.34
-1437.36
-1329.24
-1220.82
-1114.05
-1010.71
-912.48
-821.178
-738.168
-664.789
-601.982
-550.141
-509.153
-478.539
-457.406
-444.902
-440.444
-440.326
-1.47231
-1.79382
-2.04414
-2.53848
-4.79727
-10.1831
-19.5222
-33.7632
-54.2051
-82.8396
-121.904
-175.657
-248.812
-347.063
-474.298
-633.057
-822.613
-1031.12
-1253.35
-1469.6
-1657.73
-1807.48
-1919.3
-1995.91
-2037.15
-2046.4
-2027.84
-1985.08
-1922.65
-1844.19
-1753.66
-1652.85
-1545.75
-1434.81
-1322
-1209.41
-1098.86
-992.258
-891.408
-797.922
-713.454
-639.215
-576.039
-524.389
-484.077
-454.456
-434.548
-423.242
-420.391
-420.964
15.0983
17.3401
18.9759
20.3533
20.4739
18.411
11.9389
0.0164569
-18.539
-46.1689
-86.3921
-144.625
-227.773
-343.331
-493.607
-682.43
-904.446
-1140.5
-1377.44
-1586.73
-1760.23
-1891.4
-1986.53
-2050.13
-2078.4
-2074.5
-2045.88
-1994.3
-1923.48
-1838.49
-1741.77
-1635.98
-1524.36
-1409.19
-1292.69
-1176.8
-1063.53
-954.701
-852.074
-757.531
-672.538
-598.291
-535.589
-484.658
-445.217
-416.491
-397.443
-387.023
-384.319
-385.81
33.286
38.3851
43.2991
47.831
51.6778
53.986
52.6124
45.9416
31.9205
7.59597
-32.046
-94.0917
-187.497
-321.162
-497.567
-711.333
-953.171
-1202.97
-1439.74
-1640.62
-1802.38
-1919.1
-2001.34
-2057.04
-2075.57
-2064.63
-2028.69
-1970.84
-1895.51
-1806.19
-1705.51
-1596.44
-1481.59
-1363.47
-1244.28
-1126.16
-1011.11
-900.98
-797.787
-703.21
-618.72
-545.411
-483.84
-434.1
-395.76
-367.962
-349.6
-339.476
-336.684
-337.369
52.3651
60.7064
70.1907
80.1119
90.0127
99.1714
105.706
107.518
101.081
81.7527
43.0189
-24.0515
-128.63
-276.109
-467.327
-696.101
-952.241
-1204.75
-1437.4
-1631.37
-1784.24
-1896.07
-1971.46
-2018.48
-2034.87
-2021.6
-1982.68
-1922.34
-1844.55
-1752.8
-1650.09
-1539.07
-1422.38
-1302.51
-1181.79
-1062.49
-946.748
-836.647
-734.043
-640.596
-557.649
-486.071
-426.289
-378.196
-341.191
-314.286
-296.324
-286.171
-282.8
-282.685
71.3418
84.8456
100.552
117.746
135.833
154.081
171.124
184.034
186.924
172.181
132.891
61.44
-49.0456
-205.608
-404.898
-636.629
-896.145
-1147.56
-1374.43
-1567.56
-1718.12
-1830.98
-1907.11
-1953.41
-1969.19
-1955.94
-1917.15
-1856.87
-1778.85
-1686.57
-1583.03
-1471.17
-1353.77
-1233.32
-1112.31
-993.176
-878.214
-769.473
-668.801
-577.755
-497.444
-428.523
-371.136
-324.949
-289.218
-262.933
-244.967
-234.151
-229.522
-228.231
92.5673
112.531
135.189
160.407
187.69
215.567
241.252
260.233
266.589
255.782
222.447
150.341
39.1378
-122.617
-320.466
-547.704
-801.131
-1049.68
-1274.42
-1470.42
-1628.54
-1748.63
-1831.2
-1879.38
-1896.17
-1884.2
-1846.98
-1788.04
-1710.86
-1618.72
-1515.3
-1403.85
-1286.81
-1166.92
-1046.98
-929.501
-816.722
-710.662
-613.094
-525.366
-448.335
-382.321
-327.183
-282.408
-247.234
-220.736
-201.872
-189.601
-183.101
-180.426
110.597
132.54
158.403
187.431
218.3
248.662
277.21
300.985
312.133
300.321
269.425
197.187
87.8562
-65.1028
-262.004
-483.703
-720.934
-962.882
-1187.57
-1383.05
-1542.98
-1666.47
-1754.78
-1807.59
-1827.59
-1818.65
-1784.66
-1728.92
-1654.6
-1565.11
-1463.96
-1354.02
-1238.2
-1119.61
-1001.3
-885.903
-775.605
-672.278
-577.524
-492.533
-417.964
-353.939
-300.135
-255.898
-220.372
-192.609
-171.714
-156.863
-147.657
-143.007
110.648
131.768
156.701
184.667
214.633
244.457
272.922
296.723
307.282
295.172
265.349
193.828
86.1711
-61.3964
-256.446
-475.297
-704.58
-939.24
-1160.32
-1353.37
-1512.64
-1636.3
-1723.64
-1776.44
-1796.58
-1787.1
-1752.71
-1698.16
-1625.84
-1538.74
-1439.84
-1331.81
-1217.48
-1100.18
-983.15
-869.091
-760.222
-658.382
-565.033
-481.226
-407.545
-344.033
-290.298
-245.613
-209.037
-179.497
-156.045
-138.09
-126.052
-119.195
90.9767
110.716
132.921
157.582
184.324
211.319
235.554
253.412
259.171
248.289
214.288
142.877
39.1287
-114.468
-309.774
-527.465
-761.216
-997.102
-1209.38
-1392.97
-1546.11
-1663.86
-1745.25
-1792.42
-1808.31
-1796.48
-1760.89
-1705.02
-1631.94
-1544.61
-1446.05
-1338.74
-1225.35
-1108.94
-992.577
-878.91
-770.162
-668.181
-574.448
-490.001
-415.389
-350.752
-295.887
-250.269
-213.117
-183.485
-160.537
-143.709
-132.884
-126.777
70.2954
83.3415
98.5577
115.332
132.892
150.625
167.181
179.649
181.323
164.348
124.307
54.6214
-52.0051
-203.28
-395.306
-617.219
-862.561
-1092.93
-1295.19
-1470.37
-1612.25
-1719.69
-1794.81
-1838.32
-1851.66
-1838.01
-1800.95
-1743.96
-1670.11
-1581.93
-1482.26
-1374.35
-1261.1
-1145.07
-1028.75
-914.564
-804.744
-701.257
-605.715
-519.277
-442.633
-376.05
-319.455
-272.511
-234.696
-205.306
-183.459
-168.162
-158.698
-153.558
51.0993
58.9312
68.0516
77.6206
86.9338
95.7084
102.001
103.496
96.5298
76.2588
36.3499
-32.0065
-135.614
-280.358
-466.561
-687.359
-930.991
-1163.37
-1371.51
-1540.74
-1678
-1780.64
-1850.08
-1889.39
-1900.93
-1886.82
-1849.79
-1793.05
-1719.62
-1632.28
-1533.82
-1427.06
-1314.77
-1199.45
-1083.35
-968.751
-857.861
-752.738
-655.143
-566.421
-487.466
-418.735
-360.288
-311.85
-272.948
-242.995
-221.251
-206.762
-198.588
-194.521
31.7544
36.4929
41.2896
45.3411
48.6313
50.6219
48.8287
41.763
27.5845
3.03348
-37.53
-100.87
-195.057
-329.178
-504.142
-713.384
-946.397
-1180.16
-1391.78
-1568.61
-1711.65
-1814.94
-1885.43
-1926.42
-1940.58
-1927.62
-1892.05
-1837.04
-1765.52
-1680.26
-1583.97
-1479.52
-1369.4
-1255.9
-1141.18
-1027.36
-916.649
-811.046
-712.375
-622.123
-541.39
-470.874
-410.873
-361.267
-321.591
-291.213
-269.436
-255.438
-248.321
-245.023
13.9033
15.9546
17.1868
17.949
17.6809
15.2425
8.27093
-3.98983
-22.8702
-50.8593
-91.6551
-150.42
-234.384
-351.69
-505.403
-693.961
-908.082
-1134.61
-1351.66
-1540.13
-1691.62
-1804.86
-1884.95
-1936.3
-1956.08
-1947.64
-1917.47
-1866.47
-1798.68
-1716.94
-1624.13
-1522.92
-1415.81
-1304.93
-1192.55
-1080.69
-971.37
-866.599
-768.118
-677.523
-596.058
-524.589
-463.581
-413.089
-372.795
-342.139
-320.463
-307.013
-300.988
-298.578
-2.41206
-2.9334
-3.61269
-4.43188
-6.99303
-13.135
-23.0022
-37.3952
-58.3369
-87.3565
-126.713
-180.786
-255.189
-355.935
-485.921
-645.311
-831.641
-1036.88
-1247.81
-1449.61
-1615.39
-1744.92
-1839.71
-1902.85
-1933.66
-1937.02
-1914.88
-1871.78
-1810.87
-1734.02
-1646.44
-1550.06
-1447.03
-1339.85
-1230.78
-1121.96
-1015.13
-912.216
-815.059
-725.171
-643.949
-572.397
-511.144
-460.38
-419.852
-389.041
-367.36
-354.185
-348.99
-347.559
-14.8932
-17.3948
-20.3415
-23.7287
-28.6146
-35.9576
-45.9722
-61.3236
-83.2039
-112.118
-149.317
-198.196
-262.717
-347.058
-455.211
-589.446
-749.245
-927.634
-1114.54
-1302.76
-1482.24
-1633.69
-1747.55
-1826.49
-1872.54
-1889.62
-1879.86
-1847.38
-1794.96
-1726.94
-1645.97
-1555.76
-1458.02
-1355.67
-1251.14
-1146.29
-1043.01
-943.032
-848.204
-760.129
-680.094
-609.239
-548.282
-497.593
-457.04
-426.124
-404.255
-390.887
-386.256
-385.165
-25.1866
-29.0562
-33.1162
-38.0918
-44.8827
-53.6653
-64.6175
-79.6495
-99.7328
-127.32
-163.184
-207.957
-264.049
-334.412
-423.557
-535.646
-670.664
-823.541
-986.409
-1152.28
-1316.55
-1472.54
-1609.55
-1708.73
-1773.25
-1806.3
-1811.61
-1791.5
-1750.94
-1692.77
-1620.74
-1537.56
-1446.55
-1350.17
-1250.8
-1150.91
-1051.95
-955.948
-864.526
-779.199
-701.368
-632.068
-572.16
-521.993
-481.501
-450.34
-427.946
-413.807
-408.07
-407.265
-34.4094
-38.9261
-43.5589
-49.3047
-56.4651
-65.4783
-77.2643
-92.3135
-111.326
-136.254
-168.988
-210.082
-260.322
-320.912
-394.929
-486.968
-598.947
-728.002
-868.7
-1014.4
-1159.61
-1300.97
-1435.84
-1553.98
-1640.18
-1691.41
-1712.8
-1707.34
-1679.07
-1632.17
-1570.05
-1495.63
-1412.26
-1322.37
-1229.11
-1134.58
-1040.88
-949.627
-862.558
-781.091
-706.381
-639.555
-581.326
-532.186
-492.105
-460.731
-437.582
-422.377
-415.384
-414.872
-41.9112
-47.0566
-51.9781
-57.8719
-64.8491
-73.5593
-84.7343
-99.1781
-117.495
-140.395
-169.423
-205.818
-250.495
-304.228
-368.29
-444.824
-535.786
-641.976
-761.129
-888.344
-1017.41
-1143.97
-1265
-1379.03
-1478.47
-1551.51
-1589.81
-1599.77
-1584.87
-1549.9
-1497.12
-1431.73
-1356.02
-1273.43
-1186.22
-1097.75
-1009.7
-924.026
-842.289
-765.654
-695.313
-631.991
-576.462
-529.083
-489.89
-458.606
-434.828
-418.693
-412.069
-413.962
-48.305
-53.1586
-57.7221
-63.6303
-70.3224
-78.4565
-88.8195
-101.865
-118.816
-139.866
-165.985
-197.953
-236.398
-282.86
-339.073
-404.803
-480.429
-567.267
-665.542
-773.464
-887.267
-1001.41
-1111.53
-1214.6
-1309.52
-1392.32
-1451.43
-1476.87
-1476.21
-1452.21
-1409.62
-1351.04
-1282.13
-1205.53
-1124.8
-1041.76
-959.779
-880.003
-804.366
-733.773
-668.917
-610.477
-558.855
-514.391
-477.11
-446.853
-423.495
-407.549
-401.254
-407.59
-54.5852
-57.3293
-60.8458
-66.2992
-72.937
-80.639
-90.4426
-102.232
-117.16
-135.949
-159.533
-187.88
-220.965
-260.349
-307.702
-363.914
-428.937
-502.405
-584.175
-674.134
-771.093
-871.971
-972.62
-1068.05
-1156.41
-1235.64
-1302.09
-1346.95
-1362.92
-1351.22
-1317.7
-1266.22
-1201.42
-1127.19
-1049.59
-971.646
-894.577
-820.436
-751.517
-687.719
-629.885
-577.76
-531.609
-491.37
-457.105
-429.045
-407.74
-394.503
-390.204
-396.129
-62.5274
-58.5817
-61.5002
-67.137
-74.5727
-82.6238
-92.2212
-103.428
-116.828
-133.457
-153.748
-177.998
-207.013
-241.808
-282.363
-329.549
-384.445
-447.332
-518.41
-596.178
-679.224
-766.364
-854.696
-941.183
-1022.65
-1096.77
-1160.15
-1212.58
-1246.45
-1254.72
-1231.2
-1186.82
-1125.45
-1054.4
-974.889
-894.784
-816.997
-747.988
-685.174
-629.162
-579.369
-535.43
-496.735
-462.671
-433.34
-409.352
-392.108
-383.697
-383.74
-386.903
-75.118
-58.9246
-64.311
-70.8881
-78.9064
-87.4801
-97.3188
-108.454
-121.558
-137.694
-156.629
-178.733
-205.15
-236.952
-273.898
-316.213
-364.652
-419.809
-481.92
-550.228
-622.906
-698.222
-774.07
-848.31
-918.917
-983.427
-1040.59
-1087.61
-1123.39
-1144.64
-1145.77
-1108.69
-1051.22
-980.292
-900.721
-818.312
-742.667
-673.283
-612.728
-562.307
-521.103
-487.28
-458.279
-432.746
-410.151
-392.316
-381.279
-377.369
-379.306
-381.359
56.1358
52.6609
50.967
50.1566
49.9829
50.1947
50.709
51.4932
52.7127
54.209
56.138
58.4446
61.1105
64.2229
67.8259
71.9146
76.4699
81.4904
86.9869
92.9431
99.3329
106.149
113.332
120.86
128.755
137.012
145.407
153.845
162.332
170.713
178.798
186.47
193.608
200.008
205.393
209.493
212.002
212.558
210.774
206.22
198.443
186.954
171.218
150.614
124.536
92.3263
53.2811
6.57399
-49.2544
-104.722
54.9329
54.0051
53.6313
53.697
54.1654
54.9308
55.9927
57.352
59.0067
60.969
63.3525
66.1595
69.4001
73.0653
77.2287
81.9066
87.0932
92.7935
99.015
105.716
112.881
120.496
128.535
136.999
145.859
155.055
164.515
174.139
183.831
193.467
202.921
212.09
220.846
228.996
236.308
242.527
247.353
250.452
251.454
249.952
245.511
237.679
225.951
209.761
188.541
161.638
128.397
87.8728
39.1422
-8.40298
55.6416
56.1929
56.906
57.7938
58.9387
60.2943
61.894
63.7732
65.8861
68.3204
71.2009
74.5624
78.3762
82.6656
87.467
92.8124
98.7052
105.147
112.132
119.635
127.639
136.127
145.104
154.548
164.422
174.683
185.261
196.069
207.009
217.974
228.866
239.572
249.968
259.894
269.146
277.485
284.639
290.301
294.12
295.716
294.679
290.568
282.919
271.233
254.981
233.55
206.322
172.73
132.175
93.44
58.0418
59.3349
60.8361
62.4455
64.23
66.1777
68.278
70.6222
73.2462
76.2003
79.5929
83.4897
87.901
92.8347
98.316
104.37
111.002
118.205
125.972
134.307
143.189
152.608
162.563
173.03
183.979
195.359
207.109
219.162
231.425
243.811
256.221
268.542
280.661
292.433
303.688
314.216
323.769
332.056
338.745
343.467
345.829
345.43
341.851
334.633
323.294
307.304
286.196
259.363
226.274
196.737
61.6609
63.3716
65.4144
67.6252
69.9854
72.4875
75.0939
77.8892
81.0032
84.4911
88.4151
92.865
97.8841
103.471
109.65
116.434
123.823
131.813
140.405
149.608
159.406
169.794
180.756
192.279
204.332
216.87
229.851
243.207
256.859
270.726
284.71
298.714
312.623
326.312
339.64
352.42
364.422
375.37
384.941
392.792
398.568
401.895
402.379
399.614
393.174
382.586
367.377
347.179
321.742
299.958
66.2264
68.2288
70.6246
73.275
76.1148
79.1249
82.2413
85.5272
89.1245
93.131
97.6032
102.628
108.256
114.506
121.386
128.91
137.077
145.883
155.335
165.428
176.16
187.522
199.502
212.093
225.273
239.015
253.273
267.977
283.062
298.445
314.048
329.779
345.537
361.21
376.667
391.739
406.212
419.816
432.246
443.181
452.273
459.173
463.543
465.006
463.147
457.521
447.784
433.509
414.455
399.308
71.607
73.7698
76.3797
79.3463
82.5676
86.0139
89.6085
93.3826
97.4601
101.977
107.011
112.618
118.856
125.758
133.339
141.607
150.563
160.194
170.499
181.476
193.136
205.473
218.483
232.161
246.495
261.463
277.009
293.077
309.601
326.513
343.746
361.22
378.845
396.514
414.099
431.441
448.333
464.514
479.698
493.575
505.836
516.191
524.313
529.821
532.308
531.37
526.612
517.752
504.816
495.017
77.6432
79.8272
82.5217
85.6769
89.1956
93.0128
97.0544
101.31
105.876
110.901
116.475
122.66
129.496
137.048
145.325
154.335
164.063
174.497
185.636
197.495
210.084
223.4
237.441
252.201
267.678
283.844
300.658
318.067
336.014
354.443
373.294
392.496
411.964
431.591
451.255
470.8
490.019
508.667
526.472
543.152
558.432
572.006
583.517
592.587
598.82
601.775
601.162
596.729
588.468
582.715
84.0564
86.1442
88.8408
92.0895
95.8342
99.948
104.378
109.086
114.144
119.675
125.774
132.509
139.94
148.11
157.05
166.754
177.21
188.414
200.369
213.085
226.569
240.822
255.847
271.648
288.221
305.545
323.59
342.306
361.643
381.547
401.96
422.814
444.027
465.497
487.109
508.702
530.074
550.994
571.206
590.446
608.432
624.847
639.354
651.609
661.197
667.734
670.923
670.572
666.809
664.236
90.5179
92.4361
95.0848
98.3604
102.249
106.61
111.372
116.499
122.021
128.02
134.62
141.876
149.866
158.622
168.172
178.522
189.669
201.608
214.34
227.866
242.193
257.333
273.294
290.084
307.698
326.124
345.332
365.278
385.911
407.176
429.014
451.361
474.147
497.29
520.671
544.131
567.473
590.474
612.888
634.451
654.869
673.812
690.916
705.755
717.908
727.041
732.952
735.503
734.821
734.431
96.6948
98.4136
100.953
104.233
108.191
112.759
117.804
123.284
129.212
135.657
142.706
150.45
158.941
168.228
178.333
189.267
201.029
213.616
227.031
241.277
256.365
272.304
289.105
306.774
325.314
344.714
364.948
385.974
407.742
430.197
453.29
476.965
501.168
525.82
550.796
575.929
601.015
625.822
650.09
673.533
695.826
716.621
735.546
752.263
766.519
778.179
787.049
792.796
795.339
796.925
102.22
103.748
106.163
109.412
113.426
118.126
123.399
129.171
135.442
142.27
149.721
157.882
166.801
176.532
187.11
198.549
210.843
223.991
237.991
252.857
268.6
285.231
302.756
321.183
340.517
360.753
381.867
403.817
426.553
450.025
474.193
499.023
524.462
550.415
576.737
603.243
629.715
655.905
681.546
706.347
730.004
752.205
772.662
791.125
807.355
820.969
831.377
838.228
841.707
843.694
106.775
108.108
110.418
113.642
117.679
122.459
127.887
133.891
140.447
147.578
155.354
163.841
173.107
183.191
194.133
205.959
218.674
232.265
246.734
262.093
278.356
295.532
313.626
332.643
352.589
373.461
395.239
417.884
441.348
465.59
490.582
516.292
542.659
569.568
596.86
624.342
651.79
678.961
705.587
731.39
756.083
779.378
800.98
820.557
837.757
852.328
864.266
873.66
880.092
884.281
110.05
111.254
113.472
116.643
120.7
125.543
131.075
137.221
143.962
151.31
159.313
168.039
177.545
187.878
199.079
211.169
224.163
238.056
252.847
268.545
285.166
302.717
321.2
340.618
360.976
382.274
404.495
427.603
451.557
476.327
501.891
528.21
555.206
582.754
610.687
638.813
666.915
694.756
722.084
748.629
774.107
798.227
820.703
841.256
859.578
875.242
887.684
896.251
901.066
903.768
111.855
112.966
115.131
118.269
122.311
127.17
132.76
139.004
145.848
153.3
161.412
170.251
179.875
190.335
201.665
213.895
227.036
241.084
256.035
271.9
288.696
306.431
325.104
344.714
365.267
386.761
409.182
432.497
456.672
481.684
507.509
534.098
561.364
589.176
617.366
645.742
674.091
702.185
729.777
756.602
782.37
806.762
829.422
849.965
868.022
883.271
895.456
904.401
910.057
913.437
112.042
113.133
115.279
118.4
122.443
127.303
132.883
139.127
145.977
153.429
161.534
170.369
179.993
190.449
201.777
214.005
227.139
241.176
256.116
271.97
288.754
306.475
325.128
344.714
365.237
386.698
409.079
432.348
456.471
481.426
507.186
533.703
560.889
588.611
616.7
644.959
673.177
701.128
728.567
755.229
780.823
805.027
827.472
847.747
865.454
880.288
892.065
900.736
906.25
909.491
110.548
111.718
113.908
117.056
121.095
125.929
131.461
137.609
144.347
151.682
159.675
168.399
177.903
188.226
199.408
211.488
224.467
238.337
253.097
268.761
285.343
302.846
321.271
340.619
360.893
382.092
404.195
427.169
450.971
475.572
500.95
527.059
553.819
581.098
608.727
636.506
664.218
691.63
718.491
744.534
769.476
793.023
814.875
834.735
852.272
867.034
878.413
885.773
889.396
891.074
107.579
108.89
111.144
114.322
118.342
123.102
128.525
134.528
141.074
148.194
155.959
164.437
173.691
183.76
194.688
206.493
219.179
232.731
247.155
262.46
278.66
295.757
313.756
332.662
352.479
373.196
394.789
417.218
440.438
464.405
489.092
514.461
540.442
566.915
593.712
620.63
647.443
673.905
699.749
724.694
748.457
770.757
791.303
809.763
825.757
839.01
849.468
857.107
861.584
864.063
103.33
104.806
107.169
110.37
114.33
119.002
124.276
130.049
136.313
143.121
150.557
158.704
167.61
177.324
187.878
199.288
211.547
224.647
238.588
253.384
269.042
285.571
302.973
321.254
340.415
360.447
381.321
402.991
425.402
448.504
472.255
496.62
521.536
546.898
572.552
598.301
623.918
649.154
673.733
697.358
719.721
740.513
759.451
776.287
790.753
802.418
810.8
815.604
816.93
817.126
98.0761
99.7386
102.225
105.435
109.325
113.869
118.908
124.388
130.308
136.733
143.766
151.491
159.967
169.23
179.306
190.209
201.932
214.47
227.815
241.976
256.96
272.78
289.438
306.936
325.27
344.425
364.375
385.068
406.446
428.451
451.029
474.125
497.682
521.607
545.762
569.966
594.004
617.636
640.596
662.587
683.27
702.289
719.264
733.881
745.953
755.32
761.645
764.613
764.244
763.37
92.1447
94.0049
96.592
99.7868
103.612
107.944
112.692
117.813
123.322
129.308
135.887
143.131
151.098
159.827
169.35
179.667
190.769
202.65
215.308
228.742
242.962
257.969
273.771
290.368
307.755
325.911
344.801
364.373
384.567
405.321
426.569
448.247
470.287
492.594
515.034
537.426
559.556
581.186
602.064
621.922
640.456
657.323
672.148
684.476
693.917
700.226
703.234
702.672
698.522
694.994
85.9018
87.9326
90.5598
93.7214
97.4048
101.484
105.899
110.598
115.64
121.151
127.24
133.961
141.364
149.504
158.415
168.089
178.505
189.65
201.53
214.153
227.521
241.638
256.495
272.093
288.421
305.46
323.163
341.477
360.34
379.691
399.466
419.59
439.977
460.529
481.108
501.531
521.567
540.966
559.459
576.774
592.631
606.701
618.649
628.13
634.685
637.909
637.536
633.479
625.876
619.5
79.6932
81.8113
84.4173
87.4879
90.9582
94.7382
98.7544
103.002
107.555
112.56
118.118
124.286
131.103
138.621
146.873
155.854
165.541
175.921
186.988
198.756
211.23
224.407
238.279
252.834
268.063
283.932
300.395
317.385
334.84
352.692
370.875
389.31
407.905
426.557
445.127
463.43
481.228
498.249
514.206
528.804
541.761
552.768
561.446
567.404
570.263
569.607
565.115
556.43
543.517
533.045
73.815
75.919
78.4296
81.3193
84.4994
87.8934
91.4736
95.2488
99.3068
103.792
108.807
114.41
120.626
127.501
135.057
143.298
152.218
161.797
172.031
182.921
194.476
206.681
219.53
233.003
247.092
261.761
276.955
292.603
308.627
324.955
341.507
358.2
374.936
391.605
408.063
424.123
439.542
454.03
467.283
478.976
488.786
496.415
501.533
503.729
502.553
497.587
488.45
474.904
456.922
441.276
68.5547
70.5077
72.8135
75.4038
78.1867
81.1326
84.2499
87.5412
91.1126
95.0881
99.5576
104.566
110.17
116.408
123.262
130.761
138.894
147.657
157.043
167.059
177.696
188.936
200.762
213.161
226.103
239.558
253.463
267.753
282.341
297.144
312.075
327.03
341.908
356.59
370.922
384.7
397.677
409.555
420.008
428.701
435.268
439.339
440.55
438.528
432.848
423.024
408.658
389.256
364.641
342.894
64.1052
65.7572
67.7264
69.8893
72.1674
74.6237
77.2428
80.0291
83.1086
86.5849
90.5026
94.928
99.9325
105.512
111.672
118.43
125.793
133.741
142.282
151.413
161.129
171.408
182.229
193.576
205.407
217.674
230.316
243.261
256.43
269.727
283.057
296.314
309.376
322.108
334.339
345.846
356.362
365.585
373.173
378.766
381.996
382.468
379.761
373.427
363.013
348.031
328.005
302.614
271.718
243.172
60.5615
61.8053
63.265
64.8244
66.5155
68.4423
70.5369
72.854
75.4622
78.4199
81.7872
85.6656
90.0772
95.0035
100.472
106.498
113.108
120.276
128.002
136.275
145.078
154.408
164.238
174.549
185.299
196.423
207.854
219.507
231.303
243.146
254.927
266.544
277.866
288.724
298.921
308.216
316.323
322.922
327.661
330.154
329.995
326.76
320.004
309.249
293.975
273.623
247.706
215.598
177.041
140.824
58.2225
58.7451
59.4247
60.2362
61.3232
62.6851
64.2496
66.0939
68.2085
70.6408
73.4931
76.8454
80.6672
84.9521
89.7413
95.0668
100.939
107.358
114.3
121.755
129.685
138.09
146.965
156.272
165.976
176.007
186.279
196.701
207.19
217.651
227.962
238.011
247.669
256.734
264.97
272.119
277.883
281.924
283.865
283.309
279.838
272.991
262.265
247.124
227.006
201.301
169.415
130.783
85.1032
39.8419
57.5805
56.6114
56.2
56.2061
56.6555
57.4076
58.4223
59.7633
61.4254
63.3755
65.742
68.5489
71.7965
75.4596
79.6115
84.2832
89.4526
95.134
101.317
107.972
115.079
122.601
130.544
138.897
147.624
156.626
165.794
175.055
184.319
193.478
202.405
210.968
219.028
226.379
232.742
237.823
241.316
242.868
242.087
238.545
231.799
221.389
206.773
187.336
162.451
131.485
93.8261
48.4902
-5.0455
-58.6161
58.8119
55.3073
53.5782
52.7338
52.5479
52.7346
53.2154
53.9931
55.2155
56.6973
58.6221
60.9307
63.6056
66.7184
70.3104
74.4034
78.9432
83.9436
89.4181
95.3278
101.667
108.391
115.459
122.873
130.708
138.776
146.874
155
163.13
171.055
178.631
185.745
192.229
197.864
202.366
205.418
206.67
205.756
202.291
195.838
185.929
172.063
153.709
130.106
100.642
64.6295
21.5733
-29.5317
-89.2923
-150.199
-37.1695
-45.3768
-45.1118
-41.0141
-35.4352
-29.2684
-20.8665
-11.2889
-0.627548
13.3398
29.3657
45.9896
59.9213
74.7976
91.2054
91.4707
73.5208
59.3975
45.042
28.4714
12.4561
-1.35582
-11.7178
-21.3035
-29.4987
-35.5504
-41.1337
-45.0401
-45.2007
-37.0748
-22.7465
-32.4454
-35.0699
-33.5258
-29.2811
-24.6064
-17.3554
-8.33472
0.746773
12.5008
26.2187
39.7486
50.1619
60.7789
73.3531
73.6791
59.8072
50.0064
38.9955
25.7118
11.8705
0.280532
-8.64042
-17.7063
-24.8084
-29.3818
-33.6028
-35.082
-32.4113
-22.6627
-23.5778
-25.9909
-26.9229
-26.9639
-23.776
-19.7042
-13.4296
-5.34577
2.72037
12.343
23.2863
33.9812
42.5601
50.4207
58.4919
59.0332
49.6861
42.5263
33.417
22.9385
11.8722
2.3905
-5.6115
-13.7206
-19.8867
-23.9109
-27.0506
-26.9697
-26.0128
-23.5702
-25.5457
-24.1467
-21.5311
-21.6402
-18.6316
-14.8344
-9.48322
-2.68164
4.31037
12.1376
20.7043
29.3618
36.5149
42.0957
46.9593
47.652
41.5155
36.6025
28.8481
20.4782
11.7775
4.0395
-2.90675
-9.71587
-14.9927
-18.7714
-21.7504
-21.6215
-24.1139
-25.5401
-24.0472
-22.7635
-18.8203
-17.5335
-14.2297
-10.7504
-6.23709
-0.622555
5.36698
11.8291
18.7342
25.433
31.2002
35.2157
38.5068
39.1533
34.7576
31.3659
25.0724
18.6112
11.5449
5.1344
-0.807816
-6.41881
-10.8729
-14.3467
-17.6411
-18.9037
-22.768
-24.0829
-20.0403
-20.364
-16.5008
-14.632
-10.9423
-7.68358
-3.84798
0.8913
5.99313
11.2967
16.8589
21.8125
26.3013
29.6065
32.1535
32.7141
29.2886
26.5363
21.5665
16.8651
11.0881
5.81773
0.737718
-4.01197
-7.80569
-11.0323
-14.7159
-16.577
-20.4034
-20.0914
-15.9924
-16.3758
-13.8649
-12.2344
-8.52588
-5.58906
-2.26368
1.84146
6.08859
10.3643
14.8702
18.672
22.2124
24.9104
26.9449
27.5327
24.7038
22.4703
18.4866
14.9366
10.2156
5.98791
1.73495
-2.40454
-5.71774
-8.61289
-12.3214
-13.9548
-16.4528
-15.9794
-12.7524
-12.5285
-11.3116
-9.82112
-6.67585
-4.23271
-1.32178
2.25657
5.74659
9.2118
12.9543
16.0927
18.9971
20.9075
22.6056
23.038
20.7186
19.2245
15.9356
13.0105
9.08945
5.68271
2.18134
-1.43016
-4.34871
-6.76868
-9.9329
-11.3962
-12.6229
-12.6897
-10.3398
-9.91939
-9.11782
-7.79922
-5.3461
-3.34334
-0.744959
2.2865
5.19223
8.04649
11.1972
13.7536
16.2484
17.5165
18.9158
19.2128
17.3551
16.4346
13.6409
11.2245
7.92646
5.11158
2.20052
-0.841284
-3.45566
-5.44432
-7.92947
-9.19076
-10.003
-10.4119
-8.53564
-8.27474
-7.31037
-6.45692
-4.4776
-2.77406
-0.390497
2.04873
4.55223
6.89166
9.57883
11.5307
13.71
14.6558
15.7873
15.9602
14.5784
13.8705
11.4593
9.60067
6.75538
4.44697
1.93225
-0.489039
-2.89015
-4.58844
-6.61004
-7.3812
-8.37508
-8.66862
-7.09054
-6.72788
-5.70769
-5.38949
-3.78909
-2.2943
-0.221555
1.67132
3.91773
5.78452
8.10931
9.55383
11.4421
12.2107
13.1528
13.2326
12.2206
11.6009
9.50173
8.14753
5.61602
3.7814
1.55089
-0.323221
-2.41012
-3.88559
-5.52085
-5.82765
-6.85504
-7.1568
-5.70894
-5.26972
-4.44128
-4.20061
-2.85332
-1.74873
-0.0973936
1.34533
3.44352
4.83042
6.82971
7.91901
9.53239
10.0875
10.933
10.9328
10.0835
9.70627
7.86881
6.93299
4.49891
3.26889
1.23715
-0.191615
-1.87224
-2.94427
-4.30816
-4.54088
-5.36917
-5.76914
-4.51019
-4.27193
-3.53808
-3.04189
-1.9188
-1.14998
0.0994766
1.25914
2.99575
4.12742
5.81366
6.57368
7.92915
8.25588
9.00099
8.96743
8.31138
7.89566
6.62881
5.72318
3.93591
2.85322
1.1608
0.0127355
-1.25742
-2.00624
-3.14298
-3.63581
-4.39449
-4.59362
-3.60703
-3.58181
-2.94233
-2.23117
-1.22415
-0.68699
0.418775
1.26495
2.62355
3.54794
4.85354
5.4776
6.53701
6.7295
7.34664
7.27047
6.907
6.47759
5.52326
4.78133
3.44788
2.50678
1.19403
0.336394
-0.792187
-1.31804
-2.3354
-3.05181
-3.69405
-3.71808
-2.92571
-2.88663
-2.38112
-1.84829
-0.908545
-0.417246
0.609814
1.28058
2.23942
2.97021
3.99382
4.47455
5.30398
5.45568
5.9506
5.84841
5.61354
5.27102
4.58546
3.93119
2.93616
2.15415
1.24694
0.544226
-0.495401
-1.00782
-1.9344
-2.47206
-2.96098
-3.01142
-2.23396
-2.15747
-1.75683
-1.54075
-0.795013
-0.386708
0.529106
1.15113
1.91254
2.41047
3.13288
3.59789
4.20633
4.37813
4.71228
4.60519
4.45753
4.15149
3.65318
3.11144
2.40485
1.87393
1.11123
0.477253
-0.380197
-0.85769
-1.59679
-1.8174
-2.21724
-2.29139
-1.59907
-1.5262
-1.20984
-1.1407
-0.677572
-0.323033
0.383558
0.779683
1.50776
1.82657
2.42026
2.76767
3.22836
3.32354
3.56366
3.47696
3.38373
3.21149
2.67524
2.42044
1.85172
1.47642
0.701823
0.319818
-0.356401
-0.699523
-1.18287
-1.25226
-1.57284
-1.64294
-1.067
-1.02167
-0.786054
-0.754121
-0.420468
-0.272256
0.183632
0.391054
1.0061
1.21449
1.74311
1.87816
2.30215
2.31603
2.478
2.40165
2.32079
2.28141
1.8676
1.70727
1.22451
0.95679
0.365949
0.17349
-0.307862
-0.448677
-0.794343
-0.812278
-1.04958
-1.09977
-0.593493
-0.588497
-0.448966
-0.431093
-0.17795
-0.228792
0.095681
0.216527
0.541065
0.699606
1.03629
1.12826
1.36104
1.36746
1.4945
1.42695
1.37394
1.29386
1.11792
1.04781
0.700824
0.533139
0.218931
0.10173
-0.211732
-0.206121
-0.457934
-0.460673
-0.605578
-0.616591
-0.175823
-0.166851
-0.11986
-0.161352
-0.0509825
-0.127047
0.0650992
0.0796707
0.155474
0.261684
0.310057
0.380461
0.452886
0.432897
0.568077
0.547392
0.454401
0.419814
0.374122
0.349681
0.245315
0.18872
0.0866428
0.0555402
-0.140525
-0.0581713
-0.154241
-0.124599
-0.170644
-0.183895
)
;

boundaryField
{
    INLET
    {
        type            zeroGradient;
    }
    OUTLET
    {
        type            fixedValue;
        value           uniform 0;
    }
    WALL
    {
        type            zeroGradient;
    }
    CYLINDER
    {
        type            zeroGradient;
    }
    frontAndBackPlanes
    {
        type            empty;
    }
}


// ************************************************************************* //
