/*--------------------------------*- C++ -*----------------------------------*\
| =========                 |                                                 |
| \\      /  F ield         | OpenFOAM: The Open Source CFD Toolbox           |
|  \\    /   O peration     | Version:  v1912                                 |
|   \\  /    A nd           | Website:  www.openfoam.com                      |
|    \\/     M anipulation  |                                                 |
\*---------------------------------------------------------------------------*/
FoamFile
{
    version     2.0;
    format      ascii;
    class       volScalarField;
    location    "0.02";
    object      p;
}
// * * * * * * * * * * * * * * * * * * * * * * * * * * * * * * * * * * * * * //

dimensions      [0 2 -2 0 0 0 0];


internalField   nonuniform List<scalar> 
6600
(
136.659
124.382
122.257
117.577
117.224
116.326
116.015
116.249
115.784
115.513
115.651
116.184
116.967
117.946
119.065
120.263
121.521
122.878
124.37
125.97
127.651
129.426
131.308
133.226
135.117
136.889
138.469
139.738
140.575
140.904
140.597
139.484
137.316
133.836
128.675
121.438
111.644
98.9228
82.8362
62.9807
38.5064
8.45278
-27.9073
-71.3777
-122.739
-182.84
-252.839
-331.376
-425.364
-529.854
133.955
119.439
121.916
114.556
115.353
113.49
113.701
112.272
111.91
111.802
111.615
111.806
112.241
112.844
113.565
114.338
115.16
116.073
117.071
118.096
119.112
120.104
121.041
121.855
122.491
122.889
122.966
122.609
121.681
120.074
117.617
114.11
109.291
102.873
94.4794
83.7547
70.1898
53.1993
32.2384
6.91865
-23.2384
-58.9618
-101.68
-152.296
-211.398
-279.254
-357.611
-444.86
-545.613
-656.641
127.168
109.599
117.183
106.735
113.326
108.95
110.351
107.544
108.602
108.033
107.473
107.479
107.521
107.633
107.852
108.087
108.345
108.694
109.125
109.558
109.937
110.211
110.288
110.085
109.502
108.473
106.899
104.695
101.76
97.9798
93.1596
87.0587
79.4386
69.8635
57.9582
43.3188
25.6087
4.12342
-21.7484
-52.5957
-89.0128
-131.18
-180.62
-237.725
-303.757
-379.6
-465.563
-560.255
-664.349
-775.247
118.476
92.1917
113.153
98.6327
109.846
101.632
105.984
102.127
105.243
102.663
102.569
102.653
102.453
102.341
102.208
101.95
101.616
101.269
100.875
100.379
99.759
98.9851
97.9812
96.6677
94.9252
92.6273
89.5899
85.6542
80.6794
74.5258
67.0238
57.9382
47.191
34.0986
18.3699
-0.409649
-22.5107
-48.8247
-79.7674
-115.937
-158.006
-206.605
-262.487
-326.28
-398.808
-481.165
-573.405
-673.497
-778.894
-886.748
109.065
88.8052
111.067
91.1909
105.889
93.9309
101.215
95.8041
99.9391
94.2588
96.3554
95.6797
95.3549
95.2199
94.9196
94.4446
93.8474
93.0918
92.0623
90.7097
89.0135
86.9429
84.4655
81.5397
78.1178
74.1396
69.4164
63.7563
56.9169
48.6149
38.5778
26.4825
12.6371
-4.25782
-23.9707
-46.9897
-73.8017
-104.835
-140.696
-182.06
-229.733
-284.233
-345.705
-414.998
-492.993
-580.46
-677.263
-780.835
-886.561
-990.092
107.83
90.5422
108.37
88.5523
103.361
89.5729
97.679
89.4934
94.8235
85.2775
90.3815
86.8389
86.8965
86.1362
85.155
84.1632
83.1049
81.864
80.3445
78.4746
76.1593
73.2724
69.7064
65.3564
60.1551
54.153
47.0835
39.0528
29.8749
19.2517
6.78881
-7.92068
-25.2518
-45.5907
-69.1107
-96.2615
-127.544
-163.321
-203.951
-250.002
-302.136
-361.155
-427.473
-501.355
-583.262
-674.057
-773.771
-879.726
-985.015
-1082.68
103.932
90.9939
106.295
84.8119
99.3082
84.9958
92.9243
83.4251
89.4651
79.1164
84.8041
78.6254
79.9382
77.4429
75.426
73.3217
71.0551
68.5781
65.8774
62.9155
59.6053
55.8085
51.3691
46.1001
39.8044
32.2806
23.3327
12.9094
0.932255
-12.6874
-28.1379
-45.7534
-66.03
-89.4736
-116.385
-147.163
-182.252
-222.102
-266.978
-317.368
-373.79
-436.573
-506.086
-582.87
-667.248
-759.805
-860.938
-967.992
-1071.94
-1161.62
95.5573
84.1247
97.4805
77.6104
92.2209
76.1834
85.778
75.7179
81.0378
72.7498
76.9934
72.6882
71.7828
69.2673
66.7158
63.7495
60.3778
56.5722
52.328
47.6143
42.4062
36.6793
30.391
23.4505
15.6888
6.85564
-3.35288
-15.258
-29.1979
-45.4321
-64.0612
-85.1286
-108.774
-135.39
-165.407
-199.316
-237.591
-280.705
-328.935
-382.474
-441.683
-507.201
-579.222
-657.818
-743.26
-836.225
-937.284
-1044
-1145
-1224.4
85.93
76.8139
85.3851
69.9735
82.4937
66.9918
77.052
65.8926
72.0509
63.9879
67.2142
62.8631
61.7073
59.1834
56.3202
53.0566
49.2811
44.8817
39.801
33.944
27.2248
19.5993
11.0421
1.55242
-8.88157
-20.3019
-32.8231
-46.6904
-62.2821
-80.094
-100.61
-124.151
-150.833
-180.713
-213.907
-250.7
-291.561
-337.047
-387.636
-443.693
-505.267
-572.376
-645.365
-724.539
-810.042
-902.35
-1001.9
-1106.37
-1202.93
-1270.49
77.0661
70.0965
76.0242
64.1938
73.9847
60.2311
68.7674
57.8157
63.0723
54.8771
57.1772
51.7782
50.2519
46.8644
43.3198
39.5077
35.225
30.339
24.7737
18.4224
11.1424
2.77321
-6.85542
-17.8857
-30.4155
-44.4823
-60.0858
-77.2238
-95.902
-116.287
-138.786
-163.959
-192.356
-224.382
-260.205
-299.78
-343.164
-390.686
-442.755
-499.703
-561.968
-629.865
-703.206
-782.01
-866.533
-957.193
-1053.9
-1153.83
-1244.44
-1299.48
68.3809
63.4416
67.3078
58.2052
65.5217
53.8418
61.1639
50.6239
54.9104
46.7739
48.0002
41.7618
39.63
35.0021
30.4642
25.5977
20.1639
14.1359
7.45778
0.0487423
-8.16563
-17.3078
-27.562
-39.1635
-52.3746
-67.4624
-84.6412
-104.041
-125.671
-149.407
-175.134
-202.94
-233.177
-266.452
-303.452
-344.552
-389.693
-438.797
-492.095
-549.932
-612.379
-679.612
-751.95
-829.367
-911.879
-999.897
-1092.89
-1187.19
-1270.06
-1312.85
59.8461
56.4401
58.2726
51.5725
56.4308
46.9239
52.7377
42.8906
46.5427
38.4763
38.8896
32.425
29.7914
24.3228
19.1349
13.3359
6.71173
-0.61428
-8.71781
-17.6887
-27.5502
-38.3335
-50.0996
-62.9694
-77.1361
-92.8706
-110.523
-130.458
-153.018
-178.426
-206.644
-237.459
-270.623
-306.093
-344.288
-385.987
-431.733
-481.519
-535.101
-592.529
-654.275
-720.529
-791.149
-866.221
-945.791
-1030
-1118.68
-1206.83
-1280.77
-1312.71
51.4961
49.0804
49.4659
44.7988
47.4818
39.9506
43.7907
34.9986
37.6995
29.6521
29.5193
22.8114
19.7507
13.7487
8.19785
1.76607
-5.60346
-13.7523
-22.8397
-32.9866
-44.2751
-56.7678
-70.4915
-85.4575
-101.697
-119.269
-138.285
-158.976
-181.719
-207.032
-235.394
-267.068
-301.993
-339.787
-379.973
-422.565
-468.232
-517.654
-571.03
-628.094
-688.502
-752.55
-820.536
-892.388
-968.066
-1047.72
-1131.07
-1212.94
-1278.89
-1300.9
43.1449
42.0243
41.2043
38.1877
39.0861
33.2466
35.2479
27.5734
29.0976
21.1551
20.5063
13.3251
9.82129
3.20573
-2.79531
-9.90511
-17.8624
-26.5928
-36.303
-47.091
-59.0896
-72.448
-87.2971
-103.741
-121.848
-141.64
-163.066
-186.006
-210.431
-236.541
-264.808
-295.843
-330.195
-368.162
-409.497
-453.465
-499.657
-548.405
-600.162
-655.278
-713.896
-775.63
-840.33
-908.169
-979.105
-1053.25
-1129.8
-1204.28
-1262.86
-1280.25
35.214
35.3587
33.4489
32.0103
31.2591
27.0139
27.3803
20.8546
21.1936
13.564
12.3284
4.75777
0.862782
-6.404
-12.8908
-20.7605
-29.37
-38.8037
-49.2506
-60.7593
-73.4421
-87.4313
-102.869
-119.908
-138.718
-159.456
-182.254
-207.124
-233.893
-262.306
-292.229
-323.802
-357.48
-393.979
-433.985
-477.514
-523.824
-572.378
-623.294
-676.568
-732.187
-790.524
-851.394
-914.449
-979.417
-1047.03
-1114.96
-1178.72
-1225.54
-1242.61
27.9653
29.4024
26.1289
26.6106
23.9766
21.5878
20.1812
15.0277
13.9705
7.06344
5.0517
-2.58265
-6.80753
-14.5741
-21.3971
-29.8856
-39.0294
-49.116
-60.2757
-72.5407
-86.0121
-100.788
-116.975
-134.682
-154.03
-175.185
-198.327
-223.652
-251.317
-281.294
-313.336
-347.03
-382.022
-418.396
-456.923
-498.51
-543.282
-590.5
-639.539
-690.58
-743.666
-798.362
-854.653
-912.464
-971.644
-1031.3
-1088.17
-1136.97
-1167.45
-1182.14
21.5815
24.2561
19.4294
22.1316
17.3678
17.0558
13.7387
10.2217
7.6823
1.78226
-1.20675
-8.48499
-13.1263
-21.1244
-28.1407
-37.0476
-46.5228
-57.0975
-68.8175
-81.7268
-95.9251
-111.489
-128.488
-146.99
-167.048
-188.753
-212.267
-237.743
-265.356
-295.314
-327.791
-362.717
-399.572
-437.51
-476.197
-516.341
-558.924
-604.282
-651.836
-700.504
-750.176
-801.182
-852.916
-904.509
-956.687
-1007.85
-1053.99
-1087.62
-1100.35
-1110.38
16.1443
19.9239
13.6168
18.4013
11.4377
13.7067
8.05459
6.44395
2.46803
-2.39129
-6.16843
-12.9471
-18.0524
-25.9694
-33.1331
-42.2142
-51.7924
-62.5817
-74.5399
-87.7627
-102.381
-118.503
-136.22
-155.582
-176.593
-199.227
-223.496
-249.5
-277.343
-307.146
-339.119
-373.574
-410.701
-450.009
-490.331
-530.967
-572.308
-615.046
-659.624
-706.005
-753.145
-800.267
-847.348
-894.231
-940.107
-982.714
-1019.06
-1042.94
-1048.53
-1052.41
11.8028
16.1122
9.28627
15.4211
6.4656
11.4294
3.03346
4.25873
-1.87478
-5.14522
-9.76939
-15.9839
-21.3245
-29.0615
-36.3468
-45.447
-55.0843
-65.9933
-78.055
-91.39
-106.113
-122.353
-140.258
-159.956
-181.526
-204.994
-230.298
-257.353
-286.105
-316.507
-348.581
-382.462
-418.488
-457.015
-497.704
-539.397
-581.299
-623.676
-666.82
-710.505
-754.742
-799.257
-842.918
-884.974
-925.015
-960.251
-986.95
-1001.95
-1011.18
-1012.44
8.4716
13.3033
5.68591
13.1471
2.65784
9.74207
-0.867762
3.22901
-5.5161
-6.19737
-12.3594
-17.3742
-23.0585
-30.398
-37.6083
-46.5009
-56.03
-66.863
-78.8971
-92.2885
-107.13
-123.522
-141.571
-161.39
-183.095
-206.787
-232.55
-260.403
-290.258
-321.912
-355.138
-389.785
-425.799
-463.408
-503.051
-544.535
-586.687
-628.596
-670.696
-713.629
-756.614
-798.655
-839.161
-878.414
-913.826
-942.377
-960.182
-966.347
-975.625
-978.701
5.98768
11.2576
2.90686
11.5822
-0.0618628
8.57741
-3.4093
2.63904
-7.71088
-6.1941
-13.9255
-17.2818
-23.5082
-30.2441
-37.3384
-45.9501
-55.2404
-65.7969
-77.5479
-90.6718
-105.294
-121.554
-139.588
-159.511
-181.425
-205.386
-231.412
-259.585
-289.998
-322.613
-357.182
-393.357
-430.718
-468.841
-507.803
-548.168
-589.938
-632.256
-674.26
-716.123
-758.559
-800.708
-840.889
-876.612
-907.431
-930.831
-942.424
-945.136
-947.909
-953.577
4.4245
9.94105
0.496091
10.7792
-2.27927
8.05515
-4.89321
2.25135
-8.32991
-5.92756
-13.9648
-16.1638
-22.7169
-28.5532
-35.4593
-43.6454
-52.5971
-62.8235
-74.2636
-87.0865
-101.4
-117.339
-135.054
-154.717
-176.506
-200.569
-226.953
-255.611
-286.55
-319.822
-355.408
-393.143
-432.629
-473.044
-513.43
-553.669
-594.189
-635.039
-676.246
-718.34
-761.634
-804.542
-845.412
-881.357
-908.72
-924.161
-926.682
-933.377
-933.172
-937.843
3.29274
9.11331
-0.763669
10.0817
-3.27899
7.39474
-5.14918
2.09008
-7.94287
-5.38827
-12.9158
-14.7204
-21.0091
-26.1372
-32.753
-40.2616
-48.6542
-58.266
-69.1027
-81.3635
-95.1843
-110.71
-128.084
-147.456
-168.997
-192.885
-219.297
-248.315
-279.892
-313.953
-350.424
-389.287
-430.461
-473.446
-516.897
-559.502
-600.956
-641.339
-680.945
-720.78
-763.224
-808.68
-852.744
-889.806
-913.768
-922.559
-920.399
-922.462
-926.894
-929.846
3.07467
8.91045
-1.55218
9.82005
-3.49518
6.90109
-4.50531
2.17877
-6.69031
-4.43487
-11.0409
-12.7383
-18.3995
-23.0797
-29.2867
-36.1619
-44.01
-52.9679
-63.1027
-74.5917
-87.5964
-102.313
-118.953
-137.734
-158.862
-182.524
-208.877
-238.071
-270.195
-305.223
-342.989
-383.344
-426.248
-471.611
-518.536
-564.826
-608.906
-650.045
-688.402
-725.903
-764.766
-808.602
-857.291
-901.832
-925.778
-923.572
-925.312
-923.516
-927.18
-927.854
2.6834
8.82764
-1.525
9.10709
-2.94032
6.74426
-3.57649
2.5865
-5.27248
-3.21555
-9.03082
-10.5564
-15.5287
-19.6806
-25.2571
-31.4138
-38.5759
-46.8008
-56.2015
-66.9279
-79.1205
-92.9582
-108.657
-126.478
-146.715
-169.681
-195.651
-224.802
-257.252
-293.073
-332.193
-374.407
-419.497
-467.373
-517.873
-569.509
-618.617
-663.068
-701.52
-734.664
-765.924
-804.635
-856.045
-911.264
-946.536
-943.195
-936.05
-928.972
-927.274
-925.096
3.04211
8.94003
-1.12084
8.58882
-1.97307
6.61391
-2.31686
3.06009
-3.60333
-1.94306
-6.88532
-8.37244
-12.7028
-16.4059
-21.3338
-26.7812
-33.149
-40.4921
-48.9537
-58.6965
-69.8899
-82.7255
-97.42
-114.222
-133.423
-155.36
-180.444
-209.057
-241.464
-277.829
-318.206
-362.524
-410.513
-461.747
-515.907
-572.106
-628.055
-679.338
-721.494
-752.213
-774.137
-797.196
-838.369
-897.611
-953.021
-968.047
-949.421
-935.852
-927.335
-922.311
2.9465
9.02839
-0.136069
8.15385
-0.542529
6.08277
-0.748718
3.27322
-1.81102
-0.799943
-4.78435
-6.15268
-9.86462
-13.1173
-17.4449
-22.2517
-27.8963
-34.421
-41.9584
-50.6499
-60.6777
-72.2659
-85.665
-101.168
-119.108
-139.834
-163.746
-191.332
-223.096
-259.426
-300.537
-346.57
-397.578
-453.11
-512.876
-576.045
-639.972
-699.81
-750.551
-782.489
-791.001
-790.571
-803.735
-844.993
-899.097
-954.699
-956.291
-952.399
-944.046
-932.817
1.80283
9.38699
2.52404
6.78211
1.80094
5.05124
1.00694
3.23102
-0.169764
0.143599
-2.98239
-4.36739
-7.40791
-10.2193
-13.8882
-18.0135
-22.8964
-28.5922
-35.227
-42.9203
-51.8241
-62.1636
-74.1911
-88.2029
-104.579
-123.768
-146.227
-172.467
-203.112
-238.836
-280.132
-327.362
-381.012
-440.973
-506.389
-577.693
-653.11
-726.168
-789.358
-827.712
-830.636
-797.155
-755.026
-748.667
-798.641
-890.651
-957.785
-999.762
-1003.87
-982.26
1.02357
6.83594
6.75229
3.91725
4.79162
4.3908
3.04956
3.35894
1.15497
0.822309
-1.5354
-2.87156
-5.45362
-7.82568
-10.8874
-14.3766
-18.5124
-23.3576
-29.0291
-35.6544
-43.4209
-52.5166
-63.1937
-75.7474
-90.514
-107.943
-128.607
-153.12
-182.203
-216.742
-257.507
-305.143
-360.687
-424.876
-497.413
-578.397
-667.533
-759.268
-842.042
-894.165
-899.651
-845.188
-739.683
-672.793
-703.846
-825.832
-963.984
-1066.9
-1097.49
-1065.92
7.2189
1.92268
13.3062
1.02859
8.58571
3.50986
4.43488
2.99817
2.19628
1.32183
-0.124836
-1.62284
-3.75693
-5.74866
-8.34317
-11.3345
-14.8299
-18.8882
-23.6912
-29.3651
-36.0558
-43.9485
-53.2967
-64.4123
-77.6553
-93.4281
-112.28
-134.89
-162.113
-195.106
-234.917
-282.268
-339.005
-406.926
-484.94
-574.808
-681.402
-799.575
-913.871
-994.135
-1005.13
-941.183
-809.823
-716.696
-740.768
-859.382
-1003.82
-1127.82
-1165.69
-1132.34
136.856
124.687
122.633
117.67
117.29
116.357
115.926
116.226
115.801
115.538
115.778
116.428
117.299
118.313
119.463
120.727
122.086
123.574
125.228
127.033
128.96
130.999
133.148
135.365
137.616
139.83
141.931
143.83
145.423
146.64
147.377
147.485
146.726
144.853
141.505
136.327
128.879
118.843
105.871
89.5396
69.1524
43.6239
12.2433
-25.4923
-70.251
-123.303
-185.29
-255.083
-340.486
-432.569
134.226
119.946
122.346
114.417
115.445
113.376
113.56
112.341
111.776
111.773
111.804
112.115
112.606
113.233
113.986
114.827
115.755
116.806
117.975
119.202
120.439
121.659
122.844
123.965
124.983
125.838
126.464
126.759
126.616
125.925
124.551
122.267
118.819
113.945
107.336
98.6203
87.3401
72.9766
55.0697
33.2352
7.02709
-24.4298
-62.1464
-107.093
-159.72
-221.212
-291.959
-370.442
-463.084
-563.899
127.432
110.844
117.235
106.226
113.616
108.583
110.328
107.596
108.138
108.106
107.837
107.872
107.934
108.057
108.302
108.612
108.997
109.498
110.1
110.729
111.313
111.809
112.152
112.282
112.108
111.556
110.553
109.033
106.92
104.101
100.395
95.5419
89.2423
81.1734
71.0234
58.4176
42.9255
24.0678
1.21614
-26.1988
-58.6407
-96.9208
-141.605
-193.513
-253.279
-322.647
-401.599
-488.681
-585.616
-689.066
118.474
95.6273
110.873
98.3949
110.248
100.851
106.461
101.477
104.495
103.362
103.09
103.104
102.907
102.772
102.656
102.493
102.304
102.122
101.911
101.617
101.216
100.694
99.9979
99.0517
97.7484
95.9468
93.4967
90.2777
86.1668
81.0365
74.6592
66.812
57.2677
45.7197
31.7978
15.1137
-4.81021
-28.5405
-56.5297
-89.4623
-127.722
-172.278
-223.705
-282.749
-349.913
-426.276
-512.151
-605.823
-705.476
-807.569
109.9
89.2745
110.495
90.8518
106.394
92.8608
102.359
93.6212
99.9629
95.921
96.6121
96.2507
95.8202
95.5986
95.3418
95.0049
94.5792
93.997
93.1626
92.0256
90.5761
88.7934
86.6622
84.1502
81.2356
77.7925
73.6937
68.7803
62.8129
55.5701
46.6755
35.8535
22.9305
7.6988
-10.1798
-31.0844
-55.5599
-84.0842
-117.137
-155.415
-199.603
-250.245
-307.76
-372.814
-446.115
-528.397
-619.933
-718.322
-819.84
-918.965
108.341
90.4441
108.325
88.2439
103.911
88.4653
100.161
85.5204
95.6813
87.5425
89.978
87.9151
87.0911
86.3806
85.54
84.7579
83.9073
82.8606
81.5425
79.8971
77.8456
75.2692
72.0686
68.1593
63.5609
58.0847
51.7384
44.4877
36.1627
26.6392
15.1668
1.64162
-14.3526
-33.1142
-54.8898
-80.1301
-109.181
-142.416
-180.373
-223.636
-272.735
-328.287
-390.967
-461.221
-539.438
-626.152
-721.632
-823.585
-926.52
-1021.74
104.182
90.8423
106.394
84.6001
99.7333
83.7712
95.4352
80.3779
90.8655
80.6395
84.2017
80.1563
79.4134
77.5954
75.7574
74.0198
71.9533
69.6489
67.1503
64.4244
61.3883
57.9174
53.8574
49.0216
43.5027
36.4799
28.223
18.5967
7.5139
-5.14469
-19.6197
-36.0632
-54.9098
-76.7087
-101.881
-130.848
-163.984
-201.509
-243.889
-291.656
-345.4
-405.421
-471.979
-545.75
-627.204
-716.867
-815.1
-919.426
-1022.64
-1112.45
95.6017
83.7502
97.8606
77.494
92.5656
75.727
87.3234
73.5099
83.5315
72.933
77.3173
72.4445
72.0691
69.2479
67.0576
64.6976
61.3649
57.6942
53.6357
49.1628
44.2503
38.8814
33.0188
26.5789
19.3859
11.1024
1.56149
-9.5731
-22.6419
-37.8913
-55.4739
-75.3897
-97.7041
-122.748
-151.047
-183.18
-219.669
-260.8
-306.901
-358.241
-415.186
-478.345
-548.033
-624.459
-707.938
-799.079
-898.517
-1003.95
-1106.24
-1188.51
85.881
76.6764
85.6476
69.8614
82.7867
66.6924
78.0762
64.8682
73.6425
63.658
67.7085
63.056
61.8333
59.4909
56.8893
53.8692
50.2478
46.0266
41.1461
35.5299
29.111
21.8527
13.7279
4.72785
-5.17524
-16.0444
-27.9474
-41.0979
-55.8834
-72.7618
-92.1847
-114.533
-139.965
-168.468
-200.118
-235.254
-274.464
-318.26
-367.058
-421.274
-481.132
-546.635
-618.036
-695.77
-780.067
-871.403
-970.547
-1075.12
-1174.2
-1246.09
77.0081
70.1279
76.1272
64.1769
74.1684
60.1094
69.2665
57.2387
64.2561
54.4206
57.7951
51.8749
50.572
47.3119
43.9537
40.3469
36.1983
31.4818
26.1495
20.0634
13.0816
5.05483
-4.17428
-14.7442
-26.757
-40.2638
-55.2634
-71.7188
-89.6285
-109.172
-130.689
-154.722
-181.909
-212.707
-247.227
-285.39
-327.327
-373.429
-424.112
-479.721
-540.666
-607.384
-679.825
-758.046
-842.296
-932.982
-1030.17
-1131.56
-1225.85
-1285.91
68.4343
63.5252
67.201
58.3163
65.5337
53.8647
61.3243
50.4311
55.6341
46.4759
48.5239
41.7805
40.1215
35.3888
31.1027
26.4427
21.1262
15.2539
8.80394
1.67362
-6.22666
-15.0292
-24.9088
-36.083
-48.8095
-63.349
-79.9213
-98.6594
-119.539
-142.469
-167.353
-194.214
-223.395
-255.575
-291.475
-331.446
-375.447
-423.45
-475.686
-532.605
-594.378
-661.105
-733.132
-810.54
-893.429
-982.17
-1076.37
-1173.07
-1260.83
-1309.13
60.0684
56.3333
58.0649
51.7343
56.3001
47.0442
52.7567
42.944
46.8694
38.3092
39.4254
32.3748
30.3613
24.6161
19.756
14.0794
7.60387
0.479994
-7.41559
-16.1382
-25.7017
-36.1478
-47.5449
-60.0046
-73.7139
-88.9314
-105.997
-125.297
-147.169
-171.817
-199.259
-229.288
-261.605
-296.178
-333.465
-374.25
-419.112
-468.117
-521.06
-577.969
-639.351
-705.553
-776.477
-852.308
-933.085
-1018.9
-1109.27
-1200.27
-1279.73
-1317.29
51.432
49.1687
49.2239
44.996
47.2844
40.1337
43.7531
35.1414
37.8247
29.6485
29.9322
22.7933
20.272
13.9926
8.79861
2.37903
-4.80865
-12.7052
-21.5741
-31.5039
-42.5484
-54.75
-68.1337
-82.712
-98.5121
-115.593
-134.06
-154.153
-176.271
-200.916
-228.579
-259.563
-293.793
-330.879
-370.386
-412.335
-457.399
-506.309
-559.328
-616.313
-676.948
-741.465
-810.261
-883.289
-960.712
-1042.69
-1128.69
-1213.73
-1284.47
-1312.59
43.0048
42.1907
40.9271
38.444
38.8143
33.5265
35.0872
27.7867
29.0752
21.2998
20.676
13.408
10.2395
3.41672
-2.21341
-9.38109
-17.1429
-25.6302
-35.1317
-45.7156
-57.5
-70.6154
-85.178
-101.285
-118.996
-138.337
-159.264
-181.664
-205.527
-231.052
-258.709
-289.131
-322.885
-360.264
-401.051
-444.576
-490.44
-538.991
-590.735
-646.006
-705.083
-767.706
-833.716
-903.414
-976.82
-1053.94
-1134.27
-1213.21
-1276.6
-1296.47
35.0774
35.5478
33.155
32.3641
30.8913
27.3369
27.0646
21.1359
20.9711
13.8088
12.3052
4.92907
1.15272
-6.20592
-12.367
-20.3283
-28.7215
-37.9605
-48.2536
-59.5756
-72.0446
-85.8007
-100.982
-117.735
-136.215
-156.573
-178.934
-203.322
-229.583
-257.471
-286.853
-317.891
-351.073
-387.124
-426.72
-469.93
-516.086
-564.641
-615.748
-669.545
-725.995
-785.527
-848.146
-913.501
-981.64
-1053.26
-1126.54
-1197.43
-1252.94
-1270.56
27.8326
29.583
25.8053
27.0331
23.5624
22.0012
19.6784
15.2778
13.6535
7.30316
4.96189
-2.39812
-6.60188
-14.4048
-20.9821
-29.5748
-38.496
-48.4403
-59.4934
-71.5959
-84.864
-99.4152
-115.363
-132.816
-151.887
-172.729
-195.516
-220.439
-247.659
-277.172
-308.733
-341.936
-376.476
-412.485
-450.724
-492.107
-536.825
-584.249
-633.734
-685.411
-739.497
-795.623
-853.934
-914.51
-976.87
-1041.12
-1105.22
-1164.54
-1207.38
-1225.61
21.4623
24.3083
19.3045
22.4398
16.7277
17.6492
13.0517
10.5997
7.18685
1.98807
-1.33858
-8.36343
-12.9765
-21.0416
-27.824
-36.8833
-46.1379
-56.6194
-68.2585
-81.0257
-95.0488
-110.415
-127.199
-145.466
-165.278
-186.717
-209.929
-235.071
-262.313
-291.87
-323.934
-358.438
-394.882
-432.483
-470.942
-510.962
-553.538
-599.021
-646.969
-696.481
-747.302
-799.864
-853.818
-908.859
-964.89
-1021.04
-1073.88
-1117.5
-1143.46
-1159.28
16.0369
19.8303
13.5684
18.7745
10.7622
14.1893
7.02723
7.17737
1.68736
-1.90379
-6.64833
-12.7593
-18.0148
-25.9605
-32.9232
-42.1969
-51.538
-62.3094
-74.1978
-87.2981
-101.788
-117.758
-135.287
-154.435
-175.22
-197.617
-221.627
-247.341
-274.864
-304.317
-335.914
-369.99
-406.745
-445.726
-485.829
-526.367
-567.779
-610.824
-655.836
-702.863
-751.183
-799.894
-849.113
-898.44
-948.35
-996.205
-1038.19
-1067.4
-1077.81
-1088.6
11.7285
16.0619
9.11755
15.5461
6.0941
11.5272
2.22818
4.98925
-2.92051
-4.3103
-10.5558
-15.5798
-21.5442
-29.0857
-36.2636
-45.5408
-54.9492
-65.9221
-77.8978
-91.1389
-105.784
-121.92
-139.686
-159.213
-180.588
-203.836
-228.902
-255.689
-284.14
-314.217
-345.94
-379.447
-415.101
-453.294
-493.739
-535.329
-577.278
-619.827
-663.322
-707.557
-752.653
-798.449
-843.817
-888.073
-931.163
-971.13
-1004.44
-1025.02
-1031.73
-1036.7
8.48932
13.244
5.41713
13.2862
2.44169
9.57274
-1.23153
3.28685
-6.21648
-5.41424
-13.4921
-16.679
-23.6071
-30.3166
-37.6973
-46.679
-56.0395
-66.9858
-78.9281
-92.2741
-107.071
-123.392
-141.352
-161.053
-182.608
-206.117
-231.662
-259.262
-288.818
-320.126
-352.978
-387.231
-422.829
-460.042
-499.354
-540.606
-582.743
-624.979
-667.501
-710.675
-753.97
-796.855
-838.832
-880.128
-918.395
-951.899
-977.189
-989.857
-999.042
-1001.54
6.08888
11.2059
2.56992
11.7414
-0.326162
8.48543
-3.71315
2.60245
-8.46945
-5.5698
-15.2019
-16.4488
-24.4814
-29.9933
-37.6213
-46.1653
-55.3651
-66.0679
-77.7504
-90.8942
-105.509
-121.747
-139.742
-159.597
-181.405
-205.222
-231.063
-259
-289.125
-321.389
-355.532
-391.226
-428.066
-465.681
-504.214
-544.294
-585.947
-628.315
-670.717
-712.995
-755.503
-797.988
-839.066
-876.665
-909.758
-936.703
-954.186
-960.105
-967.237
-971.215
4.42234
9.97595
0.351839
10.7535
-2.44062
7.95185
-5.42742
2.58971
-9.6195
-4.95766
-15.4293
-15.5887
-23.6907
-28.345
-35.9846
-43.8551
-52.8499
-63.2047
-74.6202
-87.5087
-101.85
-117.82
-135.549
-155.201
-176.938
-200.902
-227.141
-255.595
-286.249
-319.163
-354.308
-391.499
-430.325
-469.997
-509.647
-549.218
-589.375
-630.48
-672.312
-714.849
-757.665
-800.057
-840.614
-877.08
-906.682
-926.267
-934.341
-940.075
-942.926
-948.514
3.26852
9.10181
-0.77102
10.0399
-3.5983
7.62641
-5.81191
2.51759
-9.36495
-4.60085
-13.96
-14.5559
-21.6851
-26.2079
-33.2912
-40.5303
-49.0475
-58.7359
-69.606
-81.9627
-95.8417
-111.433
-128.856
-148.258
-169.791
-193.626
-219.936
-248.792
-280.123
-313.831
-349.84
-388.119
-428.562
-470.647
-513.11
-554.814
-595.433
-635.272
-675.286
-716.36
-759.609
-803.83
-847.14
-883.759
-910.634
-923.051
-922.535
-928.16
-930.71
-935.436
3.0311
8.86286
-1.7168
10.0544
-4.06822
7.46838
-5.31736
2.46553
-7.43497
-4.41823
-11.5186
-12.932
-18.8111
-23.3522
-29.7269
-36.5139
-44.4954
-53.5081
-63.7278
-75.3311
-88.4262
-103.236
-119.96
-138.808
-159.972
-183.631
-209.927
-238.994
-270.904
-305.606
-342.896
-382.601
-424.685
-469.016
-514.585
-559.299
-602.094
-642.635
-681.195
-719.972
-761.362
-806.307
-852.892
-894.879
-922.197
-927.525
-923.263
-923.278
-928.083
-931.027
2.61087
8.89647
-1.78566
9.42125
-3.41869
7.02278
-3.96966
2.45115
-5.54067
-3.52435
-9.30955
-10.85
-15.8761
-20.0106
-25.6947
-31.8263
-39.1017
-47.3847
-56.8945
-67.7445
-80.0579
-94.0234
-109.85
-127.786
-148.108
-171.125
-197.092
-226.155
-258.422
-293.95
-332.625
-374.155
-418.292
-464.995
-514.044
-563.707
-610.681
-653.153
-691.235
-726.286
-762.057
-804.787
-855.223
-904.708
-936.57
-936.985
-935.179
-928.539
-929.631
-928.923
2.98519
9.06412
-1.35185
8.72425
-2.1217
6.59953
-2.41377
2.79548
-3.73681
-2.20638
-7.13126
-8.64411
-13.0305
-16.7617
-21.7957
-27.2463
-33.7032
-41.1027
-49.6648
-59.5314
-70.8748
-83.8766
-98.7383
-115.703
-135.048
-157.101
-182.257
-210.868
-243.161
-279.264
-319.209
-362.834
-409.77
-459.629
-512.079
-566.069
-618.961
-667.015
-706.82
-739.066
-766.402
-797.739
-844.881
-903.961
-951.174
-957.638
-949.611
-934.042
-928.329
-925.151
2.91283
9.11266
-0.267094
8.14799
-0.55292
5.97958
-0.733498
3.01632
-1.90461
-1.02986
-4.99513
-6.4076
-10.1682
-13.4764
-17.9077
-22.739
-28.4692
-35.0444
-42.6657
-51.4718
-61.6556
-73.4296
-87.0262
-102.733
-120.877
-141.794
-165.864
-193.56
-225.328
-261.493
-302.234
-347.598
-397.443
-451.343
-509.11
-569.539
-629.715
-685.117
-730.745
-761.889
-778.77
-792.917
-819.808
-871.751
-934.259
-965.513
-957.707
-943.533
-932.299
-924.762
1.78617
9.4091
2.51262
6.6561
1.84753
4.88849
1.06981
2.99892
-0.234953
-0.0902303
-3.16419
-4.62427
-7.68817
-10.5693
-14.3301
-18.5008
-23.4716
-29.2232
-35.9405
-43.7421
-52.794
-63.3117
-75.5444
-89.7926
-106.422
-125.868
-148.576
-175.033
-205.817
-241.518
-282.573
-329.277
-381.811
-439.861
-502.948
-571.131
-641.782
-708.346
-763.656
-797.382
-807.88
-794.452
-779.465
-798.343
-849.993
-926.973
-954.874
-969.629
-963.274
-946.298
1.02219
6.78871
6.88063
3.68638
4.87603
4.20518
3.11319
3.1909
1.09786
0.585723
-1.67554
-3.07867
-5.71762
-8.14347
-11.293
-14.8482
-19.0819
-24.0037
-29.7675
-36.4938
-44.3848
-53.6515
-64.5342
-77.3281
-92.3826
-110.131
-131.133
-155.976
-185.33
-219.985
-260.639
-307.944
-362.618
-424.747
-494.176
-571.629
-655.65
-739.062
-810.498
-852.925
-859.407
-823.52
-749.798
-710.064
-748.789
-857.574
-957.501
-1030.76
-1043.91
-1012.86
7.24047
1.77484
13.4487
0.827712
8.70408
3.33235
4.4467
2.87075
2.14196
1.09354
-0.222469
-1.80383
-4.00375
-6.03204
-8.71128
-11.7731
-15.386
-19.5469
-24.4582
-30.2442
-37.0646
-45.1275
-54.6829
-66.034
-79.5653
-95.6921
-114.939
-137.964
-165.596
-198.885
-238.719
-285.95
-342.277
-408.383
-483.253
-569.096
-669.023
-776.537
-873.769
-937.54
-936.366
-882.059
-771.476
-664.663
-687.938
-820.298
-975.992
-1104.87
-1139.01
-1100.06
14.9882
-2.41024
16.4712
0.89293
9.84596
3.00284
6.18069
3.2381
3.78381
1.95872
1.03634
-0.899081
-2.60142
-4.37452
-6.60293
-9.15257
-12.2946
-15.9796
-20.3058
-25.4295
-31.4623
-38.5869
-47.0766
-57.207
-69.3579
-84.0222
-101.753
-123.188
-149.13
-180.965
-219.944
-266.537
-323.51
-393.942
-474.835
-568.058
-685.99
-828.829
-970.517
-1077.31
-1115.84
-1031.42
-904.172
-814.231
-816.77
-907.104
-1041.4
-1152.62
-1181.76
-1152.14
9.57276
1.15915
9.6112
3.32031
6.95687
3.94693
5.20202
3.52013
3.37494
2.08316
1.01053
-0.324268
-1.57343
-3.17992
-5.19525
-7.50698
-10.3136
-13.5856
-17.4608
-22.0903
-27.6218
-34.2111
-42.1252
-51.6615
-63.1243
-76.9848
-93.9418
-114.785
-140.321
-172.127
-212.032
-260.241
-319.742
-397.509
-490.636
-596.947
-738.896
-932.368
-1128.54
-1278.06
-1323.94
-1243.36
-1145.7
-1091.39
-1078.38
-1096.71
-1152.28
-1185.14
-1165.38
-1167.84
4.04658
4.19351
6.43932
4.67168
5.22643
4.4941
4.1108
3.45216
2.72987
1.82924
1.07044
0.0727995
-0.947286
-2.38099
-4.15299
-6.27682
-8.88495
-11.9497
-15.5787
-19.8923
-25.0694
-31.2719
-38.7645
-47.9277
-59.1547
-72.9176
-89.9337
-111.131
-137.381
-170.318
-212.714
-265.232
-329.653
-416.664
-528.693
-658.585
-828.986
-1068.53
-1333.52
-1546.04
-1610.23
-1562.18
-1493.05
-1431.76
-1379.36
-1330.25
-1291.67
-1244.85
-1191.57
-1213.93
4.75822
5.19797
5.48191
5.26121
4.86875
4.5213
4.07006
3.57051
2.99844
2.19487
1.54831
0.597759
-0.358174
-1.65318
-3.18367
-4.98629
-7.18457
-9.82467
-13.046
-16.9505
-21.7446
-27.6178
-34.7896
-43.6139
-54.5245
-68.0592
-85.115
-106.883
-134.448
-169.224
-214.402
-272.194
-343.676
-441.576
-577.443
-740.495
-951.545
-1246.12
-1581.68
-1862.43
-1976.06
-1955.36
-1886.86
-1788.1
-1670.98
-1560.3
-1451.45
-1355.11
-1288.04
-1279.53
4.66206
5.09156
5.20365
5.16949
5.09071
4.91303
4.72187
4.36512
4.04194
3.51202
3.02054
2.27111
1.43899
0.330259
-1.01984
-2.60138
-4.50254
-6.73229
-9.42403
-12.6592
-16.6534
-21.6827
-28.0811
-36.2349
-46.6738
-59.8843
-76.6424
-98.2869
-126.402
-162.774
-210.827
-274.364
-354.822
-465.415
-629.463
-835.424
-1093.88
-1452.18
-1854.26
-2190.38
-2343.75
-2326.23
-2228.98
-2075.71
-1891.09
-1728.89
-1588.55
-1477
-1402.63
-1373.87
5.27773
5.01363
5.03201
4.96327
5.08099
5.12407
5.2361
5.12526
5.0754
4.91895
4.81688
4.53014
4.19801
3.64611
2.89161
1.9231
0.641698
-1.02135
-3.16045
-5.84327
-9.21259
-13.3974
-18.6945
-25.4987
-34.4812
-46.4691
-62.3713
-83.5067
-111.533
-148.45
-197.909
-265.501
-354.812
-477.336
-663.345
-913.052
-1237.02
-1644.46
-2087.87
-2452.05
-2609.25
-2582.55
-2436.79
-2224.54
-2001.73
-1812.91
-1663.8
-1555.68
-1493.64
-1475.82
6.13354
5.80923
5.71607
5.58771
5.63127
5.64106
5.7671
5.92065
6.08016
6.18016
6.37421
6.45683
6.62501
6.70396
6.74091
6.68588
6.49085
6.03726
5.24184
3.94093
1.89373
-1.07499
-5.22458
-10.8531
-18.3482
-28.4298
-42.1691
-61.2426
-87.811
-124.198
-173.67
-242.297
-337.536
-469.524
-666.57
-956.229
-1320.71
-1748.45
-2195.96
-2543.88
-2669.06
-2612.31
-2441.1
-2203.46
-1976.91
-1790.85
-1653.57
-1560.77
-1514.54
-1513.46
6.62757
6.67581
6.84618
7.08569
7.21781
7.33649
7.43254
7.64288
8.06591
8.51128
8.97534
9.39557
9.88732
10.4005
10.9757
11.5912
12.2237
12.8176
13.3293
13.6635
13.6436
13.0342
11.4224
8.2646
3.01018
-4.97199
-16.4437
-32.7279
-56.0471
-89.3378
-136.414
-203.323
-299.863
-439.06
-642.812
-937.91
-1298.94
-1703.83
-2105.47
-2395.91
-2479.94
-2403.96
-2234.67
-2025.16
-1828.66
-1671.54
-1558.54
-1485.87
-1454.83
-1467.58
7.39219
7.57812
7.81062
8.15562
8.48465
8.9648
9.51598
10.1819
10.8621
11.5887
12.5088
13.5362
14.6479
15.8443
17.1541
18.574
20.0723
21.6209
23.1715
24.6727
26.0674
27.2845
28.0998
28.1192
26.6441
22.6867
15.1443
2.69255
-16.5787
-45.3345
-87.4935
-149.312
-240.884
-376.645
-572.744
-839.613
-1155.23
-1492.95
-1802.34
-1998.44
-2064.17
-2017.65
-1896.4
-1747
-1602.64
-1484.03
-1398.77
-1345.98
-1329.23
-1342.87
8.30632
8.66931
9.08143
9.59252
10.0736
10.7093
11.4632
12.3747
13.4624
14.6825
16.1124
17.7225
19.5366
21.572
23.8593
26.4032
29.1778
32.1616
35.2958
38.5305
41.7745
44.8953
47.6814
49.9542
51.3896
51.3275
48.6925
41.8972
28.7463
6.42367
-28.825
-82.6295
-163.574
-283.101
-451.964
-671.666
-925.468
-1178.94
-1394.81
-1538.38
-1594.26
-1594.01
-1533.41
-1442.23
-1347.51
-1265.77
-1204.88
-1167.8
-1155.9
-1163.77
9.15809
9.69422
10.3164
11.0451
11.7766
12.6692
13.6754
14.8661
16.266
17.8676
19.7549
21.9092
24.3656
27.1541
30.3225
33.9083
37.9136
42.3509
47.1936
52.435
58.0299
63.8476
69.6196
75.0129
79.6304
82.9514
84.2306
82.2638
75.1429
60.0719
33.2265
-10.4515
-77.6125
-175.898
-311.169
-482.45
-676.445
-867.562
-1031.4
-1151
-1216.6
-1233.92
-1210.78
-1161.97
-1104
-1049.3
-1005.91
-977.306
-967.574
-971.435
9.92426
10.6382
11.4382
12.3535
13.3048
14.4458
15.7393
17.2529
19.0139
21.0238
23.3747
26.0661
29.1529
32.6713
36.6804
41.2342
46.3584
52.0836
58.419
65.3852
72.9851
81.1782
89.8339
98.6605
107.186
114.744
120.451
123.1
121.007
111.768
92.0308
57.4825
3.06406
-76.2373
-183.378
-317.547
-468.682
-619.971
-753.781
-857.799
-925.323
-955.77
-954.588
-931.576
-896.615
-858.209
-823.636
-798.501
-787.004
-785.972
10.5872
11.451
12.4002
13.4693
14.6151
15.9548
17.4903
19.279
21.3557
23.7264
26.4877
29.6595
33.3091
37.4812
42.2505
47.6868
53.8457
60.7752
68.5072
77.065
86.4485
96.6268
107.522
118.939
130.523
141.682
151.491
158.619
161.251
156.971
142.688
114.709
69.1042
2.55684
-86.1081
-197.136
-321.907
-448.805
-564.889
-659.719
-725.74
-762.054
-771.984
-761.226
-736.503
-705.104
-673.561
-647.434
-632.089
-626.317
11.0797
12.0491
13.1142
14.281
15.5876
17.079
18.7932
20.786
23.0958
25.7392
28.8026
32.3337
36.4013
41.0576
46.3862
52.4723
59.3981
67.2359
76.046
85.8679
96.7115
108.554
121.31
134.779
148.622
162.272
174.846
185.036
191.001
190.28
179.822
156.168
115.869
56.3146
-21.9188
-120.677
-231.248
-344.672
-450.523
-539.062
-602.726
-640.429
-653.5
-646.663
-625.228
-595.211
-563.058
-534.907
-516.108
-507.291
11.3438
12.366
13.4958
14.7126
16.1078
17.6839
19.4946
21.5993
24.0381
26.8335
30.0624
33.7934
38.0938
43.0199
48.658
55.1016
62.4473
70.7805
80.1739
90.6828
102.335
115.12
128.966
143.694
158.966
174.193
188.449
200.381
208.122
209.22
200.703
179.298
141.868
86.004
11.0344
-81.5384
-185.21
-291.709
-391.614
-476.075
-538.63
-576.281
-590.003
-583.46
-562.047
-531.263
-497.54
-467.057
-445.788
-434.624
11.344
12.369
13.5007
14.7187
16.1176
17.7003
19.5154
21.6232
24.0688
26.8717
30.1067
33.8465
38.1597
43.1021
48.7599
55.2266
62.6015
70.9737
80.4181
90.9917
102.724
115.605
129.569
144.444
159.893
175.333
189.844
202.073
210.14
211.592
203.457
182.482
145.578
90.4385
16.4039
-75.0364
-177.422
-282.534
-381.004
-463.977
-524.777
-563.803
-578.585
-570.086
-547.552
-516.484
-481.998
-450.38
-427.595
-414.905
11.0828
12.0588
13.1286
14.2982
15.6167
17.1279
18.8509
20.8485
23.1778
25.8439
28.9261
32.4846
36.5921
41.2974
46.6834
52.8379
59.8516
67.8041
76.7581
86.759
97.8253
109.942
123.037
136.924
151.272
165.529
178.82
189.839
196.742
197.075
187.81
165.542
126.904
69.3368
-5.27124
-100.593
-207.024
-316.139
-418.169
-503.605
-565.611
-602.23
-614.505
-606.405
-583.455
-551.636
-517.054
-485.767
-463.449
-450.977
10.598
11.4716
12.4243
13.4939
14.6572
16.0262
17.5729
19.3699
21.4782
23.8846
26.6779
29.8958
33.6111
37.8636
42.7237
48.2673
54.5609
61.6629
69.6141
78.4402
88.1549
98.7485
110.158
122.205
134.551
146.623
157.525
165.959
170.134
167.659
155.493
130.053
87.628
25.27
-57.5087
-161.377
-277.904
-396.735
-506.456
-596.453
-659.297
-694.105
-703.52
-692.526
-667.2
-634.089
-599.588
-569.443
-549.007
-538.366
9.94594
10.6681
11.4667
12.3793
13.3516
14.5283
15.8399
17.3704
19.1693
21.2179
23.6093
26.3633
29.5388
33.1655
37.293
41.9792
47.2631
53.1962
59.8014
67.096
75.1043
83.8113
93.1009
102.705
112.185
120.916
128.06
132.452
132.441
125.68
108.932
78.1286
28.6764
-43.7239
-141.275
-263.112
-399.967
-537.516
-660.42
-756.879
-820.527
-850.597
-852.189
-832.422
-799.746
-761.846
-725.754
-696.282
-678.181
-669.821
9.18606
9.72031
10.3405
11.0752
11.8337
12.7623
13.7883
14.9983
16.4349
18.0741
20.0126
22.2511
24.8178
27.7343
31.0354
34.7606
38.9366
43.6042
48.7435
54.3484
60.4022
66.7904
73.2646
79.5316
85.2405
89.9086
92.8199
92.82
88.0991
76.0006
52.8924
14.0748
-46.4415
-135.224
-256.853
-409.332
-581.887
-752.361
-899.437
-1007.39
-1070.14
-1089.04
-1072.02
-1031.95
-981.801
-931.696
-888.756
-857.971
-842.236
-837.011
8.33676
8.69129
9.11088
9.64036
10.1471
10.8095
11.5802
12.5178
13.6488
14.9136
16.4092
18.1174
20.0466
22.2036
24.6122
27.2917
30.2461
33.4642
36.8958
40.5144
44.2438
47.9492
51.4518
54.6189
57.1593
58.4383
57.4463
52.7085
42.1646
23.1163
-8.00982
-56.4968
-130.188
-238.936
-391.507
-588.22
-814.079
-1038.21
-1225.17
-1353.76
-1413.81
-1414.42
-1367.1
-1291.09
-1209.25
-1136.6
-1080.32
-1043.2
-1027.99
-1027.43
7.43452
7.61507
7.86247
8.22341
8.56785
9.06681
9.64056
10.3388
11.0583
11.8364
12.827
13.9381
15.1438
16.4379
17.8593
19.4262
21.114
22.8881
24.7325
26.6237
28.4947
30.2668
31.7564
32.6146
32.1753
29.5061
23.5929
13.1758
-3.59487
-29.275
-67.612
-124.637
-209.738
-336.324
-518.519
-761.45
-1043.53
-1358.81
-1616.61
-1784.16
-1839.71
-1814.44
-1717.09
-1590.51
-1465.3
-1359.68
-1282.4
-1233.75
-1214.6
-1217.18
6.68074
6.72403
6.9126
7.15222
7.28201
7.41689
7.53955
7.79397
8.2673
8.76206
9.27826
9.7635
10.3387
10.9458
11.6384
12.4082
13.2268
14.0368
14.832
15.5279
15.9327
15.8206
14.828
12.4503
8.16135
1.37863
-8.62684
-23.1536
-44.3468
-75.0172
-118.941
-181.945
-273.757
-408.582
-604.897
-882.842
-1223.06
-1600.64
-1972.42
-2227.9
-2303.8
-2235.99
-2082.16
-1895.88
-1717.7
-1573.04
-1468.64
-1402.87
-1375.6
-1384
6.17935
5.8544
5.76555
5.64108
5.70361
5.73434
5.87981
6.07241
6.28676
6.43671
6.6838
6.82818
7.06651
7.23337
7.37938
7.46274
7.43375
7.18266
6.647
5.66144
3.98455
1.4765
-2.09237
-7.01151
-13.6578
-22.7116
-35.2135
-52.8054
-77.6078
-111.96
-159.067
-224.639
-317.366
-447.855
-639.376
-925.286
-1287.42
-1707.47
-2146.8
-2487.93
-2612.57
-2547.67
-2372.14
-2140.74
-1919.12
-1739.59
-1608.79
-1523.13
-1486.63
-1492.7
5.30675
5.0817
5.09904
5.03541
5.17383
5.21547
5.33732
5.28143
5.28378
5.16882
5.11685
4.88073
4.60219
4.12449
3.46566
2.61875
1.4925
0.0303105
-1.8619
-4.26965
-7.31525
-11.0885
-15.8824
-22.0917
-30.3587
-41.4701
-56.3254
-76.2567
-102.946
-138.449
-186.146
-251.761
-340.661
-461.543
-643.099
-901.99
-1240.92
-1656.74
-2108.96
-2488.38
-2660.53
-2636.53
-2478.2
-2253.11
-2019.31
-1823.71
-1675.85
-1572.76
-1519.23
-1511.54
4.7274
5.15218
5.26248
5.24079
5.1701
4.97493
4.8027
4.50408
4.22057
3.72758
3.28513
2.58872
1.80559
0.766421
-0.493424
-1.95888
-3.70596
-5.74611
-8.22608
-11.2441
-14.9774
-19.6668
-25.6469
-33.301
-43.122
-55.5927
-71.5043
-92.1948
-119.287
-154.608
-201.377
-264.256
-345.363
-454.815
-622.535
-842.58
-1116.83
-1489.38
-1917.24
-2290.61
-2480.7
-2477.53
-2370.23
-2192.76
-1984.87
-1803.24
-1651.57
-1537.99
-1469.49
-1448.18
4.79635
5.25257
5.54389
5.32857
4.93223
4.57873
4.13513
3.66907
3.14977
2.40145
1.80893
0.91471
-0.00750601
-1.23467
-2.68608
-4.3914
-6.46494
-8.95411
-12.0075
-15.7327
-20.2945
-25.8649
-32.6749
-41.0677
-51.4608
-64.4059
-80.7979
-101.817
-128.604
-162.53
-206.768
-264.62
-336.521
-434.008
-577.405
-751.859
-971.409
-1291.51
-1662.25
-1987.35
-2153.78
-2158.77
-2085.63
-1971.14
-1821.99
-1679.44
-1547.61
-1438.81
-1362.59
-1337.91
4.09521
4.23236
6.48965
4.7372
5.29453
4.56012
4.16117
3.51572
2.87307
2.00541
1.31978
0.386059
-0.626752
-2.0054
-3.7264
-5.7813
-8.28138
-11.2105
-14.6882
-18.8335
-23.794
-29.7327
-36.9206
-45.726
-56.5387
-69.8369
-86.3302
-106.941
-132.576
-164.762
-206.486
-259.138
-323.102
-409.774
-527.771
-665.844
-849.19
-1108.25
-1405.97
-1667.81
-1786.9
-1770.47
-1711.52
-1639
-1559.85
-1476.58
-1395.5
-1315.64
-1252.28
-1247.14
9.62701
1.21109
9.65028
3.38231
7.01957
4.02394
5.27075
3.63529
3.42519
2.12764
1.19398
-0.0144106
-1.29002
-2.85592
-4.82509
-7.07092
-9.76837
-12.9153
-16.6535
-21.1297
-26.4754
-32.8525
-40.5136
-49.7395
-60.8479
-74.3119
-90.8124
-111.155
-136.169
-167.366
-206.964
-255.346
-314.315
-392.83
-491.33
-603.787
-753.674
-958.011
-1187.07
-1387.03
-1470.49
-1415.34
-1340.92
-1283.88
-1255.86
-1234.3
-1234.47
-1219.2
-1180.41
-1201.61
15.0216
-2.31444
16.4539
0.977978
9.85488
3.09871
6.23436
3.3791
3.81878
2.08153
1.04826
-0.696917
-2.3494
-4.07563
-6.23431
-8.7193
-11.7581
-15.3269
-19.5251
-24.5078
-30.3849
-37.343
-45.6119
-55.4682
-67.3131
-81.6151
-98.9268
-119.915
-145.377
-176.728
-215.572
-262.242
-319.026
-390.938
-475.822
-573.056
-698.163
-854.778
-1021.03
-1159.87
-1218.78
-1143.5
-1027.79
-959.977
-958.732
-1007.5
-1097.94
-1167.91
-1167.58
-1165.34
134.12
126.758
122.539
119.511
118.319
118.688
118.933
118.704
118.438
118.7
119.478
120.519
121.735
123.086
124.625
126.353
128.221
130.256
132.522
135.026
137.742
140.65
143.755
147.011
150.375
153.795
157.22
160.609
163.878
166.947
169.684
171.954
173.546
174.233
173.718
171.71
167.9
162.021
153.613
142.144
126.854
107.043
82.1488
51.4533
14.1551
-30.5481
-83.3298
-145.027
-219.388
-296.198
129.993
126.093
122.783
120.309
120.013
121.91
122.501
121.786
122.165
123.104
124.14
125.362
126.828
128.559
130.599
132.923
135.472
138.258
141.318
144.638
148.213
152.036
156.119
160.428
164.92
169.563
174.355
179.276
184.268
189.219
193.98
198.416
202.373
205.671
208.119
209.459
209.416
207.548
203.377
196.364
185.834
171.556
152.916
129.057
99.4165
63.2015
19.2342
-33.7235
-97.1664
-161.57
127.865
126.253
124.528
122.618
122.112
124.813
126.746
126.06
126.081
127.504
129.192
130.769
132.53
134.741
137.356
140.252
143.453
147.024
150.958
155.175
159.654
164.429
169.548
175.001
180.748
186.765
193.068
199.657
206.484
213.432
220.354
227.105
233.576
239.618
245.055
249.621
252.997
254.772
254.581
251.957
246.558
237.967
225.584
208.815
186.648
157.924
122.071
78.8025
27.2233
-23.7784
127.296
127.192
126.845
125.795
125.388
128.098
131.16
131.104
130.435
132.008
134.531
136.706
138.842
141.494
144.645
148.104
151.935
156.287
161.141
166.35
171.846
177.698
183.98
190.721
197.875
205.428
213.393
221.783
230.542
239.547
248.67
257.778
266.762
275.488
283.78
291.433
298.169
303.705
307.722
309.839
309.714
306.72
300.289
289.532
273.577
252.159
225.008
191.314
150.065
111.69
128.38
129.185
129.659
129.169
128.964
131.657
135.619
136.364
135.379
136.927
140.231
143.181
145.778
148.803
152.464
156.612
161.213
166.391
172.17
178.432
185.061
192.099
199.633
207.711
216.316
225.452
235.121
245.316
255.985
267.036
278.349
289.812
301.323
312.77
324.017
334.904
345.214
354.699
363
369.76
374.434
376.474
375.258
370.188
360.981
347.249
328.125
303.008
271.662
243.708
130.604
132
133.015
132.929
133.024
135.754
140.254
141.707
140.919
142.457
146.345
150.147
153.364
156.837
161.03
165.887
171.28
177.248
183.884
191.154
198.942
207.213
216.029
225.466
235.547
246.287
257.683
269.719
282.342
295.479
309.059
322.999
337.191
351.522
365.866
380.069
393.935
407.192
419.484
430.389
439.419
446.102
449.955
450.593
447.548
440.1
427.822
410.483
387.647
368.466
133.66
135.438
136.798
137.006
137.389
140.233
145.028
147.123
146.817
148.466
152.812
157.355
161.12
165.101
169.999
175.642
181.805
188.564
196.082
204.372
213.307
222.829
232.969
243.815
255.434
267.84
281.025
294.952
309.588
324.886
340.789
357.221
374.063
391.199
408.501
425.812
442.94
459.611
475.504
490.227
503.374
514.536
523.319
529.287
531.88
530.708
525.186
514.614
499.003
486.513
137.371
139.36
140.912
141.29
141.948
144.948
149.93
152.599
152.846
154.757
159.513
164.751
169.172
173.726
179.285
185.705
192.704
200.348
208.793
218.075
228.119
238.87
250.357
262.647
275.816
289.874
304.818
320.599
337.182
354.554
372.672
391.459
410.806
430.583
450.658
470.884
491.065
510.973
530.3
548.692
565.784
581.198
594.497
605.161
612.679
616.347
615.376
609.752
599.841
592.568
141.514
143.525
145.173
145.643
146.519
149.721
154.857
158.013
158.88
161.185
166.292
172.111
177.195
182.368
188.555
195.724
203.599
212.164
221.521
231.714
242.762
254.655
267.427
281.117
295.781
311.422
328.026
345.562
364.005
383.357
403.582
424.607
446.322
468.595
491.286
514.244
537.3
560.218
582.699
604.406
624.97
643.974
660.964
675.469
686.905
694.612
698.385
698.429
694.827
692.151
145.787
147.733
149.381
149.924
150.999
154.368
159.62
163.221
164.696
167.353
172.812
179.259
184.945
190.627
197.484
205.508
214.249
223.598
233.729
244.789
256.839
269.876
283.914
298.959
315.025
332.144
350.29
369.456
389.64
410.835
433.009
456.087
479.962
504.503
529.57
555.018
580.661
606.254
631.507
656.085
679.593
701.599
721.615
739.13
753.605
764.674
772.173
775.684
774.918
774.187
149.913
151.734
153.34
153.965
155.23
158.709
164.062
168.031
170.015
173.063
178.921
185.858
192.078
198.384
205.92
214.595
223.966
234.03
245.002
256.987
269.998
284.049
299.151
315.34
332.625
351.025
370.534
391.159
412.894
435.71
459.583
484.437
510.17
536.656
563.761
591.319
619.128
646.938
674.454
701.314
727.105
751.359
773.593
793.354
810.319
824.352
835.277
842.946
847.335
850.375
153.638
155.276
156.825
157.567
158.999
162.532
167.961
172.235
174.656
178.043
184.236
191.658
198.401
205.18
213.189
222.416
232.444
243.23
254.921
267.633
281.403
296.281
312.297
329.472
347.807
367.312
388.007
409.885
432.929
457.116
482.403
508.722
535.989
564.092
592.884
622.172
651.737
681.321
710.623
739.277
766.887
793.031
817.329
839.459
859.15
875.883
888.601
896.303
899.387
900.672
156.718
158.144
159.632
160.511
162.081
165.63
171.107
175.635
178.385
182.035
188.557
196.37
203.459
210.597
219.045
228.769
239.303
250.585
262.803
276.102
290.538
306.137
322.905
340.839
359.968
380.314
401.907
424.741
448.786
474.009
500.356
527.775
556.197
585.497
615.51
646.044
676.869
707.727
738.305
768.259
797.206
824.755
850.469
873.835
894.236
911.248
924.879
935.55
943.111
948.251
158.921
160.153
161.609
162.61
164.259
167.817
173.324
178.027
181.005
184.844
191.592
199.67
207.008
214.408
223.146
233.178
244.047
255.7
268.325
282.053
296.942
313.002
330.239
348.663
368.304
389.213
411.417
434.901
459.632
485.544
512.597
540.742
569.901
599.962
630.768
662.115
693.769
725.451
756.858
787.65
817.46
845.884
872.51
896.92
918.69
937.24
951.822
961.588
966.821
969.508
160.072
161.186
162.637
163.697
165.374
168.95
174.479
179.269
182.354
186.281
193.148
201.37
208.832
216.352
225.226
235.415
246.464
258.312
271.13
285.051
300.138
316.418
333.89
352.559
372.456
393.632
416.118
439.903
464.934
491.156
518.515
546.961
576.43
606.814
637.948
669.622
701.593
733.588
765.297
796.37
826.407
854.973
881.608
905.844
927.256
945.523
960.407
971.774
979.341
983.905
160.074
161.187
162.634
163.692
165.369
168.946
174.474
179.26
182.341
186.265
193.13
201.348
208.805
216.318
225.176
235.347
246.384
258.223
271.024
284.919
299.97
316.213
333.649
352.279
372.133
393.258
415.69
439.412
464.372
490.513
517.773
546.108
575.454
605.703
636.692
668.207
699.999
731.796
763.287
794.118
823.877
852.122
878.373
902.151
923.008
940.707
955.182
966.604
974.635
979.559
158.927
160.153
161.601
162.593
164.243
167.802
173.309
178.002
180.967
184.802
191.545
199.604
206.918
214.289
222.988
232.98
243.82
255.439
268.008
281.653
296.449
312.412
329.544
347.849
367.356
388.121
410.161
433.461
457.977
483.639
510.401
538.215
567.007
596.669
627.043
657.917
689.044
720.139
750.895
780.97
809.986
837.525
863.163
886.5
907.172
924.667
938.262
947.041
951.363
953.16
156.725
158.143
159.619
160.485
162.052
165.604
171.082
175.595
178.329
181.976
188.493
196.272
203.303
210.382
218.772
228.448
238.938
250.153
262.27
275.446
289.759
305.22
321.815
339.538
358.438
378.542
399.874
422.411
446.108
470.921
496.795
523.679
551.509
580.163
609.465
639.216
669.172
699.059
728.559
757.329
785
811.182
835.44
857.24
875.967
891.164
902.917
911.572
916.886
919.971
153.644
155.273
156.808
157.534
158.96
162.497
167.925
172.18
174.582
177.966
184.157
191.537
198.197
204.882
212.809
221.976
231.939
242.62
254.171
266.745
280.385
295.104
310.892
327.775
345.789
364.957
385.294
406.761
429.323
452.946
477.587
503.189
529.667
556.907
584.745
612.967
641.334
669.582
697.396
724.415
750.252
774.504
796.802
816.796
834.128
848.152
857.855
862.706
862.821
861.809
149.919
151.728
153.318
153.927
155.183
158.664
164.013
167.958
169.919
172.964
178.816
185.712
191.845
198.035
205.462
214.046
223.314
233.238
244.054
255.908
268.793
282.663
297.49
313.332
330.223
348.204
367.256
387.364
408.503
430.626
453.71
477.692
502.466
527.895
553.82
580.051
606.367
632.5
658.151
682.946
706.466
728.239
747.799
764.741
778.794
789.749
797.146
800.799
800.707
799.822
145.789
147.723
149.354
149.882
150.947
154.311
159.554
163.122
164.566
167.218
172.669
179.078
184.685
190.253
196.98
204.874
213.463
222.635
232.618
243.571
255.501
268.335
282.069
296.732
312.349
328.962
346.544
365.092
384.583
404.993
426.286
448.38
471.166
494.49
518.18
542.06
565.925
589.525
612.567
634.704
655.523
674.563
691.318
705.267
715.924
723.058
726.347
725.298
719.933
714.961
141.511
143.51
145.14
145.594
146.46
149.652
154.771
157.882
158.712
161.009
166.107
171.891
176.911
181.984
188.036
195.031
202.703
211.084
220.321
230.426
241.336
252.994
265.453
278.75
292.937
308.003
323.945
340.759
358.423
376.927
396.209
416.174
436.699
457.622
478.767
499.95
520.98
541.615
561.561
580.482
597.989
613.639
626.946
637.405
644.385
647.42
646.413
641.238
631.814
623.419
137.358
139.335
140.87
141.236
141.883
144.875
149.832
152.445
152.65
154.549
159.295
164.493
168.839
173.307
178.753
184.987
191.748
199.206
207.561
216.767
226.647
237.136
248.29
260.176
272.843
286.285
300.519
315.517
331.272
347.758
364.896
382.573
400.645
418.958
437.347
455.626
473.581
490.975
507.498
522.791
536.484
548.17
557.38
563.578
566.167
564.393
557.729
546.281
530.16
516.32
133.638
135.402
136.75
136.945
137.318
140.158
144.933
146.968
146.605
148.232
152.561
157.056
160.734
164.62
169.416
174.902
180.861
187.449
194.856
203.023
211.771
221.034
230.845
241.277
252.377
264.15
276.607
289.738
303.537
317.94
332.848
348.134
363.643
379.22
394.712
409.939
424.685
438.674
451.569
462.967
472.43
479.533
483.853
484.939
482.243
475.282
463.35
445.803
422.669
401.746
130.56
131.948
132.958
132.864
132.957
135.697
140.174
141.566
140.714
142.223
146.066
149.801
152.95
156.352
160.447
165.163
170.408
176.247
182.74
189.822
197.384
205.393
213.875
222.876
232.418
242.528
253.214
264.474
276.269
288.519
301.104
313.888
326.709
339.427
351.879
363.897
375.279
385.726
394.887
402.285
407.416
409.761
408.812
404.18
395.304
381.509
362.396
337.564
306.511
277.707
128.296
129.113
129.595
129.105
128.909
131.621
135.558
136.239
135.207
136.716
139.936
142.808
145.379
148.374
151.941
155.961
160.458
165.533
171.133
177.146
183.522
190.302
197.496
205.12
213.182
221.716
230.715
240.181
250.052
260.217
270.524
280.81
290.929
300.722
310.028
318.674
326.442
333.064
338.156
341.327
341.956
339.464
333.165
322.496
307.196
286.633
259.931
226.705
186.833
148.717
127.18
127.098
126.766
125.725
125.333
128.074
131.114
130.995
130.292
131.815
134.245
136.345
138.469
141.107
144.176
147.523
151.26
155.503
160.157
165.104
170.339
175.925
181.861
188.154
194.79
201.79
209.161
216.884
224.867
232.989
241.099
249.015
256.588
263.624
269.944
275.324
279.486
282.136
282.894
281.39
277.156
269.542
257.869
241.169
218.726
190.363
155.568
113.384
63.1298
14.0257
127.713
126.12
124.42
122.527
122.052
124.792
126.708
125.978
125.972
127.33
128.931
130.45
132.182
134.353
136.909
139.72
142.822
146.262
149.997
153.964
158.179
162.666
167.436
172.475
177.758
183.288
189.061
195.04
201.138
207.207
213.093
218.639
223.678
228.029
231.486
233.797
234.607
233.497
230.034
223.715
214.225
200.974
183.381
160.711
131.778
95.6245
51.8735
0.0161953
-60.7814
-122.989
129.806
125.909
122.62
120.195
119.95
121.881
122.471
121.743
122.099
122.975
123.939
125.095
126.501
128.181
130.183
132.439
134.879
137.516
140.386
143.48
146.79
150.311
154.061
158.003
162.095
166.297
170.593
174.926
179.201
183.271
186.994
190.214
192.734
194.345
194.842
193.969
191.424
186.713
179.323
168.584
153.96
135.044
111.007
81.2589
45.1959
1.58733
-50.5501
-112.357
-185.197
-261.188
133.919
126.521
122.3
119.367
118.236
118.665
118.96
118.696
118.379
118.615
119.324
120.284
121.418
122.724
124.234
125.893
127.649
129.543
131.643
133.939
136.397
139.013
141.816
144.749
147.748
150.733
153.657
156.44
158.983
161.175
162.877
163.923
164.09
163.12
160.718
156.543
150.308
141.646
130.103
115.046
95.6237
71.2281
41.1339
4.43832
-39.5171
-91.447
-152.162
-222.654
-306.392
-395.648
-18.1139
8.04007
0.671956
5.81311
3.35822
5.36367
5.86223
6.22766
6.9661
7.70535
8.40335
9.0415
9.62529
10.073
10.3076
10.3076
10.0748
9.63185
9.05889
8.43523
7.74799
7.01936
6.29719
5.92609
5.35016
3.46992
5.79839
0.746412
8.0613
-18.0967
-20.7908
5.75822
-2.36756
5.93283
2.12243
5.52227
5.08776
5.86648
6.6157
7.18038
7.72955
8.26758
8.7408
9.06461
9.22362
9.22617
9.07231
8.75512
8.29227
7.76835
7.22921
6.66994
5.92445
5.17061
5.50634
2.23525
5.9165
-2.27342
5.77002
-20.7318
-5.81734
3.77269
-4.13987
5.49244
1.51449
5.49003
4.55998
5.92296
6.44083
6.88705
7.30948
7.7031
7.99387
8.17105
8.26088
8.26573
8.1852
8.01763
7.73593
7.35195
6.93592
6.49165
5.95206
4.65335
5.4785
1.61507
5.47234
-4.06248
3.80623
-5.78512
3.48024
2.82027
-2.16784
4.89486
0.883834
4.94272
3.87402
5.53064
5.76612
6.24976
6.65204
6.97876
7.20173
7.3604
7.44919
7.45457
7.37563
7.22547
7.00924
6.68864
6.293
5.82413
5.54244
3.97634
4.93747
0.981298
4.88099
-2.1186
2.85056
3.49304
2.43758
2.05322
0.451769
4.44836
0.762344
4.36598
2.99528
4.75583
4.82866
5.39802
5.82027
6.16204
6.42112
6.61226
6.71451
6.71876
6.62393
6.43886
6.18438
5.84783
5.43334
4.90002
4.75673
3.10147
4.3616
0.871198
4.43049
0.480516
2.06672
2.43521
-2.04536
2.47461
1.78733
3.18373
1.54259
4.17926
2.76059
4.35306
4.26306
4.8124
5.18425
5.50779
5.76464
5.94232
6.03268
6.03507
5.94961
5.77703
5.52385
5.20418
4.83847
4.34714
4.34692
2.87271
4.17156
1.6525
3.21863
1.77707
2.43379
-2.04224
-0.98137
1.01796
0.910601
2.61144
2.09299
3.80221
2.86156
4.15931
4.00603
4.47296
4.7522
5.00728
5.21033
5.34725
5.417
5.41821
5.35169
5.21962
5.02035
4.76759
4.48855
4.09731
4.15388
2.97884
3.83133
2.13771
2.60618
0.947661
1.01111
-0.975255
1.99369
1.96512
0.560235
2.76767
1.94939
3.52
2.78316
3.85408
3.74743
4.13021
4.35066
4.54509
4.7016
4.80778
4.86337
4.86483
4.81215
4.70955
4.5597
4.36617
4.14205
3.83374
3.84711
2.92441
3.51567
1.98275
2.75264
0.598595
1.96632
1.99417
2.32638
2.86895
1.43591
2.95536
1.97463
3.12749
2.65489
3.46645
3.43734
3.73253
3.92983
4.08608
4.21922
4.3074
4.35437
4.35659
4.31363
4.22695
4.10215
3.94694
3.74463
3.50333
3.43705
2.74723
3.15818
2.0148
2.94266
1.45611
2.86739
2.3339
1.99419
2.46627
1.81236
2.61771
2.045
2.75767
2.5783
3.02739
3.13617
3.34158
3.51796
3.64961
3.76581
3.83821
3.87898
3.88103
3.84614
3.77283
3.65966
3.54224
3.3481
3.18359
3.05685
2.60074
2.78216
2.0781
2.61999
1.82722
2.46494
2.0038
1.88947
2.16697
1.82546
2.25561
2.05994
2.41492
2.44707
2.68675
2.83275
2.97897
3.13682
3.23803
3.3401
3.39994
3.43366
3.43432
3.40527
3.34758
3.24011
3.1653
2.98081
2.87188
2.70547
2.47697
2.43213
2.08209
2.26487
1.8406
2.16788
1.89415
1.8082
1.9142
1.73649
1.97349
1.96547
2.14451
2.24751
2.3829
2.53771
2.63657
2.77328
2.85515
2.93876
2.98919
3.01711
3.01709
2.99129
2.95021
2.84684
2.79887
2.63961
2.57246
2.39592
2.27157
2.16015
1.98233
1.98346
1.74899
1.92079
1.81348
1.64389
1.68472
1.6461
1.73194
1.82405
1.86953
2.03373
2.07644
2.24706
2.29843
2.42398
2.48635
2.55557
2.59776
2.62101
2.62161
2.59748
2.56992
2.47759
2.45006
2.30362
2.26898
2.08949
2.04866
1.88495
1.83356
1.74382
1.65713
1.69525
1.65499
1.45321
1.45456
1.50885
1.47845
1.64951
1.5941
1.80396
1.77349
1.95429
1.96834
2.08248
2.12923
2.18492
2.21878
2.23836
2.23938
2.218
2.20131
2.1241
2.10364
1.973
1.97256
1.78581
1.81495
1.60958
1.65606
1.49189
1.51565
1.46648
1.46484
1.25825
1.22805
1.33692
1.23375
1.45008
1.32396
1.56314
1.48113
1.66477
1.65359
1.75099
1.78633
1.82968
1.85661
1.87176
1.87233
1.85407
1.84527
1.78266
1.77376
1.65201
1.68359
1.49041
1.57367
1.3398
1.45401
1.24754
1.33917
1.2374
1.26487
1.04927
0.993557
1.13349
0.987371
1.23046
1.05092
1.3087
1.18975
1.3696
1.34258
1.42357
1.45117
1.48584
1.50693
1.5176
1.5181
1.50567
1.49574
1.44709
1.44678
1.33522
1.39001
1.19459
1.31996
1.06536
1.23099
1.00096
1.13333
1.00137
1.0523
0.829925
0.765544
0.91836
0.746724
0.996397
0.795634
1.04661
0.909903
1.07366
1.03868
1.10291
1.12512
1.15079
1.16589
1.17391
1.17427
1.16568
1.156
1.12107
1.12347
1.02869
1.09369
0.910303
1.05706
0.80631
0.994628
0.760554
0.917378
0.774786
0.832482
0.60251
0.535132
0.681278
0.509154
0.744973
0.54538
0.774476
0.635867
0.778452
0.739923
0.786251
0.802284
0.819684
0.830789
0.836784
0.836722
0.830838
0.822552
0.799427
0.802085
0.727927
0.795276
0.632676
0.781011
0.552813
0.741383
0.521973
0.679588
0.544255
0.605251
0.369454
0.305742
0.42083
0.279787
0.467507
0.302019
0.484512
0.363185
0.476604
0.43889
0.47123
0.479322
0.489837
0.497294
0.500917
0.500657
0.497234
0.492213
0.477139
0.48147
0.428146
0.487752
0.36015
0.487095
0.307229
0.462968
0.288847
0.418323
0.312765
0.37091
0.12245
0.0976094
0.151972
0.0790702
0.169998
0.0849017
0.173209
0.110166
0.16615
0.143387
0.158683
0.159866
0.163436
0.1662
0.167245
0.167172
0.166199
0.164847
0.158777
0.16274
0.138562
0.170485
0.108922
0.17327
0.0881459
0.167401
0.0830194
0.149964
0.100195
0.12321
)
;

boundaryField
{
    INLET
    {
        type            zeroGradient;
    }
    OUTLET
    {
        type            fixedValue;
        value           uniform 0;
    }
    WALL
    {
        type            zeroGradient;
    }
    CYLINDER
    {
        type            zeroGradient;
    }
    frontAndBackPlanes
    {
        type            empty;
    }
}


// ************************************************************************* //
