/*--------------------------------*- C++ -*----------------------------------*\
| =========                 |                                                 |
| \\      /  F ield         | OpenFOAM: The Open Source CFD Toolbox           |
|  \\    /   O peration     | Version:  v1912                                 |
|   \\  /    A nd           | Website:  www.openfoam.com                      |
|    \\/     M anipulation  |                                                 |
\*---------------------------------------------------------------------------*/
FoamFile
{
    version     2.0;
    format      ascii;
    class       volScalarField;
    location    "0.41";
    object      p;
}
// * * * * * * * * * * * * * * * * * * * * * * * * * * * * * * * * * * * * * //

dimensions      [0 2 -2 0 0 0 0];


internalField   nonuniform List<scalar> 
6600
(
232.73
228.085
225.741
224.327
223.218
222.194
221.191
220.205
219.205
218.145
217
215.75
214.379
212.893
211.271
209.44
207.496
205.43
203.202
200.783
198.274
195.272
191.703
188.021
184.074
179.752
174.941
169.386
163.281
156.505
148.708
139.653
129.303
117.469
103.705
87.6124
68.7908
46.7065
20.7934
-9.50537
-44.8081
-85.843
-133.587
-188.983
-252.615
-325.824
-409.26
-501.427
-610.647
-732.505
229.465
224.565
222.659
220.931
219.325
217.824
216.401
215.028
213.663
212.194
210.617
208.954
207.124
205.13
202.966
200.6
197.903
195.033
191.931
188.449
184.677
180.838
176.323
171.246
165.694
159.562
152.922
145.437
136.946
127.55
117.083
105.208
91.6201
76.1721
58.483
38.0618
14.5409
-12.5641
-43.8737
-80.0937
-121.916
-169.872
-225.119
-288.615
-360.8
-443.275
-536.061
-637.962
-754.613
-884.619
224.939
219.805
218.272
216.241
214.242
212.413
210.682
208.93
207.159
205.268
203.195
200.945
198.533
195.915
193.046
189.918
186.514
182.756
178.693
174.31
169.313
163.898
158.118
151.654
144.534
136.584
127.747
118.133
107.318
95.2328
81.734
66.5569
49.4742
30.1896
8.32628
-16.6238
-45.1257
-77.6882
-114.819
-157.198
-205.733
-260.699
-323.573
-394.936
-475.453
-566.263
-667.734
-778.41
-899.1
-1029.12
219.583
214.127
212.828
210.422
208.277
206.242
204.223
202.087
199.801
197.382
194.782
191.936
188.843
185.489
181.889
177.894
173.532
168.798
163.573
157.865
151.749
144.995
137.577
129.43
120.499
110.733
99.811
87.6489
74.1807
59.2257
42.6032
23.9987
3.09574
-20.2888
-46.5459
-76.2892
-109.932
-148.111
-191.256
-240.015
-295.156
-357.365
-427.353
-506.022
-594.131
-692.483
-801.139
-917.937
-1040.47
-1167.38
213.537
207.786
206.73
203.914
201.703
199.443
197.096
194.611
191.883
188.938
185.767
182.356
178.615
174.495
169.967
165.081
159.724
153.926
147.644
140.654
132.897
124.453
115.216
105.159
94.1665
82.1379
68.9949
54.4239
38.294
20.3739
0.372688
-21.818
-46.6154
-74.3478
-105.323
-139.996
-178.905
-222.607
-271.636
-326.588
-388.184
-457.055
-533.719
-618.757
-713.008
-817.514
-931.977
-1053.24
-1176.32
-1299.26
206.78
200.921
200.102
196.931
194.61
192.131
189.379
186.499
183.406
180.069
176.412
172.387
167.975
163.156
157.781
151.837
145.351
138.23
130.526
122.254
113.243
103.19
92.0448
79.8235
66.5728
52.1262
36.281
18.9443
-0.189448
-21.2619
-44.5655
-70.4777
-99.3016
-131.314
-166.859
-206.454
-250.583
-299.678
-354.319
-415.056
-482.49
-557.209
-639.576
-730.152
-829.369
-938.073
-1056.2
-1180.65
-1303.83
-1421.62
199.476
193.662
192.919
189.256
186.808
184.109
181.118
177.854
174.354
170.531
166.345
161.702
156.559
150.865
144.632
137.758
130.218
121.983
112.858
102.768
91.9821
80.2713
67.4135
53.2042
37.6114
20.6499
2.15358
-18.1068
-40.3105
-64.6899
-91.531
-121.128
-153.875
-190.136
-230.301
-274.689
-323.713
-377.869
-437.591
-503.466
-575.961
-655.523
-742.473
-837.059
-939.785
-1051.53
-1172.41
-1299.14
-1421.46
-1531.54
191.702
186.023
185.314
181.093
178.688
175.545
172.253
168.621
164.673
160.272
155.39
150.012
144.063
137.516
130.278
122.296
113.484
103.951
93.6418
82.2781
69.7402
56.0689
41.2272
25.0786
7.37395
-12.099
-33.3837
-56.5922
-81.9424
-109.681
-140.123
-173.529
-210.147
-250.392
-294.622
-343.282
-396.776
-455.438
-519.708
-589.922
-666.593
-750.077
-840.614
-938.323
-1043.26
-1156.28
-1278.15
-1405.87
-1526.53
-1626.52
183.446
178.054
177.357
172.822
170.544
166.917
163.166
159.07
154.536
149.479
143.847
137.62
130.751
123.246
115.013
106.024
96.1437
85.1484
73.0897
60.0678
45.824
30.2695
13.3414
-4.99753
-24.8816
-46.605
-70.4399
-96.4573
-124.816
-155.815
-189.642
-226.586
-266.871
-310.831
-358.989
-411.637
-469.036
-531.538
-599.473
-673.267
-753.148
-839.431
-932.227
-1031.7
-1138.01
-1251.78
-1373.61
-1500.55
-1617.7
-1705.43
174.808
169.979
169.166
164.784
162.39
158.314
154.289
149.68
144.518
138.745
132.328
125.212
117.377
108.766
99.2955
88.9509
77.7288
65.5643
52.0747
37.3582
21.3921
3.95396
-15.0256
-35.6697
-58.0684
-82.2842
-108.596
-137.282
-168.553
-202.556
-239.562
-279.781
-323.496
-370.99
-422.431
-478.224
-538.804
-604.422
-675.31
-751.691
-833.907
-922.169
-1016.64
-1117.12
-1223.64
-1336.75
-1456.87
-1580.97
-1693.74
-1768.2
166.15
162.168
161.257
156.878
154.372
149.98
145.631
140.486
134.729
128.303
121.139
113.189
104.413
94.7778
84.2426
72.6454
59.8398
45.9673
30.9546
14.5072
-3.31314
-22.6135
-43.5736
-66.3269
-91.0501
-117.847
-146.831
-178.166
-212.077
-248.796
-288.615
-331.797
-378.455
-428.825
-483.314
-542.112
-605.379
-673.419
-746.515
-824.801
-908.441
-997.618
-1092.36
-1192.88
-1299.03
-1411.05
-1528.49
-1648.08
-1754.46
-1815.26
157.971
154.789
153.63
149.519
146.665
142.057
137.337
131.742
125.446
118.392
110.525
101.818
92.1357
81.4494
69.7039
56.9505
43.0263
27.6974
11.1071
-6.87353
-26.4908
-47.8228
-70.9137
-95.8866
-122.838
-151.939
-183.399
-217.378
-254.025
-293.494
-335.969
-381.67
-430.938
-484.007
-540.902
-601.8
-667.038
-736.79
-811.216
-890.594
-974.963
-1064.49
-1159.22
-1258.88
-1363.52
-1473.38
-1587.8
-1702.06
-1800.32
-1848.41
150.587
147.959
146.91
142.737
139.648
134.762
129.684
123.731
116.991
109.399
100.918
91.4798
81.025
69.5126
56.7752
42.7527
27.5194
10.9481
-7.20543
-26.8642
-48.0705
-71.0934
-96.0239
-123.021
-152.201
-183.611
-217.409
-253.715
-292.639
-334.444
-379.391
-427.629
-479.218
-534.281
-593.135
-656.009
-722.913
-794.021
-869.515
-949.353
-1033.76
-1122.72
-1216.3
-1314.57
-1417.16
-1524.14
-1634.76
-1743.13
-1832.64
-1869.78
144.378
142.195
141.042
137.012
133.746
128.629
123.236
116.904
109.667
101.552
92.5189
82.4106
71.2307
58.8862
45.403
30.5262
14.1968
-3.53401
-22.8219
-43.9348
-66.8532
-91.6117
-118.325
-147.124
-178.182
-211.628
-247.549
-286.164
-327.545
-371.714
-418.758
-468.885
-522.354
-579.388
-640.008
-704.171
-772.107
-843.889
-919.567
-999.382
-1083.25
-1171.3
-1263.36
-1359.37
-1459.36
-1563.22
-1669.69
-1772.65
-1854.42
-1881.19
139.646
137.883
136.586
132.558
129.205
123.973
118.364
111.737
104.202
95.6281
86.0074
75.3528
63.5777
50.5326
36.2153
20.5406
3.34682
-15.5081
-35.9612
-58.1218
-82.2497
-108.449
-136.767
-167.297
-200.148
-235.457
-273.355
-313.784
-356.915
-402.976
-452.124
-504.371
-559.687
-618.113
-679.815
-745.064
-813.84
-886.165
-962.081
-1041.51
-1124.53
-1211.03
-1301.12
-1394.52
-1491.18
-1590.72
-1691.58
-1788.1
-1862.65
-1883.52
136.775
135.067
133.725
129.763
126.267
120.913
115.175
108.258
100.441
91.6735
81.7344
70.6461
58.371
44.855
29.9307
13.5749
-4.27941
-23.8356
-45.29
-68.624
-93.8975
-121.284
-150.925
-182.906
-217.308
-254.173
-293.741
-336.174
-381.341
-429.222
-479.922
-533.582
-590.298
-650.169
-713.282
-779.434
-848.657
-921.062
-996.569
-1075.08
-1156.68
-1241.46
-1329.03
-1419.39
-1512.28
-1607.82
-1702.02
-1788.44
-1850.36
-1869.32
135.758
134.182
132.411
128.562
124.967
119.593
113.814
106.954
98.9613
89.9412
79.8907
68.6464
56.1221
42.2544
26.9301
10.0176
-8.53614
-28.7433
-50.7515
-74.8095
-101.022
-129.448
-160.206
-193.442
-229.294
-267.806
-308.883
-352.628
-399.26
-448.839
-501.286
-556.569
-614.76
-675.817
-739.566
-806.245
-875.939
-948.412
-1023.64
-1101.64
-1181.98
-1264.64
-1349.81
-1436.84
-1525.11
-1614.14
-1698.81
-1771.03
-1815.9
-1832.33
136.667
134.874
132.923
129.023
125.417
120.042
114.252
107.393
99.5613
90.6339
80.5648
69.3021
56.7647
42.819
27.4026
10.376
-8.44841
-29.2207
-51.8971
-76.5708
-103.437
-132.664
-164.338
-198.526
-235.368
-275.061
-317.772
-363.32
-411.563
-462.574
-516.484
-573.218
-632.573
-694.621
-759.597
-827.202
-897.205
-969.775
-1044.67
-1121.41
-1200.19
-1280.66
-1362.58
-1446.07
-1530.53
-1612.77
-1687.06
-1742.98
-1768.84
-1781.05
139.302
137.133
135.006
131.131
127.542
122.342
116.769
109.897
102.192
93.5194
83.6689
72.6127
60.2339
46.419
31.0389
14.0256
-4.70625
-25.3852
-48.2472
-73.3162
-100.686
-130.515
-162.972
-198.186
-236.153
-276.889
-320.514
-367.281
-417.15
-469.865
-525.23
-583.354
-644.318
-707.913
-773.75
-841.89
-912.46
-985.179
-1059.85
-1136.36
-1214.09
-1293.02
-1372.57
-1452.13
-1531.2
-1606.57
-1671.83
-1716.47
-1729.77
-1736
143.383
140.82
138.554
134.751
131.117
125.972
120.653
114.171
106.829
98.4745
88.9823
78.3544
66.4144
53.0475
38.1068
21.4058
2.78166
-17.7741
-40.5065
-65.5709
-93.1116
-123.242
-156.019
-191.71
-230.479
-272.439
-317.504
-365.612
-416.803
-471.066
-528.337
-588.282
-650.563
-715.171
-782.226
-851.653
-923.038
-996.235
-1071.25
-1147.49
-1224.44
-1301.52
-1379.03
-1456.61
-1531.87
-1600.54
-1657.97
-1695.15
-1708.49
-1708.52
148.656
145.528
143.273
139.62
135.993
131.217
126.088
119.893
113.02
105.163
96.2485
86.1913
74.8709
62.1094
47.8196
31.8695
13.9418
-6.12692
-28.491
-53.3223
-80.7743
-111.072
-144.288
-180.427
-219.607
-262.042
-307.935
-357.368
-410.219
-466.195
-525.062
-586.77
-651.135
-717.841
-786.689
-857.239
-929.579
-1003.78
-1079.2
-1155.61
-1232.75
-1310.3
-1387.3
-1462.18
-1534.49
-1599.1
-1648.3
-1674.64
-1687.18
-1685.51
154.897
151.07
148.875
145.319
141.725
137.304
132.553
126.88
120.595
113.361
105.175
95.9169
85.4376
73.536
60.027
44.8337
27.7753
8.58273
-12.9683
-37.104
-64.0383
-93.934
-127.074
-163.535
-203.324
-246.659
-293.523
-343.981
-398.112
-455.831
-516.826
-580.799
-647.346
-715.998
-786.414
-858.918
-933.105
-1008.35
-1085.01
-1162.86
-1240.94
-1318.49
-1395.34
-1471.4
-1541.34
-1601.61
-1643.78
-1657.17
-1662.99
-1664.62
161.389
157.166
154.957
151.592
148.238
144.182
139.822
134.665
128.93
122.346
114.96
106.727
97.3321
86.6174
74.3406
60.2768
44.2608
26.0742
5.4748
-17.7718
-43.9732
-73.307
-105.982
-142.216
-181.782
-225.769
-273.516
-325.204
-380.79
-440.332
-503.482
-569.628
-638.426
-709.704
-783.126
-857.861
-933.867
-1011.44
-1089.91
-1168.87
-1248.42
-1328.3
-1406.66
-1481.37
-1548.83
-1603.09
-1636.74
-1648.96
-1646.64
-1649.31
167.899
163.477
161.229
157.975
154.794
151.212
147.329
142.802
137.843
132.151
125.721
118.277
109.867
100.368
89.4804
76.9117
62.4078
45.7033
26.5105
4.54419
-20.4601
-48.9028
-80.9818
-116.828
-156.625
-200.664
-248.976
-301.913
-358.889
-419.841
-484.986
-553.949
-626.174
-700.623
-776.571
-854.059
-932.982
-1012.87
-1093.41
-1174.81
-1256.67
-1338.12
-1418.34
-1493.33
-1558.17
-1604.32
-1624.65
-1635.2
-1633.2
-1635.19
173.984
169.619
167.2
164.385
161.51
158.218
154.744
150.827
146.548
141.631
136.198
129.909
122.663
114.391
104.939
93.9781
81.2099
66.2902
48.8657
28.5104
4.99043
-22.0042
-52.9099
-87.97
-127.307
-171.258
-220.02
-273.922
-332.587
-395.682
-463.106
-534.671
-609.538
-687.187
-767.148
-848.52
-930.477
-1013.03
-1096.69
-1180.59
-1264.85
-1348.56
-1429.28
-1504.44
-1568.12
-1607.73
-1619.61
-1620.65
-1621.43
-1622.22
179.269
175.632
172.866
170.428
167.657
164.777
161.731
158.328
154.627
150.482
145.924
140.773
134.791
127.86
119.927
110.73
99.9046
87.0703
71.8259
53.6713
32.0811
6.81782
-22.512
-56.3477
-95.136
-138.934
-187.581
-242.086
-302.08
-367.104
-437.064
-511.571
-590.099
-671.947
-755.902
-840.773
-926.738
-1013.34
-1099.49
-1185.8
-1272.27
-1358.19
-1441.63
-1515.01
-1570.9
-1600.35
-1612.57
-1609.12
-1609.87
-1610.12
183.245
181.835
177.816
176.178
173.345
170.868
168.168
165.223
162.098
158.621
154.798
150.545
145.776
140.357
134.021
126.557
117.667
106.99
94.0777
78.4312
59.4227
36.4889
9.21621
-22.8187
-60.043
-102.938
-151.849
-206.714
-267.946
-335.116
-407.705
-485.6
-568.215
-654.057
-742.369
-832.721
-923.01
-1012.76
-1102.61
-1191.89
-1280.17
-1367.4
-1450.81
-1527.23
-1578.86
-1593.61
-1598.18
-1598.03
-1597.85
-1597.8
185.233
187.405
181.816
181.657
178.505
176.344
173.971
171.402
168.799
166.01
162.935
159.589
155.907
151.746
146.901
141.224
134.33
125.923
115.551
102.582
86.3952
66.2641
41.5287
11.694
-23.7934
-65.5262
-113.995
-168.504
-231.021
-300.372
-376.176
-457.576
-544.151
-635.133
-729.255
-824.455
-919.858
-1014.23
-1106.8
-1199.1
-1290.37
-1377.89
-1459.65
-1528.11
-1571.38
-1589.47
-1585.29
-1586.31
-1585.35
-1584.68
184.071
191.374
184.985
186.217
183.159
181.396
179.306
177.13
174.905
172.751
170.285
167.532
164.894
161.851
158.204
153.952
148.837
142.597
134.757
124.773
111.726
94.7656
73.2237
46.3185
13.2615
-26.6151
-73.7645
-128.715
-192.167
-263.309
-342.3
-428.411
-520.751
-617.343
-716.598
-817.982
-919.834
-1019.02
-1115.2
-1208.96
-1301.82
-1390.89
-1473.58
-1537.14
-1559.79
-1572.17
-1571.18
-1571.71
-1571.8
-1570.48
161.401
190.69
187.191
189.506
187.26
185.597
183.698
181.809
180.022
178.182
176.666
174.91
173.09
171.176
168.585
165.606
162.136
157.745
151.999
144.483
134.301
120.756
102.674
78.8473
48.6124
10.5746
-35.4754
-89.0405
-153.023
-227.124
-309.566
-400.767
-498.685
-601.919
-708.801
-817.595
-926.166
-1031.1
-1132.07
-1226.96
-1315.49
-1397.03
-1468.77
-1521.87
-1551.73
-1549.51
-1553.07
-1554.93
-1555.23
-1555.34
354.276
350.049
348.229
347.045
346.361
346.322
346.571
347
347.759
348.914
350.439
352.393
354.836
357.592
360.742
364.316
368.282
372.589
377.251
382.36
387.835
393.679
399.845
406.272
413.057
420.114
427.389
434.584
441.973
449.296
456.294
462.867
468.878
473.945
477.782
480.256
481.057
479.78
476.066
469.354
458.853
444.098
424.524
399.233
367.502
328.669
282.123
228.427
161.481
90.7449
351.97
348.187
346.937
345.804
345.199
345.157
345.416
345.875
346.619
347.762
349.287
351.033
353.209
355.76
358.611
361.928
365.746
369.867
374.211
378.837
383.776
389.05
394.595
400.288
406.057
412.022
418.183
424.167
430.205
436.116
441.606
446.431
450.387
453.22
454.471
454.06
451.691
446.925
439.406
428.634
413.842
394.404
369.748
339.092
301.625
256.512
203.369
142.792
70.7907
-4.67995
349.216
345.82
345.279
344.395
343.889
343.787
344.002
344.515
345.382
346.553
348.17
350.065
352.143
354.584
357.352
360.348
363.733
367.588
371.774
376.119
380.578
385.179
390.033
395.104
400.196
405.188
410.236
415.236
419.682
423.679
427.132
429.894
431.627
431.943
430.53
427.137
421.478
413.077
401.554
386.543
367.236
342.957
313.069
276.914
233.835
183.022
123.983
57.5774
-16.7543
-91.7814
346.301
343.151
343.25
342.533
342.223
342.179
342.362
342.864
343.769
345.031
346.54
348.441
350.582
352.951
355.697
358.712
361.86
365.251
368.931
372.972
377.197
381.392
385.504
389.648
393.928
398.082
401.871
405.433
408.443
410.728
412.132
412.548
411.71
409.389
405.189
398.75
389.711
377.649
362.062
342.557
318.653
289.696
255.022
214.006
166.037
110.318
46.6115
-23.6382
-98.8034
-170.787
343.331
340.42
340.858
339.986
339.843
339.889
340.17
340.728
341.597
342.851
344.385
346.211
348.331
350.661
353.148
355.886
358.882
362.053
365.268
368.611
372.182
376.023
379.782
383.139
386.337
389.381
392.104
394.141
395.533
395.875
395.172
393.33
389.969
384.858
377.659
368.091
355.721
340.044
320.693
297.241
269.077
235.705
196.756
151.721
100.031
40.9782
-25.5554
-97.7076
-172.673
-240.343
340.324
337.536
338.162
336.939
336.975
337.046
337.346
337.937
338.841
339.948
341.318
342.968
344.933
347.164
349.567
352.057
354.621
357.326
360.24
363.143
365.934
368.762
371.702
374.358
376.579
378.268
379.328
380.041
379.927
378.614
375.89
371.621
365.771
357.941
347.913
335.27
319.666
300.685
277.826
250.774
219.187
182.583
140.519
92.6156
38.4969
-22.4042
-90.1613
-162.851
-236.314
-298.138
337.161
334.315
334.934
333.596
333.707
333.753
334.058
334.606
335.437
336.542
337.823
339.204
340.767
342.531
344.516
346.717
348.996
351.208
353.405
355.637
357.893
359.868
361.617
363.174
364.33
365.048
364.78
363.65
361.458
358.164
353.586
347.324
339.066
328.758
316.083
300.654
282.146
260.265
234.726
205.026
170.704
131.603
87.5933
38.2788
-16.7082
-77.7922
-145.211
-217.077
-287.639
-341.867
333.469
330.637
331.152
329.871
330.006
329.999
330.298
330.853
331.55
332.414
333.506
334.784
336.135
337.54
338.98
340.509
342.165
343.924
345.6
347.01
348.258
349.267
349.919
350.131
349.777
348.903
347.333
344.687
341.012
335.914
329.257
320.912
310.654
298.201
283.197
265.401
244.618
220.476
192.653
161.045
125.353
85.1449
40.2228
-9.48052
-64.2217
-124.438
-190.107
-259.265
-325.213
-370.13
329.309
326.541
326.913
325.524
325.714
325.651
325.881
326.344
327.063
327.865
328.674
329.601
330.62
331.711
332.81
333.825
334.722
335.541
336.362
337.093
337.479
337.417
336.93
335.987
334.431
332.092
328.884
324.513
318.926
312.08
303.74
293.583
281.412
266.968
250.049
230.43
207.902
182.271
153.295
120.615
84.0668
43.6565
-0.790829
-49.5433
-102.808
-160.983
-223.79
-288.91
-348.599
-382.624
324.397
321.856
322.079
320.677
320.848
320.659
320.892
321.197
321.612
322.203
322.908
323.629
324.326
324.985
325.623
326.192
326.653
326.86
326.705
326.289
325.626
324.57
322.87
320.586
317.671
313.916
309.32
303.725
296.739
288.167
278.013
266.214
252.428
236.459
218.11
197.221
173.637
147.083
117.412
84.6326
48.5155
8.80565
-34.5194
-81.4697
-132.235
-187.324
-246.459
-306.331
-358.375
-382.347
318.61
316.315
316.365
315.269
315.391
315.037
315.132
315.431
315.69
315.906
316.19
316.536
316.903
317.187
317.315
317.265
317.019
316.559
315.851
314.702
313.017
310.905
308.276
304.963
300.845
295.824
289.705
282.303
273.882
264.1
252.676
239.468
224.392
207.281
187.975
166.331
142.211
115.544
86.1656
53.8652
18.6822
-19.339
-60.365
-104.555
-151.91
-202.637
-257.109
-311.825
-357.463
-373.92
312.022
310.007
309.997
309.136
309.282
308.946
308.894
308.854
308.889
308.964
308.948
308.816
308.602
308.329
307.944
307.412
306.634
305.437
303.825
301.88
299.411
296.37
292.686
288.263
282.968
276.803
269.709
261.475
251.797
240.73
228.191
214.01
198.086
180.258
160.442
138.581
114.578
88.2132
59.5037
28.5211
-4.87553
-40.6884
-78.8567
-119.392
-162.27
-208.061
-256.407
-304.839
-345.085
-359.41
304.641
303.231
303.316
302.537
302.574
302.189
302.215
302.034
301.745
301.443
301.106
300.649
299.979
299.068
297.903
296.484
294.891
293.138
290.935
288.211
284.953
281.198
276.798
271.551
265.501
258.341
249.845
240.504
230.047
218.267
205.047
190.215
173.694
155.511
135.659
113.986
90.4339
65.0963
37.8681
8.67406
-22.3878
-55.2376
-89.7992
-126.066
-163.869
-203.575
-244.121
-283.163
-314.094
-329.091
296.952
295.866
296.077
295.473
295.587
295.119
294.925
294.667
294.293
293.723
292.956
292.022
290.92
289.607
288.02
286.052
283.559
280.707
277.608
274.129
270.099
265.377
260.052
254.019
247.084
239.405
230.849
220.836
209.533
197.041
183.225
168.084
151.507
133.42
113.821
92.7788
70.2364
46.0543
20.4241
-6.53136
-34.7995
-64.2901
-94.8793
-126.093
-158.281
-190.855
-222.076
-248.103
-263.92
-276.759
288.648
288.174
288.461
287.943
288.137
287.807
287.597
287.094
286.494
285.758
284.762
283.456
281.833
279.881
277.635
275.147
272.301
268.876
264.894
260.46
255.656
250.263
244.132
237.398
229.885
221.256
211.777
201.43
189.973
177.225
163.243
147.946
131.366
113.63
94.657
74.3884
52.9797
30.5517
7.04713
-17.4007
-42.7037
-68.6256
-94.8495
-121.183
-147.235
-171.984
-193.936
-209.474
-214.334
-220.793
280.058
280.161
280.69
280.473
280.63
280.228
280.116
279.579
278.771
277.722
276.428
274.869
273
270.745
268.022
264.774
261.144
257.15
252.674
247.559
241.819
235.551
228.707
221.086
212.939
204.291
194.49
183.582
171.718
158.827
144.826
129.716
113.537
96.2793
78.0157
58.8774
38.8519
17.9725
-3.59219
-25.6305
-47.8284
-70.2629
-92.5738
-114.281
-134.542
-152.246
-165.665
-173.736
-180.349
-183.231
271.464
272.246
272.914
273.008
273.54
273.131
272.866
272.256
271.408
270.165
268.549
266.555
264.178
261.447
258.374
254.848
250.731
246.04
240.886
235.294
229.139
222.246
214.773
206.703
197.758
188.072
177.866
166.928
154.961
142.016
128.064
113.123
97.2639
80.6085
63.1876
45.0401
26.3444
7.22664
-12.2084
-31.9343
-51.8711
-71.4841
-90.1829
-107.766
-123.463
-135.748
-143.446
-146.3
-152.658
-155.683
263.094
264.632
265.526
265.726
266.384
266.326
266.156
265.441
264.505
263.165
261.396
259.188
256.488
253.236
249.454
245.258
240.661
235.542
229.79
223.467
216.694
209.371
201.377
192.782
183.754
173.913
163.228
151.846
139.79
126.916
113.142
98.486
83.0318
66.8311
50.081
32.9732
15.5214
-2.23305
-20.1538
-38.0523
-55.7891
-73.0267
-89.3143
-104.127
-116.465
-124.126
-126.553
-129.919
-132.577
-136.526
254.832
257.066
258.413
259.106
259.786
259.966
260.226
259.639
258.621
257.127
255.094
252.51
249.445
245.898
241.752
236.952
231.598
225.81
219.566
212.793
205.467
197.65
189.339
180.374
170.675
160.5
149.811
138.355
126.167
113.285
99.6846
85.2292
69.9856
54.1855
38.001
21.5013
4.87336
-11.6971
-28.1492
-44.6604
-61.1331
-76.9861
-91.3805
-104.103
-114.028
-119.266
-119.82
-122.076
-123.488
-125.829
246.637
249.745
251.471
252.917
254.226
254.452
254.915
254.626
253.775
252.301
250.249
247.475
243.951
239.804
235.113
229.846
223.923
217.383
210.327
202.848
194.911
186.503
177.624
168.436
158.807
148.468
137.494
126.047
114.025
101.281
87.7596
73.5112
58.4676
42.7133
26.5652
10.515
-5.33882
-21.1857
-36.9209
-52.3542
-67.3334
-81.6337
-95.0347
-106.499
-113.162
-113.835
-116.884
-117.646
-119.231
-119.941
238.397
242.468
244.903
246.932
248.921
249.668
250.309
250.349
249.822
248.397
246.234
243.432
239.832
235.371
230.133
224.23
217.71
210.551
202.776
194.532
185.905
176.865
167.396
157.495
147.303
136.848
125.923
114.495
102.555
90.0352
76.8245
62.7039
47.7246
32.091
15.9304
-0.395389
-16.1965
-31.2419
-46.0978
-60.7248
-74.5594
-87.4923
-99.0287
-107.867
-112.507
-113.228
-113.301
-115.299
-117.072
-117.422
230.355
235.217
238.186
240.795
243.529
245.281
246.53
247.04
246.899
245.826
243.744
240.763
236.982
232.338
226.775
220.326
213.106
205.207
196.644
187.487
177.949
168.063
157.821
147.442
136.773
125.833
114.733
103.366
91.6011
79.4072
66.6501
52.9884
38.2146
22.2254
5.44074
-11.4622
-27.744
-42.7803
-56.8226
-70.6705
-83.4243
-93.6991
-101.646
-106.978
-110.153
-113.565
-114.039
-116.262
-117.756
-117.805
221.535
227.797
231.38
235.036
238.707
241.43
243.381
244.333
244.556
243.98
242.422
239.675
235.816
230.942
225.067
218.208
210.387
201.739
192.37
182.318
171.756
160.864
149.624
138.147
126.759
115.356
103.815
92.2928
80.6688
68.8435
56.5049
43.3465
29.0666
13.3827
-3.86292
-22.0628
-39.8798
-55.6427
-69.0357
-81.1093
-92.7185
-102.119
-105.074
-105.207
-109.146
-112.276
-115.251
-118.235
-120.204
-120.211
211.837
219.872
223.787
228.748
233.606
237.55
240.613
242.391
243.258
243.118
241.95
239.618
236.004
231.095
224.973
217.688
209.295
199.845
189.537
178.432
166.746
154.662
142.32
129.778
117.169
104.786
92.7775
81.0639
69.5962
58.1978
46.5667
34.3885
20.9811
5.48524
-12.2692
-31.7659
-51.7996
-70.0224
-83.9614
-94.3733
-104.109
-111.052
-111.357
-111.736
-112.489
-115.79
-118.747
-121.09
-122.881
-123.351
200.947
211.392
215.681
222.426
228.105
232.874
237.222
240.437
242.466
243.179
242.616
240.738
237.456
232.665
226.47
218.852
209.925
199.766
188.522
176.362
163.422
149.931
135.98
121.999
108.075
94.6479
81.8544
69.5974
57.9772
46.7937
35.8563
24.6705
12.6246
-1.33959
-18.7756
-39.8032
-63.133
-86.2506
-103.785
-112.922
-113.807
-114.159
-117.226
-119.352
-121.077
-123.022
-124.238
-125.05
-125.689
-125.999
188.488
201.778
205.808
214.792
222.212
228.41
234.122
238.576
241.799
243.631
243.977
242.734
239.888
235.379
229.178
221.351
211.925
201.066
188.822
175.507
161.233
146.205
130.666
114.854
99.4706
84.5655
70.5357
57.5315
45.5806
34.4779
24.3954
14.6755
4.46213
-7.68343
-23.7355
-44.9819
-70.7285
-98.8624
-124.376
-137.691
-129.602
-114.899
-119.025
-125.882
-130.289
-131.269
-130.647
-129.6
-129.08
-128.982
173.807
191.035
195.145
206.101
214.422
222.43
229.986
236.108
240.933
244.223
245.784
245.511
243.339
239.262
233.205
225.307
215.561
204.072
191.011
176.437
160.694
143.817
126.401
108.642
91.2325
74.5779
59.013
44.6886
31.8836
20.8302
11.4573
3.21492
-4.62978
-13.8036
-26.7006
-46.3373
-73.2125
-107.352
-147.225
-168.162
-151.978
-130.554
-125.825
-141.27
-143
-142.431
-139.946
-136.539
-134.313
-133.321
157.112
178.627
182.516
196.256
205.857
215.784
225.25
233.262
239.801
244.627
247.591
248.558
247.32
243.738
237.966
230.173
220.316
208.192
194.303
178.444
161.126
142.722
123.282
103.383
83.5543
64.5167
46.6593
30.7153
16.8611
5.51594
-3.38297
-9.93528
-14.955
-19.9697
-28.7691
-43.1153
-68.153
-107.416
-156.126
-192.441
-181.725
-168.423
-158.609
-168.657
-170.719
-166.069
-159.099
-151.828
-146.222
-143.094
136.325
165.381
168.925
184.756
195.868
207.859
219.111
229.367
238.176
244.702
249.092
251.352
251.467
248.618
243.387
236.009
226.278
213.919
199.073
182.137
162.787
142.442
121.11
98.8581
76.3268
54.5909
34.3724
15.9146
0.29234
-11.8873
-20.5166
-25.8002
-27.8252
-27.968
-27.99
-33.6856
-56.5676
-101.205
-157.706
-196.235
-207.758
-203.317
-203.462
-218.841
-225.878
-218.669
-202.559
-185.839
-174.79
-168.758
98.3095
143.306
155.837
172.584
185.052
198.907
212.466
224.849
235.457
243.542
249.798
253.547
254.543
253.075
248.812
241.628
231.918
219.425
203.496
185.54
165.151
142.417
119.255
94.686
69.2067
44.2053
21.12
-0.0896118
-18.5828
-31.6391
-39.7438
-44.9102
-45.534
-38.5439
-27.6517
-19.7152
-27.5542
-62.3714
-114.867
-152.63
-206.656
-229.46
-256.379
-286.665
-301.477
-293.665
-269.81
-242.725
-223.877
-214.412
92.6227
127.856
145.609
161.393
175.978
190.86
205.506
220.17
233.785
244.735
252.518
258.232
260.383
259.562
255.387
247.918
237.488
224.04
207.24
187.44
165.638
140.569
114.215
86.854
57.7019
28.3824
0.68788
-23.8985
-45.3667
-61.1889
-69.6477
-70.6204
-67.1322
-57.5177
-38.0051
-13.9962
-3.39454
-27.8186
-75.6063
-123.948
-184.967
-255.601
-325.29
-378.559
-397.974
-384.175
-347.82
-308.811
-283.341
-271.772
102.008
125.541
143.308
159.176
175.42
191.973
208.4
223.866
236.671
248.849
258.188
263.642
265.105
263.003
257.839
249.171
236.751
220.929
202.123
180.044
155.273
127.907
97.7163
66.0256
32.6523
-0.788247
-31.7263
-60.2982
-85.2354
-100.459
-105.203
-103.351
-93.8628
-73.495
-37.0774
3.70265
25.7104
12.8334
-8.88897
-79.9896
-179.488
-295.898
-396.976
-470.421
-499.008
-474.594
-420.999
-371.113
-339.545
-329.641
107.714
127.346
144.543
162.111
181.784
200.057
216.991
233.353
247.056
257.588
264.83
268.499
268.791
264.598
256.612
245.132
229.817
211.08
188.649
163.029
134.18
102.633
68.6107
32.0379
-5.59023
-42.855
-78.8759
-110.913
-134.126
-147.356
-152.084
-143.792
-118.072
-73.5992
-21.2024
20.4888
44.122
54.5367
-2.13442
-93.5811
-216.383
-318.031
-402.172
-463.812
-490.716
-477.104
-438.032
-399.835
-376.081
-367.969
109.553
126.942
146.094
166.586
187.015
207.671
228.545
245.541
257.343
266.508
273.229
274.264
270.657
263.504
252.432
236.81
217.205
193.86
167.408
136.97
103.517
66.7369
27.0282
-14.4404
-57.911
-101.508
-140.068
-171.753
-197.174
-214.625
-209.383
-182.967
-130.645
-72.3933
-18.722
32.2795
51.3075
2.11443
-74.7259
-158.879
-239.283
-312.685
-370.757
-408.954
-422.409
-418.952
-406.789
-391.443
-383.827
-383.109
105.072
123.117
143.226
168.662
193.685
217.152
237.221
254.61
269.841
278.284
281.505
280.245
272.593
260.561
244.623
224.166
199.426
170.511
138.585
102.826
62.6057
19.8077
-26.1183
-75.9535
-126.682
-174.834
-219.19
-257.338
-283.788
-289.5
-271.449
-225.698
-164.887
-84.1976
-23.8243
-17.447
-40.7615
-87.0767
-144.633
-205.023
-259.909
-305.532
-337.205
-355.837
-364.051
-367.178
-369.67
-375.279
-383.415
-390.472
94.2669
111.889
139.525
170.871
195.538
220.536
246.706
264.777
277.327
283.832
285.388
281.027
270.567
255.393
234.741
208.582
178.093
143.709
103.841
60.839
14.675
-36.9721
-93.437
-151.937
-211.701
-271.764
-327.158
-368.514
-387.486
-375.485
-339.583
-275.042
-196.066
-142.622
-117.327
-117.216
-134.942
-169.472
-210.868
-246.974
-278.96
-303.538
-320.764
-331.753
-338.87
-347.478
-361.793
-381.587
-396.765
-405.036
73.8387
94.3546
126.305
160.676
192.308
218.741
246.334
269.268
282.406
285.922
283.095
273.518
259.189
239.878
215.635
185.85
149.962
110.146
66.2625
14.5653
-43.409
-105.062
-172.8
-247.369
-324.535
-398.527
-459.385
-500.288
-508.346
-477.005
-406.967
-338.406
-283.581
-234.393
-214.016
-216.397
-227.695
-245.345
-275.734
-296.403
-312.517
-324.955
-334.979
-347.242
-361.279
-378.573
-392.836
-414.777
-428.934
-434.191
29.87
53.6132
98.5423
133.438
174.027
213.981
244.422
264.016
273.111
274.104
268.883
256.576
239.301
215.399
185.133
150.147
111.012
65.4312
13.1157
-43.8982
-109.305
-186.572
-274.328
-373.23
-468.849
-548.673
-617.092
-655.474
-637.826
-569.593
-493.893
-435.59
-383.441
-334.59
-308.99
-307.089
-316.075
-327.817
-345.815
-361.517
-373.138
-381.918
-389.651
-400.904
-417.414
-437.01
-456.604
-473.337
-484.38
-487.835
-44.141
-29.5534
17.3504
74.1202
126.23
182.64
218.369
233.037
237.441
237.686
230.584
217.449
198.376
171.567
139.008
100.609
56.7773
8.07965
-48.8649
-117.885
-197.055
-290.669
-407.303
-530.1
-634.929
-726.932
-795.223
-806.662
-758.187
-674.382
-586.78
-524.283
-480.27
-445.037
-416.488
-418.892
-431.645
-443.642
-454.528
-465.346
-473.524
-479.976
-486.06
-493.364
-503.56
-517.405
-533.575
-548.397
-559.789
-565.103
-260.191
-270.512
-235.301
-101.111
22.7672
107.347
151.322
169.716
175.332
171.885
157.782
142.755
127.154
104.177
71.6769
33.0362
-10.8725
-65.7852
-129.38
-203.559
-300.552
-423.812
-569.061
-709.049
-831.121
-918.491
-948.794
-933.744
-881.049
-782.292
-678.702
-612.81
-583.375
-572.89
-567.704
-573.195
-588.886
-607.721
-621.043
-627.731
-627.371
-622.728
-619.008
-618.819
-622.142
-625.421
-633.048
-643.792
-655.514
-662.924
-644.655
-727.066
-577.991
-334.424
-137.087
-14.081
46.1234
63.1315
56.3997
34.6759
9.63499
0.871551
5.56589
3.71725
-15.2347
-48.412
-90.8372
-145.759
-220.381
-311.611
-425.745
-576.232
-750.02
-914.219
-1031.36
-1066.57
-1057.71
-1037.16
-988.957
-895.406
-791.995
-732.007
-718.099
-723.175
-748.267
-777.708
-800.581
-816.402
-824.477
-824.2
-816.986
-804.654
-789.411
-774.689
-763.318
-759.395
-759.667
-764.748
-773.647
-782.209
-984.085
-1029.52
-727.112
-442.789
-246.926
-135.142
-103.388
-114.629
-151.664
-196.456
-222.263
-212.595
-169.951
-137.251
-130.582
-146.785
-182.166
-236.531
-314.766
-422.067
-563.908
-744.47
-940.306
-1103.7
-1171.2
-1155.55
-1116.3
-1083.27
-1041.49
-969.926
-896.486
-869.581
-882.124
-916.224
-958.313
-1000.53
-1035.08
-1054.81
-1059.8
-1052.22
-1035.09
-1012.42
-987.883
-963.018
-940.412
-923.452
-913.709
-911.936
-917.21
-925.61
-844.28
-824.377
-597.915
-409.986
-307.612
-273.484
-292.656
-351.756
-436.563
-508.174
-525.722
-469.228
-366.745
-287.061
-251.893
-250.647
-272.795
-324.48
-408.122
-528.44
-692.207
-892.447
-1092.82
-1225.22
-1243.51
-1183.92
-1111.87
-1063.01
-1036.3
-1008.7
-999.064
-1027
-1078.2
-1142.35
-1207.69
-1262.67
-1303.28
-1325.22
-1326.37
-1310.77
-1281.37
-1243.54
-1204.24
-1166.79
-1134.13
-1108.28
-1090.43
-1082.22
-1084.05
-1091.83
-411.072
-445.269
-386.692
-322.099
-311.992
-368.285
-477.989
-636.277
-807.72
-910.71
-902.862
-752.04
-554.412
-412.135
-350.519
-332.36
-335.757
-386.352
-475.949
-603.721
-776.82
-985.083
-1175.66
-1277.34
-1263.11
-1184.27
-1100.8
-1067.62
-1061.2
-1086.27
-1140.05
-1217.26
-1308.12
-1401.3
-1485.58
-1551.88
-1596.56
-1619.43
-1617.45
-1591.97
-1548.52
-1496.16
-1439.34
-1385.62
-1339.39
-1303.49
-1278.83
-1265.85
-1264.94
-1272.07
-132.652
-153.279
-158.356
-179.328
-249.223
-387.729
-607.064
-906.199
-1221.26
-1395.15
-1280.27
-990.408
-711.903
-502.118
-401.045
-372.006
-360.95
-399.477
-484.495
-617.286
-791.651
-993.55
-1173.87
-1264.45
-1247.67
-1174.71
-1101.08
-1088.71
-1116.1
-1177.83
-1273.84
-1392.5
-1515.48
-1631.01
-1728.67
-1805.91
-1861.93
-1892.62
-1895.25
-1868.8
-1817.6
-1751.68
-1678.56
-1608.5
-1548.24
-1501.33
-1468.84
-1451.08
-1448.07
-1455.02
57.9091
45.3646
17.5616
-40.9068
-145.734
-317.938
-571.395
-937.741
-1338.28
-1590.42
-1350.08
-1005.17
-722.927
-514.235
-391.109
-341.41
-333.536
-355.141
-432.044
-551.457
-712.088
-899.224
-1065.2
-1155.75
-1146.72
-1094.4
-1045.42
-1043.57
-1098.16
-1204.73
-1341.63
-1491.46
-1641.6
-1777.78
-1888.07
-1977.74
-2051.4
-2100.14
-2117.91
-2102.29
-2055.66
-1981.96
-1897.14
-1814.1
-1742.2
-1685.65
-1645.8
-1622.85
-1617.89
-1627.36
153.503
146.922
122.239
72.1583
-14.0726
-152.734
-370.703
-685.326
-990.478
-1102.02
-973.994
-758.045
-551.669
-400.213
-302.651
-247.439
-243.673
-262.348
-317.571
-413.398
-542.817
-694.457
-832.567
-910.101
-916.898
-896.972
-879.43
-911.906
-1015.77
-1164.5
-1338.08
-1516.88
-1692.5
-1847.4
-1968.17
-2071.66
-2165.9
-2234.57
-2270.01
-2267.07
-2227.81
-2158.11
-2070.79
-1981.01
-1901.59
-1838.62
-1793.21
-1765.69
-1758.23
-1771.23
207.136
204.072
186.683
151.078
94.2506
3.00029
-139.404
-335.464
-505.146
-557.492
-509.885
-406.647
-293.34
-207.903
-152.043
-114.034
-104.935
-121.615
-161.345
-227.386
-316.378
-419.782
-514.622
-584.36
-617.621
-626.674
-656.318
-743.936
-893.8
-1086.14
-1288.14
-1490.57
-1687.03
-1857.67
-1990.74
-2109.05
-2223.74
-2311.47
-2365.96
-2371.7
-2337.17
-2272.36
-2186.35
-2094.65
-2011.81
-1945.59
-1898.07
-1867.19
-1858.73
-1864.34
230.432
230.568
220.726
199.955
166.896
113.679
28.9062
-84.2063
-172.958
-189.779
-184.735
-144.391
-84.6277
-34.8486
-4.34312
18.4353
31.8341
27.026
1.90603
-40.6542
-98.2664
-166.616
-237.591
-296.009
-337.33
-383.341
-461.274
-581.417
-760.428
-973.54
-1194.62
-1421
-1642.74
-1831.36
-1972.15
-2098.11
-2227.4
-2334.59
-2396.32
-2409.48
-2381.42
-2319.45
-2236.77
-2147.7
-2065.53
-1998.15
-1948.73
-1916.14
-1905.05
-1907.02
234.98
235.224
229.09
218.812
199.904
170.873
128.45
70.1153
18.6037
20.7622
16.6114
22.2691
45.8038
77.0326
103.318
123.382
139.878
145.12
131.852
103.966
65.7717
19.0537
-33.5457
-85.992
-141.386
-211.832
-306.865
-435.339
-616.297
-832.238
-1071.18
-1319.02
-1559.06
-1757.36
-1903.55
-2029.67
-2155.26
-2268.57
-2342.41
-2365.67
-2345.58
-2292.31
-2217.46
-2135.67
-2059.06
-1994.47
-1944.62
-1911.37
-1896.9
-1897.65
227.177
229.43
227.677
222.306
212.406
198.032
176.759
147.28
121.252
113.143
97.1905
104.087
127.933
146.527
168.288
184.919
202.864
217.454
218.54
203.208
176.365
141.068
97.8808
46.5261
-19.1578
-97.3063
-193.417
-322.461
-490.555
-698.764
-935.292
-1185.09
-1429.07
-1635.96
-1794.94
-1918.58
-2028.13
-2130.05
-2209.94
-2245.04
-2235.14
-2193.99
-2133.11
-2064.31
-1999
-1941.77
-1894.27
-1863.22
-1850.46
-1851.61
222.618
223.365
224.214
223.26
217.799
209.605
198.604
184.411
171.989
165.946
158.506
159.177
158.707
173.601
194.407
215.545
237.665
254.395
262.343
258.903
243.431
216.729
176.118
119.734
51.735
-29.788
-128.042
-249.747
-399.889
-580.708
-791.853
-1032.86
-1275.67
-1491.47
-1668.55
-1799.42
-1895.03
-1971.88
-2034.85
-2069.45
-2067.11
-2040.86
-1997.73
-1947.81
-1898.73
-1853.21
-1814.94
-1789.73
-1780.74
-1788.88
219.033
219.947
219.255
218.195
215.096
210.669
204.762
198.156
192.784
191.054
193.599
190.724
189.732
199.918
208.536
222.591
240.18
256.946
269.556
275.104
268.675
246.149
206.908
153.339
87.7014
10.319
-81.4665
-190.631
-323.59
-483.581
-677.449
-892.242
-1116.15
-1330.25
-1518.43
-1666.57
-1764.54
-1823.62
-1861.88
-1881.67
-1881.83
-1865.95
-1839.99
-1809.35
-1778.19
-1749.35
-1725.84
-1710.57
-1706.3
-1721.99
213.973
214.256
214.286
213.843
212.053
209.433
205.796
201.684
198.454
197.653
199.312
203.005
208.122
208.101
214.205
227.672
239.152
249.724
259.548
264.394
260.146
243.547
213.066
169.364
112.667
42.0696
-42.6266
-144.704
-266.753
-410.554
-574.088
-760.181
-964.088
-1168.84
-1354.92
-1515.44
-1629.33
-1690.2
-1716.63
-1724.34
-1719.79
-1707.16
-1690.81
-1673.87
-1659.32
-1648.41
-1643.03
-1642.45
-1645.13
-1659.28
209.325
208.893
209.026
208.335
207.243
205.58
203.89
201.696
199.835
198.481
198.306
200.583
205.557
210.536
215.481
221.336
229.073
238.596
245.843
247.605
243.679
230.873
205.828
168.345
118.143
56.0646
-18.906
-109.667
-216.817
-339.433
-481.663
-647.09
-828.895
-1021.28
-1206.7
-1364.17
-1491.25
-1578.91
-1609.17
-1609.76
-1596.6
-1580.79
-1569.89
-1562.93
-1561.05
-1566.24
-1578.36
-1592.21
-1602.36
-1611.39
204.26
203.81
204.154
203.709
203.212
201.917
200.662
198.866
197.256
196.736
197.286
198.669
200.054
202.713
207.888
212.172
216.04
221.947
225.746
225.844
221.626
209.346
187.948
156.613
114.401
61.298
-4.39128
-84.3208
-177.882
-286.643
-414.518
-557.499
-714.606
-885.458
-1063.86
-1227
-1360.68
-1459.77
-1519.8
-1531.82
-1521.56
-1504.94
-1492.97
-1492.44
-1498.21
-1513.45
-1535.67
-1557.4
-1570.89
-1575.84
200.012
199.238
199.523
199.44
199.099
198.289
197.052
195.722
194.364
193.116
192.268
192.914
194.139
195.55
197.245
198.954
201.955
204.625
205.785
205.319
200.465
190.158
172.299
144.52
107.239
59.4682
0.180265
-70.893
-152.47
-247.955
-358.762
-483.353
-621.419
-769.859
-927.742
-1089.37
-1232.99
-1343.16
-1422.28
-1467.77
-1477.27
-1470.45
-1462.74
-1463.35
-1473.52
-1490.68
-1513.12
-1534.83
-1547.13
-1550.37
193.931
195.15
196.081
196.537
196.084
194.991
193.575
191.917
190.168
188.834
187.885
186.865
186.359
187.334
188.464
188.751
189.867
191.06
191.526
189.627
184.343
174.631
157.809
133.7
101.235
59.321
7.13568
-54.8883
-127.25
-212.349
-311.573
-425.057
-549.429
-683.077
-822.764
-965.691
-1108.18
-1230.23
-1322.33
-1392.45
-1438.42
-1456.99
-1463.38
-1467.54
-1478.26
-1493
-1510.11
-1525.7
-1534.85
-1536.66
184.183
194.127
194.962
194.39
193.438
192.111
190.559
188.774
187.109
185.377
183.369
182.206
181.775
181.371
180.99
180.942
180.85
179.973
178.751
175.736
170.071
160.083
145.156
124.26
95.6735
58.5823
11.5516
-45.131
-111.566
-190.136
-282.915
-387.754
-502.054
-623.924
-750.339
-878.624
-1004.81
-1127.29
-1230.91
-1315.04
-1387.08
-1442.21
-1473.64
-1488.99
-1498.8
-1509.38
-1520.44
-1529.7
-1535.17
-1535.92
171
195.805
194.524
192.738
190.891
189.401
187.534
185.523
183.739
181.677
179.967
178.675
177.269
176.374
175.436
173.697
171.496
169.149
166.247
161.584
154.144
143.111
127.819
106.681
78.8525
42.707
-2.65258
-56.3059
-119.342
-194.902
-282.237
-378.909
-484.114
-596.034
-712.414
-829.799
-946.263
-1059.38
-1163.6
-1256.03
-1339.93
-1417.55
-1476.35
-1509.2
-1526.47
-1528.91
-1535.51
-1540.49
-1543.25
-1543.58
354.344
350.515
348.643
347.844
347.319
347.296
347.646
348.28
349.28
350.631
352.412
354.665
357.348
360.402
363.867
367.699
371.939
376.662
381.87
387.549
393.616
400.11
406.994
414.263
421.955
429.962
438.195
446.523
454.901
463.339
471.7
479.855
487.66
494.826
501.202
506.445
510.156
512.052
511.719
508.493
501.897
491.552
476.761
456.791
431.052
398.731
359.12
311.492
252.951
193.261
352.064
349.95
348.745
348.354
348.317
348.676
349.372
350.383
351.7
353.402
355.522
358.11
361.131
364.551
368.37
372.625
377.318
382.537
388.32
394.582
401.316
408.525
416.18
424.345
432.915
441.934
451.118
460.659
470.354
480.115
489.934
499.711
509.302
518.502
527.128
534.784
541.233
546.201
549.079
549.405
546.858
540.893
530.854
516.193
496.195
470.092
437.239
396.702
346.997
296.843
350.666
349.629
348.949
348.979
349.527
350.317
351.34
352.655
354.302
356.366
358.861
361.801
365.17
368.99
373.249
378.029
383.318
389.137
395.544
402.476
409.969
417.962
426.491
435.561
445.121
455.119
465.533
476.281
487.338
498.624
510.048
521.549
532.98
544.2
554.979
565.07
574.24
582.069
588.186
592.23
593.691
591.974
586.616
577.086
562.762
543.063
517.288
484.651
444.244
404.448
349.934
349.452
349.183
349.638
350.726
351.924
353.228
354.845
356.879
359.336
362.232
365.565
369.308
373.555
378.351
383.725
389.661
396.146
403.192
410.838
419.093
427.937
437.403
447.423
458.063
469.173
480.805
492.902
505.399
518.243
531.37
544.676
558.014
571.297
584.306
596.874
608.746
619.544
628.999
636.629
641.909
644.395
643.682
639.266
630.633
617.119
597.999
572.689
540.59
511.061
349.744
349.623
349.669
350.368
351.827
353.444
355.075
356.985
359.368
362.25
365.591
369.362
373.534
378.221
383.548
389.534
396.117
403.292
411.016
419.415
428.469
438.22
448.643
459.745
471.44
483.764
496.677
510.156
524.181
538.637
553.506
568.663
584.005
599.419
614.736
629.841
644.429
658.257
670.93
682.002
691.069
697.756
701.651
702.267
699.026
691.28
678.549
660.584
636.949
615.83
349.873
349.925
350.135
351.053
352.813
354.841
356.774
358.958
361.721
365.084
368.89
373.05
377.647
382.827
388.709
395.302
402.549
410.393
418.875
428.047
437.97
448.658
460.083
472.232
485.072
498.617
512.839
527.75
543.287
559.425
576.085
593.161
610.577
628.181
645.875
663.496
680.822
697.574
713.348
727.775
740.512
751.204
759.432
764.68
766.357
763.962
757.157
745.453
728.437
714.221
350.052
350.142
350.48
351.592
353.601
355.965
358.198
360.724
363.919
367.718
371.926
376.481
381.524
387.225
393.691
400.888
408.807
417.349
426.592
436.552
447.336
458.947
471.377
484.589
498.58
513.348
528.905
545.266
562.369
580.188
598.63
617.619
637.064
656.844
676.858
696.937
716.888
736.405
755.145
772.804
789.046
803.523
815.803
825.319
831.519
834.06
832.531
826.595
816.106
807.489
350.129
350.222
350.659
351.89
354.09
356.714
359.281
362.168
365.728
369.916
374.532
379.541
385.075
391.292
398.3
406.109
414.649
423.9
433.858
444.624
456.242
468.765
482.183
496.455
511.601
527.605
544.503
562.269
580.892
600.333
620.515
641.367
662.791
684.68
706.915
729.347
751.776
773.936
795.563
816.332
835.888
853.79
869.496
882.5
892.517
899.162
901.959
900.549
894.818
890.448
349.948
349.998
350.467
351.787
354.099
356.963
359.853
363.069
366.964
371.543
376.607
382.056
388.032
394.717
402.227
410.599
419.763
429.677
440.351
451.854
464.29
477.694
492.056
507.368
523.601
540.779
558.923
578.02
598.086
619.06
640.879
663.468
686.736
710.567
734.868
759.49
784.245
808.904
833.159
856.642
878.915
899.513
918.01
934.187
947.813
958.331
965.093
967.772
966.447
965.258
349.152
349.17
349.653
351.015
353.484
356.537
359.71
363.236
367.475
372.421
377.872
383.735
390.122
397.235
405.236
414.137
423.88
434.395
445.706
457.913
471.089
485.312
500.56
516.809
534.057
552.308
571.585
591.916
613.284
635.648
658.941
683.103
708.021
733.633
759.825
786.451
813.317
840.139
866.58
892.269
916.817
939.871
961.128
980.235
996.589
1009.53
1018.71
1023.94
1025.31
1025.9
347.478
347.488
348.019
349.44
352.06
355.297
358.696
362.487
367.032
372.317
378.107
384.324
391.098
398.618
407.022
416.368
426.582
437.611
449.473
462.264
476.103
491.017
507.016
524.076
542.174
561.342
581.602
602.98
625.464
649.005
673.566
699.055
725.401
752.536
780.339
808.65
837.226
865.765
893.949
921.443
947.914
973.002
996.269
1017.16
1035.14
1050.05
1061.98
1070.65
1075.6
1078.63
344.743
344.762
345.394
346.977
349.676
353.041
356.635
360.666
365.49
371.045
377.096
383.59
390.661
398.498
407.239
416.911
427.481
438.903
451.207
464.489
478.835
494.302
510.899
528.594
547.388
567.293
588.346
610.567
633.937
658.427
683.979
710.527
738.029
766.39
795.477
825.091
854.979
884.862
914.432
943.341
971.232
997.71
1022.35
1044.74
1064.62
1081.68
1095.05
1103.77
1108.19
1110.41
340.806
340.926
341.716
343.447
346.212
349.676
353.429
357.678
362.708
368.411
374.601
381.278
388.577
396.649
405.595
415.464
426.251
437.936
450.541
464.134
478.822
494.659
511.646
529.768
549.015
569.413
590.992
613.762
637.716
662.824
689.037
716.318
744.615
773.816
803.77
834.26
865.04
895.815
926.255
956.026
984.763
1012.06
1037.52
1060.77
1081.33
1098.63
1112.5
1123.33
1131.04
1135.89
335.592
335.907
336.914
338.797
341.599
345.104
349.024
353.438
358.536
364.265
370.498
377.249
384.653
392.834
401.858
411.782
422.632
434.401
447.119
460.85
475.675
491.65
508.788
527.082
546.534
567.159
588.977
611.991
636.208
661.605
688.159
715.842
744.576
774.239
804.657
835.61
866.838
898.043
928.917
959.118
988.261
1015.97
1041.86
1065.54
1086.65
1104.87
1119.81
1130.66
1137.37
1141.14
329.108
329.7
330.988
333.01
335.826
339.334
343.344
347.839
352.916
358.564
364.718
371.431
378.819
386.97
395.927
405.739
416.461
428.122
440.753
454.407
469.146
485.022
502.056
520.256
539.625
560.17
581.907
604.851
628.993
654.324
680.843
708.51
737.237
766.892
797.292
828.208
859.376
890.512
921.307
951.41
980.456
1008.06
1033.78
1057.17
1077.81
1095.36
1109.42
1119.84
1126.04
1129.38
321.433
322.371
323.984
326.163
328.957
332.409
336.43
340.938
345.922
351.366
357.301
363.847
371.102
379.077
387.795
397.315
407.724
419.082
431.423
444.78
459.198
474.719
491.377
509.189
528.164
548.313
569.651
592.186
615.909
640.814
666.888
694.098
722.363
751.549
781.463
811.876
842.522
873.109
903.323
932.834
961.284
988.279
1013.38
1036.1
1055.87
1072.24
1085.04
1094.44
1100.32
1103.36
312.768
314.088
316.045
318.366
321.117
324.482
328.445
332.867
337.66
342.802
348.408
354.652
361.628
369.297
377.614
386.662
396.57
407.44
419.296
432.138
445.99
460.9
476.907
494.042
512.326
531.776
552.395
574.181
597.132
621.229
646.456
672.782
700.139
728.397
757.366
786.809
816.457
846.008
875.148
903.54
930.823
956.613
980.538
1002.24
1021.36
1037.37
1049.43
1056.52
1058.99
1059.39
303.366
305.085
307.38
309.834
312.527
315.74
319.567
323.835
328.345
333.093
338.279
344.109
350.673
357.881
365.662
374.1
383.356
393.539
404.697
416.809
429.868
443.925
459.033
475.231
492.547
510.995
530.582
551.302
573.135
596.057
620.042
645.06
671.053
697.908
725.449
753.438
781.598
809.622
837.174
863.894
889.406
913.315
935.205
954.641
971.227
984.69
995.002
1002.1
1005.43
1006.86
293.544
295.642
298.253
300.808
303.418
306.453
310.073
314.08
318.253
322.567
327.225
332.547
338.573
345.201
352.329
360.016
368.493
377.858
388.132
399.314
411.384
424.375
438.35
453.358
469.443
486.613
504.871
524.21
544.608
566.027
588.427
611.769
636.001
661.031
686.696
712.779
739.004
765.059
790.601
815.253
838.614
860.275
879.852
896.981
911.292
922.26
929.348
932.392
931.457
929.715
283.638
286.058
288.918
291.557
294.073
296.888
300.245
303.953
307.715
311.499
315.605
320.338
325.755
331.704
338.057
344.918
352.476
360.879
370.156
380.268
391.192
402.946
415.597
429.209
443.814
459.449
476.106
493.766
512.411
532.008
552.497
573.819
595.913
618.693
642.027
665.707
689.474
713.03
736.034
758.117
778.864
797.821
814.517
828.529
839.551
847.32
851.414
851.503
847.584
843.565
273.979
276.634
279.668
282.336
284.745
287.35
290.379
293.705
297.026
300.285
303.766
307.833
312.594
317.811
323.349
329.297
335.856
343.206
351.358
360.272
369.929
380.327
391.531
403.607
416.574
430.47
445.311
461.078
477.727
495.228
513.531
532.564
552.242
572.477
593.139
614.031
634.911
655.47
675.397
694.33
711.9
727.667
741.168
751.808
759.041
762.511
761.93
757.069
747.955
740.135
264.872
267.658
270.758
273.399
275.687
278.032
280.71
283.639
286.472
289.181
292.062
295.466
299.476
303.888
308.582
313.61
319.169
325.418
332.36
339.969
348.246
357.187
366.829
377.238
388.47
400.497
413.349
427.016
441.464
456.637
472.5
488.978
505.99
523.421
541.142
558.957
576.61
593.799
610.17
625.364
639.005
650.683
659.961
666.399
669.375
668.384
663.07
653.347
639.358
627.32
256.578
259.364
262.417
264.956
267.061
269.149
271.464
273.925
276.278
278.463
280.75
283.499
286.759
290.353
294.155
298.244
302.799
307.935
313.692
320.001
326.829
334.253
342.292
350.967
360.349
370.443
381.228
392.693
404.809
417.51
430.745
444.452
458.542
472.908
487.422
501.897
516.061
529.602
542.14
553.286
562.616
569.736
574.162
575.467
573.132
566.571
555.365
539.054
517.528
499.211
249.278
251.947
254.825
257.147
259.033
260.824
262.748
264.787
266.674
268.328
270.035
272.145
274.69
277.48
280.405
283.557
287.106
291.134
295.674
300.681
306.11
312.005
318.402
325.34
332.834
340.933
349.588
358.792
368.498
378.66
389.184
400.011
411.033
422.145
433.201
444.05
454.414
463.953
472.297
479.005
483.639
485.742
484.853
480.442
472.076
459.15
441.173
417.925
389.145
363.055
243.125
245.529
248.079
250.091
251.673
253.141
254.718
256.321
257.736
258.92
260.104
261.581
263.402
265.424
267.541
269.83
272.411
275.371
278.708
282.406
286.466
290.878
295.676
300.88
306.519
312.62
319.149
326.058
333.326
340.881
348.649
356.541
364.462
372.269
379.806
386.876
393.245
398.542
402.377
404.321
403.884
400.561
393.842
383.161
367.975
347.805
322.019
290.127
251.787
216.233
238.201
240.182
242.246
243.851
245.047
246.208
247.446
248.597
249.552
250.279
250.985
251.894
253.031
254.314
255.666
257.143
258.837
260.797
262.991
265.453
268.166
271.125
274.384
277.927
281.768
285.896
290.331
294.986
299.824
304.771
309.754
314.664
319.416
323.871
327.858
331.111
333.357
334.249
333.361
330.247
324.425
315.355
302.455
285.138
262.723
234.652
200.406
159.378
111.245
65.2865
234.579
235.972
237.357
238.378
239.178
240.047
240.885
241.614
242.152
242.466
242.739
243.117
243.627
244.21
244.847
245.575
246.443
247.452
248.606
249.896
251.333
252.919
254.677
256.629
258.747
261.017
263.432
265.921
268.392
270.81
273.062
275.06
276.687
277.801
278.186
277.581
275.64
272.015
266.269
257.913
246.426
231.253
211.78
187.354
157.255
120.597
76.8776
25.641
-33.7671
-91.8365
232.333
232.857
233.388
233.734
234.126
234.623
235.062
235.351
235.425
235.375
235.277
235.18
235.129
235.093
235.09
235.134
235.228
235.392
235.604
235.85
236.074
236.357
236.685
237.077
237.523
238.01
238.469
238.86
239.073
239.03
238.636
237.788
236.387
234.252
231.112
226.64
220.47
212.247
201.549
187.88
170.629
149.192
122.892
91.0232
52.9241
7.76329
-45.5367
-107.739
-179.391
-252.349
231.726
230.763
230.193
229.889
229.869
229.954
229.962
229.759
229.439
229.082
228.611
228.054
227.495
226.916
226.31
225.701
225.073
224.442
223.821
223.147
222.312
221.348
220.323
219.256
218.146
216.916
215.488
213.863
211.923
209.524
206.582
202.985
198.615
193.264
186.622
178.329
167.943
155.073
139.339
120.209
97.0795
69.2204
35.9387
-3.60194
-50.2163
-104.63
-167.579
-240.636
-325.555
-414.133
232.842
229.431
227.666
226.716
226.174
225.777
225.31
224.683
224.024
223.349
222.552
221.623
220.638
219.565
218.405
217.155
215.869
214.475
213.057
211.532
209.817
207.643
205.308
202.901
200.364
197.556
194.354
190.755
186.758
182.145
176.716
170.42
163.15
154.623
144.454
132.263
117.643
100.147
79.3322
54.6818
25.5602
-8.80871
-49.247
-96.5365
-151.575
-215.408
-288.588
-371.814
-469.212
-573.078
110.606
106.439
98.885
96.1009
86.735
83.8504
59.2099
24.4509
-32.2048
-188.374
-445.833
-688.771
-624.259
-323.55
-89.2997
66.557
152.074
204.457
227.48
227.755
222.962
222.24
217.512
213.277
210.435
205.073
202.58
199.091
197.05
204.181
108.259
99.9515
89.3078
83.8406
74.7212
68.7084
48.356
21.2572
-20.8683
-116.203
-261.601
-386.694
-364.263
-186.323
-30.8216
78.7027
145.618
192.863
219.04
217.864
220.432
220.641
217.94
214.282
212.181
206.363
204.395
203.356
205.046
213.543
91.2791
86.2199
78.7128
72.7129
64.3121
55.2671
39.7124
18.2977
-11.0503
-60.4538
-126.55
-183.745
-165.627
-67.1228
24.4171
95.5715
144.279
180.594
207.199
213.812
218.98
219.493
218.826
215.83
213.025
208.808
205.902
205.362
205.769
208.576
70.9175
69.2781
65.387
60.5015
53.446
45.5624
34.8171
19.4601
2.54539
-18.3794
-47.8307
-55.2162
-23.3779
26.9671
75.5617
121.879
158.548
174.657
199.584
215.056
217.504
219.679
218.794
216.534
213.348
209.894
207.274
205.836
203.623
203.298
53.7373
53.4564
51.3445
47.2658
42.0124
36.428
29.4761
20.3617
14.3707
11.0415
9.92258
28.4927
56.7272
93.5721
123.653
147.523
168.176
183.194
201.697
212.235
218.666
222.213
220.293
217.88
214.064
210.363
207.566
205.04
201.587
199.991
41.7169
40.8345
39.0336
35.25
30.6986
25.7338
20.7879
16.9927
17.4182
23.1953
38.7027
68.4102
114.195
139.238
149.116
171.91
184.464
194.883
207.547
221.377
228.13
227.873
225.628
221.564
215.651
211.717
207.118
203.408
200.438
198.804
31.9815
30.6147
28.636
24.9475
20.1358
14.883
10.0181
7.00061
11.5824
21.2437
45.7932
89.1268
150.512
173.822
179.107
183.792
193.979
210.747
224.65
238.029
238.648
235.388
229.491
223.852
217.616
212.902
207.248
202.563
199.177
197.486
22.6869
20.9079
18.6629
14.9545
9.8434
3.94363
-1.14813
-5.05192
-3.88791
6.75638
34.0245
97.1001
160.453
184.543
182.895
187.161
201.396
220.285
239.919
245.074
241.937
239.978
232.196
223.18
215.286
209.212
203.833
199.638
195.824
194.867
13.4806
11.1502
8.25424
3.94955
-1.67814
-8.66566
-15.4741
-19.1315
-25.468
-16.9469
9.36171
66.777
132.847
152.196
152.269
168.901
196.092
225.293
248.366
254.42
242.359
235.886
230.501
220.621
211.263
203.69
197.341
193.291
189.303
188.764
4.9855
2.39802
-1.37958
-6.89188
-14.055
-23.506
-32.9219
-45.1827
-56.6836
-50.2824
-38.7402
4.0337
47.1628
63.1425
72.1362
118.238
165.84
214.629
243.183
253.415
241.648
230.057
221.189
209.982
202.955
195.353
187.54
183.284
180.149
180.156
-2.18257
-4.55873
-8.8954
-15.3999
-24.6279
-36.726
-53.4463
-80.6204
-107.012
-92.5612
-117.221
-141.905
-122.772
-94.3462
-63.3445
25.5257
102.956
168.558
207.733
219.623
209.68
197.553
196.255
188.876
180.956
176.267
173.454
170.617
167.872
167.725
-7.20917
-9.4262
-13.7556
-21.133
-32.6159
-49.6885
-81.6261
-123.835
-146.443
-175.144
-239.132
-352.922
-397.518
-343.395
-250.458
-121
1.21409
83.2284
133.049
144.606
135.019
123.453
123.995
129.282
141.528
152.386
154.339
153.493
152.168
152.408
-10.1118
-12.2614
-16.569
-24.3774
-37.5799
-57.1434
-89.6935
-134.227
-191.772
-260.055
-387.264
-587.014
-767.938
-708.066
-520.963
-318.584
-138.443
-37.1502
22.3794
32.1371
24.3098
11.1378
16.346
50.0673
87.7745
115.217
125.005
130.016
131.879
133.387
-11.2554
-12.837
-17.1729
-24.3382
-34.9417
-52.3474
-79.37
-117.488
-183.258
-322.557
-542.767
-831.902
-1177.04
-1110.23
-810.282
-530.121
-288.866
-164.286
-105.499
-101.957
-112.854
-133.247
-114.031
-49.629
18.543
64.8875
86.6169
100.799
107.705
111.591
-11.1412
-12.3443
-15.7106
-21.4065
-28.706
-39.9367
-57.35
-78.1917
-142.727
-327.8
-627.58
-1003.83
-1447.75
-1407.82
-945.566
-649.744
-399.904
-265.403
-224.064
-231.105
-264.422
-299.279
-260.043
-163.821
-60.7405
8.43919
45.8062
69.606
81.4636
87.4133
-9.58254
-10.9533
-12.9275
-16.2735
-19.9319
-24.7442
-32.9828
-27.1178
-101.293
-309.454
-610.648
-1015.23
-1389.1
-1344.46
-931.221
-646.196
-428.207
-314.076
-295.597
-329.561
-406.503
-464.078
-418.195
-283.652
-142.466
-42.5356
12.6952
40.8069
56.8631
64.6325
-7.35028
-7.90576
-8.83432
-10.2171
-11.1403
-12.309
-14.2191
-14.9132
-59.4271
-234.916
-478.163
-787.432
-1032.48
-1014.6
-730.227
-508.077
-353.501
-292.459
-306.496
-370.965
-489.915
-580.997
-542.036
-364.195
-194.61
-76.1955
-10.0474
18.9311
36.8748
44.7929
-4.50791
-4.84802
-5.39098
-5.76748
-4.88551
-4.00431
1.56485
-5.07394
-16.044
-126.328
-284.485
-475.374
-625.572
-630.687
-466.85
-327.999
-239.205
-212.44
-242.472
-321.197
-445.627
-569.636
-555.454
-370.179
-202.269
-82.2705
-23.6603
0.679157
21.2435
25.16
-2.26195
-2.20872
-2.29421
-2.90539
-0.508976
-0.804516
7.47627
12.5809
7.61999
-46.5219
-123.675
-216.166
-298.943
-306.152
-234.163
-165.591
-119.01
-110.22
-145.948
-216.299
-314.226
-397.607
-374.213
-254.522
-140.191
-63.0715
-21.4262
-2.80347
6.21283
9.46513
-1.61025
-1.0059
-0.348423
-0.519877
0.297578
0.656287
2.79967
5.08676
1.15039
-19.4421
-51.5411
-81.6581
-82.223
-46.03
-13.6857
-0.493867
1.74128
-9.58308
-37.4301
-72.4287
-110.556
-139.271
-124.935
-84.5742
-46.8986
-24.5755
-10.8311
-3.81532
-3.09044
-1.71381
)
;

boundaryField
{
    INLET
    {
        type            zeroGradient;
    }
    OUTLET
    {
        type            fixedValue;
        value           uniform 0;
    }
    WALL
    {
        type            zeroGradient;
    }
    CYLINDER
    {
        type            zeroGradient;
    }
    frontAndBackPlanes
    {
        type            empty;
    }
}


// ************************************************************************* //
