/*--------------------------------*- C++ -*----------------------------------*\
| =========                 |                                                 |
| \\      /  F ield         | OpenFOAM: The Open Source CFD Toolbox           |
|  \\    /   O peration     | Version:  v1912                                 |
|   \\  /    A nd           | Website:  www.openfoam.com                      |
|    \\/     M anipulation  |                                                 |
\*---------------------------------------------------------------------------*/
FoamFile
{
    version     2.0;
    format      ascii;
    class       volScalarField;
    location    "0.32";
    object      p;
}
// * * * * * * * * * * * * * * * * * * * * * * * * * * * * * * * * * * * * * //

dimensions      [0 2 -2 0 0 0 0];


internalField   nonuniform List<scalar> 
6600
(
146.638
142.345
140.348
138.952
138.18
137.834
137.535
137.299
137.171
137.205
137.469
137.965
138.595
139.296
140.082
140.953
141.912
142.944
143.998
145.291
146.518
147.806
149.158
150.554
151.865
153.202
154.503
155.446
156.014
156.052
155.383
153.505
150.659
146.732
141.261
133.85
124.06
111.445
95.5219
75.6227
51.161
21.537
-13.8295
-56.3036
-106.504
-165.335
-232.914
-309.897
-399.975
-498.055
144.255
140.159
138.893
137.562
136.686
136.164
135.68
135.291
135.041
134.975
135.072
135.307
135.635
136.011
136.445
136.932
137.504
138.134
138.589
139.054
139.631
140.199
140.604
140.861
141.052
141.116
141.098
140.765
139.717
137.863
134.96
130.987
125.816
119.218
110.766
100.107
86.8132
70.3528
50.2476
25.8744
-3.45916
-38.4854
-79.3818
-127.953
-184.587
-250.323
-325.123
-409.149
-504.392
-606.182
141.223
137.335
136.784
135.559
134.674
134.03
133.417
132.927
132.553
132.311
132.223
132.225
132.249
132.27
132.316
132.32
132.339
132.434
132.471
132.359
132.237
132.04
131.613
130.938
130.028
128.751
126.863
124.654
121.734
117.959
113.021
106.855
99.1454
89.6322
77.9731
63.7882
46.7428
26.1953
1.70771
-27.4093
-61.8081
-102.138
-148.976
-203.365
-265.97
-337.827
-418.953
-508.398
-605.501
-705.348
137.903
134.274
134.282
132.992
132.155
131.399
130.655
130.029
129.57
129.145
128.787
128.5
128.22
127.881
127.545
127.155
126.674
126.113
125.359
124.502
123.695
122.715
121.264
119.467
117.324
114.745
111.496
107.312
102.294
96.2645
89.187
80.5519
70.0936
57.5197
42.5228
24.7444
3.69926
-21.1255
-50.2009
-84.08
-123.417
-168.914
-221.147
-280.728
-348.376
-425.094
-510.828
-603.624
-700.81
-796.043
134.541
131.011
131.408
129.812
129.084
128.305
127.465
126.722
126.054
125.388
124.732
124.079
123.387
122.597
121.725
120.776
119.725
118.662
117.344
115.683
113.855
111.82
109.324
106.363
102.885
98.7053
93.8252
87.8891
80.9297
72.7411
63.0914
51.6978
38.3018
22.5627
4.12949
-17.3547
-42.3419
-71.2887
-104.672
-143.056
-186.982
-237.005
-293.658
-357.424
-428.857
-508.81
-597.166
-691.552
-787.403
-876.454
131.142
127.642
128.187
126.189
125.631
124.749
123.811
122.909
122.053
121.139
120.156
119.111
118.002
116.772
115.397
113.837
111.998
110.021
107.9
105.469
102.714
99.4442
95.6254
91.2632
86.265
80.5129
73.8943
66.1713
57.1491
46.6918
34.4629
20.2899
3.91226
-14.9565
-36.7115
-61.7447
-90.4184
-123.178
-160.488
-202.784
-250.52
-304.181
-364.129
-430.724
-504.374
-585.811
-675.026
-769.643
-863.011
-943.921
127.558
124.109
124.639
122.43
121.912
120.929
119.883
118.801
117.66
116.456
115.139
113.664
112.028
110.231
108.266
106.101
103.662
100.879
97.7624
94.2473
90.3246
85.8312
80.6629
74.8358
68.2541
60.6656
51.9535
42.1529
30.9846
18.1362
3.40296
-13.3883
-32.5649
-54.4613
-79.3574
-107.599
-139.556
-175.587
-216.071
-261.444
-312.069
-368.243
-430.259
-498.396
-572.883
-654.251
-742.771
-836.019
-925.261
-995.92
123.829
120.349
120.852
118.634
118.005
116.815
115.608
114.374
113.014
111.51
109.872
108.048
105.94
103.535
100.839
97.8235
94.486
90.841
86.7525
82.1747
77.0262
71.1338
64.4772
57.0274
48.6634
39.3215
28.7611
16.7585
3.24831
-11.9258
-29.0206
-48.3828
-70.231
-94.8131
-122.475
-153.504
-188.158
-226.806
-269.8
-317.389
-369.838
-427.426
-490.315
-558.677
-632.745
-712.949
-799.214
-889.244
-973.094
-1031.67
119.499
116.577
116.785
114.606
113.939
112.539
111.128
109.624
107.95
106.07
103.993
101.678
99.0842
96.1703
92.8809
89.1818
84.9529
80.2312
74.9479
69.0475
62.6192
55.4289
47.3602
38.3861
28.3537
17.0327
4.4442
-9.52911
-25.1678
-42.6507
-62.1378
-83.8708
-108.102
-135.108
-165.102
-198.349
-235.139
-275.699
-320.267
-369.125
-422.459
-480.403
-543.067
-610.564
-683.087
-761.071
-844.128
-929.405
-1006.09
-1051.67
115.401
112.719
112.59
110.398
109.594
107.995
106.421
104.694
102.746
100.511
97.9484
95.02
91.729
88.0395
83.9326
79.4036
74.3589
68.7084
62.4068
55.3127
47.4127
38.7218
29.1248
18.479
6.71779
-6.19781
-20.5604
-36.486
-54.0777
-73.5353
-95.0869
-118.944
-145.257
-174.209
-206.046
-240.986
-279.2
-320.94
-366.407
-415.694
-468.93
-526.26
-587.756
-653.428
-723.385
-798.072
-877.241
-956.886
-1025.17
-1058.48
110.49
108.397
108.263
106.139
105.242
103.403
101.585
99.509
97.1287
94.437
91.3866
87.9385
84.0428
79.6479
74.695
69.1428
63.0048
56.2246
48.7139
40.4655
31.3915
21.3404
10.307
-1.74094
-15.0711
-29.8489
-45.9719
-63.62
-82.9778
-104.233
-127.561
-153.095
-180.997
-211.454
-244.627
-280.653
-319.71
-361.933
-407.439
-456.355
-508.739
-564.621
-624.021
-687.007
-753.625
-824.098
-898.61
-972.215
-1032.34
-1055.62
105.888
104.155
103.883
101.76
100.763
98.8172
96.832
94.4704
91.7118
88.5283
84.8694
80.7128
76.034
70.8256
65.0558
58.623
51.4595
43.5892
34.9266
25.3356
14.911
3.54151
-8.94778
-22.6203
-37.4124
-53.4768
-71.1055
-90.3385
-111.272
-134.014
-158.7
-185.538
-214.654
-246.135
-280.088
-316.66
-355.923
-397.98
-442.93
-490.788
-541.562
-595.268
-651.897
-711.393
-773.803
-839.477
-907.791
-974.971
-1029.11
-1046.45
100.829
99.5949
99.5537
97.6362
96.5316
94.3384
92.1651
89.5344
86.4166
82.8026
78.6958
74
68.6615
62.6093
55.8517
48.4159
40.2195
31.1965
21.3783
10.6606
-1.0983
-13.8652
-27.6443
-42.543
-58.8402
-76.5253
-95.5564
-116.092
-138.259
-162.213
-188.078
-215.894
-245.754
-277.801
-312.131
-348.749
-387.729
-429.116
-472.886
-519.04
-567.602
-618.531
-671.726
-727.095
-784.407
-844.237
-905.007
-963.34
-1008.51
-1024.91
96.4388
95.0851
95.0831
93.4418
92.4445
90.3183
88.0035
85.1518
81.7784
77.7951
73.1265
67.8076
61.8404
55.1587
47.6444
39.2865
30.0822
19.9807
8.89854
-3.10145
-16.0416
-30.0913
-45.3483
-61.73
-79.2158
-98.0003
-118.249
-140.008
-163.348
-188.315
-214.953
-243.399
-273.765
-306.072
-340.336
-376.604
-414.837
-455.043
-497.259
-541.378
-587.262
-634.851
-684.068
-734.708
-786.615
-839.338
-890.368
-935.629
-965.652
-979.807
92.577
91.5892
91.3576
89.6853
88.76
86.6824
84.4254
81.471
77.8833
73.6655
68.7421
62.9819
56.3398
48.8656
40.5728
31.3776
21.2274
10.1414
-1.93632
-15.1547
-29.4227
-44.6927
-61.03
-78.5933
-97.4882
-117.636
-139.028
-161.751
-185.917
-211.628
-238.975
-267.955
-298.535
-330.773
-364.721
-400.355
-437.662
-476.542
-516.84
-558.462
-601.361
-645.382
-690.186
-735.348
-781.388
-826.181
-866.502
-896.268
-908.327
-917.648
88.727
88.2911
88.3673
86.945
85.9928
83.9837
81.746
78.8013
75.1619
70.6845
65.4132
59.3362
52.3599
44.3642
35.3439
25.3249
14.2681
2.12533
-11.0372
-25.2538
-40.6361
-57.2021
-74.8973
-93.6552
-113.522
-134.637
-157.029
-180.71
-205.733
-232.146
-259.928
-289.099
-319.752
-351.878
-385.396
-420.233
-456.292
-493.542
-531.933
-571.222
-611.097
-651.401
-691.858
-732.205
-771.554
-808.106
-839.004
-858.856
-863.657
-866.777
85.0736
84.9238
85.4129
84.5877
83.9943
82.2689
80.2322
77.3908
73.7854
69.3446
63.8483
57.3575
49.9092
41.4682
31.8937
21.1734
9.33703
-3.66059
-17.8762
-33.2254
-49.6548
-67.1811
-85.9052
-105.794
-126.891
-149.109
-172.474
-196.982
-222.661
-249.535
-277.677
-307.125
-337.772
-369.571
-402.535
-436.611
-471.692
-507.587
-544.056
-580.901
-617.964
-655.005
-691.488
-727.384
-761.23
-790.777
-813.062
-825.385
-833.641
-834.156
82.0181
82.4895
82.9672
82.5362
82.5081
81.3819
79.7936
77.2687
73.826
69.4742
64.0909
57.5676
49.8008
40.8713
30.7655
19.3975
6.77424
-7.07549
-22.1405
-38.5068
-56.1121
-74.8674
-94.709
-115.685
-137.735
-160.89
-185.084
-210.35
-236.707
-264.148
-292.638
-322.127
-352.679
-384.278
-416.823
-450.197
-484.218
-518.727
-553.634
-588.746
-623.685
-658.022
-691.666
-723.671
-752.705
-776.949
-793.046
-798.713
-804.329
-806.191
78.3297
79.6825
80.998
81.3572
81.766
81.3296
80.4109
78.53
75.4742
71.2789
66.2136
59.8583
52.0716
42.8256
32.2243
20.2683
6.92693
-7.78311
-23.8113
-41.1175
-59.6865
-79.5095
-100.484
-122.504
-145.631
-169.815
-194.998
-221.122
-248.145
-276.055
-304.851
-334.568
-365.166
-396.575
-428.725
-461.534
-494.934
-528.708
-562.506
-596.061
-629.38
-662.167
-693.526
-722.241
-747.371
-765.829
-775.195
-781.266
-782.152
-785.135
74.0551
76.1707
78.4238
80.0325
81.5408
82.0558
82.0351
80.9453
78.768
75.2228
70.4391
64.2883
56.6901
47.4304
36.4939
23.9983
9.98193
-5.51579
-22.4894
-40.8413
-60.5288
-81.4435
-103.62
-126.951
-151.255
-176.448
-202.554
-229.466
-257.169
-285.662
-314.916
-344.871
-375.505
-406.844
-438.864
-471.453
-504.392
-537.483
-570.622
-603.767
-636.589
-667.885
-696.799
-723.016
-744.403
-758.036
-762.683
-766.585
-767.673
-769.812
69.1965
72.5757
75.4624
78.0666
80.9799
82.9357
84.1958
84.2756
83.4536
81.1087
76.869
71.0191
63.593
54.4708
43.5175
30.7218
16.1663
-0.119569
-18.0037
-37.4309
-58.2577
-80.4194
-103.794
-128.278
-153.838
-180.35
-207.582
-235.551
-264.183
-293.385
-323.147
-353.462
-384.356
-415.798
-447.759
-480.166
-512.999
-546.144
-579.373
-612.406
-644.26
-674.506
-702.205
-725.883
-742.285
-748.876
-754.438
-755.61
-757.721
-758.83
62.503
67.7566
71.7052
75.5012
79.6584
83.3033
86.411
88.1938
88.815
87.8594
84.9695
80.0605
73.0576
64.0946
53.1505
40.1475
25.1857
8.29445
-10.4517
-30.9626
-53.0578
-76.5258
-101.319
-127.311
-154.257
-182.035
-210.65
-239.834
-269.441
-299.505
-329.972
-360.807
-391.999
-423.609
-455.69
-488.291
-521.26
-554.444
-587.751
-621.13
-653.703
-683.205
-708.862
-729.168
-741.03
-744.258
-745.867
-747.875
-750.477
-751.364
53.6294
60.5321
65.7836
71.4856
77.4127
82.8352
87.8676
91.8012
94.2359
94.9905
93.7785
90.3189
84.4827
76.2022
65.5534
52.5109
37.1375
19.6168
0.0498643
-21.4163
-44.7094
-69.655
-95.9305
-123.456
-152.155
-181.691
-211.769
-242.298
-273.246
-304.425
-335.757
-367.262
-398.933
-430.832
-463.079
-495.712
-528.91
-562.746
-597.051
-630.952
-663.503
-692.791
-716.31
-731.028
-737.103
-742.626
-741.604
-743.452
-745.54
-746.274
43.4883
51.8452
57.6279
64.8396
73.0392
80.7721
88.1905
94.6421
99.6655
102.805
103.58
101.767
97.3401
90.1121
80.0588
67.2792
51.8121
33.7916
13.4041
-9.1645
-33.7267
-60.0514
-88.1113
-117.457
-147.694
-178.915
-210.919
-243.353
-275.913
-308.446
-340.896
-373.201
-405.433
-437.634
-469.973
-502.786
-536.153
-570.292
-605.128
-639.884
-673.41
-703.624
-724.662
-732.09
-735.126
-735.631
-737.957
-739.923
-741.597
-742.314
31.6698
41.783
47.6076
56.1548
66.0883
76.069
86.1614
95.4759
103.461
109.421
112.927
113.674
111.287
105.665
96.6802
84.398
68.9829
50.6383
29.5595
6.00064
-19.8803
-47.8206
-77.4009
-108.721
-141.469
-174.841
-208.746
-243.111
-277.582
-311.838
-345.66
-379.031
-411.935
-444.598
-477.113
-509.565
-542.7
-577.064
-612.644
-648.712
-682.986
-712.037
-730.866
-735.783
-736.206
-734.994
-736.378
-737.462
-738.421
-738.882
17.9258
30.0306
35.326
45.1618
56.2786
68.3905
81.3467
93.9938
105.598
115.252
122.135
125.714
125.777
122.142
114.631
103.266
88.2594
69.796
48.1377
23.5668
-3.54904
-33.1316
-64.7974
-97.9505
-132.515
-168.462
-205.058
-241.826
-278.539
-314.866
-350.482
-385.107
-418.858
-451.766
-484.207
-516.622
-549.188
-582.558
-617.563
-654.425
-690.735
-717.908
-729
-735.708
-734.371
-734.373
-734.682
-735.256
-735.822
-735.92
2.94557
16.951
21.4486
32.2177
43.7631
57.2621
72.669
88.5858
103.97
117.709
128.927
136.703
140.277
139.201
133.695
123.67
109.425
91.1313
69.1292
43.8245
15.3978
-15.7207
-49.3137
-85.2884
-122.67
-160.96
-200.126
-239.67
-279.058
-317.872
-355.588
-391.961
-426.769
-460.243
-492.648
-524.149
-555.316
-586.564
-619.774
-657.448
-694.033
-718.644
-726.89
-729.659
-730.993
-732.381
-733.176
-733.607
-733.884
-733.756
-12.1426
3.01781
5.47585
16.4729
28.2735
42.855
60.3089
79.5331
99.2132
117.606
133.543
145.808
153.516
156.182
153.298
145.118
131.928
114.071
91.86
65.7716
36.2132
3.2175
-32.3835
-70.3728
-110.56
-152.13
-194.411
-236.951
-279.458
-321.134
-361.383
-399.762
-436.2
-470.223
-502.043
-533.016
-562.891
-591.861
-620.282
-654.499
-689.618
-707.159
-721.24
-722.867
-727.807
-730.797
-732.671
-733.341
-733.53
-733.19
-29.5678
-9.98793
-8.17057
0.775062
10.8264
25.1266
43.5921
64.9349
88.5279
112.721
134.855
152.863
165.404
171.972
172.231
166.677
155.215
138.168
116.4
89.9584
58.9467
24.2146
-13.8227
-54.7933
-97.9358
-142.538
-187.979
-234.073
-280.113
-324.991
-368.106
-409.256
-447.906
-482.908
-514.636
-544.467
-571.102
-595.912
-622.453
-650.836
-675.899
-693.35
-704.552
-714.272
-724.078
-730.903
-734.581
-735.908
-736.183
-735.75
-66.9871
-27.4197
-23.451
-14.618
-6.3808
5.82165
24.1256
47.0487
74.1314
103.936
132.069
156.151
174.559
186.185
190.495
187.368
177.785
161.927
140.809
113.956
81.0966
44.0743
4.17728
-39.2487
-85.757
-133.495
-182.514
-232.333
-282.237
-330.572
-376.86
-421.684
-462.687
-498.887
-531.928
-558.765
-578.275
-591.482
-610.372
-634.446
-651.616
-671.876
-686.503
-704.9
-721.104
-733.801
-741.002
-743.574
-743.835
-742.924
95.9129
91.4203
89.3484
87.974
87.0163
86.3142
85.6907
85.167
84.74
84.4077
84.1645
83.9584
83.7762
83.6021
83.3947
83.1707
82.9981
82.8478
82.6374
82.3766
82.0402
81.4979
80.9056
80.7945
80.6126
79.9576
78.9392
77.9495
76.8483
75.487
73.8146
71.692
68.9341
65.3455
60.7161
54.7813
47.2353
37.7514
25.9445
11.3155
-6.63161
-28.4812
-54.8697
-86.5939
-124.348
-168.914
-220.934
-279.512
-351.029
-426.094
92.9692
88.5388
86.8581
85.2846
84.0082
82.9794
82.0866
81.2828
80.5641
79.894
79.2673
78.6507
78.0281
77.3803
76.6806
75.9235
75.1218
74.3168
73.4047
72.3578
71.19
69.8468
68.1452
66.5373
64.9622
63.0591
60.6612
57.9606
55.0193
51.6377
47.7337
43.2009
37.8467
31.4541
23.7454
14.4041
3.14168
-10.3552
-26.4835
-45.7743
-68.7745
-95.9599
-128.166
-166.076
-210.342
-261.761
-320.938
-386.918
-463.886
-544.984
88.9842
84.5557
83.3144
81.6484
80.2427
78.9848
77.8349
76.7419
75.6908
74.6825
73.6691
72.6185
71.5137
70.3287
69.0431
67.6581
66.1562
64.5354
62.8004
60.8609
58.7563
56.4502
53.7817
50.8759
47.7924
44.2757
40.3522
36.0145
31.1508
25.6362
19.3616
12.1978
3.99725
-5.43818
-16.4033
-29.2605
-44.3549
-62.0045
-82.601
-106.67
-134.847
-167.523
-205.428
-249.293
-299.721
-357.524
-423.26
-495.875
-575.658
-656.798
84.5121
79.8863
79.0645
77.1937
75.6953
74.3363
72.9599
71.6068
70.2804
68.9576
67.5801
66.1114
64.5263
62.8055
60.9351
58.8812
56.6045
54.1368
51.489
48.5929
45.4233
42.0504
38.257
33.9048
29.166
24.0457
18.3847
12.1424
5.22779
-2.53536
-11.2432
-21.1068
-32.3371
-45.0675
-59.4603
-76.0198
-95.0473
-116.927
-142.08
-170.945
-204.107
-242.172
-285.595
-334.928
-390.857
-454.187
-525.148
-602.168
-683.454
-762.006
79.5859
74.8505
74.412
72.14
70.6576
69.1379
67.5784
66.0092
64.4266
62.8452
61.0976
59.223
57.1576
54.885
52.4001
49.6876
46.7437
43.4415
39.7818
35.7787
31.3441
26.5648
21.5068
15.8792
9.54609
2.49591
-5.15234
-13.462
-22.6408
-32.8322
-44.1545
-56.8134
-71.0638
-87.09
-105.068
-125.39
-148.423
-174.491
-204.019
-237.499
-275.444
-318.405
-366.648
-420.684
-481.136
-548.697
-623.375
-703.175
-784.995
-859.825
74.149
69.2671
69.2035
66.5334
65.0702
63.433
61.6984
59.9416
58.1278
56.165
54.0247
51.6952
49.1343
46.3078
43.1809
39.6866
35.8963
31.7427
27.0933
21.956
16.3544
10.2342
3.47283
-3.90748
-11.8591
-20.6122
-30.3275
-40.9102
-52.4588
-65.182
-79.207
-94.7554
-112.071
-131.37
-152.91
-176.935
-203.787
-233.878
-267.575
-305.29
-347.469
-394.523
-446.7
-504.411
-568.116
-638.38
-715.266
-796.712
-878.251
-948.156
68.306
63.245
63.4165
60.3601
59.0282
57.1592
55.279
53.2896
51.1455
48.802
46.2226
43.3741
40.2268
36.7408
32.8985
28.6901
23.9187
18.7067
12.9867
6.66785
-0.341359
-7.94964
-16.1755
-25.2061
-35.0778
-45.8656
-57.5913
-70.3901
-84.3919
-99.7194
-116.543
-135.025
-155.37
-177.806
-202.611
-230.118
-260.587
-294.292
-331.624
-372.963
-418.613
-468.844
-523.982
-584.263
-649.945
-721.542
-799.345
-881.339
-961.356
-1024.44
62.0641
57.3706
57.1777
54.12
52.6036
50.5799
48.4257
46.1209
43.5808
40.7657
37.6519
34.2145
30.3949
26.16
21.4651
16.2935
10.5955
4.24385
-2.72185
-10.3403
-18.6793
-27.869
-37.884
-48.7187
-60.3862
-73.0868
-87.0078
-102.122
-118.544
-136.429
-155.903
-177.183
-200.459
-225.939
-253.86
-284.432
-317.981
-354.827
-395.191
-439.331
-487.536
-540.054
-597.056
-658.792
-725.416
-797.279
-874.92
-956.011
-1032.78
-1087.33
55.4308
51.405
50.7003
47.7659
45.9977
43.6838
41.2177
38.5448
35.5853
32.2848
28.6048
24.5029
19.9279
14.8561
9.24733
3.02452
-3.79592
-11.3173
-19.6165
-28.7019
-38.6374
-49.3741
-61.0444
-73.7193
-87.4859
-102.343
-118.36
-135.73
-154.564
-174.978
-197.105
-221.067
-247.034
-275.181
-305.768
-339.064
-375.234
-414.483
-457.084
-503.255
-553.152
-606.962
-664.938
-727.143
-793.754
-865.144
-941.109
-1019.32
-1091.45
-1135.59
48.7044
44.8877
44.1088
41.0669
39.2209
36.6825
33.8882
30.8121
27.3962
23.5676
19.2727
14.473
9.11522
3.14993
-3.46516
-10.7087
-18.7838
-27.5964
-37.2454
-47.7523
-59.2718
-71.8086
-85.354
-99.9828
-115.692
-132.666
-151.015
-170.7
-191.861
-214.614
-239.082
-265.457
-293.878
-324.489
-357.421
-392.836
-430.989
-472.076
-516.228
-563.619
-614.436
-668.8
-726.758
-788.503
-854.161
-924.084
-997.844
-1072.15
-1137.85
-1171.72
41.2049
37.9974
37.274
34.3443
32.3143
29.5416
26.4833
23.0655
19.222
14.8658
9.98506
4.49529
-1.65484
-8.51003
-16.0772
-24.5029
-33.7445
-43.9331
-55.0898
-67.2099
-80.2606
-94.4416
-109.8
-126.394
-144.303
-163.43
-183.865
-205.786
-229.236
-254.323
-281.115
-309.692
-340.196
-372.765
-407.569
-444.74
-484.367
-526.618
-571.683
-619.669
-670.621
-724.674
-781.985
-842.537
-906.417
-973.918
-1044.5
-1114.1
-1173.09
-1198.94
33.5641
30.9735
30.2149
27.5018
25.5013
22.5592
19.2548
15.5183
11.2691
6.4166
0.950223
-5.21671
-12.1101
-19.7835
-28.338
-37.8263
-48.2066
-59.6152
-72.0988
-85.7483
-100.594
-116.654
-133.919
-152.377
-172.147
-193.419
-216.136
-240.228
-265.821
-292.96
-321.755
-352.308
-384.673
-418.934
-455.197
-493.584
-534.236
-577.211
-622.565
-670.452
-721.001
-774.172
-829.985
-888.604
-950.138
-1014.61
-1081.36
-1146.45
-1199.78
-1218.98
26.011
24.1081
23.4783
20.9707
18.837
15.821
12.357
8.35158
3.7999
-1.45644
-7.45004
-14.1953
-21.8125
-30.3441
-39.8039
-50.2276
-61.8137
-74.5107
-88.379
-103.44
-119.76
-137.393
-156.406
-176.953
-198.882
-222.079
-246.725
-272.881
-300.527
-329.72
-360.433
-392.694
-426.6
-462.237
-499.673
-538.942
-580.084
-623.248
-668.528
-715.888
-765.348
-817.084
-871.044
-927.093
-985.512
-1046.34
-1107.91
-1167.11
-1213.91
-1229.76
19.6377
17.8831
17.2511
14.852
12.7614
9.63573
6.05927
1.85006
-3.00259
-8.50468
-14.8942
-22.1186
-30.2549
-39.4049
-49.6445
-61.0187
-73.5662
-87.3845
-102.546
-119.091
-137.021
-156.41
-177.232
-199.335
-222.967
-248.263
-275.004
-303.172
-332.754
-363.715
-396.121
-429.991
-465.284
-502.015
-540.244
-580.067
-621.555
-664.617
-709.24
-755.575
-803.667
-853.373
-904.871
-958.149
-1012.81
-1068.88
-1124.13
-1174.64
-1210.4
-1224.52
13.7193
12.3136
11.7353
9.43498
7.30084
4.17569
0.591645
-3.65981
-8.66762
-14.4128
-20.9488
-28.5354
-37.1606
-46.8719
-57.7636
-69.9081
-83.3359
-98.1553
-114.393
-132.119
-151.429
-172.245
-194.673
-218.867
-244.56
-271.62
-300.204
-330.242
-361.711
-394.545
-428.618
-463.877
-500.354
-538.074
-577.052
-617.204
-658.504
-701.117
-745.068
-790.169
-836.378
-883.874
-932.414
-982.029
-1033.05
-1083.38
-1129.7
-1166.97
-1188.2
-1199.32
8.13197
7.1265
6.68356
4.63448
2.67717
-0.358784
-3.87935
-8.03092
-12.9657
-18.7088
-25.388
-33.0182
-41.7624
-51.7295
-63.0743
-75.845
-90.0043
-105.713
-123.04
-141.959
-162.545
-184.912
-208.925
-234.54
-261.912
-290.998
-321.633
-353.722
-387.092
-421.648
-457.311
-494.035
-531.741
-570.332
-609.753
-650.129
-691.502
-733.659
-776.487
-820.135
-864.499
-909.226
-954.653
-1000.25
-1046.25
-1090.15
-1128.74
-1155.98
-1166.22
-1172.49
3.30866
2.71622
2.3546
0.490511
-1.22807
-3.95999
-7.21828
-11.1218
-15.8599
-21.4556
-27.9779
-35.589
-44.3202
-54.3146
-65.7354
-78.7203
-93.386
-109.64
-127.565
-147.358
-169.172
-192.818
-218.421
-245.875
-275.074
-306.063
-338.668
-372.758
-408.207
-444.792
-482.317
-520.577
-559.472
-598.996
-639.167
-679.807
-720.802
-762.281
-804.287
-846.464
-888.774
-931.282
-973.496
-1015.81
-1056.58
-1093.77
-1125.29
-1147.35
-1156.68
-1157.93
-0.892037
-0.934523
-1.24356
-2.79465
-4.32661
-6.85044
-9.7691
-13.2928
-17.5301
-22.6893
-28.6907
-35.8088
-44.1675
-53.8176
-64.9927
-78.0198
-92.983
-109.996
-128.755
-148.963
-171.321
-196.04
-222.83
-251.902
-283.041
-315.999
-350.784
-387.18
-424.925
-463.737
-503.281
-543.348
-583.83
-624.558
-665.344
-706.291
-747.472
-788.644
-829.542
-870.441
-911.117
-951.345
-991.261
-1030.42
-1067.31
-1100.48
-1125.95
-1139.11
-1147.07
-1147.39
-5.02919
-4.67826
-4.67772
-5.79845
-6.8856
-8.8707
-11.2289
-14.2699
-17.986
-22.433
-27.9299
-34.3873
-42.0495
-51.2193
-61.852
-74.2137
-88.5799
-105.015
-123.919
-145.221
-168.355
-194.013
-222.14
-252.485
-285.224
-320.294
-357.448
-396.371
-436.689
-478.055
-520.187
-562.692
-605.106
-647.283
-689.238
-730.875
-772.078
-812.891
-853.403
-893.112
-932.416
-971.092
-1009.35
-1045.88
-1079.5
-1107.75
-1127.47
-1136.6
-1138.94
-1140.15
-8.10523
-7.59782
-7.61394
-8.51062
-9.25188
-10.8214
-12.5979
-14.8264
-17.649
-21.2477
-25.6458
-31.0847
-37.7424
-45.7983
-55.4998
-66.9375
-80.4602
-96.2758
-114.641
-135.765
-159.411
-185.706
-214.994
-246.956
-281.568
-318.768
-358.264
-399.973
-443.478
-488.211
-533.489
-578.66
-623.479
-667.719
-711.244
-753.846
-795.606
-836.566
-876.513
-915.746
-954.099
-991.508
-1027.37
-1061.3
-1091.72
-1115.53
-1127.78
-1134.57
-1134.95
-1135.84
-10.2924
-9.85567
-10.3226
-11.0872
-11.5165
-12.6323
-13.8046
-15.3408
-17.2733
-19.8185
-23.0367
-27.1182
-32.3133
-38.9424
-47.2474
-57.391
-69.6778
-84.4279
-101.842
-122.229
-145.729
-172.225
-202.004
-235.223
-271.545
-310.828
-352.98
-397.675
-444.462
-492.669
-541.709
-591.04
-639.658
-686.746
-732.06
-776.127
-818.844
-860.134
-900.248
-938.888
-975.892
-1011.51
-1045.05
-1075.89
-1102.27
-1119.64
-1129.41
-1131.52
-1132.25
-1132.42
-12.5949
-12.21
-12.9813
-13.5182
-13.9401
-14.7222
-15.3498
-16.2379
-17.3412
-18.5999
-20.3801
-22.8552
-26.2219
-30.8666
-37.1849
-45.4294
-55.8789
-68.967
-84.9783
-104.367
-127.382
-153.799
-183.689
-217.483
-255.048
-296.249
-341.034
-389.012
-439.817
-492.768
-546.804
-600.607
-653.148
-703.781
-752.379
-798.518
-842.461
-884.172
-924.084
-962.729
-998.74
-1031.68
-1062.58
-1089.86
-1110.09
-1121.73
-1127.29
-1128.8
-1129.6
-1129.66
-15.2258
-15.0236
-15.9063
-16.4136
-16.8195
-17.4461
-17.7613
-18.0076
-18.2451
-18.4902
-18.8385
-19.5148
-20.9227
-23.3346
-27.1373
-32.8725
-40.9505
-51.7286
-65.6651
-83.1098
-104.558
-130.261
-159.999
-194.046
-232.569
-275.473
-322.529
-373.621
-428.383
-485.993
-545.399
-605.421
-664.412
-720.71
-772.901
-821.513
-867.11
-910.169
-950.55
-987.68
-1021.72
-1053.03
-1080.4
-1101.37
-1114.32
-1121.89
-1124.64
-1126.7
-1127.95
-1128.37
-16.5268
-16.7512
-18.0735
-19.1615
-19.8852
-20.7313
-21.0778
-21.1363
-20.7639
-20.0477
-18.9858
-17.8588
-16.9704
-16.7318
-17.6623
-20.2914
-25.268
-33.0712
-44.3594
-59.5545
-78.8072
-102.594
-131.471
-165.335
-204.146
-248.118
-297.249
-351.351
-410.184
-473.346
-539.43
-606.717
-673.073
-735.998
-794.118
-846.671
-894.258
-937.983
-978.378
-1015.13
-1046.98
-1075.21
-1097.42
-1111.36
-1119.22
-1122.82
-1125.27
-1127.21
-1128.5
-1129.32
-15.9689
-17.584
-19.3125
-21.1391
-22.5725
-24.1129
-24.7958
-25.1005
-24.6607
-23.3856
-21.3677
-18.7939
-15.8487
-12.9894
-10.7563
-9.91585
-11.2318
-15.4056
-22.9955
-34.6831
-50.9309
-72.1768
-98.9081
-131.597
-170.193
-214.669
-265.191
-321.784
-384.47
-452.892
-526.165
-601.914
-677.562
-750.299
-816.478
-874.406
-925.609
-970.805
-1010.35
-1044.14
-1074.19
-1098.35
-1114.16
-1123.13
-1127.34
-1129.32
-1130.52
-1131.19
-1131.78
-1132.48
-13.7314
-17.1051
-19.3464
-22.2283
-24.6992
-27.338
-28.9137
-30.1248
-30.1961
-28.9116
-26.4692
-22.7342
-17.8589
-12.3328
-6.7711
-1.99765
1.11881
1.49322
-1.73605
-9.21732
-21.813
-39.9196
-63.9663
-94.2066
-131.409
-175.626
-227.038
-285.666
-351.64
-424.922
-505.011
-590.257
-678.005
-763.235
-840.307
-907.227
-962.807
-1008.84
-1047.04
-1078.61
-1105.25
-1121.26
-1131.53
-1136.43
-1138.37
-1139.01
-1138.58
-1137.51
-1136.58
-1136.57
-11.3057
-15.1958
-18.6182
-22.4359
-25.8437
-29.6066
-32.6164
-35.2944
-36.5236
-36.1692
-34.0985
-29.9646
-24.0091
-16.3981
-7.88192
0.696916
8.41288
13.8994
16.002
14.2511
6.74087
-7.16913
-27.6892
-54.588
-89.2741
-131.932
-182.682
-242.218
-310.663
-388.546
-475.929
-572.073
-672.594
-772.78
-866.927
-945.667
-1007.45
-1055.37
-1090.74
-1117.53
-1131.88
-1142.85
-1146.72
-1148.09
-1147.71
-1146.56
-1144.69
-1142.21
-1139.84
-1138.86
-9.8136
-12.3584
-16.9951
-21.6599
-26.034
-31.0415
-35.8491
-40.5236
-43.6813
-45.3623
-44.2319
-40.3224
-33.8778
-25.0527
-13.8467
-1.27509
11.4495
23.0021
30.8801
34.23
32.5135
24.3959
9.28003
-13.9347
-45.103
-85.2382
-134.725
-194.072
-264.007
-345.138
-438.226
-543.465
-659.456
-780.139
-894.78
-991.086
-1062.67
-1109.69
-1140.73
-1158.97
-1163.04
-1161.01
-1159.53
-1157.06
-1154.09
-1150.8
-1147.24
-1143.56
-1140.53
-1138.46
-13.5673
-8.69982
-14.7961
-19.9922
-24.9787
-30.8555
-37.1232
-43.7491
-49.5289
-53.2888
-54.8713
-52.2148
-46.5987
-38.1829
-26.066
-10.3313
6.92449
23.9427
39.3648
49.5521
54.2647
52.2289
42.4126
24.5369
-1.54387
-37.343
-83.6099
-141.088
-211.209
-294.59
-392.885
-507.89
-640.489
-783.005
-924.31
-1047.1
-1130.87
-1180.06
-1200.19
-1197.26
-1191.13
-1179.19
-1170.41
-1164.18
-1158.25
-1152.74
-1147.59
-1142.81
-1139.06
-1136.58
-35.8396
-9.42676
-13.6619
-18.074
-23.4756
-30.1908
-37.4957
-45.6732
-54.3377
-60.7469
-63.99
-64.267
-62.0728
-55.95
-43.358
-23.6056
-0.783334
20.694
41.5109
59.1615
70.8117
76.0369
72.9661
60.9035
39.098
7.57169
-35.1739
-89.9212
-158.161
-242.278
-344.334
-466.455
-612.54
-779.824
-957.656
-1112.46
-1205.35
-1254.62
-1262.09
-1245.57
-1220.86
-1200.97
-1184.63
-1173.54
-1164
-1155.63
-1148.3
-1141.96
-1137.15
-1134.18
-19.4487
-3.0179
-7.51506
-13.9523
-21.5582
-29.1524
-37.6792
-48.0969
-59.6539
-70.6533
-78.0623
-82.3869
-82.5844
-78.0143
-67.7271
-47.953
-19.4533
9.61817
36.1243
61.5594
81.8638
94.7863
98.5784
91.4607
73.7269
45.4317
5.47112
-46.9386
-112.509
-195.559
-300.734
-430.028
-587.37
-787.778
-1015.11
-1222.52
-1354.63
-1393.02
-1361.19
-1314.63
-1269.57
-1233.3
-1205.85
-1185.58
-1171
-1158.28
-1147.83
-1139.72
-1134.26
-1131.15
-8.54278
-5.35357
-7.77015
-13.7729
-22.6002
-32.8565
-43.7698
-56.7419
-72.3764
-86.2623
-94.6683
-99.9809
-104.339
-102.554
-86.9613
-58.3632
-23.5839
11.6459
43.4899
71.8554
95.3358
109.888
114.34
107.611
89.5737
60.4224
18.7766
-36.748
-105.767
-193.474
-308.819
-455.954
-635.457
-872.485
-1156.14
-1406.73
-1521.36
-1510.87
-1451.29
-1380.64
-1312.98
-1260.23
-1220.73
-1192.31
-1171.55
-1155.13
-1142.6
-1133.4
-1127.82
-1125.05
-3.01766
-7.60238
-12.9913
-20.6892
-30.0638
-41.783
-57.6452
-75.3147
-92.107
-107.895
-120.511
-131.805
-135.452
-125.099
-100.101
-62.4883
-21.6847
17.3121
56.1904
89.8198
113.957
127.978
130.134
119.732
96.5863
62.2556
14.2291
-49.9941
-128.727
-226.918
-358.904
-532.599
-750.685
-1025.88
-1344.35
-1614.92
-1699.7
-1635.19
-1544.53
-1444.82
-1352.33
-1282.86
-1230.14
-1194.13
-1167.07
-1146.96
-1132.59
-1122.83
-1117.57
-1115.2
-2.95985
-9.62478
-17.2347
-28.67
-42.5286
-60.4119
-79.4402
-100.422
-123.91
-147.618
-166.628
-176.964
-177.351
-158.217
-129.924
-90.378
-35.0539
22.2573
70.0163
108.039
134.522
147.643
146.925
133.591
106.985
68.186
13.0664
-62.2676
-155.392
-270.611
-428.422
-637.223
-898.852
-1205.82
-1534.75
-1801.95
-1860.46
-1748.66
-1617.25
-1484.63
-1370.67
-1286.14
-1225.13
-1183.27
-1153.15
-1131.86
-1117.16
-1107.76
-1103.32
-1101.47
-3.18123
-13.217
-25.6053
-42.2347
-59.7469
-82.031
-110.28
-141.897
-174.579
-204.641
-232.604
-244.185
-248.629
-238.585
-193.313
-127.453
-51.6964
18.4633
76.3642
115.343
140.405
151.393
148.72
136.088
108.25
64.7932
6.33285
-70.2226
-171.765
-306.317
-490.211
-741.288
-1041.31
-1360.34
-1666.05
-1897.7
-1933.13
-1766.91
-1617.1
-1473.29
-1353.65
-1266.25
-1204.62
-1162.25
-1131.83
-1110.99
-1097.06
-1088.82
-1085.62
-1084.44
-5.03827
-17.1036
-32.7716
-53.8796
-82.7
-116.456
-153.688
-196.629
-246.086
-290.682
-332.023
-375.096
-382.618
-344.526
-267.984
-171.974
-68.5712
13.9321
65.2591
96.8172
113.351
114.131
101.868
87.959
56.9367
13.4211
-39.6433
-115.597
-228.074
-377.681
-575.236
-835.411
-1138.99
-1442.05
-1689.6
-1840.58
-1834.68
-1702.51
-1550.29
-1412.87
-1303.37
-1224.51
-1169.39
-1130.1
-1103.93
-1085.88
-1074.08
-1067.71
-1066.1
-1065.79
-5.97847
-23.2113
-46.1242
-74.4277
-110.535
-155.581
-212.498
-279.785
-351.118
-431.796
-509.582
-562.345
-556.124
-481.672
-367.285
-238.991
-132.425
-55.2224
-6.43918
18.9059
29.9367
28.4744
17.8539
-13.3292
-53.1269
-101.867
-160.364
-242.578
-359.07
-511.597
-704.327
-937.775
-1200.68
-1441.38
-1608.24
-1682.11
-1660.56
-1558.44
-1434.59
-1323.89
-1236.7
-1173.11
-1127.93
-1096.43
-1074.71
-1060
-1050.85
-1046.68
-1046.96
-1047.68
-9.10919
-30.0295
-58.7398
-98.7558
-152.924
-220.4
-296.796
-397.04
-530.502
-664.495
-767.416
-819.394
-795.52
-687.083
-531.97
-384.026
-267.666
-187.96
-142.077
-116.24
-107.284
-116.489
-142.308
-179.161
-227.043
-278.589
-339.431
-422.346
-534.587
-675.498
-842.888
-1032.16
-1221.31
-1378.12
-1474.16
-1503.62
-1476.8
-1404.11
-1314.43
-1232.94
-1169.05
-1122.06
-1088.1
-1063.98
-1047.34
-1036.36
-1030.06
-1028.26
-1030.66
-1032.65
-13.4378
-43.0172
-84.2917
-138.779
-207.415
-301.454
-434.777
-606.932
-803.619
-985.134
-1120.94
-1169.98
-1109.8
-947.594
-750.205
-582.706
-454.261
-373.608
-325.047
-292.688
-288.5
-313.811
-358.236
-409.177
-454.573
-505.444
-559.927
-628.719
-718.437
-828.435
-952.488
-1081.54
-1199.15
-1288.21
-1336.48
-1345.89
-1322.6
-1271.99
-1210.56
-1154.89
-1110.91
-1077.89
-1053.56
-1036.21
-1024.46
-1017.15
-1013.74
-1014.33
-1018.93
-1021.97
-18.3339
-56.5746
-108.904
-184.852
-294.564
-437.938
-628.285
-881.834
-1160.51
-1407.45
-1563.09
-1572.06
-1440.25
-1209.83
-990.169
-799.219
-669.737
-584.997
-523.285
-490.713
-501.286
-550.083
-613.157
-669.341
-705.266
-754.859
-794.528
-838.209
-893.161
-959.94
-1033.37
-1105.37
-1166.7
-1211.43
-1236.85
-1235.05
-1210.69
-1172.75
-1132.03
-1095.72
-1066.35
-1043.87
-1027.21
-1015.44
-1007.8
-1003.69
-1002.97
-1005.87
-1012.64
-1017.1
-20.7139
-72.2731
-146.994
-251.472
-396.55
-602.459
-895.535
-1239.13
-1587.64
-1876.64
-1994.23
-1925.91
-1729.43
-1458.44
-1220.78
-1024.94
-883.086
-775.848
-710.955
-695.373
-733.331
-808.193
-885.564
-945.455
-988.619
-998.877
-1010.4
-1024.14
-1044.3
-1070.63
-1099.65
-1127.15
-1150.62
-1167.22
-1169.29
-1154.31
-1131.25
-1105.5
-1079.21
-1055.28
-1035.65
-1020.6
-1009.52
-1001.99
-997.585
-996.04
-997.56
-1002.7
-1011.65
-1017.08
-31.5349
-94.4446
-183.926
-323.102
-538.389
-816.81
-1176.85
-1601.5
-1996.46
-2255.49
-2304.9
-2188.97
-1964.74
-1684.26
-1404.84
-1195.52
-1043.16
-925.939
-872.576
-879.102
-942.805
-1032.74
-1112.39
-1162.22
-1181.48
-1177.61
-1177.31
-1173.1
-1164.93
-1157.09
-1150.69
-1146.37
-1142.49
-1134.42
-1120.91
-1104.35
-1086.13
-1066.74
-1047.59
-1030.62
-1016.94
-1006.62
-999.23
-994.571
-992.51
-992.779
-995.749
-1002.39
-1012.15
-1018.83
-42.9446
-121.822
-240.759
-412.786
-662.021
-1005.33
-1437.97
-1904.29
-2304.72
-2525.33
-2539.14
-2372.12
-2117.29
-1820.39
-1518.17
-1281.04
-1123.12
-1019.72
-978.152
-996.003
-1068.71
-1159.35
-1232.59
-1274.63
-1289.73
-1295.04
-1288.66
-1274.85
-1249.63
-1219.2
-1188.98
-1162.13
-1138.84
-1117.53
-1098.1
-1080.09
-1062.42
-1045.23
-1029.68
-1016.61
-1006.43
-998.896
-993.729
-990.779
-990.017
-991.561
-995.474
-1002.39
-1012.82
-1018.24
-75.0293
-157.969
-283.195
-487.659
-775.676
-1151.32
-1588.08
-2039.32
-2407.35
-2595.25
-2584.42
-2409.47
-2141.28
-1829.67
-1516.42
-1266.94
-1117.03
-1036.59
-1004.07
-1029.35
-1100.31
-1190.23
-1265.87
-1308.45
-1325.59
-1337.1
-1342.05
-1329.93
-1297.2
-1255
-1211.41
-1171.47
-1138.45
-1110.41
-1086.76
-1066.33
-1048.17
-1032.19
-1018.76
-1008.03
-999.92
-993.989
-990.045
-988.132
-987.883
-989.704
-994.158
-1001.27
-1010.47
-1015.27
-107.352
-201.796
-334.258
-526.275
-808.637
-1178.85
-1583.5
-1995.53
-2324.42
-2488.62
-2455.97
-2271.79
-1992.47
-1684.14
-1387.61
-1164.81
-1037.23
-975.225
-953.928
-988.18
-1069.17
-1170.87
-1257.31
-1304.07
-1325.15
-1339.86
-1349.47
-1344.17
-1304.74
-1258.34
-1212.24
-1169.38
-1132.41
-1101.39
-1075.84
-1054.39
-1036.39
-1021.5
-1009.61
-1000.51
-993.735
-988.875
-985.661
-984.102
-984.29
-985.386
-989.686
-996.234
-1004.33
-1008.75
-170.885
-242.181
-364.501
-543.683
-798.298
-1106.81
-1438.53
-1773.66
-2037.62
-2157.18
-2107.55
-1934.27
-1684.83
-1426.13
-1185.9
-1003.26
-897.437
-851.199
-843.313
-891.125
-983.692
-1102.09
-1210.89
-1274.79
-1301.83
-1313.42
-1318.97
-1304.61
-1275.05
-1233.05
-1192.08
-1152.38
-1116.31
-1086.03
-1060.48
-1039.54
-1022.45
-1008.92
-998.53
-991.089
-985.436
-981.341
-978.766
-977.258
-976.893
-978.297
-981.026
-985.945
-993.177
-998.181
-264.691
-337.363
-412.246
-543.242
-732.582
-959.915
-1192.31
-1416.59
-1577.24
-1647.74
-1620.37
-1496.84
-1315.82
-1122.2
-933.611
-790.676
-714.623
-691.492
-700.763
-753.035
-848.855
-978.182
-1109.12
-1206.47
-1252.13
-1265.33
-1269.63
-1259.34
-1231.28
-1193.86
-1157.57
-1122.62
-1089.51
-1061.77
-1038.24
-1018.88
-1003.52
-991.946
-983.539
-977.698
-973.579
-970.597
-968.469
-967.25
-966.22
-965.934
-967.22
-970.299
-974.681
-981.537
-368.71
-445.757
-517.637
-582.871
-681.004
-801.379
-924.405
-1045.67
-1130.41
-1165.68
-1139.02
-1054.36
-928.818
-784.468
-649.316
-562.447
-527.761
-526.502
-548.955
-601.89
-696.037
-823.966
-961.486
-1089.33
-1169.07
-1202.86
-1211.01
-1202.64
-1180.72
-1149.89
-1116.22
-1084.13
-1054.35
-1029.01
-1008.33
-991.252
-978.525
-969.415
-963.596
-960.072
-958.088
-956.882
-955.71
-954.51
-953.53
-951.402
-949.765
-949.772
-950.472
-957.462
-467.033
-561.668
-630.025
-675.656
-691.559
-695.447
-700.033
-717.494
-730.048
-726.834
-700.061
-642.695
-561.032
-470.245
-393.121
-353.271
-347.098
-360.73
-397.398
-455.853
-542.406
-658.07
-796.784
-934.738
-1047.87
-1122.96
-1147.94
-1144.39
-1127.64
-1102.75
-1072.51
-1041.82
-1014.4
-991.334
-972.514
-958.202
-948.106
-942.063
-939.318
-938.958
-939.911
-941.267
-941.872
-940.788
-938.803
-936.634
-933.328
-930.376
-931.826
-935.974
-493.343
-630.534
-757.458
-801.128
-766.523
-661.245
-547.771
-461.421
-403.702
-365.321
-333.878
-295.837
-247.214
-196.838
-160.286
-153.761
-171.613
-206.787
-259.871
-324.26
-402.916
-502.68
-636.373
-774.368
-897.046
-1000.3
-1065.75
-1084.06
-1074.36
-1053.53
-1028.43
-999.533
-973.358
-951.932
-934.35
-922.008
-914.163
-910.925
-911.157
-914.244
-918.488
-922.712
-925.853
-927.402
-927.551
-925.565
-921.174
-916.613
-919.098
-922.64
-426.487
-568.401
-742.242
-889.735
-856.329
-675.825
-441.8
-267.531
-149.659
-81.5231
-46.4839
-20.5122
7.2887
31.6381
30.7083
8.43942
-29.5757
-85.6062
-146.609
-212.853
-291.188
-379.553
-493.482
-619.134
-745.326
-851.184
-942
-1005.16
-1019.76
-1005.69
-984.631
-959.605
-934.339
-912.924
-896.323
-884.582
-878.537
-876.555
-879.229
-884.699
-892.036
-900.046
-907.281
-912.953
-918.503
-920.251
-915.671
-911.406
-911.464
-915.371
-327.615
-428.245
-566.649
-728.556
-816.292
-683.077
-390.989
-138.564
32.8062
129.439
168.745
184.337
192.905
190.831
163.824
121.423
67.4345
7.31206
-53.1206
-124.75
-200.467
-280.508
-373.092
-483.178
-600.816
-711.313
-807.005
-885.047
-941.673
-959.515
-946.504
-922.947
-896.771
-876.604
-858.921
-847.275
-841.264
-839.595
-843.022
-850.167
-860.403
-871.84
-883.126
-898.991
-914.957
-921.406
-917.439
-911.863
-909.826
-913.157
-233.986
-306.458
-379.738
-466.143
-551.156
-520.34
-347.655
-75.1766
131.624
252.626
305.62
313.061
309.685
282.917
241.448
190.551
137.484
81.3892
17.7847
-50.4293
-119.086
-197.251
-280.203
-374.318
-477.3
-586.244
-682.529
-762.767
-829.587
-881.745
-903.442
-885.776
-863.706
-843.661
-824.212
-810.498
-802.328
-799.753
-801.754
-810.253
-822.385
-837.495
-857.102
-885.221
-910.945
-924.134
-922.457
-913.969
-910.009
-912.2
-162.203
-196.673
-235.202
-287.841
-327.779
-307.824
-204.576
-51.3599
132.981
265.747
311.617
324.454
324.812
313.738
280.498
236.659
187.185
131.758
72.9462
11.042
-57.956
-131.336
-209.322
-293.849
-381.083
-474.22
-568.748
-651.935
-719.433
-776.523
-820.237
-844.651
-840.08
-814.652
-792.768
-776.83
-763.888
-757.071
-756.757
-763.128
-776.609
-796.414
-827.138
-865.515
-899.179
-919.854
-922.036
-912.959
-907.391
-908.051
-121.178
-138.285
-160.696
-174.577
-171.827
-163.253
-108.458
-0.33593
126.171
225.019
285.178
310.301
319.31
314.527
291.685
257.348
214.77
166.195
111.195
50.7863
-12.2378
-77.6369
-149.359
-223.718
-303.184
-383.42
-466.54
-547.584
-619.536
-679.001
-729.017
-771.661
-793.149
-791.301
-772.424
-749.121
-728.86
-717.549
-711.94
-714.073
-727.182
-754.167
-793.058
-835.524
-876.317
-903.293
-909.726
-902.778
-896.809
-896.314
-89.1293
-101.389
-113.889
-114.794
-111.457
-92.2361
-45.2877
29.709
119.798
197.033
250.209
279.944
296.659
299.275
286.405
261.345
226.126
183.372
135.567
83.6288
27.3931
-32.6815
-94.5689
-161.587
-233.085
-306.325
-380.091
-452.85
-524.93
-589.895
-643.154
-688.728
-723.062
-744.318
-750.886
-727.46
-702.395
-683.578
-675.698
-675.208
-686.575
-715.082
-755.459
-800.382
-844.078
-874.59
-885.223
-880.252
-875.679
-875.367
-68.2723
-72.8837
-77.0252
-77.064
-71.8626
-56.0479
-22.0596
35.2683
102.832
166.646
214.846
247.761
268.125
275.476
270.472
252.739
226.053
192.741
153.453
108.409
59.4527
7.31101
-48.3429
-108.174
-171.812
-239.411
-307.245
-374.191
-439.72
-505.065
-564.703
-613.196
-650.691
-681.193
-700.436
-706.512
-689.143
-663.715
-647.9
-646.689
-658.212
-683.812
-722.284
-766.268
-807.91
-837.872
-850.846
-850.753
-846.787
-846.086
-57.9533
-57.5763
-55.3811
-53.3516
-46.1435
-33.2745
-10.3248
28.8654
81.2275
134.561
178.451
212.461
235.301
247.588
248.573
239.67
222.106
196.85
164.868
127.453
84.9526
38.5597
-10.9415
-64.9267
-123.465
-184.033
-247.05
-310.703
-372.587
-432.005
-489.984
-543.554
-587.008
-621.126
-648.521
-667.438
-669.282
-656.548
-637.23
-630.274
-639.79
-663.114
-696.842
-735.988
-773.123
-800.907
-814.458
-816.715
-814.282
-813.086
-53.8061
-44.4779
-40.8486
-39.3413
-33.9166
-23.7401
-4.75119
24.7181
63.8982
105.899
145.257
178.557
204.597
221.497
229.024
227.288
215.797
196.764
170.298
137.694
100.601
59.7825
13.9997
-36.24
-90.0734
-146.814
-204.6
-263.098
-322.068
-378.919
-432.281
-484.174
-531.016
-568.324
-598.106
-624.139
-639.935
-642.014
-637.092
-630.496
-635.429
-653.99
-682.074
-714.553
-745.273
-768.688
-781.071
-784.353
-783.414
-782.138
-61.8411
-34.8667
-30.9655
-26.8838
-21.5697
-12.6406
3.34336
28.0039
58.967
93.0312
127.703
158.676
184.226
202.102
211.177
210.349
201.676
185.567
162.265
134.155
100.69
61.4615
18.5063
-27.3845
-77.4867
-129.946
-183.163
-237.364
-291.145
-344.619
-396.072
-443.383
-487.475
-526.306
-558.583
-584.942
-605.153
-619.088
-628.652
-635.42
-646.138
-658.762
-678.425
-703.701
-727.128
-745.144
-755.298
-758.822
-759.067
-758.144
96.0292
92.437
90.6793
89.8439
89.3821
89.0488
88.6932
88.4028
88.239
88.1916
88.2548
88.379
88.5402
88.7301
88.9401
89.2026
89.5525
89.9061
90.3263
90.7764
91.2678
91.7404
92.5175
93.4958
94.2953
94.8819
95.487
96.155
96.7939
97.3333
97.7053
97.7852
97.4347
96.5158
94.8309
92.1114
88.0724
82.3977
74.6913
64.4984
51.3401
34.6753
13.8729
-11.7536
-42.873
-80.1965
-124.379
-176.104
-238.394
-301.35
94.4574
93.081
92.2977
92.0453
92.1
92.2368
92.3058
92.3475
92.4566
92.6879
93.0307
93.4636
93.9756
94.5578
95.2249
96.0161
96.9305
97.9639
99.1378
100.425
101.837
103.419
105.299
107.246
109.236
111.29
113.555
115.944
118.374
120.834
123.271
125.599
127.721
129.505
130.755
131.235
130.66
128.716
125.038
119.212
110.771
99.1861
83.9206
64.3505
39.8137
9.57526
-27.1062
-71.2121
-124.13
-176.805
94.361
94.3776
94.4485
94.7179
95.2121
95.849
96.4375
96.8845
97.2685
97.7781
98.4323
99.2315
100.171
101.234
102.437
103.824
105.388
107.149
109.108
111.283
113.669
116.337
119.235
122.35
125.691
129.339
133.261
137.389
141.708
146.201
150.807
155.462
160.1
164.595
168.773
172.415
175.267
177.027
177.354
175.847
172.059
165.523
155.704
142.015
123.856
100.561
71.4343
35.8665
-7.06824
-48.7506
95.6807
96.4248
97.1405
97.8534
98.7533
99.8597
100.915
101.809
102.581
103.402
104.386
105.567
106.952
108.553
110.354
112.386
114.666
117.197
119.997
123.095
126.522
130.288
134.385
138.841
143.681
148.901
154.493
160.451
166.762
173.373
180.236
187.309
194.519
201.76
208.886
215.714
222.006
227.463
231.747
234.466
235.213
233.529
228.92
220.884
208.881
192.295
170.493
142.849
108.66
77.7078
98.0699
99.2282
100.38
101.475
102.747
104.26
105.806
107.161
108.331
109.495
110.837
112.44
114.341
116.531
118.987
121.725
124.771
128.135
131.857
135.959
140.495
145.447
150.85
156.711
163.052
169.896
177.247
185.102
193.432
202.195
211.369
220.905
230.728
240.747
250.847
260.86
270.545
279.618
287.739
294.55
299.675
302.685
303.141
300.574
294.46
284.208
269.278
249.336
223.929
201.792
101.33
102.758
104.217
105.609
107.19
109.081
111.107
112.924
114.51
116.062
117.814
119.91
122.384
125.195
128.345
131.834
135.684
139.943
144.636
149.811
155.481
161.68
168.415
175.718
183.622
192.141
201.281
211.053
221.43
232.396
243.926
255.953
268.414
281.225
294.275
307.404
320.389
332.955
344.777
355.523
364.808
372.229
377.387
379.828
379.023
374.456
365.736
352.415
334.076
319.261
105.391
106.985
108.647
110.265
112.119
114.353
116.784
119.073
121.11
123.082
125.301
127.911
130.961
134.432
138.301
142.565
147.269
152.453
158.165
164.428
171.28
178.743
186.849
195.637
205.121
215.33
226.289
237.989
250.419
263.572
277.402
291.865
306.899
322.419
338.318
354.443
370.585
386.463
401.777
416.183
429.32
440.838
450.362
457.422
461.53
462.248
459.102
451.705
439.92
430.831
110.171
111.839
113.599
115.37
117.447
119.991
122.807
125.536
128.029
130.474
133.162
136.311
139.969
144.118
148.721
153.795
159.376
165.507
172.231
179.595
187.629
196.368
205.856
216.111
227.168
239.055
251.786
265.361
279.785
295.041
311.097
327.914
345.425
363.55
382.178
401.155
420.26
439.235
457.778
475.568
492.272
507.534
520.919
531.956
540.218
545.212
546.493
543.739
536.873
532.003
115.509
117.186
118.976
120.818
123.052
125.892
129.066
132.205
135.136
138.058
141.253
144.962
149.231
154.042
159.378
165.245
171.675
178.726
186.452
194.894
204.091
214.088
224.911
236.594
249.166
262.657
277.081
292.453
308.777
326.031
344.193
363.217
383.038
403.57
424.7
446.262
468.042
489.786
511.206
531.996
551.821
570.296
586.999
601.533
613.467
622.313
627.616
629.079
626.724
624.997
121.179
122.809
124.583
126.486
128.857
131.897
135.376
138.876
142.246
145.65
149.373
153.621
158.48
163.93
169.962
176.584
183.837
191.783
200.477
209.961
220.28
231.469
243.557
256.58
270.57
285.553
301.554
318.587
336.65
355.728
375.794
396.797
418.679
441.358
464.711
488.57
512.723
536.921
560.888
584.319
606.872
628.169
647.789
665.247
679.986
691.475
699.375
703.516
704.045
704.331
126.962
128.483
130.244
132.196
134.673
137.83
141.527
145.367
149.15
153.008
157.228
161.997
167.401
173.449
180.124
187.446
195.462
204.233
213.809
224.239
235.567
247.82
261.037
275.252
290.499
306.808
324.2
342.687
362.269
382.934
404.651
427.38
451.065
475.62
500.91
526.758
552.942
579.209
605.269
630.802
655.448
678.812
700.454
719.902
736.695
750.528
761.211
768.568
772.526
775.14
132.665
134.027
135.74
137.73
140.245
143.482
147.356
151.459
155.596
159.877
164.54
169.787
175.68
182.244
189.476
197.407
206.086
215.567
225.909
237.163
249.36
262.538
276.734
291.98
308.313
325.757
344.334
364.052
384.909
406.893
429.991
454.175
479.382
505.503
532.383
559.826
587.598
615.436
643.042
670.084
696.195
720.989
744.082
765.12
783.757
799.543
811.815
820.114
824.634
827.223
138.055
139.212
140.802
142.808
145.394
148.699
152.642
156.932
161.349
165.976
171.035
176.667
182.961
189.936
197.619
206.04
215.252
225.315
236.282
248.198
261.096
275.013
289.981
306.035
323.205
341.518
360.989
381.628
403.436
426.414
450.558
475.834
502.163
529.416
557.421
585.969
614.823
643.713
672.339
700.368
727.438
753.161
777.126
798.928
818.215
834.816
848.768
860.246
868.723
874.264
142.848
143.785
145.221
147.281
149.924
153.239
157.19
161.56
166.166
171.065
176.418
182.347
188.926
196.195
204.193
212.964
222.563
233.045
244.46
256.843
270.232
284.663
300.166
316.775
334.516
353.412
373.479
394.726
417.169
440.822
465.676
491.682
518.743
546.715
575.418
604.643
634.148
663.665
692.898
721.522
749.191
775.552
800.264
822.999
843.432
861.172
875.751
886.598
893.347
897.354
146.821
147.556
148.865
150.968
153.669
156.927
160.804
165.168
169.875
174.952
180.494
186.596
193.327
200.744
208.905
217.87
227.69
238.411
250.074
262.715
276.371
291.074
306.858
323.75
341.778
360.957
381.303
402.832
425.569
449.527
474.69
500.994
528.333
556.555
585.479
614.896
644.568
674.231
703.592
732.33
760.103
786.556
811.33
834.059
854.373
871.838
885.954
896.194
902.394
905.825
149.8
150.373
151.666
153.74
156.441
159.602
163.353
167.646
172.38
177.524
183.128
189.267
196.004
203.418
211.59
220.583
230.447
241.216
252.922
265.597
279.277
293.997
309.793
326.692
344.714
363.878
384.195
405.682
428.357
452.233
477.287
503.459
530.635
558.666
587.366
616.526
645.913
675.267
704.301
732.697
760.102
786.135
810.373
832.338
851.545
867.683
880.664
890.626
897.309
901.261
151.685
152.179
153.491
155.482
158.168
161.241
164.828
168.983
173.633
178.728
184.277
190.318
196.926
204.196
212.224
221.083
230.809
241.429
252.966
265.449
278.916
293.406
308.951
325.581
343.318
362.175
382.163
403.285
425.548
448.96
473.504
499.12
525.705
553.111
581.157
609.627
638.286
666.873
695.104
722.664
749.2
774.329
797.665
818.855
837.549
853.243
865.141
872.492
875.704
876.929
152.611
153.006
154.222
156.244
158.87
161.86
165.276
169.222
173.7
178.632
183.989
189.808
196.165
203.167
210.917
219.485
228.904
239.193
250.365
262.452
275.488
289.511
304.561
320.662
337.839
356.102
375.457
395.9
417.422
440.015
463.667
488.327
513.899
540.24
567.169
594.476
621.918
649.232
676.133
702.309
727.421
751.085
772.862
792.271
808.845
822.317
832.654
839.776
843.363
845.035
152.717
153.036
154.069
156.108
158.689
161.574
164.796
168.495
172.698
177.357
182.417
187.902
193.904
200.531
207.886
216.029
224.993
234.782
245.415
256.922
269.332
282.683
297.012
312.35
328.719
346.13
364.578
384.06
404.554
426.035
448.48
471.852
496.07
521.006
546.476
572.261
598.116
623.761
648.895
673.201
696.347
717.984
737.747
755.232
769.953
781.345
788.956
792.529
792.166
790.998
152.115
152.399
153.367
155.298
157.788
160.534
163.52
166.925
170.799
175.108
179.779
184.842
190.394
196.56
203.423
211.035
219.419
228.584
238.547
249.321
260.94
273.445
286.866
301.237
316.575
332.888
350.175
368.42
387.6
407.689
428.629
450.377
472.862
495.986
519.599
543.481
567.378
591
614.015
636.073
656.803
675.834
692.783
707.32
719.144
727.832
732.905
734.141
731.572
728.791
150.977
151.25
152.202
154.023
156.409
158.946
161.637
164.665
168.164
172.063
176.305
180.912
185.967
191.602
197.887
204.876
212.588
221.031
230.21
240.145
250.863
262.387
274.762
288.025
302.182
317.241
333.189
350.008
367.675
386.147
405.374
425.286
445.799
466.812
488.182
509.736
531.226
552.371
572.846
592.288
610.302
626.495
640.487
651.832
660.155
665.087
666.178
663.088
655.885
649.723
149.445
149.818
150.689
152.446
154.679
156.977
159.318
161.942
165.004
168.456
172.251
176.376
180.923
185.984
191.647
197.953
204.914
212.562
220.882
229.877
239.59
250.04
261.27
273.29
286.128
299.783
314.241
329.481
345.47
362.155
379.482
397.373
415.732
434.451
453.373
472.306
491.034
509.29
526.758
543.081
557.863
570.656
581.067
588.708
593.101
593.875
590.722
583.401
571.94
562.166
147.694
148.151
149.007
150.681
152.736
154.753
156.727
158.938
161.53
164.525
167.843
171.472
175.493
179.974
184.989
190.596
196.805
203.618
211.037
219.075
227.732
237.053
247.078
257.81
269.271
281.433
294.296
307.832
322.016
336.786
352.088
367.807
383.858
400.112
416.448
432.639
448.427
463.533
477.678
490.515
501.681
510.72
517.104
520.393
520.164
515.941
507.37
494.152
476.205
461.156
146.102
146.482
147.272
148.802
150.673
152.404
154.024
155.795
157.941
160.46
163.309
166.466
169.946
173.838
178.208
183.096
188.533
194.512
201.017
208.069
215.666
223.851
232.633
242.045
252.082
262.735
273.972
285.763
298.069
310.829
323.981
337.434
351.082
364.76
378.338
391.63
404.371
416.2
426.784
435.795
442.859
447.614
449.544
448.069
442.724
433.083
418.711
399.296
374.723
352.875
144.762
145.082
145.666
146.931
148.552
150.018
151.308
152.698
154.391
156.439
158.818
161.494
164.484
167.819
171.561
175.748
180.413
185.557
191.161
197.239
203.801
210.861
218.416
226.513
235.111
244.235
253.848
263.899
274.337
285.116
296.115
307.246
318.402
329.486
340.278
350.586
360.116
368.567
375.506
380.572
383.343
383.405
380.359
373.605
362.535
346.635
325.473
298.609
265.761
235.896
143.714
143.932
144.313
145.228
146.463
147.627
148.656
149.738
151.009
152.591
154.466
156.668
159.192
162.013
165.175
168.696
172.618
176.937
181.691
186.819
192.352
198.314
204.701
211.502
218.703
226.311
234.284
242.635
251.231
260.025
268.926
277.825
286.518
294.931
302.885
310.182
316.479
321.412
324.586
325.568
323.95
319.194
310.852
298.454
281.342
258.849
230.448
195.753
154.582
115.834
143.138
143.001
143.094
143.691
144.5
145.302
146.085
146.891
147.803
148.931
150.36
152.116
154.184
156.524
159.114
162.004
165.234
168.804
172.722
176.982
181.574
186.476
191.716
197.257
203.119
209.262
215.671
222.321
229.145
236.054
242.874
249.552
255.927
261.805
266.994
271.247
274.286
275.69
275.05
271.844
265.67
256.031
242.285
223.896
200.297
170.735
134.533
91.0949
40.0447
-9.07595
143.316
142.539
142.081
142.277
142.648
143.106
143.613
144.119
144.697
145.447
146.51
147.892
149.538
151.406
153.466
155.766
158.329
161.195
164.345
167.768
171.479
175.419
179.588
183.946
188.516
193.256
198.162
203.183
208.309
213.357
218.269
222.815
226.859
230.22
232.762
234.098
233.9
231.752
227.251
219.91
209.15
194.509
175.368
151.009
120.803
84.0274
39.8985
-12.3933
-73.3735
-134.822
144.501
142.517
141.407
141.051
140.95
141.031
141.224
141.427
141.703
142.167
142.913
143.956
145.209
146.636
148.214
149.962
151.924
154.129
156.592
159.238
162.118
165.149
168.34
171.601
174.969
178.38
181.868
185.385
188.869
192.208
195.201
197.727
199.567
200.51
200.411
198.918
195.557
189.925
181.523
169.953
154.686
135.051
110.42
80.0378
43.1487
-0.97909
-53.1346
-114.523
-186.351
-260.319
146.772
142.928
140.992
140.022
139.472
139.228
139.076
138.99
138.97
139.171
139.658
140.406
141.321
142.351
143.501
144.779
146.202
147.799
149.609
151.619
153.64
155.824
158.1
160.428
162.7
164.953
167.165
169.296
171.295
172.964
174.12
174.545
174.092
172.688
169.986
165.604
159.06
149.941
137.719
121.942
102.13
77.581
47.5308
11.1117
-32.4361
-83.8843
-143.798
-213.454
-294.988
-380.716
12.6539
5.24154
4.69719
3.77546
4.53203
4.41539
6.40351
5.85965
7.00864
9.54106
13.8776
14.5551
7.80663
-12.9704
-46.0899
-131.816
-213.859
-291.981
-358.836
-367.058
-321.967
-255.986
-181.933
-137.24
-107.323
-82.0718
-65.9178
-53.5962
-42.725
-35.5819
24.5463
13.8665
10.6648
9.40339
9.87005
11.6017
14.6722
16.7341
20.8196
29.1943
36.6322
43.3576
38.409
24.6798
-25.8607
-100.121
-169.186
-228.237
-271.692
-267.783
-240.631
-196.461
-153.032
-121.636
-96.7086
-77.4095
-63.1315
-50.7095
-38.2063
-25.5104
21.1855
17.0758
14.7946
13.4382
13.994
16.7901
20.4767
24.8095
30.5176
41.569
51.4544
57.6668
56.8552
42.9191
-14.5951
-77.0949
-129.855
-174.311
-201.007
-200.612
-181.912
-155.951
-130.919
-108.141
-88.5483
-72.9598
-60.0337
-48.9833
-39.0005
-31.1153
16.9537
17.3083
17.6932
16.7834
17.9918
21.2233
25.3911
31.2151
38.1748
48.9131
60.2801
64.6373
67.7679
47.2805
-1.41693
-54.2327
-94.6082
-128.704
-139.501
-146.411
-140.13
-125.348
-109.994
-94.0826
-79.5216
-67.1044
-56.2889
-47.3793
-41.0731
-37.7651
14.9882
17.0941
19.3805
19.6559
21.6096
25.1025
29.5776
35.7952
43.4258
52.9512
63.4123
66.6576
74.331
45.9507
10.1995
-30.5098
-64.0465
-86.7648
-100.568
-105.123
-105.994
-98.7159
-89.712
-79.3011
-69.1656
-60.0193
-51.8159
-45.2298
-41.7038
-40.7526
15.4673
17.1442
20.0087
21.5532
24.194
27.7952
32.3924
38.1557
45.4291
53.5869
62.9559
66.0811
68.029
45.6304
19.1486
-10.6986
-37.212
-52.6352
-70.3275
-78.0621
-79.1379
-76.0885
-71.4389
-65.1852
-58.8674
-52.5471
-46.8641
-42.3852
-40.386
-39.8855
16.8242
17.2556
19.9502
22.0239
25.1741
28.6008
33.0458
38.0973
44.3038
51.2607
58.6437
61.1719
57.419
43.5148
23.8534
3.26544
-15.9378
-35.2322
-47.2524
-54.7483
-58.0358
-57.8785
-56.1609
-52.7551
-49.3611
-45.176
-41.6771
-38.8763
-37.6376
-36.7167
17.8725
17.5419
19.5898
21.3534
24.6568
27.5601
31.5603
35.8576
40.9927
46.2789
51.7664
53.6646
45.5976
39.1811
24.6453
8.09983
-6.86335
-21.6192
-31.5482
-38.3154
-42.4709
-44.1523
-44.0207
-42.381
-40.9202
-38.3564
-36.5546
-34.9248
-34.0076
-32.8347
18.3425
17.7537
19.228
20.259
23.3086
25.5436
29.0482
32.4651
36.6211
40.0564
43.4116
43.8023
35.621
32.7919
22.7049
9.48719
-2.64036
-13.3654
-21.1663
-27.1877
-31.3514
-34.1819
-34.7251
-34.2176
-33.8466
-32.512
-31.871
-30.9707
-30.2764
-29.0044
18.2158
17.7442
18.8556
19.2263
21.874
23.3566
26.3472
28.7338
31.8263
33.3471
34.8614
32.5614
27.014
24.6795
19.4186
9.04725
-0.172545
-8.33263
-14.1741
-19.3534
-23.1712
-26.6967
-27.6288
-28.0151
-28.2087
-27.7538
-27.7059
-27.1768
-26.6952
-25.6512
17.4453
17.3255
18.1888
18.2128
20.4127
21.2546
23.5146
24.8506
26.9162
26.8889
26.4909
22.1076
18.342
15.6972
15.7658
7.46836
0.634321
-5.31171
-9.59444
-13.7509
-17.2284
-20.9451
-22.1002
-23.1466
-23.6702
-23.8662
-23.9821
-23.6251
-23.3727
-22.7475
16.2978
16.2887
17.1634
16.9674
18.6262
18.9309
20.5289
21.0425
22.0032
21.4948
18.7443
14.0378
7.62704
7.59101
11.8058
5.60337
0.863685
-3.3286
-6.46232
-9.60141
-12.8934
-16.3923
-17.626
-18.9892
-19.7138
-20.4108
-20.5789
-20.4126
-20.4719
-20.2044
14.81
14.8321
15.5168
15.2939
16.4074
16.4268
17.3952
17.363
17.4017
16.7003
12.3156
7.9206
-3.1879
2.37569
6.61322
3.28267
0.5012
-2.28034
-4.14531
-6.40894
-9.66709
-12.7973
-14.0345
-15.3902
-16.199
-17.1579
-17.3784
-17.4411
-17.7699
-17.8215
13.1168
13.0974
13.4961
13.3459
14.0393
13.8432
14.7067
13.9628
13.5267
12.4545
7.94935
2.85852
-9.65496
-2.76958
-0.182965
2.43786
0.119494
-1.49219
-2.53082
-4.15838
-7.18142
-9.78723
-11.0419
-12.2824
-13.1247
-14.1691
-14.423
-14.6572
-15.1853
-15.3676
11.3115
11.2734
11.5592
11.3516
11.7899
11.5071
11.9368
11.2251
10.4893
8.85954
5.14441
0.533688
-10.6347
-9.15265
-5.56773
1.85424
-0.557031
-1.0625
-1.75303
-2.50003
-5.28883
-7.25367
-8.4656
-9.56579
-10.4726
-11.5295
-11.8514
-12.2178
-12.7831
-12.9473
9.33639
9.3827
9.60069
9.45011
9.7016
9.42924
9.45385
8.7089
7.96649
6.22178
3.4525
-0.830123
-8.60948
-12.2501
-7.78846
0.0747516
-1.22919
-0.960793
-1.48918
-1.41891
-3.89469
-5.3058
-6.40725
-7.23154
-8.09461
-9.05696
-9.50001
-9.9801
-10.5811
-10.6888
7.35039
7.20338
7.45733
7.50656
7.6875
7.43801
7.33584
6.63011
5.8933
4.44876
2.2101
-0.955367
-6.67801
-11.1235
-9.68504
-1.81754
-0.704254
-0.903978
-1.07721
-0.592353
-2.73828
-3.76618
-4.7032
-5.22266
-5.97537
-6.76037
-7.27787
-7.79682
-8.47028
-8.47087
5.43899
5.05082
5.22757
5.23544
5.43055
5.25027
5.23934
4.86387
4.07915
3.05278
1.47989
-0.378917
-4.47637
-7.76287
-8.57191
-3.42986
0.134163
-0.52653
-0.511674
0.0163796
-1.64996
-2.41477
-3.1762
-3.54829
-4.20959
-4.80016
-5.27378
-5.62632
-6.12733
-6.04797
3.33473
3.09855
3.0744
2.88593
3.05767
3.03508
3.03257
2.82496
2.44825
2.02261
0.71035
-0.182527
-3.11993
-4.11152
-6.09743
-2.41355
3.0443
-1.01911
0.586857
0.593046
-0.54
-1.15168
-1.6422
-1.83792
-2.45782
-2.93205
-3.25932
-3.35065
-3.61614
-3.55862
0.829727
0.895663
0.962902
0.740288
0.814496
0.826716
0.862766
0.578523
0.582632
0.676967
-0.261152
-0.704639
-2.08229
-1.25729
-1.54639
0.592405
1.04845
-0.265318
1.06429
0.440669
-0.085277
-0.293875
-0.502759
-0.602015
-0.858187
-0.977927
-1.112
-1.09417
-1.21207
-1.26849
)
;

boundaryField
{
    INLET
    {
        type            zeroGradient;
    }
    OUTLET
    {
        type            fixedValue;
        value           uniform 0;
    }
    WALL
    {
        type            zeroGradient;
    }
    CYLINDER
    {
        type            zeroGradient;
    }
    frontAndBackPlanes
    {
        type            empty;
    }
}


// ************************************************************************* //
