/*--------------------------------*- C++ -*----------------------------------*\
| =========                 |                                                 |
| \\      /  F ield         | OpenFOAM: The Open Source CFD Toolbox           |
|  \\    /   O peration     | Version:  v1912                                 |
|   \\  /    A nd           | Website:  www.openfoam.com                      |
|    \\/     M anipulation  |                                                 |
\*---------------------------------------------------------------------------*/
FoamFile
{
    version     2.0;
    format      ascii;
    class       volScalarField;
    location    "0.25";
    object      p;
}
// * * * * * * * * * * * * * * * * * * * * * * * * * * * * * * * * * * * * * //

dimensions      [0 2 -2 0 0 0 0];


internalField   nonuniform List<scalar> 
6600
(
81.8709
77.0363
74.691
73.4033
72.9501
72.9852
73.4118
74.2425
75.5949
77.5234
80.0172
83.0279
86.6109
90.7814
95.5089
100.805
106.672
113.109
120.118
127.675
135.736
144.242
153.093
162.42
172.139
181.962
191.855
201.828
211.655
221.209
230.382
239.045
246.967
253.862
259.534
263.706
266.023
266.164
263.758
258.393
249.607
237.143
220.133
198.109
170.485
136.539
96.1019
48.2287
-8.00888
-63.6233
78.5062
73.4162
71.6573
70.0791
69.27
68.9607
69.0771
69.6887
70.897
72.6163
74.8756
77.7149
81.083
85.0238
89.4947
94.5187
100.087
106.187
112.816
119.951
127.556
135.615
144.032
152.58
161.387
170.394
179.349
188.244
196.993
205.372
213.224
220.403
226.715
231.854
235.57
237.647
237.751
235.518
230.582
222.539
210.942
195.316
175.096
149.737
118.667
81.2026
37.1947
-13.6992
-71.5839
-126.764
73.802
68.359
67.3864
65.6158
64.6134
64.1453
64.1113
64.6349
65.7449
67.3911
69.5858
72.3205
75.6026
79.4409
83.7983
88.6776
94.0713
99.9584
106.32
113.13
120.347
127.889
135.719
143.759
151.884
160.009
168.04
175.88
183.411
190.451
196.834
202.395
206.904
210.096
211.738
211.547
209.214
204.426
196.799
185.933
171.385
152.658
129.336
100.943
66.9589
26.7781
-19.7841
-72.0564
-128.9
-180.416
68.1886
62.4374
61.9613
59.9055
58.8416
58.2618
58.219
58.7563
59.8658
61.5128
63.7077
66.4249
69.6924
73.4889
77.7864
82.5796
87.8453
93.5586
99.6851
106.176
113.004
120.164
127.506
134.804
142.123
149.443
156.557
163.299
169.596
175.284
180.152
184.01
186.661
187.85
187.313
184.803
180.028
172.661
162.345
148.706
131.348
109.869
83.9299
53.1393
17.0937
-24.6725
-72.1972
-124.243
-178.472
-224.156
61.7629
55.5608
55.3852
53.0218
51.9947
51.462
51.4334
51.9112
53.0265
54.7227
56.8968
59.5978
62.8314
66.5624
70.7711
75.4445
80.5533
86.0626
91.9277
98.0885
104.477
111.015
117.731
124.553
131.199
137.596
143.713
149.399
154.471
158.765
162.114
164.318
165.148
164.375
161.777
157.063
149.957
140.192
127.438
111.366
91.6727
68.068
40.2985
8.07264
-28.909
-70.9132
-117.9
-168.4
-218.637
-256.984
54.6362
47.7971
47.5554
45.0026
44.0457
43.5249
43.4872
43.9978
45.0383
46.6536
48.7984
51.4472
54.5777
58.178
62.2293
66.7096
71.5847
76.8101
82.3369
88.1026
94.0553
100.184
106.277
112.205
118.058
123.694
128.87
133.456
137.341
140.335
142.238
142.861
142.001
139.433
134.913
128.228
119.123
107.335
92.6194
74.7304
53.4501
28.5884
-0.0180537
-32.5782
-69.3248
-110.454
-155.545
-203.234
-248.758
-278.683
45.9635
38.9728
38.5294
35.7986
34.922
34.3533
34.2977
34.7509
35.7398
37.2585
39.2875
41.7841
44.7335
48.1258
51.9312
56.1256
60.673
65.5296
70.648
75.9631
81.389
86.827
92.3602
97.8266
102.909
107.58
111.783
115.344
118.072
119.796
120.352
119.561
117.195
113.05
106.957
98.6768
88.0015
74.7605
58.7564
39.8144
17.8011
-7.39193
-35.8444
-67.656
-102.995
-142.164
-184.767
-228.82
-268.846
-290.349
35.8239
28.8592
28.1585
25.31
24.3803
23.7799
23.7012
24.1318
24.9964
26.3402
28.1674
30.4344
33.125
36.2259
39.7073
43.5413
47.6914
52.1181
56.7679
61.5856
66.5315
71.5524
76.3406
80.8711
85.2165
89.1946
92.5301
95.0787
96.7483
97.3774
96.7664
94.7351
91.1306
85.7717
78.4593
69.059
57.4113
43.3588
26.7851
7.58997
-14.2995
-38.9228
-66.2984
-96.4851
-129.573
-165.742
-205.194
-245.358
-280.174
-294.962
23.573
17.2088
16.3738
13.4732
12.5332
11.8372
11.592
11.9011
12.6752
13.8452
15.3966
17.3458
19.701
22.426
25.5067
28.9122
32.6087
36.5551
40.7046
44.9861
49.294
53.5879
57.9367
62.0688
65.7178
68.7979
71.2711
73.0061
73.8011
73.4781
71.9167
68.9836
64.4844
58.27
50.2506
40.2709
28.2164
14.017
-2.40813
-21.1179
-42.1308
-65.4354
-90.9955
-118.783
-148.909
-181.703
-216.909
-252.708
-283.527
-295.05
9.59631
3.84662
3.06712
0.150351
-0.748027
-1.60519
-1.91979
-1.83717
-1.35842
-0.477387
0.770597
2.38378
4.32351
6.6188
9.25086
12.1865
15.4003
18.8534
22.5027
26.3016
30.2163
34.0728
37.6537
40.9538
43.9908
46.6156
48.5323
49.5698
49.6667
48.7217
46.5545
43.0106
38.006
31.4294
23.1424
13.0917
1.21943
-12.5364
-28.2082
-45.8026
-65.3008
-86.6556
-109.802
-134.683
-161.215
-189.958
-219.989
-249.881
-275.047
-286.293
-5.91103
-11.2121
-11.8544
-14.5481
-15.4411
-16.4291
-17.0072
-17.1899
-17.0033
-16.5057
-15.6619
-14.5043
-13.0263
-11.2025
-9.07848
-6.64992
-3.9388
-0.982593
2.16277
5.43705
8.75557
12.1001
15.4208
18.534
21.1529
23.1441
24.5274
25.2276
25.0164
23.7038
21.2301
17.5222
12.43
5.86312
-2.18974
-11.8054
-23.0282
-35.8488
-50.2539
-66.2278
-83.7218
-102.659
-122.925
-144.34
-167.137
-190.943
-214.593
-235.744
-250.067
-259.705
-22.8126
-27.5733
-28.1169
-30.6351
-31.62
-32.761
-33.6015
-34.1103
-34.378
-34.3548
-34.0305
-33.3922
-32.4233
-31.1457
-29.5519
-27.6335
-25.4194
-22.9402
-20.2235
-17.3172
-14.2671
-11.2179
-8.37355
-5.80449
-3.43957
-1.40177
-0.023949
0.505932
0.179519
-1.0667
-3.40026
-6.95348
-11.7502
-17.8313
-25.2843
-34.1016
-44.256
-55.7349
-68.5102
-82.5145
-97.6592
-113.827
-130.83
-148.613
-166.964
-185.084
-201.737
-214.096
-218.49
-223.17
-41.0921
-45.3139
-45.6603
-48.0028
-49.051
-50.5006
-51.653
-52.5925
-53.3177
-53.8001
-54.0628
-54.0746
-53.7512
-53.0893
-52.0696
-50.7055
-49.0089
-46.9911
-44.6877
-42.1553
-39.4817
-36.7059
-33.8394
-31.0176
-28.5708
-26.6714
-25.2519
-24.3701
-24.2895
-25.1859
-27.097
-30.051
-34.1582
-39.4739
-45.9522
-53.6006
-62.4131
-72.3197
-83.2234
-95.0398
-107.662
-120.922
-134.601
-148.683
-162.406
-174.863
-185.018
-191.631
-195.748
-197.185
-60.4594
-63.7567
-64.0899
-66.4206
-67.6131
-69.4129
-70.9775
-72.4457
-73.7974
-74.9995
-75.9625
-76.6475
-77.0298
-77.0407
-76.6615
-75.8838
-74.6926
-73.097
-71.1226
-68.7952
-66.1483
-63.2985
-60.4826
-57.7884
-55.1012
-52.5333
-50.4496
-49.0719
-48.3889
-48.4795
-49.4848
-51.5515
-54.6882
-58.8749
-64.1545
-70.4871
-77.7725
-85.9292
-94.8841
-104.515
-114.671
-125.136
-135.725
-146.154
-155.944
-164.286
-170.284
-173.297
-177.624
-178.414
-80.6237
-82.8498
-83.1122
-85.3859
-86.8503
-89.0497
-91.1987
-93.3209
-95.3905
-97.3504
-99.1266
-100.696
-101.926
-102.734
-103.107
-102.995
-102.366
-101.226
-99.5807
-97.466
-94.9384
-92.0653
-88.8495
-85.3828
-81.991
-78.9216
-76.1209
-73.6486
-71.7961
-70.7727
-70.6709
-71.4927
-73.3127
-76.204
-80.0948
-84.917
-90.6185
-97.0974
-104.199
-111.784
-119.716
-127.711
-135.664
-143.375
-150.241
-155.465
-158.525
-161.595
-163.256
-164.406
-100.516
-101.728
-102.123
-104.543
-106.371
-109.147
-111.967
-114.896
-117.914
-120.898
-123.667
-126.166
-128.375
-130.164
-131.403
-132.037
-132.034
-131.364
-130.011
-127.973
-125.263
-121.96
-118.302
-114.457
-110.324
-105.986
-101.78
-98.0335
-94.8455
-92.3072
-90.5611
-89.8256
-90.177
-91.5457
-93.9371
-97.3068
-101.513
-106.405
-111.878
-117.838
-123.812
-129.678
-135.619
-141.204
-145.955
-149.297
-151.223
-153.192
-154.406
-155.142
-119.683
-119.898
-120.487
-123.108
-125.428
-128.96
-132.657
-136.591
-140.677
-144.79
-148.797
-152.507
-155.861
-158.816
-161.157
-162.753
-163.543
-163.478
-162.512
-160.652
-157.908
-154.333
-150.011
-144.939
-139.419
-133.827
-128.239
-122.703
-117.515
-113.021
-109.472
-106.93
-105.45
-105.165
-106.03
-107.914
-110.708
-114.327
-118.709
-123.187
-127.403
-131.798
-136.13
-139.907
-142.796
-144.791
-147.005
-147.918
-148.817
-149.137
-136.86
-136.506
-137.453
-140.533
-143.556
-148.002
-152.717
-157.884
-163.339
-168.924
-174.45
-179.675
-184.462
-188.73
-192.361
-195.12
-196.895
-197.578
-197.122
-195.47
-192.554
-188.373
-183.193
-177.282
-170.628
-163.253
-155.483
-147.773
-140.445
-133.683
-127.692
-122.804
-119.309
-117.179
-116.381
-116.881
-118.58
-121.369
-124.687
-127.847
-131.249
-134.73
-137.49
-139.293
-140.45
-141.937
-143.183
-144.218
-145.015
-145.178
-151.696
-150.524
-152.372
-156.018
-159.911
-165.5
-171.465
-178.051
-185.071
-192.283
-199.554
-206.661
-213.273
-219.187
-224.393
-228.702
-231.808
-233.567
-233.879
-232.658
-229.877
-225.541
-219.674
-212.317
-203.692
-194.355
-184.531
-174.355
-164.149
-154.364
-145.55
-138.065
-132.034
-127.7
-125.153
-124.292
-124.974
-126.936
-129.494
-132.545
-135.856
-138.332
-139.301
-139.468
-139.481
-139.976
-140.951
-142.05
-142.843
-143.057
-162.797
-162.061
-164.703
-169.066
-174.025
-180.919
-188.282
-196.516
-205.332
-214.532
-223.85
-233.063
-241.939
-250.116
-257.345
-263.493
-268.263
-271.438
-272.861
-272.368
-269.838
-265.162
-258.462
-250.081
-240.157
-228.655
-215.971
-202.663
-189.265
-176.252
-163.964
-152.869
-143.681
-136.724
-132.053
-129.658
-129.358
-130.94
-133.819
-137.501
-140.691
-141.997
-141.923
-141.045
-140.409
-140.237
-140.659
-141.399
-141.946
-142.237
-169.848
-170.533
-173.96
-179.176
-185.323
-193.561
-202.418
-212.494
-223.321
-234.607
-246.246
-257.982
-269.451
-280.3
-290.123
-298.629
-305.643
-310.86
-313.935
-314.681
-312.945
-308.61
-301.659
-292.135
-280.138
-266.197
-250.86
-234.402
-217.214
-199.83
-183.089
-167.915
-154.771
-144.241
-136.824
-132.498
-131.427
-133.096
-136.731
-141.141
-144.523
-145.83
-145.498
-144.513
-143.445
-142.404
-141.58
-141.045
-140.891
-141.088
-172.06
-174.967
-179.395
-185.893
-193.275
-203.116
-213.51
-225.459
-238.433
-252.176
-266.383
-280.847
-295.305
-309.307
-322.341
-333.979
-343.891
-351.689
-357.02
-359.608
-359.184
-355.472
-348.279
-337.99
-324.869
-308.851
-290.328
-269.925
-248.338
-226.402
-204.804
-184.167
-165.611
-150.349
-138.999
-131.954
-129.457
-131.072
-136.062
-142.171
-146.651
-148.863
-148.952
-147.825
-145.859
-143.613
-141.457
-139.763
-138.928
-138.696
-169.987
-175.336
-180.862
-188.818
-197.58
-209.001
-220.915
-234.868
-249.992
-266.143
-283.199
-300.758
-318.491
-336.027
-352.827
-368.284
-381.847
-393.009
-401.429
-406.693
-408.435
-406.301
-400.077
-389.659
-375.12
-356.74
-335.313
-311.145
-285.004
-257.498
-229.46
-202.284
-177.337
-155.669
-138.616
-126.996
-121.751
-123.816
-131.073
-139.183
-145.238
-148.664
-149.524
-148.401
-145.845
-142.753
-139.753
-137.222
-135.65
-134.805
-163.743
-172.066
-178.424
-187.851
-198.172
-210.856
-224.444
-240.348
-257.633
-276.311
-296.166
-316.958
-338.335
-359.822
-380.853
-400.748
-418.803
-434.369
-446.861
-455.754
-460.593
-460.822
-456.054
-446.014
-431.059
-411.591
-387.324
-359.171
-327.746
-294.072
-259.478
-224.819
-191.444
-161.333
-136.182
-117.999
-109.576
-111.412
-120.228
-130.841
-139.651
-144.548
-146.971
-147.079
-145.517
-142.683
-139.213
-135.977
-133.738
-132.183
-154.969
-165.381
-172.461
-183.163
-194.775
-208.539
-223.874
-241.573
-260.726
-281.897
-304.733
-328.828
-353.916
-379.599
-405.289
-430.222
-453.549
-474.434
-492
-505.653
-514.618
-518.575
-516.803
-508.713
-494.148
-473.365
-446.714
-414.769
-378.528
-338.953
-296.756
-252.823
-209.871
-169.873
-134.594
-108.067
-94.2386
-94.7683
-104.635
-118.453
-130.941
-141.261
-147.771
-150.306
-149.866
-147.133
-143.144
-139.092
-136.202
-134.279
-143.801
-156.201
-163.734
-175.544
-187.837
-202.585
-219.285
-238.304
-259.469
-282.888
-308.363
-335.76
-364.689
-394.751
-425.413
-455.878
-485.184
-512.284
-536.173
-555.795
-570.388
-579.286
-581.302
-575.903
-563.063
-542.698
-515.103
-480.624
-439.562
-392.808
-342.136
-289.954
-236.997
-184.769
-136.607
-100.66
-82.3517
-79.907
-89.423
-107.435
-125.72
-140.976
-151.392
-156.62
-157.58
-155.295
-150.87
-146.059
-142.606
-140.673
-132.45
-145.015
-153.027
-165.262
-178
-193.32
-210.769
-230.942
-253.496
-278.891
-306.926
-337.398
-370.043
-404.508
-440.292
-476.613
-512.408
-546.441
-577.534
-604.513
-626.189
-641.307
-649.202
-648.848
-639.213
-620.155
-592.054
-555.29
-510.236
-458.317
-400.813
-339.224
-273.856
-208.05
-151.772
-108.013
-83.5464
-75.2952
-81.3498
-99.2816
-121.841
-140.413
-153.205
-159.902
-161.956
-160.151
-156.42
-151.762
-149.008
-147.959
-121.536
-132.697
-141.261
-153.533
-166.313
-181.815
-199.487
-220.16
-243.809
-270.572
-300.512
-333.658
-369.725
-408.478
-449.427
-491.828
-534.51
-576.084
-615.191
-650.619
-680.788
-704.172
-719.647
-725.31
-720.029
-704.079
-677.558
-640.902
-594.829
-538.846
-474.004
-400.688
-322.861
-247.373
-181.712
-134.483
-103.718
-91.9623
-93.2503
-104.485
-122.056
-138.514
-150.618
-157.313
-159.289
-158.369
-155.847
-153.122
-151.527
-151.309
-116.242
-119.734
-129.172
-140.77
-153.455
-168.793
-186.297
-207.001
-230.92
-258.548
-289.791
-324.831
-363.684
-406.284
-452.343
-500.98
-550.804
-600.335
-648.029
-692.882
-732.98
-766.015
-790.611
-804.95
-807.124
-796.731
-773.546
-737.604
-689.704
-629.111
-554.381
-471.112
-382.813
-303.488
-232.403
-178.627
-142.976
-124.137
-117.942
-121.41
-130.985
-142.001
-150.736
-155.43
-156.228
-154.626
-152.678
-151.477
-151.167
-151.813
-129.305
-109.718
-117.854
-128.491
-141.035
-155.98
-172.985
-193.216
-217.06
-244.821
-276.689
-313
-353.953
-399.557
-450.074
-504.372
-560.653
-618.186
-675.164
-730.147
-780.785
-824.233
-859.946
-884.681
-894.723
-892.235
-875.793
-841.959
-792.3
-730.788
-646.971
-555.357
-466.263
-379.242
-302.986
-243.249
-199.378
-169.854
-153.783
-147.612
-148.094
-151.297
-154.647
-155.974
-154.846
-152.533
-150.718
-150.256
-150.75
-151.724
30.8746
25.8324
23.4357
21.9555
21.2466
20.959
20.922
21.1102
21.658
22.5923
23.9287
25.6136
27.67
30.0975
32.8825
36.0376
39.5596
43.4563
47.7598
52.4485
57.4737
62.7642
68.4141
74.4065
80.5726
86.8185
93.112
99.3859
105.524
111.391
116.827
121.676
125.766
128.897
130.886
131.225
129.628
125.75
119.221
109.619
96.4539
79.1776
57.2152
29.8517
-3.22911
-43.4226
-90.6083
-145.396
-210.654
-276.302
27.1503
21.563
19.597
17.5903
16.3568
15.5807
15.0962
14.9441
15.1931
15.7829
16.7075
18.0305
19.678
21.6693
24.0046
26.6838
29.707
33.0701
36.7938
40.8653
45.2771
49.9121
54.6132
59.5203
64.7404
70.0147
75.155
80.1327
84.905
89.2961
93.1236
96.2012
98.333
99.2893
99.073
96.893
92.6201
85.8775
76.28
63.3771
46.6552
25.5587
-0.479153
-32.1604
-70.0218
-115
-167.161
-226.682
-295.241
-362.576
21.7351
15.5068
14.2888
11.8684
10.312
9.20756
8.35372
7.94668
7.89032
8.18794
8.8262
9.79683
11.0943
12.7312
14.6863
16.9591
19.5465
22.4327
25.623
29.0966
32.8524
36.7956
40.7662
44.8432
49.011
53.1481
57.1304
60.86
64.1988
66.9809
69.0516
70.2435
70.3233
69.028
66.1472
61.3364
54.2364
44.4653
31.6344
15.2918
-5.0703
-29.9895
-59.9983
-95.7405
-137.795
-186.822
-242.969
-305.685
-374.681
-439.701
15.2049
8.27491
7.60296
4.71821
2.98433
1.55696
0.533683
-0.122539
-0.410551
-0.355476
0.0367705
0.726871
1.73876
3.05818
4.66469
6.56433
8.73275
11.1535
13.8124
16.6751
19.7437
23.014
26.2771
29.4467
32.5545
35.5623
38.3091
40.646
42.4652
43.6136
43.9041
43.1239
41.0367
37.4072
31.9426
24.3686
14.3662
1.53428
-14.5279
-34.2544
-58.1176
-86.5875
-120.125
-159.268
-204.531
-256.487
-315.204
-379.287
-447.044
-507.593
7.42982
0.126216
-0.516698
-3.73451
-5.55457
-7.11562
-8.32434
-9.22285
-9.74919
-9.89169
-9.76237
-9.35251
-8.6363
-7.65379
-6.409
-4.92406
-3.21085
-1.2968
0.78339
2.9856
5.2911
7.68528
10.1015
12.4171
14.5162
16.3392
17.8018
18.7741
19.0773
18.5431
17.0014
14.2489
10.0353
4.10424
-3.83208
-14.0666
-26.8748
-42.6242
-61.6952
-84.4775
-111.376
-142.787
-179.085
-220.681
-267.959
-321.382
-380.909
-444.884
-510.287
-564.787
-1.15196
-9.13924
-9.94498
-13.4821
-15.3441
-17.0126
-18.4436
-19.5072
-20.255
-20.7141
-20.8555
-20.7319
-20.388
-19.8009
-18.9989
-17.999
-16.8199
-15.4961
-14.0603
-12.5684
-11.043
-9.48356
-7.9921
-6.69876
-5.67796
-5.02191
-4.84912
-5.30531
-6.5278
-8.68825
-11.986
-16.643
-22.9024
-30.9997
-41.2098
-53.8357
-69.1448
-87.4488
-109.054
-134.3
-163.52
-197.005
-235.032
-277.91
-325.932
-379.422
-438.377
-501.04
-562.811
-609.782
-11.4562
-19.6593
-20.5679
-24.3956
-26.3015
-28.1654
-29.738
-31.042
-32.0665
-32.8036
-33.3144
-33.6148
-33.6972
-33.6049
-33.3452
-32.931
-32.3857
-31.7388
-31.0276
-30.3095
-29.6185
-28.981
-28.4872
-28.2331
-28.2925
-28.8004
-29.8944
-31.7029
-34.3899
-38.1356
-43.1217
-49.554
-57.6682
-67.701
-79.9055
-94.5523
-111.882
-132.155
-155.633
-182.574
-213.214
-247.774
-286.445
-329.448
-377.035
-429.505
-486.525
-546.381
-603.505
-641.635
-23.2207
-31.3688
-32.5191
-36.5196
-38.5716
-40.627
-42.3924
-43.8849
-45.2319
-46.3837
-47.3496
-48.1362
-48.7811
-49.2805
-49.6565
-49.9343
-50.1153
-50.2348
-50.3237
-50.4351
-50.6208
-50.9065
-51.3857
-52.1764
-53.3527
-55.023
-57.3413
-60.4715
-64.5406
-69.7136
-76.1939
-84.1844
-93.9018
-105.549
-119.332
-135.489
-154.249
-175.822
-200.396
-228.166
-259.305
-293.946
-332.205
-374.234
-420.27
-470.696
-525.137
-581.191
-632.438
-661.236
-36.9723
-44.407
-45.7238
-49.802
-51.9489
-54.2275
-56.3145
-58.1559
-59.8253
-61.4244
-62.9381
-64.3373
-65.626
-66.8267
-67.9468
-68.9944
-69.983
-70.9393
-71.8962
-72.8953
-73.9852
-75.2312
-76.737
-78.5633
-80.7814
-83.5467
-87.0116
-91.2945
-96.5681
-103.008
-110.767
-120.027
-130.972
-143.785
-158.669
-175.809
-195.365
-217.501
-242.383
-270.146
-300.891
-334.701
-371.644
-411.826
-455.432
-502.819
-553.881
-605.429
-650.202
-670.359
-52.1666
-58.773
-60.1306
-64.2799
-66.4671
-69.0576
-71.4545
-73.7258
-75.9295
-78.0824
-80.1645
-82.2305
-84.2734
-86.2599
-88.1905
-90.0937
-91.966
-93.82
-95.6881
-97.617
-99.6512
-101.814
-104.218
-106.99
-110.232
-114.025
-118.493
-123.8
-130.078
-137.478
-146.174
-156.313
-168.074
-181.614
-197.059
-214.566
-234.28
-256.321
-280.789
-307.772
-337.347
-369.547
-404.379
-441.897
-482.283
-525.883
-572.5
-619.286
-658.75
-673.136
-68.5803
-74.3739
-75.6543
-79.6633
-81.9991
-84.868
-87.6753
-90.5034
-93.2705
-96.0471
-98.8722
-101.706
-104.555
-107.386
-110.215
-113.038
-115.84
-118.632
-121.443
-124.304
-127.255
-130.367
-133.722
-137.392
-141.452
-146.057
-151.337
-157.392
-164.376
-172.437
-181.704
-192.339
-204.462
-218.186
-233.662
-251.005
-270.295
-291.606
-315.016
-340.577
-368.315
-398.234
-430.331
-464.582
-500.985
-540.126
-581.106
-621.876
-656.036
-669.362
-85.4858
-90.7915
-91.9634
-95.8559
-98.4107
-101.665
-104.946
-108.269
-111.755
-115.313
-118.923
-122.622
-126.35
-130.113
-133.897
-137.67
-141.438
-145.207
-148.973
-152.761
-156.616
-160.571
-164.695
-169.084
-173.868
-179.144
-184.992
-191.545
-198.924
-207.273
-216.733
-227.395
-239.406
-252.891
-267.911
-284.548
-302.878
-322.949
-344.784
-368.386
-393.751
-420.846
-449.602
-479.948
-512.046
-545.769
-579.686
-611.465
-635.268
-648.125
-103.187
-107.655
-108.812
-112.608
-115.364
-119.072
-122.826
-126.815
-130.995
-135.389
-139.966
-144.604
-149.326
-154.12
-158.911
-163.706
-168.494
-173.244
-177.952
-182.644
-187.339
-192.094
-196.98
-202.048
-207.342
-212.975
-219.091
-225.807
-233.24
-241.499
-250.706
-261.02
-272.523
-285.268
-299.362
-314.875
-331.828
-350.232
-370.075
-391.33
-413.937
-437.798
-462.775
-488.675
-516.111
-543.603
-569.213
-589.336
-599.296
-608.453
-120.898
-124.58
-125.692
-129.546
-132.543
-136.759
-141.127
-145.829
-150.902
-156.224
-161.746
-167.465
-173.298
-179.177
-185.07
-190.954
-196.784
-202.549
-208.23
-213.82
-219.329
-224.781
-230.211
-235.659
-241.251
-247.104
-253.274
-259.851
-266.971
-274.789
-283.419
-292.932
-303.457
-315.119
-327.946
-341.959
-357.183
-373.604
-391.19
-409.858
-429.482
-449.898
-470.839
-492.504
-514.304
-535.021
-552.98
-565.516
-570.337
-573.71
-138.189
-140.818
-142.17
-146.073
-149.484
-154.187
-159.297
-164.858
-170.807
-177.155
-183.84
-190.711
-197.732
-204.824
-211.934
-218.997
-225.969
-232.813
-239.483
-245.948
-252.219
-258.297
-264.249
-270.103
-275.863
-281.601
-287.461
-293.586
-300.084
-307.063
-314.663
-323.043
-332.306
-342.494
-353.688
-365.934
-379.211
-393.495
-408.694
-424.702
-441.365
-458.426
-475.835
-493.371
-510.233
-525.343
-536.946
-543.724
-550.629
-551.861
-154.152
-155.98
-157.543
-161.682
-165.568
-171.004
-176.868
-183.34
-190.422
-197.937
-205.822
-214.007
-222.362
-230.802
-239.245
-247.594
-255.787
-263.763
-271.462
-278.871
-285.938
-292.64
-298.968
-304.943
-310.647
-316.187
-321.618
-327.022
-332.564
-338.403
-344.687
-351.547
-359.108
-367.541
-376.914
-387.211
-398.424
-410.479
-423.322
-436.831
-450.822
-465.083
-479.411
-493.311
-506.223
-517.254
-525.047
-528.766
-531.857
-533.811
-168.092
-169.411
-171.307
-175.778
-180.203
-186.376
-193.172
-200.733
-208.947
-217.787
-227.065
-236.709
-246.578
-256.545
-266.497
-276.303
-285.842
-295.064
-303.939
-312.373
-320.258
-327.577
-334.32
-340.514
-346.176
-351.299
-355.999
-360.443
-364.76
-369.132
-373.729
-378.728
-384.369
-390.755
-397.998
-406.186
-415.263
-425.207
-435.907
-447.259
-459.084
-470.946
-482.613
-493.664
-503.469
-511.029
-515.536
-519.901
-520.642
-522.268
-179.611
-180.264
-182.827
-187.72
-192.879
-199.973
-207.698
-216.406
-225.965
-236.162
-246.906
-258.113
-269.595
-281.228
-292.862
-304.356
-315.586
-326.368
-336.612
-346.212
-355.11
-363.186
-370.414
-376.74
-382.174
-386.862
-390.845
-394.203
-397.108
-399.725
-402.324
-405.2
-408.492
-412.49
-417.416
-423.333
-430.304
-438.221
-447.044
-456.689
-466.586
-476.371
-485.976
-494.77
-501.843
-506.442
-509.737
-511.752
-512.871
-513.796
-187.762
-188.637
-191.656
-197.054
-202.952
-211.019
-219.855
-229.825
-240.728
-252.446
-264.871
-277.767
-291.069
-304.61
-318.176
-331.622
-344.768
-357.389
-369.268
-380.292
-390.327
-399.356
-407.257
-413.925
-419.418
-423.708
-426.815
-428.915
-430.195
-430.924
-431.296
-431.542
-432.158
-433.438
-435.64
-439.045
-443.69
-449.673
-457.035
-465.096
-473.297
-481.648
-489.569
-496.22
-500.81
-503.379
-505.304
-506.478
-507.507
-507.974
-192.014
-193.627
-197.362
-203.524
-210.22
-219.307
-229.199
-240.488
-252.897
-266.225
-280.36
-295.168
-310.49
-326.123
-341.869
-357.484
-372.729
-387.409
-401.252
-414.035
-425.667
-436.027
-444.916
-452.179
-457.796
-461.758
-464.221
-465.236
-464.904
-463.405
-461.148
-458.637
-456.137
-454.132
-453.148
-453.497
-455.577
-459.608
-465.252
-471.859
-479.253
-486.726
-493.04
-497.392
-499.781
-501.465
-502.135
-503.023
-503.84
-504.173
-192.012
-195.186
-199.652
-206.805
-214.257
-224.482
-235.438
-248.007
-261.91
-276.914
-292.905
-309.726
-327.197
-345.112
-363.231
-381.272
-398.956
-416.044
-432.245
-447.335
-461.08
-473.13
-483.29
-491.539
-497.781
-501.942
-503.905
-503.791
-501.825
-498.245
-493.33
-487.403
-481.168
-475.305
-470.386
-467.102
-465.726
-466.942
-470.789
-476.869
-484.297
-491.088
-495.878
-498.331
-499.637
-500.037
-500.383
-500.814
-501.277
-501.543
-187.624
-193.39
-198.479
-206.705
-215.053
-226.378
-238.227
-252.165
-267.479
-284.106
-301.966
-320.867
-340.617
-360.975
-381.691
-402.475
-422.991
-442.936
-462.002
-479.829
-495.973
-510.172
-522.315
-532.209
-539.43
-543.96
-545.927
-545.249
-541.911
-536.141
-528.25
-518.847
-508.521
-497.947
-488.18
-480.071
-474.16
-471.774
-473.608
-479.265
-486.872
-493.594
-497.872
-499.624
-499.838
-499.676
-499.32
-499.101
-499.031
-499.068
-179.964
-188.115
-193.933
-203.173
-212.551
-224.912
-237.697
-252.78
-269.416
-287.595
-307.23
-328.196
-350.289
-373.245
-396.778
-420.571
-444.266
-467.467
-489.775
-510.732
-529.916
-547.035
-561.861
-573.779
-582.664
-588.526
-591.046
-590.056
-585.751
-578.174
-567.613
-554.46
-539.322
-523.302
-507.516
-493.236
-481.366
-473.745
-472.339
-477.171
-485.374
-493.38
-498.071
-499.869
-499.679
-498.9
-497.911
-497.081
-496.593
-496.342
-168.969
-179.83
-186.153
-196.604
-206.964
-220.041
-233.718
-249.972
-267.698
-287.252
-308.56
-331.497
-355.888
-381.487
-407.97
-434.971
-462.091
-488.865
-514.846
-539.524
-562.452
-583.197
-601.213
-616.048
-627.578
-635.215
-638.746
-638.352
-633.72
-624.886
-611.939
-595.139
-575.277
-553.204
-530.414
-508.037
-487.6
-472.464
-466.669
-469.892
-478.981
-488.362
-494.961
-497.569
-497.744
-496.974
-495.9
-494.854
-494.167
-493.582
-156.193
-168.862
-175.621
-187.179
-198.362
-211.999
-226.555
-243.67
-262.334
-283.148
-305.93
-330.65
-357.18
-385.327
-414.768
-445.099
-475.865
-506.55
-536.649
-565.635
-592.924
-617.85
-639.811
-658.482
-673.222
-683.57
-689.479
-690.459
-686.32
-677.005
-662.397
-642.747
-618.244
-589.773
-558.657
-526.559
-495.771
-471.525
-458.82
-458.443
-466.726
-478.221
-486.79
-492.561
-495.612
-496.489
-495.836
-494.777
-493.93
-493.057
-141.963
-156.177
-163.439
-175.547
-187.162
-201.123
-216.422
-234.168
-253.585
-275.331
-299.343
-325.632
-354.098
-384.605
-416.896
-450.577
-485.134
-520.001
-554.584
-588.283
-620.419
-650.292
-677.182
-700.427
-719.333
-733.571
-742.518
-745.758
-743.132
-734.378
-719.377
-697.553
-669.233
-634.934
-595.892
-553.482
-510.683
-474.488
-452.774
-447.286
-453.876
-466.451
-480.181
-490.269
-496.208
-498.446
-498.289
-497.269
-496.36
-495.485
-128.2
-142.234
-150.015
-162.196
-174.003
-188.178
-203.762
-221.706
-241.613
-264.104
-289.045
-316.611
-346.761
-379.382
-414.309
-451.206
-489.549
-528.714
-568.016
-606.789
-644.308
-679.735
-712.278
-741.079
-765.304
-784.272
-797.348
-804.211
-804.232
-797.248
-782.936
-760.65
-729.992
-691.191
-644.676
-590.516
-536.442
-490.794
-460.525
-446.284
-446.933
-459.581
-475.971
-489.667
-498.63
-502.228
-502.259
-501.194
-500.39
-499.763
-115.801
-127.657
-136.412
-148.22
-159.767
-173.729
-189.319
-207.182
-227.158
-249.918
-275.392
-303.836
-335.339
-369.794
-407.097
-446.992
-488.939
-532.357
-576.525
-620.652
-663.922
-705.448
-744.304
-779.488
-809.995
-834.846
-853.344
-864.966
-869.141
-864.846
-852.511
-832.586
-801.468
-759.252
-704.644
-641.815
-578.478
-525.923
-486.632
-463.999
-458.346
-464.322
-476.695
-489.568
-499.129
-503.887
-505.025
-504.087
-503.848
-503.593
-109.096
-113.17
-122.934
-133.93
-145.351
-158.93
-173.953
-191.332
-210.948
-233.469
-259.023
-287.905
-320.347
-356.174
-395.468
-438.071
-483.375
-530.966
-580.032
-629.663
-679.033
-727.025
-772.712
-814.977
-852.679
-884.666
-909.645
-927.148
-937.155
-937.68
-927.991
-910.081
-881.368
-833.761
-773.319
-704.676
-639.473
-580.212
-532.876
-504.236
-489.081
-485.422
-488.794
-495.456
-501.771
-505.69
-506.943
-506.814
-506.764
-506.95
-122.688
-102.659
-110.725
-120.426
-131.539
-144.603
-159.071
-175.661
-194.448
-216.341
-241.526
-270.435
-303.334
-340.144
-380.783
-425.308
-473.418
-524.807
-578.696
-633.857
-689.354
-744.132
-796.901
-846.565
-891.999
-932.169
-964.738
-989.242
-1005.9
-1014.24
-1006.55
-985.558
-961.302
-914.635
-849.145
-782.465
-715.461
-655.32
-605.841
-567.542
-540.616
-523.561
-514.896
-511.28
-510.172
-509.826
-509.39
-509.397
-509.572
-510.279
-102.199
-88.8444
-98.2239
-108.531
-119.982
-132.663
-146.117
-161.75
-179.764
-201.27
-226.468
-255.514
-288.965
-327.383
-370.29
-417.008
-468.488
-524.225
-583.685
-645.694
-708.895
-772.02
-833.004
-890.89
-944.238
-991.638
-1031.89
-1064.36
-1088.04
-1104.06
-1107.42
-1092.99
-1046.89
-989.358
-924.199
-855.254
-788.335
-727.752
-674.313
-629.549
-594.5
-568.487
-549.663
-535.84
-525.568
-518.173
-513.418
-511.734
-512.841
-514.206
-89.3377
-88.1251
-94.1508
-102.788
-113.942
-126.454
-140.625
-157.398
-176.765
-200.131
-227.609
-259.47
-296.683
-339.868
-388.5
-442.458
-501.226
-563.878
-629.683
-697.817
-768.037
-838.294
-906.391
-970.147
-1028.85
-1080.47
-1123.88
-1158.47
-1180.9
-1192.23
-1181.45
-1146.36
-1096.07
-1036.94
-973.17
-905.37
-839.095
-778.32
-724.93
-679.135
-640.03
-608.105
-582.242
-561.353
-544.501
-531.089
-521.771
-517.208
-518.083
-519.911
-80.6733
-86.8733
-92.843
-100.96
-112.124
-125.288
-141.756
-160.491
-182.482
-208.651
-239.946
-277.298
-320.816
-370.57
-426.647
-488.527
-555.477
-626.364
-700.569
-777.56
-855.224
-931.476
-1004.08
-1072.02
-1133.17
-1186.15
-1230.18
-1261.68
-1273.4
-1263.23
-1237.45
-1197.89
-1146.87
-1087.32
-1023.85
-958.92
-895.186
-834.572
-777.784
-726.908
-682.728
-644.554
-612.745
-586.191
-564.417
-546.861
-533.827
-526.397
-524.707
-527.999
-73.7974
-81.9612
-89.8029
-99.1095
-110.463
-124.454
-142.035
-162.482
-187.485
-217.29
-253.396
-296.415
-346.357
-403.734
-468.281
-539.448
-616.33
-698.072
-783.152
-869.78
-955.068
-1037.01
-1112.85
-1183.26
-1248.76
-1302.29
-1339.96
-1355.97
-1352.69
-1333.27
-1300.64
-1257.03
-1204.64
-1144.43
-1080.55
-1015.12
-948.499
-884.052
-823.781
-767.757
-718.386
-675.163
-638.485
-607.986
-582.966
-562.94
-547.771
-538.016
-534.41
-540.013
-66.2072
-74.7384
-83.3763
-93.5289
-105.758
-120.546
-138.739
-161.521
-189.158
-222.283
-262.77
-311.741
-369.496
-436.503
-511.498
-593.992
-683.076
-777.225
-873.48
-968.866
-1060.87
-1148.27
-1231.08
-1305.89
-1370.47
-1413.48
-1433.81
-1438.35
-1427.48
-1402.05
-1364.67
-1316.39
-1260.67
-1198.67
-1131.41
-1062.43
-992.723
-924.08
-859.428
-799.337
-745.207
-697.912
-657.599
-624.216
-597.283
-576.08
-560.13
-549.737
-546.461
-550.609
-57.1253
-65.3922
-74.2429
-83.8607
-96.283
-112.554
-131.479
-155.835
-185.46
-221.771
-267.275
-323.589
-391.508
-469.847
-557.611
-653.8
-756.627
-863.141
-969.832
-1074.27
-1175.35
-1271.54
-1359.58
-1429.24
-1476.54
-1504.93
-1516
-1512.56
-1494.54
-1462.27
-1419.97
-1367.36
-1306.67
-1240.68
-1169.58
-1096.25
-1022.74
-950.663
-881.807
-818.042
-760.447
-710.009
-667.312
-632.3
-604.499
-583.237
-567.864
-558.208
-554.987
-557.003
-46.4008
-52.654
-61.0353
-70.6396
-82.5227
-99.1367
-118.879
-143.969
-175.247
-215.787
-268.393
-334.243
-413.54
-504.962
-607.439
-718.628
-836.333
-956.156
-1075.38
-1192.27
-1302.92
-1398.67
-1473.63
-1528.25
-1563.79
-1581.85
-1584.24
-1573.16
-1548.4
-1508.76
-1460.58
-1403.15
-1337
-1266.01
-1190.9
-1113.68
-1036.27
-960.76
-888.781
-822
-761.92
-709.587
-665.558
-629.861
-602.031
-581.392
-567.216
-558.938
-556.208
-557.457
-32.8606
-37.5478
-44.1122
-52.9702
-63.6254
-78.5646
-99.0938
-125.211
-158.978
-204.717
-265.485
-342.005
-433.964
-540.665
-660.691
-788.748
-924.117
-1061.02
-1193.7
-1316.16
-1419.72
-1499.54
-1560.24
-1604.48
-1630.96
-1640.76
-1635.38
-1615.29
-1583.69
-1538.09
-1482.3
-1419.5
-1348.37
-1272.71
-1193.52
-1111.95
-1031.59
-953.152
-878.641
-809.944
-748.445
-695.23
-650.89
-615.322
-588.015
-568.24
-555.063
-547.895
-546.811
-548.042
-15.2929
-18.3802
-21.1277
-28.344
-38.586
-51.8327
-71.3771
-97.9319
-134.003
-184.332
-253.402
-342.164
-449.899
-575.139
-718.274
-868.106
-1021.83
-1171.42
-1303.23
-1410.92
-1500.02
-1571.21
-1623.12
-1657.17
-1675.55
-1678.39
-1665.28
-1637.35
-1596.98
-1545.74
-1483.89
-1415
-1339.2
-1258.83
-1175.55
-1091.22
-1007.8
-927.112
-851.112
-781.449
-719.622
-666.612
-622.792
-588.021
-561.674
-542.869
-530.661
-524.271
-524.226
-525.912
8.30489
6.26684
5.27867
2.61949
-5.33946
-15.9702
-31.8036
-56.7539
-94.3188
-149.766
-228.145
-332.645
-461.384
-611.533
-778.12
-946.389
-1107.84
-1250.15
-1372.37
-1472.09
-1550.18
-1615.8
-1660.41
-1687.01
-1698.37
-1692.89
-1672.46
-1637
-1589.42
-1531.37
-1463.91
-1389.21
-1308.73
-1224.25
-1137.61
-1050.56
-965.099
-883.205
-806.667
-737.233
-676.217
-624.372
-581.912
-548.475
-523.321
-505.493
-494.068
-488.537
-488.681
-490.674
32.5932
36.0606
38.6005
42.2608
41.4092
35.5869
23.416
0.837517
-37.5676
-98.4071
-188.284
-310.865
-462.341
-637.052
-818.686
-992.443
-1151.25
-1290.88
-1407.42
-1508.14
-1580.57
-1636.03
-1675.94
-1695.79
-1699.28
-1686.09
-1657.56
-1614.73
-1560.02
-1495.51
-1422.58
-1342.8
-1257.94
-1169.84
-1080.33
-991.356
-904.91
-822.896
-747.178
-679.309
-620.354
-570.838
-530.658
-499.219
-475.619
-458.853
-448.014
-442.466
-442.014
-443.404
60.337
71.6754
82.3781
91.9354
98.6246
100.347
94.5867
73.6475
32.8281
-36.0372
-139.137
-281.977
-450.104
-637.809
-832.785
-1012.08
-1174.27
-1316.74
-1435.05
-1529.21
-1598.95
-1647.54
-1678.39
-1690.89
-1686.33
-1665.07
-1627.47
-1576.38
-1513.88
-1442.17
-1362.84
-1277.58
-1188.23
-1096.74
-1005.09
-915.283
-829.265
-748.952
-675.987
-611.56
-556.377
-510.549
-473.625
-444.753
-422.908
-407.061
-396.322
-390.183
-388.531
-388.884
96.6949
113.797
134.035
153.401
168.481
176.44
174.356
151.037
105.015
27.4821
-80.2377
-239.742
-433.135
-633.335
-837.535
-1029.75
-1200.41
-1344.98
-1462.18
-1551.97
-1615.58
-1655.25
-1674.2
-1675.16
-1658.8
-1625.72
-1578.43
-1519.7
-1450.48
-1371.66
-1284.79
-1193.4
-1099.38
-1005.22
-913.112
-824.826
-741.977
-666.263
-598.896
-540.503
-491.114
-450.358
-417.47
-391.407
-371.054
-355.425
-343.903
-336.278
-332.811
-331.815
135.363
154.513
177.536
200.312
219.014
228.495
227.483
193.553
128.438
31.6561
-106.021
-278.319
-480.759
-695.844
-913.524
-1112.87
-1284.85
-1424.79
-1532.96
-1610.87
-1660.47
-1684.5
-1686.55
-1669.89
-1637.01
-1588.24
-1525.92
-1452.72
-1370.62
-1282.09
-1190.25
-1096.04
-1002.1
-910.32
-820.173
-735.754
-658.46
-589.102
-528.19
-476.039
-432.244
-395.945
-366.176
-341.919
-322.214
-306.373
-294.062
-285.399
-280.789
-278.84
149.318
178.485
209.183
236.461
252.431
251.135
233.271
180.791
90.5104
-36.4375
-206.78
-409.984
-636.335
-868.494
-1082.96
-1279.93
-1443.96
-1570.17
-1659.62
-1715.79
-1742.58
-1743.52
-1722.93
-1683.93
-1630.14
-1564.55
-1487.51
-1400.4
-1306.42
-1208.75
-1109.76
-1011.24
-914.86
-822.059
-736.376
-657.197
-585.775
-522.548
-467.008
-419.706
-379.789
-346.349
-318.499
-295.545
-276.818
-262.011
-250.946
-243.564
-239.769
-237.985
173.147
194.922
215.239
230.815
238.342
231.323
201.827
132.511
25.6693
-131.141
-330.926
-565.885
-824.474
-1079.83
-1312.18
-1506.71
-1658.47
-1762.94
-1826.59
-1855.29
-1854.79
-1829.86
-1784.42
-1722.37
-1647
-1562.45
-1469.36
-1368.5
-1263.06
-1155.97
-1049.31
-945.41
-846.513
-754.154
-669.527
-593.067
-525.136
-465.822
-415.251
-371.901
-335.173
-304.393
-278.989
-259
-242.763
-230.188
-221.18
-215.596
-212.85
-211.585
127.723
147.369
165.783
179.275
182.22
166.39
122.93
43.8123
-80.5542
-253.704
-471.488
-729.955
-1019.77
-1295.74
-1534.91
-1722.41
-1854.43
-1942.42
-1990.84
-2002.73
-1983.24
-1937.77
-1870.57
-1786.32
-1690.11
-1585.73
-1475.4
-1360.43
-1244.53
-1128.18
-1014.28
-905.384
-802.892
-708.638
-624.012
-549.179
-483.821
-427.648
-380.08
-339.953
-306.371
-278.545
-255.642
-236.332
-221.161
-209.416
-200.714
-194.863
-191.599
-189.862
86.6022
96.0389
103.541
106.221
99.1533
76.3574
29.7223
-50.8421
-176.623
-353.63
-578.637
-846.898
-1150.15
-1444.57
-1701.57
-1885.57
-2011.09
-2091.33
-2126.06
-2123.95
-2091.4
-2034.9
-1957.55
-1862.84
-1753.89
-1634.37
-1508.57
-1380.54
-1253.24
-1125.77
-1003.85
-889.14
-782.168
-684.27
-597.146
-521.255
-456.088
-400.865
-354.568
-316.007
-284.085
-257.837
-236.432
-219.136
-205.484
-194.964
-187.2
-181.978
-178.971
-177.268
50.2169
51.5375
49.9151
43.1078
26.9671
-1.91707
-49.3096
-123.792
-241.337
-411.107
-627.783
-890.41
-1187.42
-1490.28
-1759.27
-1956.2
-2094.55
-2173.56
-2209.22
-2208.34
-2171.81
-2109.36
-2026.5
-1925.8
-1810.74
-1685.99
-1553.8
-1418.22
-1280.25
-1144.3
-1014.5
-891.461
-778.335
-675.927
-585.125
-506.398
-439.486
-383.619
-337.528
-299.814
-269.161
-244.366
-224.472
-208.737
-196.521
-187.243
-180.467
-175.944
-173.387
-171.934
19.9263
15.7666
8.68401
-3.78239
-25.1844
-57.9155
-105.414
-175.004
-280.358
-426.913
-616.031
-858.516
-1138.78
-1433.41
-1711.82
-1933.57
-2090.77
-2185.55
-2234.54
-2240.52
-2210.27
-2152.46
-2069.14
-1967.13
-1852.06
-1725.4
-1590.63
-1451.18
-1308.46
-1168.76
-1033.17
-903.729
-784.601
-677.558
-583.048
-500.976
-431.515
-374.166
-327.53
-290.057
-260.208
-236.523
-217.856
-203.347
-192.281
-184.049
-178.191
-174.433
-172.467
-171.384
-5.56046
-12.3361
-22.5458
-37.8382
-61.0755
-94.0408
-139.611
-204.08
-295.372
-416.741
-575.787
-780.312
-1026.98
-1296.76
-1569.05
-1814.16
-1998.13
-2122.09
-2192.09
-2217.32
-2201.75
-2153.42
-2078.44
-1981.69
-1870.74
-1745.97
-1612.03
-1472.78
-1329.67
-1186.82
-1048.26
-915.996
-793.631
-683.207
-585.586
-500.813
-429.041
-370.055
-322.563
-284.938
-255.414
-232.353
-214.489
-200.856
-190.682
-183.316
-178.266
-175.224
-173.895
-173.238
-29.1986
-36.7912
-47.9293
-64.7981
-88.5155
-120.211
-162.157
-219.104
-295.788
-395.666
-524.249
-691.15
-899.723
-1134.05
-1373.78
-1606.67
-1819.58
-1981.74
-2082.08
-2133.99
-2140.44
-2110.76
-2049.27
-1964.95
-1861.33
-1742.53
-1614.17
-1478.15
-1336.97
-1194.61
-1055.41
-921.892
-798.306
-686.82
-587.765
-501.258
-428.037
-367.903
-319.799
-281.982
-252.622
-229.994
-212.676
-199.643
-190.089
-183.333
-178.86
-176.35
-175.494
-175.369
-47.1076
-56.2957
-68.0736
-84.6699
-107.015
-136.785
-176.089
-227.48
-292.6
-374.2
-477.045
-609.917
-778.836
-975.746
-1184.35
-1389.85
-1586.76
-1764.86
-1907.51
-1990.42
-2026.32
-2020.44
-1979.89
-1912.25
-1821.24
-1713.53
-1592.87
-1463.02
-1326.52
-1188
-1051.01
-918.608
-795.342
-684.278
-585.423
-498.638
-425.149
-364.944
-316.793
-279.091
-250.005
-227.71
-210.784
-198.185
-189.07
-182.709
-178.566
-176.331
-175.879
-176.286
-59.0877
-69.841
-82.613
-98.504
-119.156
-146.208
-181.477
-227.501
-284.694
-353.859
-437.855
-542.533
-675.498
-835.629
-1012.95
-1193.04
-1365.56
-1528.22
-1676.42
-1793.85
-1862.69
-1884.77
-1869.75
-1821.7
-1749.32
-1655.65
-1546.83
-1425.4
-1296.21
-1163.84
-1031.71
-902.808
-781.957
-673.085
-575.463
-490.258
-417.978
-358.703
-311.449
-274.571
-246.164
-224.379
-207.869
-195.626
-186.766
-180.556
-176.48
-174.34
-174.007
-175.024
-68.3909
-79.2211
-92.1591
-107.601
-126.7
-151.24
-182.362
-222.324
-272.046
-332.078
-403.909
-489.463
-593.234
-718.783
-863.902
-1019.25
-1171.65
-1314.34
-1446.5
-1566.91
-1659.43
-1712.08
-1722.29
-1699.25
-1644.85
-1569.05
-1474.54
-1365.05
-1245.79
-1121.04
-995.091
-872.087
-756.429
-650.756
-556.509
-474.188
-404.484
-347.601
-302.346
-267.184
-240.015
-219.142
-203.305
-191.479
-182.808
-176.614
-172.466
-170.134
-169.661
-171.556
-76.5116
-86.9617
-98.8874
-113.341
-130.668
-152.664
-180.073
-214.1
-256.491
-307.653
-369.326
-442.561
-528.036
-627.108
-741.185
-868.766
-1000.5
-1127.3
-1245.57
-1353.14
-1448.35
-1518.74
-1555.18
-1551.72
-1520.7
-1461.5
-1381.23
-1285.05
-1178.09
-1061.52
-943.372
-827.276
-717.453
-617.23
-527.312
-449.247
-383.804
-330.707
-288.804
-256.241
-231.13
-211.8
-196.991
-185.765
-177.353
-171.218
-167.035
-164.714
-164.264
-166.615
-82.6831
-92.8202
-102.94
-115.514
-130.615
-149.732
-174.002
-203.737
-239.95
-283.169
-334.527
-396.036
-468.419
-550.956
-642.96
-743.366
-850.943
-962.246
-1069
-1168.37
-1257.09
-1331.32
-1380.59
-1400.83
-1387.84
-1346.21
-1279.99
-1195.24
-1097.18
-991.355
-881.7
-771.296
-668.199
-573.024
-488.733
-415.656
-355.637
-307.675
-270.238
-241.443
-219.371
-202.359
-189.196
-178.965
-171.054
-165.119
-161.153
-159.331
-159.542
-161.357
-87.9468
-96.0269
-103.974
-114.703
-128.229
-144.529
-165.085
-190.826
-222.246
-259.273
-302.22
-352.607
-412.056
-481.575
-559.3
-642.007
-730.443
-822.717
-915.715
-1005.96
-1088.46
-1161.47
-1217.08
-1251.58
-1257.82
-1234.79
-1182.82
-1112.13
-1021.58
-922.273
-815.953
-713.68
-614.485
-524.127
-443.849
-376.052
-321.841
-279.273
-247.126
-223.004
-205.033
-191.319
-180.515
-171.76
-164.652
-159.237
-155.991
-155.024
-155.948
-157.197
-95.9002
-95.9235
-103.12
-113.477
-126.669
-141.633
-159.634
-181.412
-207.163
-238.182
-275.09
-318.139
-367.706
-424.771
-489.446
-561.305
-638.129
-716.562
-796.295
-874.116
-947.643
-1014.21
-1069.73
-1110.47
-1130.07
-1125.22
-1099.22
-1042.02
-962.657
-869.488
-769.418
-666.297
-563.882
-472.882
-395.877
-333.43
-283.78
-246.614
-219.727
-201.062
-188.162
-178.869
-171.403
-164.898
-159.154
-154.622
-152.353
-152.214
-153.141
-154.116
-108.725
-96.214
-105.977
-117.282
-130.137
-144.866
-161.866
-181.927
-205.028
-232.321
-264.899
-303.192
-347.017
-396.393
-451.755
-512.99
-578.367
-646.578
-715.408
-781.851
-844.65
-900.208
-947.042
-982.641
-1004.28
-1008.79
-998.741
-967.368
-911.974
-827.457
-733.735
-633.117
-534.242
-441.629
-362.467
-296.022
-247.021
-211.999
-189.486
-176.339
-169.327
-165.574
-162.582
-159.217
-155.428
-152.087
-150.309
-150.484
-151.351
-152.253
30.9682
27.6931
26.1917
25.5259
25.405
25.5968
25.9923
26.613
27.5626
28.9135
30.6571
32.8283
35.4097
38.3852
41.735
45.4652
49.5908
54.1281
59.0969
64.4681
70.2235
76.4264
83.1284
90.064
97.1081
104.338
111.764
119.222
126.579
133.758
140.66
147.128
152.967
157.991
161.956
164.506
165.327
164.09
160.435
153.936
144.14
130.555
112.624
89.744
61.3341
26.5172
-15.1556
-64.5934
-123.142
-181.222
30.2079
29.6559
29.5741
29.8789
30.5106
31.3756
32.4206
33.6588
35.1501
36.9925
39.2517
41.9386
45.0528
48.5724
52.4982
56.8536
61.6487
66.91
72.6323
78.7969
85.4134
92.4936
99.9887
107.812
115.897
124.214
132.73
141.353
149.977
158.505
166.827
174.824
182.341
189.164
195.049
199.748
202.952
204.329
203.524
200.135
193.734
183.863
170.004
151.596
128.046
98.6983
62.9231
19.7624
-31.6484
-81.5802
31.6031
32.5351
33.6977
34.9728
36.3557
37.8978
39.5802
41.4084
43.4285
45.7856
48.5703
51.8069
55.4982
59.6267
64.2095
69.2627
74.8037
80.8428
87.3721
94.3898
101.893
109.861
118.265
127.069
136.218
145.661
155.34
165.192
175.136
185.068
194.879
204.455
213.649
222.278
230.146
237.015
242.604
246.605
248.678
248.454
245.523
239.431
229.709
215.866
197.367
173.608
143.964
107.857
64.759
23.809
34.8335
36.5942
38.6433
40.7694
42.91
45.0796
47.3285
49.7065
52.287
55.1865
58.5152
62.3234
66.6133
71.389
76.6606
82.4396
88.7515
95.589
102.957
110.857
119.276
128.194
137.593
147.44
157.692
168.299
179.207
190.364
201.693
213.1
224.482
235.714
246.662
257.185
267.105
276.208
284.247
290.933
295.945
298.916
299.443
297.117
291.532
282.242
268.765
250.565
227.175
197.97
162.486
130.962
39.5197
41.8139
44.487
47.2988
50.107
52.8535
55.6142
58.5071
61.6358
65.1096
69.025
73.4347
78.35
83.792
89.7667
96.2998
103.4
111.068
119.309
128.121
137.489
147.4
157.833
168.761
180.153
191.971
204.167
216.688
229.457
242.396
255.397
268.346
281.127
293.613
305.653
317.063
327.612
337.03
344.992
351.148
355.138
356.598
355.163
350.432
341.969
329.294
311.939
289.548
261.908
238.358
45.4555
48.1109
51.2331
54.5338
57.8608
61.1286
64.3972
67.8187
71.5057
75.5679
80.0797
85.0938
90.6443
96.7551
103.454
110.756
118.67
127.195
136.329
146.067
156.401
167.322
178.812
190.856
203.432
216.504
230.033
243.952
258.2
272.696
287.352
302.072
316.753
331.273
345.503
359.268
372.355
384.486
395.352
404.632
411.992
417.116
419.68
419.298
415.542
407.969
396.25
379.947
358.867
342.178
52.5085
55.363
58.7784
62.4265
66.1157
69.8166
73.5904
77.5515
81.8
86.4276
91.5136
97.1288
103.316
110.109
117.539
125.62
134.354
143.737
153.764
164.432
175.743
187.69
200.263
213.452
227.233
241.575
256.433
271.754
287.482
303.55
319.887
336.411
353.019
369.599
386.017
402.111
417.662
432.407
446.066
458.349
468.975
477.675
484.115
487.89
488.589
485.829
479.237
468.553
453.845
442.799
60.5251
63.4149
66.9422
70.7608
74.7269
78.8047
83.0575
87.5398
92.3298
97.5071
103.167
109.389
116.219
123.7
131.856
140.709
150.253
160.484
171.399
182.998
195.286
208.26
221.915
236.235
251.2
266.785
282.951
299.662
316.869
334.517
352.542
370.857
389.368
407.961
426.506
444.838
462.747
479.998
496.343
511.526
525.293
537.333
547.262
554.691
559.249
560.535
558.282
552.224
542.381
535.606
69.2292
72.0119
75.4915
79.3554
83.5157
87.9197
92.5948
97.5651
102.883
108.607
114.833
121.633
129.084
137.223
146.08
155.669
165.991
177.042
188.817
201.322
214.558
228.529
243.228
258.643
274.763
291.563
309.019
327.097
345.753
364.936
384.575
404.59
424.889
445.368
465.902
486.325
506.448
526.054
544.913
562.777
579.361
594.329
607.334
618.044
626.07
631.06
632.746
630.974
625.921
622.59
78.2349
80.8156
84.1623
88.0093
92.2658
96.9298
101.973
107.392
113.2
119.438
126.192
133.552
141.597
150.367
159.893
170.181
181.245
193.078
205.679
219.05
233.194
248.118
263.815
280.283
297.506
315.468
334.144
353.5
373.496
394.078
415.182
436.739
458.673
480.891
503.267
525.645
547.838
569.637
590.806
611.079
630.15
647.682
663.33
676.702
687.423
695.207
699.866
701.215
699.373
698.332
87.1619
89.4862
92.6465
96.4274
100.738
105.578
110.919
116.729
122.977
129.698
136.948
144.832
153.42
162.767
172.897
183.83
195.567
208.112
221.462
235.619
250.589
266.373
282.975
300.389
318.604
337.602
357.36
377.849
399.032
420.863
443.292
466.258
489.694
513.505
537.562
561.698
585.717
609.394
632.474
654.668
675.66
695.121
712.712
728.134
741.176
751.694
759.442
764.095
765.641
766.598
95.6325
97.664
100.607
104.29
108.623
113.594
119.161
125.282
131.911
139.049
146.748
155.093
164.161
174.015
184.682
196.178
208.507
221.676
235.683
250.533
266.227
282.773
300.171
318.418
337.502
357.408
378.114
399.593
421.811
444.732
468.32
492.527
517.277
542.455
567.913
593.469
618.915
644.021
668.533
692.179
714.673
735.725
755.061
772.433
787.594
800.158
809.606
815.614
818.34
819.891
103.25
104.986
107.715
111.269
115.605
120.666
126.417
132.773
139.696
147.172
155.245
163.98
173.455
183.726
194.834
206.791
219.608
233.289
247.838
263.255
279.547
296.715
314.759
333.674
353.448
374.067
395.511
417.755
440.775
464.547
489.046
514.217
539.97
566.177
592.677
619.285
645.794
671.979
697.597
722.393
746.102
768.451
789.147
807.853
824.2
837.915
848.967
857.402
862.915
866.531
109.671
111.135
113.661
117.105
121.401
126.522
132.393
138.923
146.053
153.78
162.131
171.163
180.943
191.531
202.967
215.271
228.453
242.52
257.473
273.318
290.055
307.685
326.203
345.604
365.876
387.006
408.974
431.763
455.361
479.759
504.926
530.798
557.27
584.206
611.444
638.801
666.079
693.062
719.518
745.194
769.819
793.114
814.796
834.566
852.096
866.944
878.538
886.285
890.459
892.796
114.603
115.854
118.188
121.52
125.792
130.947
136.889
143.519
150.774
158.646
167.163
176.378
186.353
197.146
208.794
221.319
234.731
249.038
264.242
280.348
297.357
315.267
334.072
353.763
374.327
395.749
418.011
441.104
465.028
489.773
515.302
541.542
568.382
595.681
623.278
650.992
678.631
705.985
732.823
758.895
783.916
807.567
829.495
849.333
866.731
881.403
893.154
901.898
907.575
911.089
117.83
118.96
121.151
124.373
128.624
133.802
139.769
146.423
153.71
161.62
170.187
179.467
189.521
200.395
212.125
224.733
238.231
252.626
267.922
284.122
301.223
319.224
338.116
357.892
378.537
400.034
422.367
445.524
469.508
494.309
519.89
546.174
573.049
600.374
627.986
655.707
683.34
710.676
737.487
763.521
788.502
812.12
834.022
853.842
871.222
885.858
897.53
906.123
911.58
914.857
119.271
120.304
122.414
125.638
129.91
135.07
140.991
147.584
154.798
162.633
171.134
180.365
190.377
201.211
212.896
225.452
238.893
253.226
268.455
284.58
301.595
319.498
338.282
357.939
378.455
399.813
421.993
444.977
468.756
493.323
518.643
544.647
571.228
598.245
625.536
652.916
680.186
707.129
733.511
759.081
783.573
806.713
828.226
847.827
865.19
879.88
891.332
898.964
903.011
905.09
118.933
120.027
122.173
125.358
129.568
134.682
140.547
147.033
154.092
161.747
170.072
179.135
188.991
199.668
211.19
223.569
236.818
250.945
265.952
281.839
298.601
316.232
334.726
354.075
374.265
395.276
417.086
439.668
462.997
487.055
511.812
537.212
563.158
589.517
616.127
642.8
669.327
695.482
721.018
745.676
769.189
791.287
811.688
830.076
846.103
859.529
870.325
878.461
883.538
886.451
117.127
118.299
120.443
123.612
127.786
132.841
138.59
144.892
151.706
159.093
167.146
175.945
185.537
195.95
207.197
219.286
232.224
246.017
260.67
276.178
292.537
309.74
327.781
346.651
366.335
386.811
408.054
430.032
452.708
476.047
500.016
524.563
549.607
575.028
600.671
626.352
651.865
676.978
701.441
724.98
747.309
768.133
787.176
804.191
818.939
831.019
839.953
845.461
847.685
848.548
113.992
115.317
117.511
120.679
124.796
129.739
135.3
141.334
147.826
154.872
162.582
171.038
180.284
190.343
201.219
212.918
225.44
238.794
252.978
267.99
283.82
300.461
317.906
336.14
355.149
374.911
395.395
416.566
438.382
460.793
483.748
507.19
531.048
555.218
579.561
603.905
628.053
651.783
674.846
696.964
717.823
737.093
754.431
769.528
782.177
792.247
799.451
803.436
804.158
804.112
109.868
111.376
113.64
116.788
120.82
125.604
130.91
136.601
142.71
149.357
156.666
164.712
173.542
183.169
193.596
204.817
216.842
229.666
243.297
257.722
272.935
288.923
305.674
323.173
341.399
360.331
379.936
400.177
421.001
442.352
464.163
486.371
508.9
531.647
554.476
577.214
599.668
621.629
642.863
663.112
682.076
699.426
714.831
727.904
738.256
745.596
749.769
750.595
748.085
745.79
105.085
106.828
109.129
112.212
116.114
120.679
125.666
130.954
136.625
142.827
149.69
157.287
165.651
174.791
184.701
195.383
206.835
219.061
232.058
245.819
260.331
275.583
291.555
308.228
325.574
343.568
362.176
381.354
401.055
421.215
441.766
462.627
483.714
504.923
526.113
547.105
567.687
587.638
606.732
624.725
641.339
656.238
669.079
679.553
687.302
691.963
693.233
690.939
685.152
680.235
99.8313
101.882
104.277
107.223
110.92
115.206
119.81
124.654
129.853
135.578
141.954
149.061
156.92
165.532
174.887
184.989
195.832
207.423
219.748
232.806
246.577
261.05
276.201
292.008
308.44
325.46
343.027
361.086
379.584
398.457
417.631
437.027
456.55
476.099
495.53
514.661
533.266
551.093
567.891
583.418
597.425
609.614
619.595
626.97
631.381
632.479
630.007
623.642
613.356
605.047
94.7257
96.7863
99.2408
102.049
105.483
109.399
113.555
117.926
122.652
127.892
133.766
140.349
147.668
155.71
164.471
173.947
184.147
195.062
206.691
219.017
232.024
245.686
259.982
274.888
290.377
306.403
322.914
339.848
357.131
374.695
392.459
410.34
428.244
446.059
463.648
480.816
497.336
512.942
527.344
540.255
551.41
560.546
567.342
571.393
572.276
569.6
563.016
552.264
537.272
524.357
90.211
92.0032
94.2812
96.9044
100.014
103.466
107.118
110.999
115.237
119.977
125.341
131.397
138.16
145.623
153.777
162.618
172.15
182.374
193.291
204.88
217.12
229.978
243.424
257.431
271.966
286.987
302.431
318.234
334.312
350.58
366.949
383.325
399.613
415.698
431.431
446.608
460.986
474.298
486.245
496.509
504.766
510.711
514.014
514.296
511.143
504.121
492.877
476.957
456.237
438.138
86.3196
87.8236
89.7303
92.0158
94.6476
97.549
100.681
104.07
107.809
112.037
116.873
122.384
128.577
135.451
142.994
151.195
160.056
169.586
179.78
190.629
202.1
214.16
226.776
239.909
253.521
267.561
281.964
296.654
311.551
326.557
341.574
356.5
371.224
385.621
399.526
412.73
424.967
435.95
445.38
452.929
458.247
460.984
460.787
457.252
449.936
438.364
422.105
400.829
374.342
350.159
83.1773
84.3012
85.7146
87.4477
89.4732
91.7848
94.3729
97.2536
100.492
104.217
108.535
113.498
119.123
125.403
132.329
139.893
148.1
156.952
166.444
176.561
187.274
198.546
210.347
222.635
235.358
248.461
261.867
275.492
289.248
303.042
316.768
330.32
343.574
356.368
368.518
379.801
389.952
398.661
405.607
410.449
412.811
412.297
408.513
401.037
389.401
373.082
351.611
324.407
291.281
260.586
81.1108
81.5386
82.2097
83.2221
84.5831
86.2972
88.3101
90.6336
93.3458
96.5756
100.396
104.835
109.903
115.594
121.901
128.834
136.402
144.601
153.422
162.832
172.806
183.317
194.336
205.823
217.709
229.92
242.383
255.003
267.684
280.329
292.84
305.099
316.964
328.254
338.741
348.181
356.305
362.802
367.327
369.527
369.016
365.363
358.122
346.814
330.937
309.92
283.214
250.236
210.759
172.231
80.6086
79.6283
79.2316
79.3873
80.0727
81.1474
82.5449
84.3122
86.5283
89.2758
92.6027
96.5277
101.056
106.181
111.896
118.223
125.168
132.73
140.894
149.619
158.875
168.655
178.938
189.682
200.795
212.185
223.768
235.446
247.123
258.702
270.08
281.133
291.686
301.543
310.463
318.156
324.34
328.706
330.885
330.508
327.184
320.464
309.849
294.803
274.786
249.209
217.482
178.676
132.505
87.1161
81.8969
78.4559
76.7948
76.0867
76.0981
76.5387
77.3231
78.5117
80.2212
82.5052
85.3442
88.7786
92.8104
97.4343
102.632
108.414
114.794
121.766
129.323
137.431
146.04
155.126
164.711
174.819
185.195
195.782
206.571
217.386
228.112
238.69
249.002
258.89
268.157
276.597
283.951
289.916
294.195
296.463
296.352
293.468
287.419
277.793
263.957
245.354
221.419
191.525
155.214
111.415
59.9102
8.59571
-57.784
-68.3608
-67.2927
-62.9767
-56.7317
-48.3831
-38.8478
-25.8105
-9.81479
9.82029
30.2685
53.5838
81.4822
116.154
126.41
146.876
107.576
77.8008
48.288
23.0978
0.255194
-21.5758
-38.1805
-48.7656
-57.9311
-66.3576
-71.5498
-74.6322
-76.1102
-65.6998
-39.9327
-52.0602
-53.7141
-51.8828
-47.0674
-39.4082
-30.4321
-19.0532
-5.39163
11.0271
29.7494
49.3551
68.4538
95.3757
103.888
119.639
92.4886
69.167
45.6067
24.504
4.81072
-14.384
-29.6159
-39.5171
-48.2897
-56.3048
-60.4819
-61.4431
-60.4916
-48.3236
-38.6749
-42.154
-42.7221
-41.8331
-37.9932
-31.3655
-22.9718
-13.4992
-1.32
12.8296
29.2142
44.9296
58.6687
78.6439
86.3401
94.7567
81.3798
61.1149
43.2408
24.7966
8.56529
-8.12301
-21.8585
-31.3629
-39.5833
-46.7153
-50.2555
-50.5025
-50.3058
-46.8847
-37.7123
-36.5492
-34.6765
-33.55
-30.1263
-24.4208
-16.7002
-8.37722
2.45391
14.2828
27.7142
40.2353
51.1567
66.0234
72.091
76.428
70.4193
53.8451
40.7657
24.3241
11.437
-3.11307
-15.1742
-24.0356
-31.5768
-37.8523
-41.3197
-42.0489
-44.1047
-45.4113
-34.6918
-32.249
-29.0693
-26.9911
-23.5905
-18.4328
-11.5213
-4.07811
5.21136
15.0097
25.7013
35.9876
44.8764
55.7506
61.0293
63.5103
59.0747
47.4554
37.2732
23.0948
13.16
0.597431
-9.75899
-17.8542
-24.7158
-30.264
-33.8979
-35.8035
-39.199
-41.7541
-29.8653
-28.0008
-24.6749
-21.8859
-18.3018
-13.4884
-7.47613
-1.00478
6.85925
15.2386
23.4833
32.0764
39.2138
47.0251
52.7667
53.2919
49.3101
41.1654
32.7329
21.2282
13.6635
2.99619
-5.62867
-12.8712
-19.1528
-24.2643
-28.1095
-30.8653
-34.4067
-36.2562
-24.5559
-23.7031
-20.7707
-17.8242
-14.1804
-9.69138
-4.48683
0.994668
7.53088
14.8246
21.1695
28.1812
34.2787
39.7393
45.8467
44.6762
41.0192
34.7399
28.0512
19.0538
13.1353
4.00257
-2.94632
-9.12752
-14.73
-19.5913
-23.4993
-26.5218
-29.6375
-30.3824
-19.647
-19.508
-17.2546
-14.4758
-11.0619
-7.03029
-2.48946
2.1931
7.54299
13.8697
18.9115
24.5225
29.7841
33.6259
39.6943
37.1475
33.6562
28.8847
23.9009
16.8612
12.0821
4.08545
-1.52638
-6.72449
-11.5434
-15.9226
-19.6097
-22.513
-24.9161
-25.0079
-15.5093
-15.6828
-14.1073
-11.805
-8.84795
-5.29976
-1.22394
2.86311
7.24131
12.6349
16.7816
21.1595
25.6421
28.2872
34.1661
30.6009
27.2447
23.9271
20.2622
14.579
10.852
3.94925
-0.658145
-5.16577
-9.42812
-13.1977
-16.4166
-18.7791
-20.4738
-20.3683
-12.3455
-12.4053
-11.3412
-9.6159
-7.15564
-4.05604
-0.435897
3.14444
6.71424
11.171
14.7679
18.103
21.9425
23.6053
29.2262
24.9613
21.7568
19.7452
17.0818
12.2283
9.46145
3.69615
0.008117
-3.93788
-7.80254
-11.0195
-13.7562
-15.4249
-16.5832
-16.6088
-9.89965
-9.70832
-8.90181
-7.59307
-5.55144
-2.99522
-0.0097366
3.02157
5.93366
9.57315
12.8931
15.373
18.859
19.7045
24.7929
20.1235
17.2678
16.1851
14.2117
10.0343
8.01308
3.14512
0.274621
-3.05221
-6.34673
-8.93409
-11.2519
-12.4372
-13.331
-13.5888
-7.98064
-7.49366
-6.74284
-5.78972
-4.18014
-2.22552
0.153623
2.66763
5.10513
8.11442
11.142
12.901
16.0714
16.3279
20.7141
16.0945
13.816
13.216
11.954
7.8918
6.69014
2.54045
0.240987
-2.50845
-5.16529
-7.08356
-8.90096
-9.74474
-10.623
-11.1392
-6.51789
-5.89914
-5.05587
-4.36533
-3.17698
-1.74307
0.229415
2.33339
4.40523
6.85703
9.47304
10.6061
13.4844
13.3723
17.0694
12.574
11.2776
10.5651
9.93282
6.4956
5.60177
2.16179
0.277361
-2.09884
-4.24088
-5.64461
-7.06378
-7.5783
-8.56741
-9.18852
-5.44634
-5.00625
-4.04563
-3.39681
-2.31781
-1.24655
0.40161
2.08403
3.77929
5.65928
7.88717
8.62347
11.0849
10.7961
13.7506
9.35786
9.61157
8.31808
8.14485
5.28895
4.63721
1.89604
0.393155
-1.64616
-3.36551
-4.46566
-5.86679
-6.22099
-7.2047
-7.66394
-4.5554
-4.38321
-3.51681
-2.82028
-1.61994
-0.730528
0.62023
1.87094
3.19051
4.6062
6.50433
6.94956
8.85916
8.65282
10.6861
7.14138
7.76489
6.50986
6.55422
4.2256
3.77734
1.58683
0.392386
-1.12423
-2.57709
-3.42081
-4.84887
-5.43595
-6.1964
-6.3971
-3.4463
-3.61098
-2.90792
-2.35643
-1.1866
-0.429685
0.70291
1.64345
2.68236
3.72649
5.22039
5.47756
6.94838
7.0745
8.15477
5.37178
5.94783
5.02169
5.13177
3.36988
3.00047
1.25592
0.407952
-0.674491
-1.88736
-2.52803
-3.68281
-4.43066
-5.24374
-4.96217
-2.28461
-2.40051
-1.97164
-1.74658
-0.84256
-0.34216
0.608486
1.34069
2.15471
2.90234
4.02572
4.19931
5.07935
5.53773
5.67598
4.22755
4.35971
3.84009
3.81812
2.58277
2.27608
1.04106
0.498693
-0.464856
-1.33517
-1.85851
-2.83817
-3.12766
-3.60019
-3.43105
-1.24537
-1.25644
-1.07658
-1.05779
-0.491551
-0.218297
0.494951
1.00506
1.54353
2.00222
2.79568
2.84955
3.54719
3.81577
3.70163
3.04577
3.0123
2.80356
2.68163
1.82968
1.56926
0.79361
0.44632
-0.37287
-1.03423
-1.29073
-2.0029
-1.94929
-2.07113
-2.03178
-0.848478
-0.570716
-0.464467
-0.601289
-0.226927
-0.0770771
0.292455
0.589108
0.922212
1.1806
1.61218
1.71163
2.10518
2.37867
2.21021
1.73538
1.55865
1.68232
1.61974
1.08684
1.05002
0.404734
0.22931
-0.191669
-0.544381
-0.749213
-1.02745
-0.808753
-0.994115
-1.28386
-0.841818
-0.282611
-0.13761
-0.205854
-0.0123985
-0.067579
0.0946953
0.186745
0.344775
0.494863
0.657627
0.736684
0.793151
1.09584
1.04288
0.71805
0.246415
0.418842
0.450508
0.321381
0.38695
0.0788943
0.0915609
-0.038772
-0.107035
-0.192707
-0.308241
-0.219568
-0.395486
-1.00983
)
;

boundaryField
{
    INLET
    {
        type            zeroGradient;
    }
    OUTLET
    {
        type            fixedValue;
        value           uniform 0;
    }
    WALL
    {
        type            zeroGradient;
    }
    CYLINDER
    {
        type            zeroGradient;
    }
    frontAndBackPlanes
    {
        type            empty;
    }
}


// ************************************************************************* //
