/*--------------------------------*- C++ -*----------------------------------*\
| =========                 |                                                 |
| \\      /  F ield         | OpenFOAM: The Open Source CFD Toolbox           |
|  \\    /   O peration     | Version:  v1912                                 |
|   \\  /    A nd           | Website:  www.openfoam.com                      |
|    \\/     M anipulation  |                                                 |
\*---------------------------------------------------------------------------*/
FoamFile
{
    version     2.0;
    format      ascii;
    class       volScalarField;
    location    "0.14";
    object      p;
}
// * * * * * * * * * * * * * * * * * * * * * * * * * * * * * * * * * * * * * //

dimensions      [0 2 -2 0 0 0 0];


internalField   nonuniform List<scalar> 
6600
(
61.3605
56.6267
54.1985
52.7113
51.9395
51.6251
51.641
52.0126
52.7403
53.7981
55.159
56.9624
59.1339
61.7309
64.6533
67.9397
71.6836
75.855
80.4096
85.3505
90.6522
96.3103
102.287
108.51
114.919
121.462
128.13
134.74
141.159
147.341
153.144
158.303
162.664
166.039
168.087
168.477
166.899
162.942
156.155
146.127
132.376
114.275
91.3203
62.69
27.7463
-14.3315
-63.7464
-121.294
-188.515
-257.682
58.0892
52.9787
51.1187
49.3464
48.2019
47.5263
47.2076
47.2667
47.7028
48.5056
49.5724
51.0257
52.8901
55.0667
57.6467
60.5748
63.8899
67.5803
71.5893
75.9405
80.5902
85.5457
90.7631
96.1736
101.721
107.264
112.719
118.101
123.23
127.846
131.978
135.431
137.882
139.158
138.955
136.922
132.726
125.957
116.187
102.977
85.8033
64.0419
37.1484
4.42475
-34.7726
-81.2593
-135.193
-196.742
-266.479
-336.121
53.4232
47.9681
46.8965
44.8554
43.5582
42.7313
42.2179
42.045
42.2373
42.7428
43.6252
44.7162
46.3116
48.2292
50.4333
53.0039
55.9482
59.1844
62.7218
66.5191
70.5658
74.8366
79.2841
83.8653
88.4655
92.9391
97.2544
101.366
105.145
108.324
110.733
112.24
112.634
111.671
109.023
104.352
97.3404
87.5954
74.6633
58.1099
37.4238
12.0102
-18.6599
-55.1408
-98.0105
-148.026
-205.373
-269.311
-338.714
-404.827
47.8471
41.9683
41.5519
39.2429
37.921
36.9758
36.2983
35.9691
35.9928
36.2976
36.9527
37.8604
39.0237
40.6682
42.637
44.8946
47.4144
50.2252
53.2601
56.5153
59.9453
63.5125
67.1586
70.8612
74.5689
78.0468
81.1225
83.8396
86.1177
87.7033
88.3913
87.9766
86.2291
82.9311
77.7726
70.4333
60.5676
47.7895
31.7052
11.8803
-12.1691
-40.9366
-74.8637
-114.385
-159.982
-212.303
-271.4
-335.751
-402.974
-463.228
41.4879
35.3027
35.1427
32.5523
31.282
30.1745
29.3398
28.8426
28.6872
28.8547
29.2947
30.0685
31.0871
32.3043
33.8703
35.7168
37.8227
40.1186
42.6174
45.2695
48.0314
50.8559
53.6559
56.3901
58.9859
61.3415
63.2976
64.6914
65.4339
65.3926
64.3106
61.9546
58.1127
52.5273
44.9236
34.9822
22.3857
6.78089
-12.2192
-34.9756
-61.8716
-93.3087
-129.63
-171.158
-218.235
-271.319
-330.422
-393.844
-457.483
-510.026
34.3808
27.8709
27.6846
24.8102
23.5196
22.3325
21.3439
20.7027
20.3727
20.2817
20.4875
20.9356
21.6777
22.6521
23.7599
25.0941
26.6476
28.3717
30.2434
32.2043
34.2185
36.2307
38.1443
39.895
41.4906
42.686
43.3287
43.3547
42.611
40.9037
38.077
33.8764
28.0322
20.308
10.4339
-1.85384
-16.866
-34.9216
-56.3082
-81.3351
-110.311
-143.509
-181.159
-223.491
-270.753
-323.248
-380.864
-441.851
-500.538
-543.888
26.3449
19.5302
19.171
16.0069
14.6594
13.3471
12.2595
11.41
10.8011
10.5293
10.396
10.566
10.9452
11.3593
11.9722
12.7803
13.6883
14.7547
15.8967
17.0801
18.2551
19.3731
20.343
21.0321
21.3957
21.4795
21.0012
19.7292
17.5244
14.2699
9.7524
3.76205
-3.92089
-13.5452
-25.3536
-39.6198
-56.5737
-76.4565
-99.5397
-126.042
-156.153
-190.06
-227.903
-269.831
-316.051
-366.843
-421.835
-479.015
-531.901
-565.094
17.056
10.2863
9.68397
6.24982
4.78009
3.26545
1.9886
0.990028
0.143044
-0.551846
-1.00379
-1.42958
-1.57687
-1.55333
-1.516
-1.42465
-1.19246
-0.903753
-0.578894
-0.245091
0.0411466
0.212536
0.2107
-0.042102
-0.721031
-1.96534
-3.8054
-6.34228
-9.83665
-14.5219
-20.527
-28.0478
-37.3014
-48.494
-61.8462
-77.5464
-95.8131
-116.858
-140.836
-167.908
-198.216
-231.845
-268.851
-309.305
-353.383
-401.457
-453.202
-505.77
-552.135
-575.583
6.21925
-0.0556528
-0.90612
-4.48176
-6.04935
-7.82887
-9.36098
-10.7119
-11.8635
-12.9079
-13.855
-14.6559
-15.5388
-16.3108
-16.9284
-17.4703
-18.043
-18.5967
-19.1537
-19.7213
-20.3865
-21.2095
-22.2459
-23.5974
-25.3395
-27.6101
-30.5558
-34.3447
-39.1098
-45.0035
-52.2387
-61.0014
-71.4599
-83.7823
-98.1373
-114.724
-133.677
-155.117
-179.199
-206.027
-235.649
-268.084
-303.337
-341.449
-382.547
-426.929
-474.639
-522.598
-563.186
-579.314
-5.97521
-11.5839
-12.5384
-16.074
-17.8155
-19.887
-21.7187
-23.3561
-25.0346
-26.5933
-28.2225
-29.8008
-31.1875
-32.5916
-34.0953
-35.5196
-36.9055
-38.3245
-39.7811
-41.3104
-42.9445
-44.7311
-46.7274
-49.0226
-51.7411
-55.0684
-59.1135
-63.9366
-69.6873
-76.5739
-84.7512
-94.3732
-105.592
-118.56
-133.421
-150.27
-169.23
-190.42
-213.886
-239.681
-267.857
-298.387
-331.19
-366.219
-403.558
-443.803
-486.545
-529.37
-565.413
-578.548
-19.3057
-24.157
-25.1426
-28.4923
-30.3112
-32.7353
-35.0318
-37.2154
-39.3044
-41.5021
-43.6109
-45.9293
-48.3723
-50.684
-52.8877
-55.1987
-57.556
-59.9021
-62.3101
-64.7896
-67.374
-70.1184
-73.093
-76.3832
-80.0192
-84.1181
-88.8681
-94.4633
-101.018
-108.595
-117.328
-127.402
-138.956
-152.085
-166.877
-183.454
-201.875
-222.168
-244.388
-268.555
-294.656
-322.637
-352.396
-383.833
-416.851
-452.232
-488.7
-524.072
-552.604
-565.434
-33.354
-37.5229
-38.4906
-41.6505
-43.5692
-46.2985
-48.9109
-51.7405
-54.5796
-57.5413
-60.6427
-63.5966
-66.7049
-69.964
-73.3316
-76.6047
-79.8971
-83.2375
-86.6097
-90.0431
-93.55
-97.1753
-100.953
-104.958
-109.316
-114.16
-119.597
-125.677
-132.555
-140.42
-149.389
-159.533
-170.945
-183.742
-198.026
-213.816
-231.151
-250.077
-270.568
-292.585
-316.107
-341.078
-367.318
-394.578
-423.221
-452.644
-481.297
-505.749
-520.845
-531.022
-47.7488
-51.3564
-52.3446
-55.4001
-57.4407
-60.5491
-63.7021
-66.8795
-70.4943
-74.1351
-78.0449
-82.2168
-86.4101
-90.6129
-94.8106
-99.241
-103.656
-108.019
-112.382
-116.77
-121.191
-125.654
-130.215
-134.963
-139.93
-145.167
-150.802
-157.044
-164.029
-171.815
-180.5
-190.235
-201.122
-213.203
-226.502
-241.092
-256.983
-274.133
-292.507
-312.057
-332.699
-354.31
-376.628
-399.601
-422.964
-445.667
-466.122
-480.741
-485.366
-489.866
-61.9282
-64.931
-65.954
-69.1266
-71.5421
-74.9283
-78.6202
-82.6926
-86.9792
-91.6852
-96.5063
-101.472
-106.663
-112.134
-117.641
-123.085
-128.571
-134.047
-139.477
-144.834
-150.124
-155.358
-160.557
-165.754
-171.048
-176.574
-182.396
-188.541
-195.151
-202.425
-210.507
-219.468
-229.366
-240.283
-252.297
-265.375
-279.475
-294.589
-310.655
-327.556
-345.145
-363.275
-381.747
-400.477
-418.463
-434.676
-447.703
-455.935
-461.15
-462.483
-75.8606
-78.071
-79.1514
-82.5093
-85.3484
-89.4066
-93.5085
-98.3122
-103.46
-108.995
-115
-121.278
-127.69
-134.099
-140.729
-147.541
-154.296
-160.978
-167.516
-173.883
-180.082
-186.1
-191.918
-197.577
-203.131
-208.637
-214.143
-219.81
-225.838
-232.312
-239.327
-247.052
-255.635
-265.124
-275.496
-286.781
-298.97
-311.961
-325.626
-339.876
-354.585
-369.477
-384.476
-399.106
-412.578
-424.045
-432.28
-436.218
-440.998
-441.918
-89.0467
-90.5847
-91.7785
-95.2792
-98.4474
-103.08
-107.983
-113.495
-119.736
-126.416
-133.354
-140.696
-148.479
-156.531
-164.512
-172.509
-180.579
-188.579
-196.342
-203.817
-210.982
-217.782
-224.161
-230.119
-235.69
-240.998
-246.168
-251.238
-256.256
-261.452
-267.089
-273.313
-280.205
-287.878
-296.437
-305.841
-315.986
-326.804
-338.218
-350.088
-362.183
-374.28
-386.203
-397.627
-407.767
-415.437
-419.807
-423.77
-425.418
-426.772
-100.56
-101.224
-102.928
-106.787
-110.394
-115.647
-121.364
-127.722
-134.77
-142.63
-151.067
-159.883
-168.9
-178.218
-187.887
-197.564
-207.074
-216.439
-225.57
-234.329
-242.599
-250.286
-257.34
-263.706
-269.379
-274.417
-278.845
-282.81
-286.601
-290.359
-294.219
-298.439
-303.305
-308.976
-315.469
-322.801
-330.96
-339.833
-349.249
-359.076
-369.023
-378.749
-388.226
-397.043
-404.48
-409.598
-412.17
-414.385
-415.73
-416.592
-109.484
-109.96
-112.094
-116.221
-120.393
-126.446
-132.99
-140.532
-148.796
-157.641
-167.292
-177.584
-188.393
-199.496
-210.689
-222.013
-233.317
-244.374
-255.099
-265.321
-274.858
-283.609
-291.456
-298.261
-303.945
-308.612
-312.405
-315.398
-317.656
-319.443
-321.141
-323.087
-325.547
-328.759
-332.944
-338.176
-344.368
-351.405
-359.25
-367.521
-375.564
-383.405
-390.825
-397.228
-402.028
-404.949
-407.766
-408.54
-409.596
-409.997
-115.82
-116.646
-119.081
-123.583
-128.345
-135.153
-142.458
-150.987
-160.512
-170.884
-181.918
-193.627
-206.001
-218.934
-232.222
-245.526
-258.799
-271.837
-284.43
-296.399
-307.529
-317.64
-326.556
-334.119
-340.218
-344.767
-347.776
-349.397
-349.932
-349.652
-348.84
-347.915
-347.382
-347.737
-349.26
-352.061
-356.206
-361.753
-368.33
-375.148
-381.999
-388.644
-394.121
-397.911
-399.986
-401.985
-403.309
-404.39
-405.334
-405.583
-118.788
-120.435
-123.485
-128.467
-133.769
-141.551
-149.641
-159.201
-169.794
-181.43
-194.026
-207.483
-221.699
-236.559
-251.859
-267.449
-283.058
-298.411
-313.286
-327.41
-340.531
-352.391
-362.737
-371.355
-378.03
-382.616
-385.171
-385.798
-384.616
-381.881
-378.072
-373.787
-369.719
-366.475
-364.606
-364.553
-366.527
-370.474
-375.726
-381.938
-388.669
-394.35
-397.751
-398.952
-399.425
-399.867
-400.748
-401.829
-402.764
-403.06
-118.111
-121.12
-125.017
-130.631
-136.749
-145.191
-153.905
-164.459
-176.315
-189.257
-203.255
-218.381
-234.501
-251.406
-269.061
-287.14
-305.344
-323.41
-341.006
-357.77
-373.363
-387.488
-399.832
-410.083
-417.965
-423.245
-425.767
-425.444
-422.453
-417.233
-410.239
-402.052
-393.443
-385.544
-379.407
-375.605
-374.444
-376.306
-381.047
-387.95
-394.805
-399.521
-401.517
-401.382
-400.666
-400.219
-400.35
-400.823
-401.35
-401.721
-114.614
-119.288
-123.539
-129.798
-136.776
-145.913
-155.445
-166.984
-179.632
-193.759
-209.365
-226.166
-244.106
-263.256
-283.248
-303.96
-325.104
-346.251
-367.038
-387.04
-405.806
-422.868
-437.851
-450.383
-460.036
-466.442
-469.364
-468.744
-464.57
-457.029
-446.534
-433.77
-419.904
-406.209
-394.098
-384.915
-379.375
-378.881
-383.556
-391.127
-398.575
-403.38
-405.271
-405.218
-403.876
-402.388
-401.017
-400.018
-399.534
-399.58
-109.455
-115.435
-119.665
-126.759
-134.17
-143.595
-153.905
-166.419
-179.851
-194.953
-211.756
-230.25
-250.101
-271.332
-293.857
-317.393
-341.622
-366.199
-390.637
-414.426
-437.008
-457.793
-476.234
-491.841
-504.174
-512.775
-517.138
-516.93
-511.918
-502.33
-488.48
-471.129
-451.112
-429.97
-409.889
-392.771
-380.588
-375.82
-379.354
-388.863
-398.471
-404.712
-407.632
-407.625
-405.729
-403.041
-400.164
-397.815
-396.442
-395.92
-101.923
-109.637
-114.076
-121.509
-129.358
-138.958
-149.703
-162.513
-176.803
-192.988
-210.868
-230.465
-252.136
-275.485
-300.412
-326.776
-354.293
-382.567
-411.049
-439.157
-466.254
-491.608
-514.473
-534.236
-550.271
-561.9
-568.478
-569.6
-565.071
-554.347
-537.651
-515.486
-488.901
-459.527
-429.302
-400.706
-377.359
-365.279
-367.533
-379.049
-392.277
-401.053
-405.311
-406.262
-404.39
-401.126
-397.54
-394.328
-392.226
-390.933
-92.1869
-100.925
-106.511
-114.057
-122.238
-132.06
-143.251
-156.047
-170.526
-187.323
-206.149
-227.077
-250.08
-275.264
-302.581
-331.741
-362.567
-394.656
-427.49
-460.403
-492.637
-523.368
-551.677
-576.65
-597.502
-613.494
-623.823
-627.776
-624.663
-613.918
-595.362
-569.302
-536.427
-497.863
-455.395
-412.237
-374.317
-351.198
-347.219
-360.29
-377.347
-391.358
-399.582
-403.853
-404.436
-402.156
-398.342
-394.295
-391.396
-389.438
-81.8899
-90.6305
-97.3691
-105.053
-113.632
-123.325
-134.257
-147.352
-162.018
-178.858
-197.993
-219.732
-244.04
-270.792
-300.114
-331.952
-365.992
-401.91
-439.248
-477.321
-515.277
-552.131
-586.818
-618.236
-645.339
-667.088
-682.357
-690.298
-690.191
-681.22
-662.593
-633.889
-595.633
-548.418
-494.014
-434.993
-378.711
-338.351
-324.146
-335.231
-358.261
-382.039
-400.302
-409.668
-411.727
-409.217
-404.751
-399.761
-395.822
-393.338
-74.6313
-80.5793
-87.8565
-95.3843
-103.686
-113.211
-123.924
-136.585
-151.055
-167.972
-187.213
-209.213
-234.061
-262.062
-293.111
-327.183
-364.235
-403.93
-445.804
-489.199
-533.191
-576.78
-618.767
-657.844
-692.592
-721.538
-743.522
-757.418
-762.138
-756.654
-739.964
-710.994
-669.764
-616.202
-549.362
-471.854
-399.647
-345.386
-318.108
-315.417
-340.16
-372.717
-399.156
-413.98
-419.338
-417.583
-412.336
-406.937
-403.146
-401.483
-69.2888
-71.0319
-79.2976
-85.973
-93.4293
-102.564
-112.941
-124.915
-138.854
-155.149
-174.048
-196.01
-221.291
-249.853
-281.902
-317.634
-357.238
-400.472
-446.838
-495.621
-545.895
-596.618
-646.586
-694.323
-738.041
-775.872
-806.262
-827.634
-839.117
-839.399
-827.133
-801.488
-760.222
-700.945
-621.018
-532.409
-446.14
-382.235
-343.802
-335.348
-349.182
-373.265
-396.558
-411.05
-416.622
-415.748
-412.364
-408.608
-406.353
-405.972
-69.8699
-62.4396
-72.8178
-77.0054
-83.8163
-91.9982
-101.571
-112.81
-126.087
-141.633
-159.839
-181.181
-206.035
-234.727
-267.416
-303.99
-345.474
-391.616
-442.227
-496.354
-552.957
-611.125
-669.669
-726.969
-780.845
-828.912
-869.447
-900.508
-921.229
-929.579
-923.545
-903.138
-862.682
-799.052
-714.333
-623.613
-534.793
-462.276
-416.706
-393.9
-391.079
-398.397
-408.482
-413.937
-414.265
-411.306
-407.931
-405.981
-405.848
-406.768
-98.7961
-61.4658
-67.3352
-68.9132
-75.157
-82.6844
-91.4782
-101.569
-113.909
-128.538
-145.718
-166.228
-190.467
-218.604
-251.136
-288.45
-330.989
-379.03
-433.146
-492.062
-554.85
-620.531
-688.037
-755.34
-819.322
-878.143
-930.833
-973.176
-1004.83
-1024.2
-1025.16
-1007.49
-972.911
-908.439
-827.82
-737.334
-655.186
-586.188
-531.961
-493.129
-466.786
-450.622
-439.399
-430.133
-420.336
-411.314
-405.521
-404.015
-405.032
-406.706
57.959
53.2298
50.793
49.3316
48.5902
48.2738
48.2882
48.6586
49.3875
50.4274
51.7796
53.5614
55.706
58.2512
61.1309
64.3893
68.097
72.2522
76.7785
81.723
87.0396
92.7295
98.7655
105.077
111.581
118.201
125.093
132.084
138.938
145.519
151.795
157.588
162.642
166.8
169.869
171.478
171.238
168.819
163.84
155.867
144.395
128.854
108.682
83.1909
51.751
13.6135
-31.6391
-84.379
-147.931
-212.482
54.6547
49.5546
47.6606
45.9033
44.7756
44.0899
43.7565
43.8057
44.233
45.0152
46.058
47.4622
49.2945
51.4362
53.9631
56.8513
60.1259
63.7766
67.762
72.114
76.7704
81.7558
87.0322
92.5391
98.2294
103.833
109.349
114.948
120.505
125.677
130.32
134.337
137.46
139.472
140.221
139.322
136.372
131.032
122.903
111.566
96.4461
76.9798
52.6075
22.6496
-13.5339
-56.7463
-107.205
-164.978
-232.083
-298.779
49.9398
44.4769
43.375
41.3489
40.0429
39.1953
38.6598
38.4673
38.6299
39.1215
39.9602
41.0371
42.5195
44.4258
46.5686
49.0938
51.9835
55.18
58.6938
62.4791
66.5249
70.8199
75.3158
79.9565
84.7094
89.4215
93.9125
98.2014
102.218
105.762
108.688
110.815
111.869
111.622
109.876
106.274
100.412
91.9635
80.5201
65.611
46.7245
23.2941
-5.20823
-39.3991
-79.8884
-127.438
-182.182
-243.52
-311.356
-376.058
44.3044
38.402
37.9622
35.6544
34.3082
33.3339
32.6319
32.2713
32.2664
32.5395
33.1458
34.0076
35.1068
36.6813
38.5885
40.79
43.2536
46.0246
49.0229
52.2623
55.6907
59.2791
62.9828
66.7422
70.5658
74.2554
77.5651
80.5235
83.0925
85.0426
86.1469
86.2592
85.1472
82.5609
78.2477
71.8644
63.0562
51.4684
36.6849
18.244
-4.30267
-31.4452
-63.6587
-101.464
-145.404
-196.15
-253.761
-316.829
-383.777
-444.325
37.8608
31.6474
31.4701
28.8527
27.5616
26.428
25.5646
25.0322
24.8373
24.9427
25.3272
26.0213
26.9805
28.1397
29.6312
31.4179
33.4736
35.7148
38.1802
40.8084
43.5603
46.3945
49.2487
52.0479
54.7599
57.3161
59.5109
61.1636
62.1803
62.452
61.7912
59.9458
56.6908
51.782
44.9543
35.8806
24.2143
9.62433
-8.28085
-29.9168
-55.6705
-85.9396
-121.113
-161.603
-207.821
-260.307
-319.007
-382.236
-447.159
-502.01
30.6646
24.1054
23.9211
21.0063
19.6932
18.4739
17.441
16.7596
16.376
16.2115
16.3414
16.7369
17.3734
18.2874
19.3352
20.6105
22.096
23.7773
25.6089
27.5376
29.5488
31.5613
33.517
35.3378
36.9831
38.3036
39.1688
39.4871
39.0769
37.7241
35.2596
31.5005
26.1901
19.0811
9.89901
-1.6635
-15.8981
-33.1238
-53.6851
-77.9232
-106.15
-138.668
-175.775
-217.773
-264.963
-317.727
-376.095
-438.276
-499.908
-547.549
22.5232
15.6563
15.3274
12.1082
10.7336
9.37956
8.24778
7.34584
6.6684
6.3169
6.11114
6.18502
6.49143
6.82451
7.3672
8.10594
8.9588
9.96583
11.0543
12.2109
13.3859
14.5048
15.5059
16.2899
16.7844
16.9111
16.4961
15.4106
13.4947
10.5775
6.46357
0.919313
-6.29084
-15.4053
-26.6594
-40.3307
-56.7008
-76.0206
-98.5707
-124.624
-154.419
-188.181
-226.113
-268.428
-315.374
-367.278
-423.898
-483.516
-540.732
-579.732
13.1112
6.30714
5.76218
2.24606
0.759555
-0.807063
-2.13126
-3.18325
-4.10724
-4.89161
-5.42439
-5.93477
-6.17528
-6.23536
-6.2826
-6.27304
-6.11804
-5.90426
-5.62916
-5.34053
-5.07739
-4.91195
-4.90851
-5.16332
-5.76356
-6.81583
-8.50348
-10.9353
-14.2403
-18.6396
-24.3351
-31.5098
-40.3815
-51.1683
-64.1046
-79.4265
-97.3395
-118.068
-141.839
-168.852
-199.277
-233.26
-270.93
-312.431
-357.995
-407.999
-462.109
-518.104
-569.634
-599.268
2.25127
-4.13188
-4.92188
-8.58167
-10.1593
-11.992
-13.5768
-14.9994
-16.2396
-17.3494
-18.4112
-19.2934
-20.2773
-21.1607
-21.8664
-22.5042
-23.1733
-23.7964
-24.4189
-25.0486
-25.7443
-26.5754
-27.5972
-28.9095
-30.6343
-32.8523
-35.6849
-39.311
-43.9361
-49.6827
-56.6924
-65.1871
-75.3802
-87.4597
-101.596
-117.984
-136.822
-158.263
-182.47
-209.593
-239.746
-273.025
-309.498
-349.263
-392.502
-439.616
-490.443
-541.963
-586.997
-607.672
-10.0062
-15.7085
-16.6358
-20.2472
-21.9951
-24.1308
-26.0227
-27.7447
-29.5137
-31.1651
-32.9043
-34.5895
-36.084
-37.6077
-39.2273
-40.7602
-42.2355
-43.7499
-45.2878
-46.8848
-48.576
-50.4011
-52.4284
-54.753
-57.4597
-60.6921
-64.6228
-69.3521
-74.9931
-81.7739
-89.8745
-99.405
-110.523
-123.401
-138.216
-155.12
-174.228
-195.674
-219.581
-246.043
-275.134
-306.901
-341.363
-378.559
-418.654
-461.975
-508.479
-555.325
-594.931
-609.41
-23.4249
-28.2988
-29.2983
-32.7052
-34.5423
-37.0457
-39.4142
-41.6905
-43.8747
-46.182
-48.4137
-50.8378
-53.3998
-55.8483
-58.192
-60.6188
-63.0926
-65.5549
-68.0565
-70.6228
-73.2873
-76.0864
-79.0896
-82.3822
-86.066
-90.2397
-95.0007
-100.533
-107.035
-114.586
-123.307
-133.393
-144.985
-158.206
-173.165
-189.981
-208.773
-229.614
-252.572
-277.707
-305.049
-334.619
-366.412
-400.399
-436.574
-475.472
-516.436
-557.5
-592.229
-605.467
-37.5666
-41.6868
-42.6699
-45.8651
-47.8257
-50.6414
-53.338
-56.2663
-59.2099
-62.2879
-65.5127
-68.618
-71.8499
-75.2346
-78.7486
-82.181
-85.6144
-89.0814
-92.5703
-96.1157
-99.7382
-103.466
-107.341
-111.444
-115.867
-120.755
-126.245
-132.392
-139.303
-147.215
-156.278
-166.557
-178.167
-191.215
-205.818
-222.066
-239.997
-259.672
-281.133
-304.385
-329.427
-356.236
-384.753
-414.906
-446.756
-480.315
-514.316
-546.664
-571.753
-585.021
-52.0064
-55.499
-56.4962
-59.596
-61.6801
-64.8835
-68.1296
-71.4084
-75.1474
-78.9361
-82.9666
-87.3019
-91.669
-96.0031
-100.357
-104.929
-109.504
-114.028
-118.544
-123.068
-127.614
-132.204
-136.882
-141.715
-146.786
-152.192
-158.027
-164.452
-171.61
-179.554
-188.415
-198.384
-209.563
-222.03
-235.833
-251.018
-267.652
-285.742
-305.278
-326.241
-348.572
-372.184
-396.955
-422.678
-449.893
-477.335
-503.16
-523.705
-534.321
-544.366
-66.1067
-69.009
-70.0507
-73.2766
-75.7331
-79.2157
-82.9973
-87.1884
-91.6013
-96.4563
-101.432
-106.557
-111.929
-117.562
-123.245
-128.861
-134.52
-140.17
-145.783
-151.306
-156.754
-162.157
-167.541
-172.938
-178.412
-184.084
-190.076
-196.452
-203.328
-210.908
-219.336
-228.669
-239.011
-250.446
-263.046
-276.859
-291.849
-308.009
-325.323
-343.712
-363.083
-383.278
-404.035
-425.427
-447.012
-467.716
-485.892
-498.63
-502.869
-506.608
-79.8347
-81.9839
-83.1084
-86.5147
-89.4078
-93.5745
-97.7757
-102.708
-108.001
-113.688
-119.852
-126.308
-132.906
-139.524
-146.349
-153.357
-160.294
-167.176
-173.913
-180.478
-186.876
-193.089
-199.117
-204.985
-210.759
-216.511
-222.316
-228.322
-234.725
-241.597
-249.043
-257.271
-266.399
-276.505
-287.617
-299.714
-312.819
-326.888
-341.839
-357.589
-373.996
-390.825
-407.928
-425.121
-441.698
-456.632
-468.286
-475.385
-482.287
-483.615
-92.7519
-94.2448
-95.5016
-99.0703
-102.313
-107.062
-112.083
-117.725
-124.127
-130.971
-138.086
-145.613
-153.573
-161.833
-170.054
-178.276
-186.566
-194.773
-202.754
-210.462
-217.859
-224.883
-231.512
-237.765
-243.662
-249.28
-254.741
-260.155
-265.602
-271.318
-277.546
-284.384
-291.966
-300.39
-309.716
-319.989
-331.121
-343.027
-355.642
-368.858
-382.559
-396.492
-410.391
-423.888
-436.423
-447.157
-454.83
-458.575
-462.281
-464.209
-104.007
-104.65
-106.406
-110.341
-114.022
-119.392
-125.228
-131.729
-138.926
-146.947
-155.58
-164.598
-173.833
-183.357
-193.236
-203.162
-212.942
-222.544
-231.899
-240.924
-249.454
-257.403
-264.725
-271.398
-277.423
-282.842
-287.723
-292.191
-296.51
-300.844
-305.341
-310.31
-315.951
-322.429
-329.83
-338.087
-347.183
-357.052
-367.55
-378.575
-389.971
-401.352
-412.51
-423.111
-432.504
-439.714
-443.954
-448.346
-449.352
-451.152
-112.56
-113.091
-115.278
-119.486
-123.738
-129.92
-136.564
-144.252
-152.686
-161.703
-171.528
-181.999
-193.011
-204.354
-215.776
-227.348
-238.912
-250.259
-261.26
-271.764
-281.589
-290.635
-298.79
-305.942
-312.047
-317.164
-321.426
-324.952
-327.82
-330.297
-332.781
-335.539
-338.901
-343.09
-348.222
-354.414
-361.578
-369.556
-378.277
-387.602
-396.928
-405.977
-414.965
-423.217
-429.871
-434.248
-437.377
-439.536
-440.866
-441.847
-118.419
-119.364
-121.879
-126.479
-131.352
-138.288
-145.693
-154.358
-164.038
-174.569
-185.779
-197.704
-210.284
-223.433
-236.939
-250.506
-264.048
-277.385
-290.298
-302.552
-313.981
-324.431
-333.696
-341.606
-348.094
-353.138
-356.764
-359.051
-360.286
-360.797
-360.848
-360.91
-361.396
-362.763
-365.385
-369.284
-374.426
-380.778
-388.257
-396.068
-403.536
-411.055
-418.139
-423.986
-428.017
-430.375
-432.533
-433.825
-435.071
-435.565
-120.958
-122.745
-125.9
-130.981
-136.411
-144.296
-152.473
-162.181
-172.903
-184.693
-197.449
-211.093
-225.525
-240.601
-256.137
-271.956
-287.819
-303.45
-318.634
-333.084
-346.55
-358.773
-369.503
-378.522
-385.643
-390.708
-393.836
-395.192
-394.831
-393.017
-390.246
-387.06
-384.16
-382.175
-381.54
-382.694
-385.815
-390.89
-397.189
-403.537
-410.196
-416.7
-421.797
-424.964
-426.487
-427.943
-428.851
-430.109
-431.231
-431.634
-119.944
-123.065
-127.07
-132.735
-138.994
-147.569
-156.311
-167.018
-178.992
-192.064
-206.212
-221.478
-237.788
-254.892
-272.764
-291.069
-309.527
-327.855
-345.748
-362.859
-378.849
-393.35
-406.052
-416.714
-425.061
-430.875
-433.98
-434.37
-432.276
-428.129
-422.314
-415.463
-408.321
-401.837
-397.112
-394.821
-395.244
-398.54
-403.587
-410.021
-417.03
-422.563
-425.618
-426.461
-426.706
-426.72
-427.261
-428.196
-429.093
-429.54
-116.139
-120.9
-125.223
-131.563
-138.667
-147.863
-157.437
-169.107
-181.8
-196.042
-211.784
-228.722
-246.8
-266.122
-286.3
-307.213
-328.578
-349.985
-371.037
-391.336
-410.454
-427.91
-443.291
-456.27
-466.403
-473.354
-476.869
-476.977
-473.79
-467.385
-458.223
-447.008
-434.824
-422.996
-412.716
-405.37
-401.736
-402.54
-407.398
-415.244
-422.89
-427.704
-429.51
-429.556
-428.609
-427.878
-427.442
-427.352
-427.568
-427.994
-110.627
-116.77
-121.006
-128.185
-135.662
-145.114
-155.531
-168.068
-181.549
-196.743
-213.633
-232.223
-252.182
-273.532
-296.192
-319.884
-344.283
-369.08
-393.752
-417.794
-440.667
-461.826
-480.713
-496.747
-509.557
-518.706
-523.694
-524.233
-520.218
-511.787
-499.391
-483.77
-465.868
-446.951
-429.135
-414.874
-405.304
-402.291
-406.426
-415.731
-425.426
-431.323
-433.322
-433.036
-431.809
-429.757
-427.668
-426.164
-425.402
-425.343
-102.756
-110.689
-115.125
-122.608
-130.501
-140.14
-150.917
-163.724
-178.079
-194.282
-212.184
-231.829
-253.556
-276.969
-301.983
-328.44
-356.075
-384.49
-413.155
-441.492
-468.832
-494.502
-517.753
-537.919
-554.434
-566.625
-573.842
-575.686
-572.033
-562.618
-547.522
-527.28
-502.789
-475.864
-448.889
-424.393
-405.177
-394.973
-397.022
-408.689
-422.672
-431.437
-434.593
-434.191
-432.568
-429.601
-426.149
-423.318
-421.61
-420.905
-92.7413
-101.691
-107.29
-114.877
-123.086
-132.928
-144.103
-156.88
-171.349
-188.148
-206.97
-227.879
-250.869
-276.039
-303.362
-332.539
-363.398
-395.534
-428.456
-461.513
-493.928
-524.892
-553.518
-578.919
-600.221
-616.705
-627.641
-632.322
-630.105
-620.538
-603.589
-579.512
-549.177
-513.577
-474.752
-436.384
-402.991
-382.599
-380.021
-391.802
-410.26
-425.296
-431.19
-432.166
-430.824
-427.978
-424.14
-420.347
-417.713
-416.059
-82.2054
-91.1306
-97.902
-105.621
-114.208
-123.897
-134.802
-147.854
-162.467
-179.242
-198.326
-219.985
-244.201
-270.897
-300.144
-331.891
-365.853
-401.711
-439.021
-477.104
-515.12
-552.122
-587.04
-618.788
-646.298
-668.517
-684.386
-692.943
-693.575
-685.833
-668.956
-642.541
-606.543
-562.121
-511.465
-457.54
-406.489
-369.921
-357.046
-365.644
-388.122
-408.746
-424.168
-432.305
-433.863
-431.406
-427.173
-422.509
-418.967
-416.533
-74.7448
-80.8589
-88.1758
-95.728
-104.034
-113.54
-124.215
-136.814
-151.2
-167.994
-187.099
-208.973
-233.668
-261.49
-292.395
-326.311
-363.155
-402.648
-444.353
-487.627
-531.564
-575.124
-617.158
-656.388
-691.44
-720.877
-743.382
-757.855
-763.41
-758.96
-743.673
-716.734
-677.611
-626.909
-565.333
-493.793
-420.708
-366.873
-341.717
-343.418
-368.176
-397.347
-422.488
-437.572
-442.356
-440.614
-435.584
-429.956
-425.711
-423.172
-69.2676
-71.1313
-79.4798
-86.1348
-93.5894
-102.695
-113.022
-124.899
-138.739
-154.885
-173.631
-195.37
-220.353
-248.674
-280.5
-316.025
-355.267
-398.128
-444.143
-492.638
-542.678
-593.217
-643.032
-690.689
-734.558
-772.817
-803.746
-825.716
-837.692
-838.748
-827.368
-803.413
-765.707
-710.448
-636.504
-549.265
-462.908
-390.051
-347.887
-337.986
-359.145
-392.543
-422.147
-440.185
-446.602
-445.538
-440.982
-435.922
-432.57
-431.124
-69.7025
-62.42
-72.8713
-77.0337
-83.8417
-91.9766
-101.479
-112.615
-125.761
-141.166
-159.145
-180.243
-204.718
-233.007
-265.311
-301.764
-342.734
-388.317
-438.322
-491.956
-548.198
-605.991
-664.111
-721.048
-774.768
-823.201
-864.315
-895.853
-916.681
-925.86
-920.97
-901.072
-867.432
-806.184
-725.144
-630.471
-539.36
-456.849
-402.345
-381.172
-384.237
-403.38
-423.148
-437.051
-442.599
-441.649
-438.813
-435.953
-434.496
-434.488
-98.1589
-61.3898
-67.2162
-68.8724
-75.1006
-82.5544
-91.2596
-101.245
-113.402
-127.889
-144.825
-164.987
-188.793
-216.498
-248.587
-285.504
-327.541
-374.95
-428.183
-486.379
-548.512
-613.627
-680.351
-747.031
-810.738
-869.675
-922.614
-966.154
-997.656
-1016.16
-1021.24
-1005.01
-972.091
-917.42
-833.22
-743.393
-647.513
-569.496
-510.583
-471.349
-450.811
-444.776
-445.983
-446.408
-443.632
-439.17
-435.17
-433.395
-433.654
-434.887
-79.7929
-50.7698
-55.2345
-61.6575
-67.9816
-74.871
-82.8047
-92.2256
-103.409
-116.812
-133.143
-152.5
-175.026
-201.782
-234.155
-272.105
-315.534
-365.105
-421.442
-484.921
-555.022
-629.999
-707.746
-785.807
-861.958
-933.607
-998.402
-1054.69
-1099.46
-1130.71
-1145.42
-1139.71
-1093.85
-1026.36
-944.917
-851.923
-764.363
-688.891
-625.33
-575.377
-538.118
-510.692
-488.98
-469.966
-453.51
-440.421
-433.054
-432.256
-433.86
-435.489
-62.8784
-51.9628
-54.063
-58.5684
-64.0067
-70.5531
-78.3536
-87.5082
-98.4828
-112.062
-128.738
-149.257
-173.709
-202.978
-238.414
-279.942
-328.067
-383.986
-448.014
-520.546
-600.789
-686.487
-776.284
-867.424
-956.42
-1039.69
-1114.73
-1177.67
-1227.51
-1256.63
-1258.77
-1227.63
-1175.42
-1105.05
-1024.8
-937.832
-855.149
-780.644
-716.708
-661.421
-613.767
-572.451
-535.941
-503.378
-474.782
-452.193
-438.863
-434.523
-436.667
-438.797
-50.5763
-51.7737
-53.4301
-56.4696
-61.6471
-68.3282
-76.1737
-85.7093
-97.3466
-112.125
-130.697
-154.165
-182.799
-216.477
-256.385
-304.258
-361.262
-427.508
-502.624
-586.224
-678.6
-778.413
-882.801
-987.415
-1086.1
-1176.74
-1256.95
-1322.97
-1365.24
-1377.48
-1360.51
-1320.82
-1262.41
-1190.77
-1110.92
-1030.47
-951.606
-876.027
-805.348
-741
-682.353
-629.412
-581.801
-539.561
-502.892
-472.969
-452.07
-441.807
-442.222
-445.389
-42.3207
-46.9054
-50.0922
-53.3426
-58.3594
-65.2876
-73.3156
-83.3183
-96.4022
-113.065
-133.935
-159.997
-192.114
-231.022
-277.945
-334.595
-401.292
-478.339
-566.731
-666.747
-777.429
-895.629
-1015.23
-1129.99
-1236.98
-1334.41
-1419.06
-1478.07
-1502.13
-1498.94
-1471.19
-1423.82
-1360.11
-1286.31
-1206.5
-1123.55
-1040
-958.702
-880.983
-807.966
-740.353
-678.459
-622.783
-573.793
-531.877
-497.48
-471.417
-455.327
-449.963
-456.24
-35.1548
-39.5271
-43.4139
-47.8107
-52.8647
-59.6054
-67.9412
-78.8003
-92.9655
-110.816
-133.677
-162.518
-198.851
-243.949
-298.406
-363.16
-440.234
-531.977
-639.574
-761.48
-893.245
-1028.82
-1161.99
-1288.75
-1406.96
-1510.6
-1586.68
-1626.52
-1636.39
-1619.76
-1581.91
-1525.33
-1456.19
-1377.59
-1292.31
-1203.16
-1113.77
-1025.76
-940.872
-860.456
-785.373
-716.771
-655.314
-601.777
-556.549
-519.742
-491.311
-471.796
-463.763
-471.385
-28.4592
-31.3708
-34.7508
-38.9322
-43.9199
-50.785
-59.5824
-70.6754
-85.3293
-103.964
-128.512
-160.663
-201.917
-252.519
-313.846
-388.319
-479.827
-591.809
-723.185
-868.902
-1021.71
-1174.72
-1323.82
-1465.38
-1590.14
-1683.33
-1739.14
-1763.3
-1758.38
-1728.71
-1679.34
-1614.32
-1536.76
-1450.45
-1358.23
-1263.14
-1167.21
-1072.96
-981.738
-895.132
-814.522
-740.963
-675.627
-619.277
-572.29
-534.588
-505.908
-486.478
-478.321
-480.386
-20.2607
-22.1312
-24.9336
-27.946
-32.319
-38.7566
-46.9176
-57.4991
-71.6912
-91.3344
-117.948
-153.517
-198.373
-254.217
-324.911
-413.932
-525.168
-660.52
-817.254
-987.487
-1161.93
-1335.57
-1501.22
-1647.98
-1757.85
-1830.78
-1869.6
-1878.06
-1858.68
-1816.6
-1755.95
-1681.06
-1594.59
-1500.38
-1401.29
-1299.83
-1198.22
-1098.18
-1001.72
-910.251
-825.325
-748.393
-680.484
-622.527
-574.872
-537.464
-509.945
-492.038
-483.663
-482.869
-10.4904
-11.5633
-13.1192
-15.1087
-17.7256
-21.89
-28.4122
-37.8972
-51.997
-73.2368
-101.231
-138.36
-186.777
-250.462
-334.445
-442.381
-576.1
-736.508
-920.165
-1116.42
-1315.26
-1506.86
-1672.48
-1800.13
-1891.12
-1946.34
-1969.48
-1963.09
-1930.35
-1875.91
-1805
-1720.33
-1626.01
-1524.7
-1419.44
-1312.39
-1205.46
-1100.76
-999.909
-904.678
-816.695
-737.347
-667.9
-609.146
-561.454
-524.751
-498.61
-482.418
-475.665
-475.457
0.595216
1.30704
1.98407
2.04916
1.94941
0.486686
-4.53576
-13.3565
-26.9638
-46.9978
-75.0613
-113.916
-166.981
-240.203
-339.532
-469.12
-630.087
-817.214
-1028.23
-1252.16
-1467.47
-1651.04
-1797.81
-1908
-1984.18
-2023.51
-2031.46
-2012.84
-1968.47
-1903.47
-1823.48
-1731.81
-1630.47
-1523.2
-1412.57
-1300.67
-1189.49
-1080.86
-976.705
-878.729
-788.579
-707.795
-637.477
-578.413
-530.972
-494.984
-469.854
-454.838
-449.781
-450.454
14.6793
17.9523
21.366
23.4397
24.9375
25.8936
24.4701
18.7566
7.4788
-10.3167
-36.9668
-76.5424
-133.767
-216.254
-331.34
-483.621
-674.838
-894.441
-1129.47
-1362.18
-1569.16
-1740.53
-1870.91
-1966.47
-2031.49
-2058.47
-2052.48
-2025.3
-1972.29
-1900.02
-1813.24
-1715.17
-1608.84
-1497.06
-1382.21
-1266.5
-1151.87
-1040.35
-933.77
-833.934
-742.598
-661.13
-590.639
-531.788
-484.771
-449.335
-424.836
-410.383
-405.294
-405.972
31.0989
35.723
42.0071
48.0961
52.9677
57.1916
60.2497
59.9811
54.3225
41.6682
18.7021
-19.7802
-80.9322
-173.671
-305.825
-480.189
-691.717
-931.178
-1179.74
-1413.39
-1609.8
-1771.21
-1890.36
-1975.42
-2030.71
-2049.14
-2037.67
-2002.28
-1944.27
-1867.74
-1776.68
-1674.68
-1564.9
-1449.81
-1331.85
-1213.22
-1096.11
-982.565
-874.526
-773.911
-682.322
-601.103
-531.196
-473.082
-426.825
-392.022
-367.906
-353.556
-348.071
-347.63
48.1531
55.6937
64.4181
74.6658
85.169
95.6674
105.556
113.588
116.905
112.228
94.285
56.988
-9.03909
-112.26
-256.377
-442.975
-666.683
-919.615
-1171.48
-1404.14
-1588.95
-1743.17
-1862.15
-1941.27
-1988.09
-2004.89
-1991.87
-1953.07
-1892.44
-1813.76
-1720.68
-1616.64
-1504.54
-1387.06
-1266.82
-1146.25
-1027.66
-913.178
-804.88
-704.6
-613.889
-533.937
-465.491
-408.858
-363.881
-329.975
-306.307
-291.857
-285.593
-284.021
62.9998
75.1542
88.6295
104.643
122.294
141.169
160.541
179.024
193.751
198.819
185.013
146.999
79.1251
-29.9437
-181.579
-374.682
-598.878
-858.509
-1107.35
-1331.86
-1525.16
-1677.81
-1794.95
-1876.02
-1923.96
-1940.24
-1926.99
-1887.78
-1826.69
-1747.59
-1653.79
-1548.47
-1434.82
-1315.91
-1194.59
-1073.39
-954.637
-840.592
-733.347
-634.703
-546.088
-468.481
-402.41
-347.95
-304.738
-272.086
-249.065
-234.6
-227.546
-224.973
78.2364
95.5155
115.577
138.3
163.985
192.221
221.258
247.671
268.095
277.654
268.736
233.873
167.942
54.9304
-95.8987
-291.882
-514.914
-759.978
-1011.57
-1237.51
-1434.08
-1594.56
-1717.7
-1804.38
-1855.56
-1873.48
-1861.17
-1822.56
-1761.59
-1681.91
-1587.14
-1481.15
-1367.38
-1248.75
-1127.86
-1007.3
-889.595
-777.15
-672.045
-575.969
-490.157
-415.359
-351.882
-299.613
-258.098
-226.598
-204.163
-189.67
-181.909
-178.533
93.0041
111.9
134.441
160.472
190.109
222.005
254.281
284.264
309.258
321.92
314.544
276.769
210.405
101.937
-52.1852
-242.739
-459.456
-694.646
-939.608
-1167.69
-1364.75
-1526.77
-1652.55
-1742.78
-1797.14
-1817.84
-1808.16
-1771.78
-1712.88
-1635.14
-1542.07
-1437.07
-1323.5
-1204.68
-1083.8
-963.757
-847.186
-736.379
-633.287
-539.435
-455.878
-383.195
-321.533
-270.659
-230.04
-198.906
-176.342
-161.3
-152.687
-148.478
93.7081
112.643
134.972
160.395
189.342
220.57
251.992
280.985
305.521
317.859
309.311
270.498
203.163
94.4231
-59.9117
-251.41
-467.873
-699.462
-940.26
-1165.73
-1361.05
-1521.8
-1646.57
-1735
-1787.45
-1806.55
-1795.24
-1757.27
-1697.98
-1620.54
-1527.87
-1423.06
-1309.4
-1190.37
-1069.37
-949.496
-833.426
-723.434
-621.363
-528.605
-446.098
-374.319
-313.318
-262.765
-222.032
-190.303
-166.681
-150.294
-140.433
-135.304
77.4276
94.3219
113.869
136.071
161.134
188.835
217.363
242.801
261.241
268.383
257.062
218.655
150.429
36.8388
-117.941
-316.026
-538.104
-774.955
-1018.76
-1238.43
-1427.57
-1582.65
-1700.88
-1782.09
-1827.83
-1840.65
-1824.13
-1782.27
-1719.35
-1639.04
-1544.65
-1439.09
-1325.16
-1205.97
-1084.78
-964.671
-848.32
-738.001
-635.556
-542.366
-459.363
-387.049
-325.502
-274.405
-233.102
-200.709
-176.317
-159.102
-148.529
-142.83
62.1595
73.9449
87.1264
102.627
119.586
137.649
156.003
173.01
185.543
187.962
170.405
128.142
56.6837
-55.813
-211.042
-407.24
-632.283
-885.622
-1127.16
-1339.9
-1521.99
-1665.42
-1772.76
-1847.67
-1889.91
-1899.93
-1881.02
-1837.35
-1772.52
-1689.91
-1592.94
-1485.21
-1370.03
-1250.21
-1128.44
-1007.49
-889.939
-778.15
-674.033
-579.067
-494.261
-420.188
-357.01
-304.528
-262.226
-229.294
-204.774
-187.731
-177.452
-172.11
47.2465
54.5885
63.0126
72.7045
82.6244
92.2699
100.931
107.558
108.962
101.934
81.014
39.5283
-31.7649
-139.869
-289.046
-480.906
-707.674
-958.562
-1203.66
-1424.95
-1598.5
-1738.15
-1845.21
-1916.23
-1954.33
-1962.28
-1942.12
-1897.47
-1832.06
-1749.44
-1652.99
-1545.88
-1431.08
-1311.42
-1189.58
-1068.17
-949.697
-836.453
-730.491
-633.429
-546.47
-470.313
-405.213
-351.045
-307.432
-273.757
-249.156
-232.627
-223.329
-218.898
30.4041
34.7217
40.3922
46.1132
50.7192
54.0409
55.9541
54.4941
47.163
32.4697
6.96603
-34.9546
-100.621
-198.955
-338.261
-519.324
-735.385
-976.83
-1222.69
-1445.54
-1630.18
-1778.61
-1884.81
-1958.66
-2001.13
-2010.77
-1990.88
-1947.37
-1883.76
-1803.03
-1708.46
-1603.16
-1490.15
-1372.19
-1251.86
-1131.54
-1013.54
-900.134
-793.369
-695.043
-606.517
-528.745
-462.176
-406.81
-362.312
-328.14
-303.581
-287.721
-279.606
-275.985
13.736
16.7712
19.9429
21.8486
22.8302
22.8249
20.5464
13.8958
1.31227
-18.1496
-47.0104
-89.3926
-150.23
-237.963
-359.655
-519.047
-716.096
-939.541
-1177.36
-1404.19
-1601.03
-1759.43
-1877.51
-1960.88
-2013.25
-2029.83
-2014.12
-1976.52
-1917.39
-1840.31
-1749.26
-1647.25
-1537.38
-1422.48
-1304.93
-1187.04
-1070.91
-958.744
-852.61
-754.297
-665.348
-586.838
-519.431
-463.314
-418.303
-383.922
-359.502
-344.255
-337.515
-335.155
-0.196262
0.238413
0.611921
0.304597
-0.397023
-2.33181
-7.82909
-17.7399
-32.5355
-53.8745
-83.6304
-124.632
-180.609
-258.069
-362.46
-497.143
-664.392
-860.089
-1077.44
-1299.52
-1508.78
-1681.12
-1816.49
-1914.72
-1977.79
-2005.98
-2003.79
-1974.86
-1923.71
-1852.78
-1767.41
-1670.95
-1565.95
-1455.52
-1341.95
-1227.56
-1114.55
-1004.86
-900.553
-803.478
-715.178
-636.929
-569.505
-513.217
-467.974
-433.437
-409.048
-394.091
-388.065
-386.943
-11.1351
-12.429
-14.246
-16.5921
-19.748
-24.2846
-31.3236
-41.7244
-56.7294
-79.1962
-108.61
-147.31
-197.975
-264.868
-352.517
-464.517
-604.826
-773.156
-962.307
-1160.31
-1358.64
-1546.46
-1702.11
-1818.76
-1896.77
-1940.68
-1953.46
-1937.52
-1896.84
-1835.91
-1759.22
-1669.55
-1571.19
-1466.33
-1358.04
-1248.45
-1139.61
-1033.61
-932.269
-837.533
-750.944
-673.755
-606.941
-550.926
-505.704
-470.964
-446.22
-430.774
-425.246
-424.199
-20.8713
-22.8189
-25.8226
-29.234
-33.944
-40.695
-49.372
-60.6309
-75.5839
-96.2355
-124.183
-161.175
-207.752
-265.89
-339.222
-431.573
-548.148
-689.887
-851.73
-1024.54
-1200.39
-1374.4
-1538.03
-1676.49
-1773.32
-1835.92
-1865.2
-1864.16
-1836.66
-1788.48
-1721.65
-1641.49
-1550.76
-1452.75
-1350.75
-1246.92
-1143.43
-1042.11
-944.839
-853.623
-769.74
-694.572
-629.062
-573.75
-528.672
-493.536
-468.148
-451.791
-444.717
-443.449
-28.9773
-32.0322
-35.5715
-39.9533
-45.2001
-52.3564
-61.6359
-73.1934
-88.3989
-107.822
-133.427
-166.892
-209.645
-261.867
-324.833
-401.616
-497.038
-614.265
-750.45
-899.649
-1054.36
-1208.13
-1356.85
-1496.44
-1616.01
-1698.08
-1744.78
-1759.96
-1747.45
-1711.06
-1656.03
-1586.34
-1504.45
-1414.4
-1319.59
-1222.18
-1124.69
-1029.17
-937.206
-850.532
-770.503
-698.317
-634.94
-580.895
-536.307
-500.945
-474.427
-456.631
-448.265
-447.518
-35.544
-40.0171
-44.0274
-48.6021
-53.8379
-60.8355
-69.5818
-80.8187
-95.4498
-113.879
-137.386
-167.185
-204.769
-251.261
-307.059
-373.5
-452.95
-547.876
-659.54
-785.621
-920.511
-1056.97
-1189.83
-1316.47
-1435.19
-1533.94
-1600.21
-1632.07
-1634.79
-1611.44
-1567.47
-1507.14
-1434.23
-1352.76
-1265.25
-1174.77
-1084.04
-994.922
-909.321
-828.467
-753.551
-685.627
-625.434
-573.513
-530.023
-494.841
-467.682
-448.95
-441.361
-444.573
-42.6501
-47.2677
-50.5677
-53.9507
-59.0452
-66.219
-74.5499
-84.8396
-98.2807
-115.41
-136.88
-163.667
-196.578
-236.455
-284.642
-342.793
-411.1
-489.941
-580.922
-684.432
-798.515
-918.664
-1038.65
-1153.87
-1261.17
-1358.77
-1439.03
-1490.07
-1507
-1496.74
-1463.46
-1412.34
-1346.22
-1271.59
-1190.7
-1107.05
-1022.76
-940.728
-862.235
-788.427
-720.147
-657.982
-602.472
-554.007
-512.847
-479.061
-452.789
-434.811
-427.417
-435.765
-50.797
-52.0779
-53.7349
-56.8393
-62.0952
-68.9463
-76.983
-86.7272
-98.6611
-113.751
-132.861
-156.965
-186.181
-220.512
-261.306
-310.378
-368.701
-436.354
-513.207
-598.964
-693.428
-795.42
-902.029
-1007.73
-1106.61
-1196.54
-1276.19
-1339.46
-1375.83
-1379.26
-1358.38
-1315.21
-1255.66
-1182.64
-1103.57
-1024.13
-945.611
-869.832
-799.038
-733.332
-673.202
-618.615
-569.54
-526.156
-488.632
-457.554
-434.138
-420.466
-416.591
-421.834
-62.9927
-52.1242
-54.2119
-58.7547
-64.2556
-70.9115
-78.8428
-88.2089
-99.3766
-113.188
-130.213
-151.179
-176.231
-206.241
-242.349
-284.423
-333.382
-390.54
-456.28
-530.685
-611.783
-698.765
-790.472
-883.069
-972.798
-1056
-1130.16
-1192.59
-1240.55
-1266.96
-1261.91
-1226.73
-1170.88
-1099.13
-1018.92
-935.705
-856.208
-785.133
-721.72
-664.588
-614.244
-569.29
-529.229
-493.221
-461.61
-435.552
-417.557
-409.556
-411.118
-413.764
-80.029
-50.9066
-55.3374
-61.7282
-68.0983
-75.089
-83.1262
-92.6664
-104.028
-117.649
-134.216
-153.957
-176.949
-204.31
-237.315
-275.713
-319.623
-370.021
-427.598
-492.498
-563.625
-639.375
-717.985
-796.944
-873.762
-945.684
-1009.9
-1065.42
-1109.84
-1144.42
-1158.21
-1139.39
-1086.83
-1017.55
-935.869
-849.204
-769.443
-698.992
-637.707
-587.588
-547.071
-514.079
-485.739
-460.012
-436.883
-418.556
-407.474
-404.212
-406.442
-408.528
58.1205
54.6208
52.8915
52.0635
51.8531
51.988
52.419
53.1739
54.2886
55.6925
57.5266
59.6107
62.0992
65.0323
68.3935
72.1686
76.4378
81.1729
86.3613
91.9859
98.023
104.469
111.289
118.438
125.915
133.808
141.893
149.964
157.967
165.931
173.696
181.055
187.863
193.961
199.081
202.906
205.124
205.391
203.32
198.486
190.434
178.655
162.591
141.609
115.086
82.3342
42.745
-4.5728
-61.2454
-117.714
56.868
55.8935
55.464
55.4521
55.8679
56.575
57.5267
58.7746
60.3258
62.2041
64.4678
67.0902
70.1088
73.5886
77.5213
81.9081
86.7932
92.211
98.1342
104.525
111.355
118.633
126.325
134.438
142.961
151.841
160.966
170.212
179.501
188.78
197.947
206.859
215.369
223.286
230.368
236.368
240.987
243.886
244.689
242.996
238.374
230.355
218.411
201.965
180.436
153.175
119.528
78.5482
29.2533
-19.0637
57.4814
57.9683
58.6215
59.4145
60.4681
61.7533
63.2167
64.9586
66.9572
69.2907
72.0349
75.2133
78.8152
82.8938
87.4649
92.5462
98.1502
104.303
111.011
118.209
125.896
134.07
142.733
151.88
161.456
171.408
181.662
192.128
202.732
213.408
224.058
234.555
244.759
254.501
263.59
271.784
278.804
284.334
288.033
289.524
288.397
284.195
276.435
264.609
248.18
226.533
199.039
165.123
124.138
84.8754
59.7724
60.9798
62.4091
63.9483
65.5918
67.4269
69.3893
71.592
74.0892
76.9103
80.1403
83.8607
88.0684
92.7817
98.0391
103.857
110.217
117.142
124.633
132.665
141.244
150.369
160.055
170.263
180.943
192.04
203.494
215.245
227.235
239.383
251.593
263.746
275.719
287.375
298.539
308.989
318.469
326.694
333.337
338.034
340.388
339.982
336.386
329.129
317.718
301.617
280.352
253.338
220.025
190.156
63.2754
64.9054
66.8261
68.9716
71.1796
73.5335
76.0068
78.6714
81.6405
84.9601
88.7029
92.9749
97.7995
103.176
109.126
115.68
122.829
130.564
138.874
147.775
157.277
167.396
178.128
189.427
201.248
213.535
226.247
239.348
252.778
266.453
280.279
294.154
307.972
321.609
334.909
347.675
359.67
370.619
380.208
388.1
393.937
397.338
397.896
395.18
388.753
378.149
362.898
342.615
317.016
295.026
67.6945
69.6246
71.9002
74.4682
77.1708
79.9822
82.9525
86.1012
89.5391
93.369
97.6623
102.497
107.93
113.979
120.645
127.947
135.894
144.459
153.632
163.432
173.881
185
196.781
209.185
222.168
235.684
249.713
264.214
279.122
294.357
309.836
325.479
341.195
356.87
372.363
387.487
402.011
415.671
428.173
439.208
448.432
455.481
459.986
461.551
459.768
454.198
444.492
430.232
411.166
395.93
72.9174
74.9945
77.5066
80.3587
83.4732
86.711
90.1392
93.7647
97.6891
102.018
106.847
112.249
118.299
125.014
132.405
140.466
149.207
158.61
168.658
179.362
190.749
202.862
215.693
229.218
243.387
258.171
273.537
289.442
305.826
322.621
339.763
357.187
374.815
392.539
410.219
427.67
444.667
460.956
476.264
490.298
502.743
513.285
521.581
527.247
529.881
529.078
524.436
515.649
502.709
492.863
78.7652
80.8576
83.4954
86.5301
89.9272
93.5397
97.3969
101.505
105.93
110.756
116.112
122.087
128.757
136.131
144.219
153.029
162.558
172.785
183.694
195.287
207.614
220.717
234.604
249.245
264.599
280.629
297.301
314.579
332.416
350.758
369.553
388.742
408.251
427.98
447.789
467.493
486.87
505.674
523.65
540.525
556.015
569.805
581.53
590.809
597.244
600.386
599.922
595.6
587.418
581.679
84.9935
86.9963
89.6461
92.7971
96.3878
100.33
104.567
109.123
114.018
119.352
125.227
131.774
139.039
147.05
155.805
165.321
175.598
186.612
198.341
210.8
224.04
238.102
253.001
268.709
285.193
302.416
320.351
338.968
358.225
378.073
398.461
419.333
440.622
462.233
484.031
505.827
527.399
548.511
568.919
588.37
606.586
623.249
638.017
650.538
660.391
667.161
670.531
670.299
666.584
664.021
91.2817
93.1449
95.7197
98.9139
102.643
106.866
111.447
116.401
121.737
127.548
133.939
141.012
148.831
157.426
166.812
176.998
187.981
199.739
212.251
225.539
239.644
254.614
270.46
287.173
304.721
323.076
342.213
362.096
382.683
403.922
425.762
448.155
471.048
494.361
517.957
541.646
565.208
588.417
611.042
632.838
653.527
672.776
690.203
705.36
717.784
727.12
733.178
735.843
735.26
734.917
97.2961
98.9826
101.456
104.652
108.481
112.886
117.766
123.068
128.818
135.065
141.923
149.482
157.809
166.939
176.888
187.669
199.277
211.699
224.918
238.944
253.822
269.596
286.294
303.905
322.404
341.765
361.959
382.953
404.7
427.151
450.265
474.004
498.331
523.166
548.37
573.746
599.07
624.109
648.62
672.336
694.942
716.073
735.33
752.342
766.836
778.692
787.741
793.645
796.301
797.951
102.7
104.197
106.559
109.723
113.62
118.171
123.275
128.871
134.963
141.601
148.865
156.842
165.606
175.19
185.616
196.897
209.043
222.036
235.862
250.531
266.079
282.556
299.99
318.376
337.689
357.903
378.993
400.927
423.66
447.145
471.347
496.249
521.819
547.967
574.536
601.312
628.055
654.513
680.429
705.523
729.49
752.004
772.758
791.49
807.966
821.801
832.389
839.376
842.965
845.016
107.16
108.483
110.733
113.866
117.816
122.453
127.709
133.534
139.911
146.863
154.449
162.763
171.876
181.821
192.619
204.294
216.857
230.302
244.608
259.783
275.864
292.896
310.907
329.893
349.833
370.698
392.464
415.104
438.578
462.845
487.881
513.671
540.175
567.292
594.848
622.617
650.352
677.798
704.698
730.782
755.763
779.342
801.211
821.03
838.449
853.224
865.363
874.975
881.614
885.941
110.397
111.579
113.755
116.84
120.78
125.492
130.875
136.862
143.429
150.588
158.388
166.927
176.29
186.504
197.569
209.506
222.35
236.105
250.751
266.277
282.716
300.12
318.523
337.916
358.276
379.579
401.802
424.914
448.884
473.683
499.294
525.694
552.829
580.585
608.782
637.192
665.573
693.68
721.266
748.075
773.827
798.22
820.957
841.753
860.312
876.218
888.907
897.708
902.696
905.499
112.204
113.296
115.406
118.465
122.402
127.139
132.578
138.639
145.301
152.579
160.523
169.189
178.653
188.974
200.17
212.25
225.24
239.154
253.97
269.672
286.29
303.876
322.468
342.058
362.617
384.121
406.548
429.87
454.061
479.097
504.963
531.628
559.028
587.041
615.485
644.135
672.752
701.098
728.936
756.014
782.049
806.718
829.656
850.465
868.769
884.236
896.6
905.667
911.382
914.778
112.439
113.495
115.59
118.638
122.58
127.326
132.754
138.804
145.472
152.755
160.687
169.349
178.821
189.143
200.327
212.4
225.389
239.296
254.098
269.787
286.392
303.961
322.528
342.09
362.62
384.086
406.465
429.738
453.875
478.85
504.644
531.228
558.537
586.447
614.773
643.291
671.76
699.947
727.613
754.511
780.356
804.827
827.542
848.07
865.984
880.967
892.842
901.575
907.12
910.361
111.034
112.169
114.314
117.384
121.308
126.016
131.397
137.375
143.934
151.09
158.884
167.423
176.785
186.989
198.041
209.966
222.794
236.522
251.133
266.622
283.021
300.373
318.708
338.024
358.294
379.486
401.58
424.549
448.355
472.965
498.362
524.523
551.391
578.842
606.692
634.712
662.657
690.283
717.348
743.6
768.763
792.536
814.606
834.664
852.381
867.302
878.795
886.191
889.782
891.413
108.198
109.465
111.673
114.757
118.683
123.321
128.56
134.382
140.75
147.692
155.269
163.575
172.685
182.625
193.407
205.057
217.586
230.989
245.25
260.37
276.381
293.327
311.237
330.102
349.896
370.59
392.155
414.561
437.762
461.717
486.403
511.805
537.876
564.501
591.498
618.637
645.664
672.322
698.35
723.483
747.437
769.924
790.638
809.236
825.342
838.682
849.201
856.866
861.315
863.751
104.123
105.554
107.839
110.95
114.828
119.357
124.457
130.034
136.116
142.745
150.001
157.972
166.724
176.296
186.703
197.957
210.062
223.005
236.77
251.362
266.821
283.188
300.489
318.717
337.842
357.834
378.658
400.278
422.644
445.708
469.435
493.808
518.788
544.275
570.096
596.026
621.817
647.21
671.94
695.722
718.251
739.206
758.289
775.239
789.78
801.48
809.852
814.606
815.847
815.974
99.0705
100.684
103.067
106.197
109.995
114.381
119.249
124.533
130.282
136.517
143.359
150.905
159.226
168.341
178.268
189.019
200.585
212.949
226.096
240.034
254.806
270.455
286.998
304.421
322.696
341.791
361.67
382.288
403.594
425.536
448.067
471.15
494.745
518.766
543.052
567.389
591.544
615.274
638.328
660.424
681.231
700.376
717.46
732.157
744.268
753.628
759.903
762.774
762.258
761.253
93.3759
95.158
97.6274
100.76
104.451
108.641
113.204
118.157
123.487
129.279
135.655
142.719
150.528
159.107
168.475
178.63
189.564
201.263
213.704
226.9
240.886
255.714
271.391
287.9
305.2
323.258
342.042
361.507
381.597
402.257
423.43
445.068
467.118
489.489
512.024
534.51
556.712
578.392
599.312
619.219
637.816
654.755
669.638
681.988
691.415
697.667
700.561
699.839
695.491
691.789
87.3742
89.2762
91.8256
94.9215
98.462
102.373
106.581
111.133
116.022
121.351
127.211
133.742
140.995
148.994
157.735
167.222
177.455
188.412
200.066
212.431
225.552
239.467
254.187
269.681
285.906
302.815
320.373
338.54
357.263
376.485
396.147
416.194
436.553
457.127
477.759
498.23
518.292
537.695
556.182
573.495
589.352
603.424
615.368
624.811
631.278
634.374
633.834
629.556
621.671
615.045
81.3976
83.3793
85.9303
88.8864
92.2348
95.831
99.645
103.74
108.174
112.998
118.332
124.292
130.953
138.328
146.399
155.177
164.675
174.855
185.69
197.188
209.4
222.358
236.069
250.495
265.585
281.297
297.581
314.394
331.676
349.365
367.399
385.716
404.24
422.864
441.433
459.731
477.497
494.467
510.368
524.914
537.818
548.757
557.346
563.193
565.899
565.029
560.266
551.274
538.006
527.196
75.7578
77.7374
80.1605
82.9082
85.9921
89.2146
92.5984
96.2176
100.147
104.462
109.281
114.675
120.72
127.437
134.808
142.855
151.569
160.929
170.913
181.53
192.812
204.786
217.447
230.762
244.673
259.14
274.12
289.559
305.386
321.521
337.892
354.426
371.044
387.635
404.034
420.029
435.357
449.726
462.857
474.439
484.14
491.641
496.592
498.577
497.15
491.891
482.403
468.436
449.964
433.849
70.6796
72.5553
74.7337
77.194
79.8882
82.6634
85.6051
88.7498
92.1762
95.9946
100.285
105.118
110.554
116.594
123.26
130.557
138.48
147.011
156.134
165.859
176.209
187.209
198.828
211.034
223.768
236.981
250.639
264.683
279.044
293.626
308.337
323.095
337.804
352.351
366.564
380.214
393.043
404.745
415.006
423.513
429.899
433.769
434.736
432.416
426.38
416.139
401.3
381.37
356.144
333.776
66.3777
67.9802
69.7975
71.8702
74.0591
76.3597
78.8364
81.4808
84.4274
87.7506
91.4975
95.7629
100.595
105.975
111.938
118.476
125.615
133.331
141.61
150.449
159.865
169.877
180.467
191.58
203.167
215.162
227.526
240.2
253.107
266.155
279.233
292.246
305.09
317.625
329.669
340.979
351.278
360.268
367.605
372.935
375.9
376.088
373.046
366.312
355.437
339.932
319.307
293.23
261.565
232.236
62.991
64.1458
65.4923
67.0108
68.5981
70.391
72.3625
74.5274
77.0135
79.8455
83.0748
86.7919
91.0184
95.7475
101.005
106.822
113.192
120.113
127.572
135.565
144.078
153.113
162.675
172.712
183.171
193.993
205.117
216.479
227.982
239.538
251.037
262.37
273.422
284.027
293.972
303.002
310.822
317.116
321.539
323.699
323.182
319.564
312.38
301.123
285.265
264.253
237.597
204.663
165.164
127.948
60.7889
61.2115
61.8247
62.5931
63.5726
64.8469
66.3037
68.0127
70.0087
72.3497
75.0927
78.2773
81.9007
85.9956
90.5724
95.6784
101.294
107.45
114.135
121.311
128.955
137.055
145.615
154.608
163.977
173.672
183.62
193.732
203.908
214.038
224.023
233.75
243.083
251.834
259.76
266.583
271.995
275.657
277.205
276.239
272.324
264.987
253.718
237.962
217.149
190.653
157.873
118.231
71.4087
24.9064
60.2324
59.2097
58.7547
58.7103
59.0773
59.7757
60.7028
61.9419
63.4955
65.3778
67.6451
70.2795
73.3153
76.8216
80.7724
85.1988
90.0948
95.5107
101.434
107.812
114.618
121.836
129.445
137.432
145.774
154.4
163.226
172.152
181.08
189.89
198.446
206.645
214.339
221.303
227.278
231.976
235.059
236.165
234.912
230.873
223.591
212.587
197.31
177.132
151.417
119.519
80.8109
34.2935
-20.6091
-75.7325
61.5148
58.0024
56.2567
55.3879
55.1416
55.2714
55.6804
56.4401
57.5628
58.9708
60.8141
62.9022
65.422
68.3926
71.783
75.5895
79.883
84.6234
89.8281
95.4465
101.465
107.869
114.62
121.674
129.028
136.699
144.478
152.218
159.909
167.463
174.652
181.355
187.434
192.64
196.676
199.256
200.04
198.621
194.605
187.568
177.03
162.463
143.306
118.851
88.4246
51.317
7.0368
-45.4291
-106.785
-169.573
-28.7534
-41.2469
-38.9607
-35.5272
-30.1632
-24.6461
-17.6561
-8.31436
1.55899
13.011
27.5153
41.0782
52.1731
63.7145
76.3673
77.0074
62.9579
52.0283
40.4346
26.8824
12.3069
0.923215
-8.87582
-18.2151
-25.0813
-30.4979
-35.8618
-39.2291
-41.4041
-28.9799
-13.9119
-26.9109
-28.2037
-28.8628
-24.9988
-20.157
-14.1948
-5.92969
2.73651
11.9045
23.5407
34.8202
44.0034
51.88
61.2516
61.9888
51.2749
44.0633
34.2975
23.0629
11.3956
2.25302
-6.39682
-14.6857
-20.5711
-25.338
-29.229
-28.4855
-27.1467
-14.1848
-19.5553
-21.4752
-21.3149
-22.8519
-19.8319
-15.6595
-10.5828
-3.66549
3.81731
11.493
20.6889
29.9586
37.8219
42.6212
49.1267
49.6681
42.2176
37.8377
29.5648
20.3538
11.0695
3.4297
-4.04518
-10.987
-16.0198
-20.1474
-23.2352
-21.587
-21.7799
-19.8519
-22.0926
-20.4354
-17.5264
-18.0574
-15.1863
-11.5378
-7.29167
-1.50428
4.90818
11.4296
18.6768
25.6989
32.1603
35.5322
39.9163
40.2155
35.2951
32.2003
25.4877
18.4358
11.0641
4.55702
-1.84568
-7.65289
-11.8613
-15.4651
-18.4114
-17.7871
-20.7317
-22.377
-19.1032
-18.4527
-14.8252
-14.5719
-11.3433
-8.10475
-4.55293
0.328813
5.68301
11.1145
16.7844
21.9879
27.0572
29.9382
32.9656
33.0974
29.8396
27.1231
21.8609
16.6163
10.8353
5.39999
0.0345173
-4.87881
-8.43383
-11.5968
-14.8812
-15.0877
-18.7343
-19.3729
-14.7806
-15.1138
-12.4597
-11.7221
-8.26238
-5.62756
-2.48498
1.64555
5.99512
10.4502
14.9796
18.9994
22.9832
25.1915
27.5227
27.5772
25.1738
22.9897
18.8903
14.8352
10.2487
5.78417
1.40425
-2.75599
-5.93398
-8.49827
-12.0136
-12.7262
-15.4074
-15.0549
-11.456
-12.0627
-10.4376
-9.27011
-6.01805
-4.0334
-1.06422
2.39068
5.93651
9.5856
13.2673
16.4789
19.7182
21.1351
23.1194
23.1102
21.1433
19.6744
16.3882
13.122
9.41723
5.75424
2.17803
-1.28063
-4.31098
-6.23534
-9.55997
-10.688
-12.3695
-11.725
-9.25973
-9.89006
-8.6806
-7.54895
-4.61194
-3.09795
-0.176545
2.58236
5.55756
8.57067
11.5858
14.1191
16.8362
17.7775
19.4218
19.3683
17.8071
16.7885
14.0528
11.4504
8.41637
5.38549
2.36697
-0.356663
-3.35496
-4.80388
-7.8277
-8.90403
-10.1609
-9.50938
-7.80982
-7.98697
-6.91261
-6.40704
-3.77238
-2.56932
0.308927
2.36139
4.94902
7.44289
9.9707
11.9158
14.2341
14.999
16.2628
16.1959
15.0354
14.1864
11.8594
9.84487
7.30278
4.79968
2.14863
0.158169
-2.81309
-3.94197
-6.65304
-7.10166
-8.19927
-8.03345
-6.52713
-6.31714
-5.09742
-5.38824
-3.07561
-2.26237
0.503044
1.95893
4.32167
6.30651
8.464
10.011
11.9677
12.6355
13.6135
13.5404
12.6556
11.9352
9.92686
8.35122
6.16201
4.19426
1.75537
0.375151
-2.46142
-3.22867
-5.57936
-5.26098
-6.49892
-6.72153
-5.21979
-4.96691
-3.73419
-4.08445
-2.28125
-1.91147
0.572046
1.55259
3.79667
5.27862
7.1523
8.43323
10.0052
10.5637
11.3438
11.2612
10.6048
9.96539
8.25791
7.03442
5.12923
3.70724
1.35305
0.445759
-2.08242
-2.42693
-4.2531
-3.9027
-5.14063
-5.40529
-4.15411
-3.98792
-2.97811
-2.84124
-1.39026
-1.36614
0.711505
1.28253
3.24463
4.46185
6.04337
6.99914
8.32578
8.74956
9.35691
9.29033
8.80955
8.29465
6.83579
5.88613
4.3079
3.20096
1.0914
0.584786
-1.52205
-1.54752
-3.01322
-3.16088
-4.16522
-4.34472
-3.32623
-3.24901
-2.51429
-1.98409
-0.756048
-0.664159
1.03125
1.27454
3.01246
3.87822
5.16878
5.83359
6.91508
7.24735
7.71757
7.66894
7.30139
6.88731
5.75651
5.04565
3.71561
2.89958
1.11524
0.897457
-0.799688
-0.917467
-2.14056
-2.67373
-3.40019
-3.48517
-2.60451
-2.5541
-2.00795
-1.56108
-0.49742
-0.152044
1.27255
1.3145
2.89217
3.3347
4.46495
4.97742
5.72985
6.0052
6.37347
6.30303
6.04529
5.6942
4.9259
4.3729
3.24286
2.80474
1.31685
1.0193
-0.290356
-0.640294
-1.69863
-2.12899
-2.68662
-2.72459
-1.93536
-1.92627
-1.49609
-1.34639
-0.492133
-0.0427558
1.07184
1.25158
2.47838
2.74022
3.72347
4.11402
4.69416
4.85875
5.13475
5.09394
4.91055
4.6523
4.08004
3.67418
2.68037
2.47732
1.19384
0.90852
-0.162167
-0.597959
-1.44251
-1.59648
-2.04084
-2.04879
-1.42981
-1.39306
-1.05703
-1.03366
-0.384539
-0.0832489
0.763565
1.01293
1.91887
2.14939
2.97544
3.19489
3.72016
3.88146
4.04072
4.01029
3.87157
3.679
3.17656
2.94135
2.06049
2.00594
0.879175
0.649171
-0.176814
-0.46822
-1.12271
-1.14345
-1.4768
-1.50638
-1.03519
-0.944962
-0.676306
-0.644834
-0.168057
-0.070276
0.544746
0.766185
1.44426
1.63153
2.24654
2.35244
2.78343
2.98591
3.08741
3.0411
2.97974
2.75771
2.34512
2.22586
1.59703
1.44991
0.708773
0.481561
-0.154086
-0.238043
-0.726761
-0.733967
-0.996737
-1.08748
-0.745481
-0.634085
-0.406523
-0.401564
-0.017341
-0.000741931
0.44441
0.577682
1.00187
1.15385
1.55372
1.64171
1.89851
2.0085
2.18273
2.16833
2.05645
1.85526
1.62653
1.55484
1.12547
0.992923
0.538071
0.399313
-0.047905
-0.0706192
-0.450519
-0.437114
-0.669432
-0.784021
-0.479156
-0.364948
-0.256257
-0.246883
0.0421318
0.0423596
0.297171
0.324499
0.588849
0.696463
0.897318
0.957183
1.09064
1.08917
1.31092
1.28253
1.16688
1.05593
0.972975
0.885178
0.679368
0.577982
0.307046
0.264429
0.0045652
0.0111169
-0.276146
-0.283726
-0.390992
-0.505057
-0.193051
-0.0987241
-0.0647684
-0.0794054
0.0062372
0.00237802
0.0776285
0.0141987
0.137705
0.196097
0.287348
0.377297
0.408026
0.381745
0.42569
0.422806
0.397415
0.408354
0.403201
0.273523
0.195842
0.123429
0.020179
0.0738746
-0.0143709
0.00123599
-0.0906614
-0.0805748
-0.11138
-0.192445
)
;

boundaryField
{
    INLET
    {
        type            zeroGradient;
    }
    OUTLET
    {
        type            fixedValue;
        value           uniform 0;
    }
    WALL
    {
        type            zeroGradient;
    }
    CYLINDER
    {
        type            zeroGradient;
    }
    frontAndBackPlanes
    {
        type            empty;
    }
}


// ************************************************************************* //
