/*--------------------------------*- C++ -*----------------------------------*\
| =========                 |                                                 |
| \\      /  F ield         | OpenFOAM: The Open Source CFD Toolbox           |
|  \\    /   O peration     | Version:  v1912                                 |
|   \\  /    A nd           | Website:  www.openfoam.com                      |
|    \\/     M anipulation  |                                                 |
\*---------------------------------------------------------------------------*/
FoamFile
{
    version     2.0;
    format      ascii;
    class       volScalarField;
    location    "0.44";
    object      p;
}
// * * * * * * * * * * * * * * * * * * * * * * * * * * * * * * * * * * * * * //

dimensions      [0 2 -2 0 0 0 0];


internalField   nonuniform List<scalar> 
6600
(
506.681
502.502
500.619
499.406
498.761
498.676
498.89
499.317
500.025
501.099
502.57
504.475
506.813
509.607
512.818
516.363
520.271
524.53
529.201
534.198
539.585
545.256
551.209
557.433
564.07
570.879
577.821
584.802
591.657
598.287
604.635
610.598
615.772
619.943
623.004
624.673
624.58
622.377
617.454
609.123
597.065
580.947
560
533.175
499.654
458.777
410.473
354.083
286.474
213.875
504.335
500.578
499.323
498.205
497.598
497.474
497.552
497.871
498.532
499.559
500.982
502.806
504.972
507.496
510.421
513.762
517.526
521.572
525.863
530.381
535.211
540.337
545.628
550.966
556.526
562.28
567.938
573.759
579.456
584.896
589.77
593.892
597.117
598.992
599.394
598.22
595.078
589.581
581.197
569.27
553.179
532.503
506.794
475.248
436.692
390.365
336.217
274.122
202.518
127.658
501.541
498.055
497.513
496.615
496.11
495.973
496.112
496.511
497.264
498.375
499.83
501.632
503.771
506.176
508.85
511.828
515.2
518.996
523.066
527.284
531.611
536.102
540.772
545.56
550.228
555.018
559.636
563.949
567.949
571.59
574.709
576.942
577.923
577.395
575.169
571.053
564.628
555.663
543.621
527.788
507.622
482.589
452.1
415.485
372.087
320.998
261.973
195.805
123.085
50.3524
498.547
495.298
495.418
494.656
494.311
494.197
494.352
494.849
495.7
496.895
498.4
500.184
502.264
504.623
507.264
510.196
513.216
516.503
520.062
523.93
527.974
531.987
535.825
539.802
543.677
547.258
550.809
553.87
556.391
558.139
559.014
558.956
557.61
554.625
549.687
542.574
532.928
520.245
504.238
484.434
460.2
431.003
396.311
355.488
308.047
253.268
190.961
122.624
50.3556
-17.8485
495.453
492.482
492.933
491.964
491.807
491.802
491.998
492.567
493.479
494.711
496.234
498.008
499.999
502.235
504.677
507.406
510.335
513.357
516.466
519.619
522.949
526.467
529.856
532.936
535.891
538.582
540.69
542.238
543.013
542.903
541.756
539.242
535.372
529.787
522.145
512.076
499.183
483.158
463.6
440.022
412.009
379.113
340.864
296.843
246.667
189.694
125.886
57.1531
-13.0395
-74.9826
492.334
489.48
489.943
488.708
488.6
488.652
488.953
489.546
490.424
491.585
492.999
494.666
496.555
498.681
500.976
503.346
505.879
508.523
511.314
514.082
516.67
519.17
521.686
523.95
525.678
527.079
528.038
528.293
527.447
525.395
522.082
517.395
511.015
502.744
492.354
479.46
463.58
444.342
421.58
394.967
364.051
328.443
287.829
241.882
190.352
132.845
69.2363
1.32825
-65.5108
-119.267
488.931
486.081
486.472
485.066
485.046
485.061
485.377
485.974
486.796
487.819
489.037
490.462
492.082
493.854
495.81
497.893
500.032
502.154
504.22
506.279
508.325
510.114
511.568
512.784
513.636
513.554
512.87
511.27
508.716
504.981
499.763
492.858
484.184
473.553
460.615
445.045
426.599
405.009
379.823
350.734
317.639
280.33
238.518
191.995
140.541
83.805
21.8043
-43.5053
-105.286
-149.336
485.129
482.127
482.461
481.149
481.157
481.118
481.357
481.861
482.568
483.435
484.47
485.643
486.954
488.364
489.817
491.335
492.917
494.539
496.063
497.338
498.342
499.081
499.454
499.234
498.678
497.49
495.407
492.224
487.874
482.216
475.131
466.379
455.76
442.941
427.76
410.056
389.474
365.809
339.01
308.75
274.68
236.692
194.767
148.763
98.5073
43.677
-15.5144
-76.75
-132.513
-165.953
480.701
477.82
477.954
476.709
476.692
476.594
476.782
477.188
477.742
478.442
479.278
480.201
481.161
482.176
483.204
484.149
485.009
485.728
486.339
486.874
487.053
486.827
486.161
484.887
482.789
480.039
476.175
471.374
465.428
458.14
449.261
438.723
426.281
411.745
394.855
375.448
353.49
328.724
300.827
269.772
235.607
198.15
157.243
112.896
64.9339
12.8938
-42.7981
-99.0578
-147.916
-171.386
475.549
472.822
472.808
471.545
471.446
471.23
471.349
471.665
472.085
472.622
473.242
473.909
474.584
475.192
475.734
476.168
476.461
476.517
476.316
475.738
474.738
473.31
471.336
468.883
465.591
461.488
456.491
450.229
442.598
433.602
423.165
411.043
397.026
381.001
362.9
342.504
319.554
294.122
266.222
235.548
201.983
165.644
126.561
84.6617
39.9324
-7.99715
-59.44
-110.917
-153.786
-169.724
469.424
466.873
466.86
465.627
465.57
465.25
465.24
465.398
465.626
465.92
466.248
466.56
466.866
467.107
467.188
467.094
466.697
466.021
465.051
463.72
461.961
459.633
456.57
452.831
448.334
442.584
435.995
428.405
419.578
409.308
397.44
383.91
368.763
351.776
332.738
311.66
288.588
263.287
235.641
205.792
173.786
139.515
102.967
64.2772
23.5114
-19.8844
-65.7871
-111.627
-149.738
-163.212
462.455
460.186
460.152
459.067
459.107
458.676
458.581
458.559
458.521
458.51
458.491
458.419
458.241
457.975
457.562
456.974
456.175
455.002
453.176
450.824
447.97
444.667
440.718
435.864
430.223
423.791
416.066
407.084
396.893
385.437
372.616
358.235
342.131
324.396
305.056
283.916
260.852
236.067
209.571
181.181
151.006
119.273
85.9914
51.1557
14.9803
-23.0063
-61.7705
-98.9736
-128.395
-142.067
454.573
452.842
452.877
451.998
452.027
451.535
451.392
451.165
450.881
450.585
450.192
449.706
449.075
448.248
447.223
445.87
444.228
442.355
440.143
437.402
433.957
429.735
424.888
419.21
412.374
404.594
395.877
386.121
375.074
362.684
348.926
333.835
317.342
299.302
279.706
258.756
236.509
212.775
187.626
161.218
133.587
104.807
75.1295
44.8374
13.6737
-17.7863
-47.9134
-72.9278
-87.5955
-98.3048
446.095
445.172
445.132
444.416
444.371
443.863
443.663
443.266
442.785
442.251
441.552
440.649
439.57
438.251
436.704
434.9
432.641
429.863
426.654
422.992
418.867
414.028
408.332
401.812
394.622
386.29
376.726
366.003
354.188
341.183
326.887
311.231
294.346
276.358
257.279
236.9
215.269
192.735
169.353
145.132
120.2
94.7439
69.0621
43.3449
17.9687
-6.14347
-27.4851
-42.4269
-46.5983
-51.2621
437.516
436.926
437.035
436.503
436.406
435.875
435.616
435.046
434.392
433.638
432.666
431.46
429.991
428.2
426.001
423.487
420.693
417.513
413.828
409.513
404.547
398.957
392.719
385.558
377.32
368.194
358.204
347.009
334.555
320.942
306.213
290.399
273.502
255.546
236.608
216.994
196.718
175.673
154.097
132.144
110.057
87.9736
66.1709
45.02
25.3024
8.0256
-5.35467
-13.568
-19.6105
-21.2372
428.892
428.609
428.942
428.43
428.355
427.829
427.453
426.738
425.973
424.974
423.673
422.174
420.411
418.347
415.927
412.976
409.474
405.488
401.073
396.186
390.666
384.399
377.397
369.748
361.289
351.696
340.96
329.295
316.546
302.656
287.597
271.531
254.572
236.903
218.576
199.549
180.086
160.459
140.735
121.07
101.393
82.0605
63.7941
46.8785
31.8075
19.6833
11.5435
8.12468
2.51087
0.857
420.132
420.443
421.008
420.285
420.413
419.945
419.486
418.613
417.665
416.429
414.913
413.106
410.924
408.36
405.495
402.309
398.667
394.438
389.578
384.124
378.113
371.413
363.89
355.453
346.231
336.301
325.327
313.228
300.088
285.882
270.628
254.407
237.425
219.747
201.567
183.277
164.907
146.509
128.208
110.135
92.6176
75.9076
60.3348
46.467
35.1177
27.6147
24.3254
20.0175
17.7694
15.5976
411.63
412.479
413.089
412.818
412.818
412.373
411.89
410.923
409.76
408.225
406.461
404.423
402.041
399.271
395.988
392.241
388.069
383.452
378.307
372.511
366.119
359.073
351.277
342.766
333.342
322.874
311.541
299.244
285.818
271.343
255.826
239.303
221.978
204.183
186.185
168.054
150.117
132.653
115.643
99.0596
83.0651
68.211
54.87
43.4736
35.1138
30.5148
28.9438
26.2245
23.978
22.7026
403.487
404.923
405.561
405.615
405.803
405.211
404.672
403.694
402.474
400.777
398.709
396.241
393.417
390.311
386.849
382.935
378.501
373.536
368.076
362.067
355.454
348.229
340.211
331.289
321.63
311.118
299.616
287.06
273.443
258.65
242.728
225.877
208.207
189.904
171.36
153.078
135.323
118.274
101.973
86.147
71.2357
57.9724
46.4808
37.6692
32.4641
30.433
27.3613
26.7148
24.7781
24.4799
396.091
397.918
398.697
398.916
399.153
398.717
398.22
397.115
395.774
394.008
391.873
389.258
386.156
382.558
378.553
374.163
369.355
364.091
358.333
352.083
345.298
337.914
330.013
321.414
311.752
301.17
289.647
277.054
263.371
248.47
232.284
214.761
196.054
176.719
157.365
138.263
119.843
102.656
86.7681
71.9852
58.2813
45.5043
34.6511
28.9135
28.9667
27.4314
26.0266
24.2914
23.0749
23.0528
389.332
391.574
392.45
392.902
393.225
392.935
392.498
391.465
390.08
388.128
385.744
382.9
379.628
375.853
371.56
366.79
361.564
355.875
349.825
343.35
336.392
328.955
320.784
312.085
302.805
292.558
281.2
268.788
255.137
240.188
223.78
205.84
186.475
165.657
144.144
123.277
103.639
85.6296
69.9013
56.112
43.6611
32.3228
23.603
19.7408
20.7528
22.3761
21.3134
19.3219
18.3004
18.5938
383.127
385.647
386.867
387.595
388.109
387.961
387.577
386.647
385.309
383.409
380.99
377.941
374.328
370.174
365.504
360.324
354.698
348.597
342.07
335.241
328.018
320.488
312.565
304
294.824
284.957
274.189
262.287
249.069
234.347
217.905
199.482
178.938
156.512
132.722
108.742
86.2693
66.3271
49.5996
37.0493
27.7469
20.2953
15.3917
13.5007
13.1004
14.9406
14.5205
12.9807
12.0405
12.3929
377.557
380.27
381.81
382.816
383.669
383.78
383.627
382.77
381.443
379.504
376.995
373.904
370.206
365.843
360.841
355.27
349.186
342.663
335.694
328.371
320.786
312.854
304.726
296.368
287.487
278.01
267.791
256.66
244.346
230.358
214.242
195.821
174.857
150.756
123.703
95.4538
68.3842
44.6901
26.2966
14.4222
9.12382
9.22679
9.12382
7.22661
6.95927
7.19494
7.39298
7.24155
6.82204
6.6521
372.394
375.432
377.089
378.523
379.714
380.096
380.313
379.703
378.66
376.838
374.303
370.999
367.009
362.414
357.125
351.163
344.598
337.482
329.941
322.049
313.947
305.79
297.377
288.847
280.35
271.621
262.363
252.359
241.152
228.245
213.042
195.16
173.939
148.926
119.391
85.6769
51.3268
20.3719
-3.13027
-16.5262
-15.5615
-4.8577
-2.0584
-2.16187
-2.43833
-1.28297
0.47348
1.97222
2.76601
2.79625
367.3
371.171
372.456
374.74
376.116
376.974
377.53
377.164
376.369
374.745
372.473
369.323
365.228
360.285
354.651
348.285
341.231
333.572
325.316
316.701
307.803
298.893
290.174
281.489
273.014
264.694
256.318
247.637
238.094
227.095
213.846
197.469
177.169
151.858
120.31
81.678
37.5603
-6.44372
-40.6991
-52.4287
-43.9435
-28.7824
-18.2759
-15.6498
-13.3757
-9.95279
-5.92922
-2.10231
0.156592
0.315725
361.926
367.573
367.476
371.302
372.598
374.143
375.103
375.307
374.896
373.427
371.255
368.197
364.21
359.148
353.109
346.255
338.553
330.209
321.158
311.604
301.804
291.893
282.403
273.391
264.948
257.105
249.785
242.654
235.359
227.08
216.631
202.596
184.104
160.073
128.566
87.7062
35.4032
-25.118
-80.4806
-100.536
-73.8192
-54.1393
-38.6655
-31.6112
-25.8773
-19.9334
-13.5103
-7.42893
-3.58815
-2.50247
355.824
364.292
362.242
367.997
369.015
371.333
372.704
373.438
373.706
372.765
370.915
367.989
364.077
359.065
352.841
345.502
337.149
328.099
318.019
307.245
296.195
285.18
274.419
264.496
255.671
247.941
241.397
235.691
230.803
225.913
219.6
209.983
195.752
175.455
146.785
105.814
45.7032
-33.432
-111.869
-151.099
-124.531
-88.405
-76.1353
-67.7286
-57.6548
-45.6085
-32.2824
-19.6168
-10.5583
-5.23991
348.373
360.98
357.1
364.123
365.404
368.358
370.41
371.699
372.379
372.087
370.801
368.199
364.429
359.443
353.173
345.471
336.57
326.564
315.271
303.342
290.763
278.099
265.686
254.175
244.409
236.59
230.668
226.531
224.265
223.367
222.773
219.009
210.52
195.896
172.441
133.519
74.4527
-11.7813
-109.051
-163.451
-173.362
-138.037
-133.263
-134.616
-126.185
-108.767
-86.6155
-64.8842
-48.9679
-40.3198
338.626
357.371
352.11
359.65
361.691
365.194
367.995
370.024
371.398
371.666
370.871
368.738
365.281
360.561
354.323
346.479
336.901
326.065
313.586
300.096
286.121
271.695
257.376
243.884
232.476
223.698
217.213
214.277
214.022
216.616
221.369
225.834
227.069
220.694
203.242
175.017
119.048
29.2053
-72.6953
-132.439
-168.418
-177.469
-195.335
-214.695
-218.211
-200.423
-169.531
-138.525
-117.938
-108.127
304.776
344.813
346.819
354.834
358.178
362.186
365.28
367.755
369.745
370.836
370.682
369.067
365.886
361.273
355.12
347.222
337.208
325.472
312.397
297.195
281.501
265.483
248.897
232.799
218.724
207.915
200.114
196.949
199.7
205.892
213.693
228.673
243.581
253.376
251.082
231.192
183.015
103.663
12.2353
-78.8326
-139.929
-197.589
-253.305
-303.711
-327.407
-315.614
-278.222
-237.906
-212.247
-202.798
390.718
386.029
383.686
382.217
381.087
380.131
379.224
378.258
377.301
376.363
375.225
373.98
372.618
371.234
369.669
367.914
366.183
364.335
362.301
360.087
357.729
354.966
351.68
348.286
344.713
340.803
336.353
331.278
325.762
319.621
312.391
303.92
294.268
283.281
270.547
255.591
238.034
217.447
193.279
164.917
131.742
93.0921
48.172
-4.03945
-64.2782
-133.555
-212.466
-299.959
-404.853
-519.223
387.441
382.542
380.726
378.996
377.373
375.929
374.573
373.253
371.918
370.544
369.07
367.443
365.675
363.866
361.86
359.582
356.993
354.279
351.391
348.11
344.609
340.997
336.782
332.046
326.822
321.107
314.902
307.767
299.742
290.953
281.109
269.784
256.8
242.068
225.28
205.987
183.673
157.833
127.958
93.446
53.5708
7.52128
-45.4479
-106.218
-175.489
-254.743
-344.064
-441.692
-555.318
-679.766
382.963
377.867
376.423
374.37
372.415
370.665
368.979
367.337
365.676
363.776
361.801
359.688
357.45
354.953
352.317
349.538
346.32
342.704
338.802
334.585
329.814
324.655
319.174
313.105
306.297
298.623
290.289
281.139
270.789
259.178
246.235
231.711
215.29
196.695
175.546
151.39
123.874
92.4777
56.5296
15.3943
-31.5392
-85.1103
-146.13
-215.483
-293.437
-381.907
-480.81
-588.401
-707.603
-836.323
377.663
372.312
371.104
368.633
366.518
364.5
362.595
360.556
358.427
356.132
353.632
350.972
348.109
344.92
341.466
337.688
333.639
329.172
324.137
318.696
312.826
306.363
299.242
291.414
282.92
273.509
262.902
251.226
238.262
223.796
207.629
189.483
169.196
146.475
120.875
91.9128
59.0413
21.7142
-20.497
-68.2705
-122.237
-183.343
-252.264
-329.78
-416.429
-513.421
-620.699
-736.173
-858.778
-986.986
371.692
366.043
365.05
362.285
360.077
357.86
355.639
353.272
350.675
347.886
344.857
341.575
337.964
333.958
329.637
324.952
319.855
314.337
308.318
301.612
294.166
286.091
277.241
267.482
256.851
245.339
232.63
218.453
202.73
185.286
165.828
144.084
119.816
92.7612
62.4449
28.2968
-10.122
-53.3072
-101.845
-156.325
-217.375
-285.657
-361.849
-446.69
-540.801
-645.133
-759.697
-881.484
-1006.41
-1132
365.097
359.303
358.476
355.465
353.212
350.819
348.166
345.373
342.41
339.218
335.746
331.865
327.658
322.938
317.612
311.861
305.649
298.844
291.448
283.52
274.796
265.019
254.292
242.533
229.64
215.524
200.158
183.32
164.691
144.074
121.185
95.6413
67.2004
35.5664
0.349975
-38.8516
-82.5823
-131.419
-185.857
-246.578
-314.138
-389.04
-471.845
-563.268
-663.705
-773.87
-893.87
-1020.68
-1147.68
-1270.01
357.866
352.172
351.467
348.039
345.75
343.125
340.226
337.073
333.605
329.885
325.862
321.436
316.463
311.072
305.108
298.387
291.054
283.1
274.29
264.601
254.151
242.722
230.18
216.408
201.28
184.682
166.477
146.596
124.809
100.779
74.3396
45.1261
12.7123
-23.2554
-63.1543
-107.486
-156.653
-211.031
-271.164
-337.598
-410.957
-491.707
-580.12
-676.67
-781.933
-896.696
-1021.11
-1152.04
-1280.58
-1398.3
350.237
344.679
344.09
340.132
337.772
334.827
331.601
328.147
324.335
320.075
315.362
310.258
304.536
298.179
291.259
283.609
275.134
265.89
255.89
244.846
232.69
219.442
204.977
189.132
171.756
152.669
131.801
108.927
83.8613
56.3988
26.2049
-6.97032
-43.4689
-83.8154
-128.367
-177.4
-231.323
-290.567
-355.669
-427.163
-505.458
-590.939
-684.004
-784.922
-893.775
-1011.43
-1138.78
-1272.82
-1402.41
-1513.53
342.24
336.985
336.382
332.018
329.738
326.357
322.809
318.849
314.504
309.686
304.284
298.257
291.721
284.568
276.63
267.942
258.379
247.76
236.079
223.464
209.615
194.483
178.05
160.131
140.613
119.194
95.6468
69.8419
41.6546
10.8495
-22.8666
-59.8566
-100.376
-144.668
-193.143
-246.359
-304.763
-368.604
-438.214
-514.015
-596.455
-685.905
-782.437
-886.305
-997.795
-1117.62
-1246.65
-1381.98
-1510.15
-1610.92
333.846
329.129
328.434
324.03
321.811
317.881
314.031
309.69
304.768
299.275
293.184
286.486
278.844
270.513
261.449
251.529
240.691
228.873
215.861
201.638
186.095
169.075
150.449
130.16
108.2
84.4064
58.4378
29.996
-1.12694
-35.1495
-72.2814
-112.752
-156.855
-204.926
-257.366
-314.505
-376.607
-444.057
-517.213
-596.412
-681.987
-774.223
-873.387
-979.491
-1092.53
-1213.16
-1342.35
-1477.22
-1602.62
-1691.06
325.301
321.34
320.499
316.315
313.981
309.558
305.557
300.716
295.298
289.18
282.3
274.81
266.534
257.218
246.96
235.721
223.44
210.078
195.519
179.555
162.217
143.423
122.922
100.541
76.1338
49.6512
20.9516
-10.178
-43.9818
-80.7499
-120.831
-164.528
-212.044
-263.505
-319.102
-379.26
-444.479
-515.042
-591.204
-673.195
-761.243
-855.577
-956.313
-1063.61
-1177.42
-1298.04
-1425.68
-1557.52
-1678.45
-1754.19
317.217
314.084
313.165
308.833
306.378
301.846
297.549
292.26
286.344
279.704
272.213
263.783
254.544
244.362
233.138
220.803
207.255
192.477
176.453
158.935
139.742
118.876
96.2673
71.8096
45.2679
16.4752
-14.7635
-48.6128
-85.3135
-125.02
-167.917
-214.292
-264.374
-318.525
-377.109
-440.288
-508.192
-581.103
-659.27
-742.949
-832.398
-927.844
-1029.34
-1136.88
-1250.47
-1370.21
-1495.63
-1623.37
-1738.55
-1801.85
309.889
307.462
306.235
302.384
299.716
294.905
290.219
284.572
278.158
270.92
262.948
254.054
244.017
232.931
220.701
207.316
192.617
176.493
158.908
139.886
119.197
96.6876
72.181
45.559
16.7622
-14.3648
-48.001
-84.2598
-123.281
-165.327
-210.766
-259.794
-312.659
-369.477
-430.368
-495.53
-565.269
-639.917
-719.702
-804.756
-895.191
-991.08
-1092.6
-1199.65
-1311.99
-1429.74
-1552.11
-1674.77
-1782.33
-1834.09
303.639
301.658
300.537
296.71
293.87
289.066
284.055
278.087
271.317
263.609
254.879
245.298
234.684
222.974
210.016
195.719
180.064
162.94
144.146
123.623
101.304
77.1153
50.9308
22.5591
-8.13054
-41.2598
-77.0112
-115.636
-157.226
-201.825
-249.603
-300.83
-355.605
-414.2
-476.914
-544.012
-615.573
-691.605
-772.277
-857.748
-948.153
-1043.68
-1144.26
-1250.04
-1360.89
-1476.58
-1595.9
-1713.01
-1811.45
-1852.71
298.673
297.014
296.166
292.399
289.246
284.401
279.275
273.048
265.949
258.033
249.027
238.846
227.586
215.147
201.54
186.531
169.98
151.844
132.072
110.522
87.0188
61.4194
33.598
3.49397
-29.0269
-64.0897
-101.739
-142.142
-185.511
-232.034
-281.86
-335.08
-391.945
-452.578
-517.089
-585.443
-657.838
-734.568
-815.721
-901.368
-991.58
-1086.38
-1185.87
-1289.76
-1397.94
-1510.35
-1625.84
-1738.08
-1828.62
-1858.86
295.37
294.111
292.844
289.417
286.308
281.378
276.148
269.833
262.489
254.221
245.025
234.613
223.005
210.101
195.873
180.27
163.104
144.216
123.505
100.888
76.3062
49.6165
20.6397
-10.7908
-44.7301
-81.3382
-120.738
-163.109
-208.428
-256.784
-308.42
-363.476
-421.876
-483.717
-549.174
-618.588
-691.984
-769.318
-850.636
-935.957
-1025.28
-1118.58
-1215.9
-1317.55
-1423.29
-1532.68
-1643.69
-1749.87
-1832.26
-1854.96
293.786
292.569
291.248
287.926
284.77
280.034
274.764
268.473
261.301
252.915
243.45
232.945
221.194
208.125
193.492
177.328
159.625
140.229
119.028
95.7508
70.3344
42.5329
12.3201
-20.3635
-55.6743
-93.6346
-134.272
-177.941
-224.783
-274.77
-327.856
-384.251
-444.063
-507.357
-574.233
-644.544
-718.331
-795.71
-876.814
-961.557
-1049.87
-1141.85
-1237.34
-1336.1
-1438.17
-1543.07
-1648.04
-1746.38
-1819.3
-1839.84
293.974
292.606
291.164
288.07
284.879
280.322
275.235
268.951
261.852
253.787
244.544
234.081
222.324
209.169
194.528
178.196
160.14
140.231
118.486
94.7622
69.1022
40.5772
9.52028
-24.1507
-60.6006
-99.9919
-141.884
-187.048
-235.204
-286.449
-341.037
-398.889
-460
-524.313
-591.813
-662.637
-736.923
-814.643
-895.507
-979.546
-1066.75
-1156.8
-1249.67
-1345.25
-1443.35
-1543.34
-1640.38
-1726.66
-1784.76
-1805.12
295.513
293.948
292.534
289.612
286.592
282.254
277.471
271.527
264.563
256.786
247.898
237.717
226.217
213.245
198.818
182.663
164.665
144.69
122.687
98.8168
72.2906
43.1717
11.4856
-22.9013
-60.1057
-100.252
-143.358
-189.667
-239.171
-291.841
-347.556
-406.621
-468.776
-534.063
-602.612
-674.427
-749.174
-826.815
-907.518
-990.982
-1076.86
-1165.27
-1255.97
-1348.74
-1442.72
-1536.06
-1623.18
-1693.78
-1734.3
-1751.49
298.201
296.476
295.073
292.395
289.59
285.651
281.151
275.802
269.485
262.102
253.604
243.875
232.848
220.319
206.206
190.378
172.676
152.911
130.833
107.744
80.7856
51.3001
19.0828
-15.9748
-54.0267
-95.1069
-139.252
-186.554
-237.143
-290.924
-347.931
-408.069
-471.644
-538.316
-607.867
-680.093
-755.326
-833.489
-914.169
-997.04
-1082.14
-1168.97
-1257.11
-1346.14
-1435.93
-1523.3
-1601.4
-1658.3
-1680.85
-1693.3
301.623
299.791
298.596
296.149
293.521
290.11
286.162
281.379
275.722
268.918
261.105
252.105
241.789
230.027
216.614
201.427
184.255
164.963
143.423
119.76
93.1378
63.7342
31.4179
-3.93671
-42.4155
-84.1515
-129.151
-177.441
-229.204
-284.438
-342.91
-404.54
-469.13
-536.642
-607.11
-680.675
-756.908
-835.55
-916.442
-999.571
-1084.11
-1169.81
-1256.56
-1343.84
-1430.05
-1510.99
-1580.89
-1627.69
-1641.18
-1646.87
305.951
303.693
302.61
300.56
298.378
295.366
291.912
287.7
282.796
276.918
269.953
261.813
252.344
241.493
229.039
214.813
198.597
180.251
159.482
136.222
109.999
80.712
48.3828
12.8148
-26.0304
-68.3489
-114.166
-163.454
-216.142
-272.303
-331.913
-394.988
-461.338
-530.658
-602.787
-677.352
-754.314
-833.858
-915.869
-999.211
-1083.86
-1169.49
-1255.34
-1340.63
-1423.99
-1500.49
-1562.65
-1601.08
-1615.6
-1615.72
310.059
307.996
307.012
305.371
303.603
301.027
298.128
294.535
290.358
285.338
279.337
272.366
264.163
254.499
243.196
230.085
215
197.782
178.022
155.535
130.119
101.421
69.3912
33.8671
-5.21253
-47.8528
-94.1781
-144.248
-198.211
-255.807
-317.025
-381.606
-449.49
-520.334
-593.84
-669.97
-748.885
-829.921
-912.593
-997.354
-1083.2
-1169.38
-1256.05
-1341.9
-1423.48
-1495.88
-1550.15
-1575.64
-1588.38
-1588.3
313.76
312.07
311.218
310.033
308.765
306.788
304.41
301.472
298.086
293.993
289.038
283.173
276.246
268.026
258.263
246.718
233.12
217.259
198.832
177.496
152.965
125.284
93.831
58.6001
19.4606
-23.6272
-70.5549
-121.386
-176.135
-234.996
-297.615
-364.008
-433.682
-506.401
-582.093
-660.467
-740.781
-823.322
-908.296
-994.744
-1082.22
-1170.35
-1258.09
-1344.2
-1425.35
-1495.52
-1542.59
-1555.59
-1560.35
-1563.69
316.489
315.766
314.858
314.241
313.446
312.151
310.487
308.265
305.575
302.376
298.539
293.893
288.261
281.49
273.332
263.507
251.635
237.404
220.624
200.896
177.792
151.029
120.956
86.2539
47.4586
4.42708
-43.0079
-94.7101
-150.607
-210.631
-274.76
-342.779
-414.764
-490.036
-567.934
-648.078
-730.861
-816.149
-903.023
-991.603
-1081.84
-1172.45
-1262.53
-1350.25
-1429.61
-1493.94
-1531.98
-1544.33
-1541.03
-1545.19
318.133
318.967
317.666
318.077
317.694
316.988
316.077
314.542
312.692
310.317
307.377
303.908
299.703
294.534
288.141
280.198
270.324
258.126
243.248
225.342
204.025
178.833
149.58
116.21
77.7742
34.9204
-12.6721
-65.0318
-122.112
-183.66
-249.671
-319.751
-393.618
-471.02
-551.43
-634.715
-720.243
-807.389
-896.917
-988.51
-1081.26
-1175.16
-1267.95
-1356.33
-1435.2
-1492.07
-1517
-1528.13
-1524.45
-1527.69
317.858
321.613
320.006
321.403
321.419
321.284
321.013
320.225
319.081
317.643
315.779
313.318
310.308
306.543
301.75
295.662
287.917
278.001
265.473
249.855
230.687
207.447
179.84
147.641
110.207
67.8117
20.1862
-32.7975
-90.8912
-154.028
-221.712
-294.128
-370.613
-450.954
-534.752
-620.594
-708.26
-798.676
-891.116
-985.246
-1081.15
-1177.67
-1272.93
-1362.42
-1440.98
-1492.51
-1505.63
-1508.19
-1508.67
-1510.55
315.374
323.04
321.232
323.923
324.383
324.85
325.148
325.09
324.491
323.605
322.711
321.557
319.899
317.617
314.437
310.129
304.422
296.778
286.765
273.721
257.057
236.142
210.531
179.816
143.57
101.793
54.3533
1.01746
-58.0989
-123.082
-193.283
-268.096
-347.726
-431.153
-517.477
-606.603
-697.869
-790.616
-885.511
-982.452
-1081.23
-1181.52
-1279.85
-1369.18
-1441.63
-1484.88
-1497.98
-1492.56
-1493.43
-1494.17
309.692
323.698
321.602
325.853
326.99
328.131
328.958
329.164
329.357
329.001
328.483
328.087
327.472
326.41
324.794
322.405
318.838
313.571
306.104
295.84
282.006
263.823
240.776
212.357
177.655
136.549
89.5127
35.5568
-24.7022
-91.075
-163.792
-241.839
-324.647
-411.761
-502.561
-595.645
-689.633
-784.792
-881.894
-980.798
-1083.04
-1186.34
-1289.27
-1382.75
-1446.4
-1471.27
-1482.83
-1477.41
-1476.69
-1476.69
289.508
320.138
321.08
326.821
329.308
331.079
332.012
332.465
333.155
333.838
334.301
334.393
334.169
334.134
334.051
333.508
331.701
328.461
323.266
315.531
304.391
289.039
268.704
242.552
209.352
168.718
122.815
68.9882
7.08759
-61.9419
-137.068
-218.498
-305.579
-397.24
-491.987
-588.691
-686.56
-785.425
-884.475
-984.019
-1085.9
-1191.93
-1291.89
-1380.32
-1439.61
-1459.19
-1460.62
-1459.43
-1457.65
-1457.11
288.703
314.776
320.898
327.104
331.312
334.114
335.41
336.193
336.258
336.492
337.053
337.982
339.127
339.835
340.569
341.209
341.586
340.699
337.878
332.543
323.927
310.939
292.249
267.614
236.019
196.152
148.883
95.044
33.7435
-37.5815
-116.605
-201.954
-293.648
-390.69
-491.004
-593.169
-696.017
-798.567
-899.192
-997.952
-1097.34
-1202.5
-1300.9
-1385.44
-1431.91
-1448.34
-1440.07
-1439.1
-1437.23
-1435.87
300.239
316.385
324.538
330.881
335.058
338.005
340.133
340.614
340.476
340.205
340.523
341.302
343.307
345.413
347.42
348.839
350.768
352.193
350.707
346.067
337.703
324.77
305.835
279.694
246.525
205.213
155.961
99.1901
35.2884
-37.2318
-119.737
-210.318
-307.839
-410.406
-516.734
-624.625
-732.047
-837.661
-939.792
-1037.93
-1130.53
-1226.21
-1316.56
-1380.08
-1412.03
-1414.6
-1414.8
-1415.43
-1414.83
-1413.31
312.949
325.39
332.447
337.732
341.582
343.781
345.117
345.104
344.87
344.3
344.675
346.484
349.648
352.77
354.975
357.089
359.652
362.61
362.223
357.353
348.654
333.923
311.93
281.696
243.489
197.586
143.705
83.0083
13.812
-64.492
-151.363
-246.72
-349.387
-457.723
-569.193
-682.536
-794.871
-903.648
-1007.61
-1095.97
-1177.13
-1254.95
-1320.88
-1359.15
-1374.16
-1382.31
-1388.94
-1393.76
-1394.43
-1392.64
325.771
335.575
342.553
347.88
350.286
350.867
350.489
349.554
348.864
348.867
350.533
353.892
357.616
360.594
364.253
369.212
372.771
374.696
374.703
369.573
358.519
340.839
314.506
279.34
234.906
181.656
120.031
51.5416
-22.7666
-106.721
-200.439
-302.779
-411.943
-526.529
-644.244
-763.648
-882.277
-996.065
-1087.78
-1160.53
-1222.6
-1268.45
-1297.99
-1318.6
-1334.43
-1352.17
-1366.94
-1375.57
-1378.9
-1377.81
337
347.666
354.56
358.147
359.641
358.837
356.13
353.455
351.846
351.925
353.968
357.581
363.642
370.462
374.466
379.513
385.693
389.437
390.569
385.677
371.819
349.255
316.796
273.959
222.521
162.461
93.8953
16.8632
-67.6334
-159.125
-259.952
-369.202
-487.256
-610.153
-737.655
-865.42
-990.572
-1095.29
-1170.33
-1223.17
-1251.71
-1258.63
-1263.26
-1278.72
-1304.44
-1333.55
-1358.38
-1372.74
-1377.83
-1376.49
350.687
359.47
366.087
369.684
368.945
364.589
360.395
355.745
350.95
351.455
355.701
361.632
369.513
373.647
378.266
387.122
395.962
401.049
401.666
395.707
379.799
353.327
316.12
266.719
206.767
139.029
62.7494
-20.7194
-112.634
-214.882
-327.682
-446.973
-573.698
-708.907
-848.302
-988.304
-1109.96
-1198.1
-1254.72
-1274.97
-1263.53
-1246.96
-1245.62
-1262.82
-1294.73
-1331.2
-1365.26
-1383.67
-1389.14
-1388.81
365.69
375.919
382.038
379.969
374.855
368.249
359.707
351.925
346.303
347.904
355.358
356.643
357.398
368.631
379.565
387.563
395.883
403.892
406.913
399.644
378.059
343.775
298.365
243.125
178.731
106.183
25.2331
-65.9326
-165.22
-274.658
-396.28
-532.385
-674.466
-827.936
-984.144
-1125.21
-1234.58
-1307.82
-1336.63
-1320.89
-1292.2
-1273.14
-1270.72
-1285.39
-1314.15
-1349.79
-1382.6
-1402.62
-1409.31
-1410.77
387.715
394.306
394.528
389.727
379.248
366.48
351.963
337.456
329.415
329.432
328.948
332.2
338.578
347.344
359.348
371.149
383.888
393.9
395.225
382.533
355.565
314.289
259.829
195.31
123.507
45.9505
-36.7316
-129.205
-233.98
-352.82
-482.735
-628.868
-793.743
-967.285
-1132.71
-1267.4
-1368.35
-1422.96
-1422.15
-1397.51
-1370.39
-1351.47
-1345.04
-1350.66
-1366.5
-1389.03
-1411.39
-1426.38
-1434.93
-1438.25
409.971
408.271
404.298
394.428
374.389
352.589
326.071
297.979
280.057
279.253
284.725
286.019
307.03
325.617
342.003
354.323
362.949
364.022
350.23
321.574
281.34
231.846
174.773
110.027
37.9151
-40.6966
-126.537
-219.856
-325.052
-448.477
-597.686
-760.365
-943.204
-1127.09
-1292.48
-1428.16
-1512.94
-1542.09
-1540.38
-1523.72
-1500.02
-1478.39
-1461.71
-1452.23
-1448.93
-1451.34
-1456.2
-1460.86
-1465.28
-1471.69
410.89
405.626
399.175
380.353
347.051
313.29
269.483
217.106
186.622
196.582
221.75
248.677
258.863
276.563
289.539
300.164
301.917
286.928
251.403
201.999
145.891
89.8082
34.4989
-23.7979
-87.5498
-156.481
-233.946
-324.384
-433.793
-561.724
-727.645
-919.748
-1119.36
-1308.66
-1470.05
-1590.51
-1660.78
-1689.91
-1696.32
-1685.65
-1661.26
-1631.31
-1601.59
-1574.8
-1551.48
-1532.99
-1520.15
-1511.71
-1508.28
-1519.48
383.594
375.532
358.251
334.871
294.172
235.718
152.143
48.0318
4.27778
42.1803
70.0788
113.149
154.226
185.207
200.833
204.563
191.429
153.585
94.1503
22.6839
-49.557
-113.749
-160.758
-198.683
-239.766
-294.132
-359.5
-443.179
-556.56
-702.699
-880.142
-1090.72
-1298.22
-1485.65
-1632.25
-1735.62
-1805.21
-1851.15
-1874.8
-1866.71
-1835.23
-1791.23
-1744.34
-1698.99
-1658.68
-1623.39
-1596.43
-1578.44
-1571.41
-1585.84
311.766
309.26
290.584
250.797
187.6
90.9334
-53.2467
-224.911
-326.985
-298.028
-197.001
-86.1518
-4.40719
43.6075
67.268
64.3268
34.95
-26.2603
-111.139
-208.844
-303.946
-379.113
-415.654
-420.472
-417.585
-440.296
-491.899
-575.284
-691.102
-851.495
-1039.95
-1251.64
-1459
-1632.19
-1761.71
-1859.68
-1941.19
-2007.14
-2040.76
-2030.72
-1989.59
-1932.23
-1868.35
-1807.01
-1753.16
-1707.95
-1673.31
-1651.86
-1644.69
-1652.45
128.655
150.66
152.742
116.671
39.6156
-97.7937
-329.476
-608.887
-805.052
-725.113
-509.331
-319.834
-180.67
-98.9327
-71.4557
-83.2756
-132.432
-222.545
-343.648
-482.844
-614.252
-697.8
-712.837
-677.446
-633.599
-614.734
-639.741
-713.284
-833.605
-992.34
-1181.13
-1384.67
-1586.44
-1745.97
-1862.46
-1962.41
-2055.58
-2126.91
-2155.82
-2141.41
-2094.1
-2027.17
-1952.45
-1882.36
-1822.34
-1773.73
-1737.37
-1715.72
-1707.94
-1709.73
-183.451
-110.18
-36.0783
-47.8563
-140.947
-296.697
-548.915
-883.732
-1128.02
-995.968
-667.678
-426.891
-269.923
-190.419
-178.97
-196.483
-268.895
-387.866
-546.941
-731.495
-901.501
-1001.89
-995.268
-927.203
-847.147
-799.111
-797.987
-848.939
-961.548
-1112.23
-1289.71
-1480.37
-1667.44
-1815.24
-1920.2
-2013.62
-2106.22
-2174.93
-2198.09
-2180.56
-2130.8
-2061.58
-1985.12
-1913.46
-1852.78
-1805.63
-1772.89
-1754.28
-1748.75
-1752.2
-592.903
-381.939
-221.608
-180.172
-219.207
-333.397
-535.614
-788.723
-964.715
-872.947
-604.413
-379.751
-264.776
-226.645
-219.23
-253.365
-349.174
-494.687
-679.475
-892.92
-1087.42
-1198.77
-1195.59
-1113.82
-1021.91
-951.742
-931.726
-964.675
-1053.76
-1183.33
-1338.82
-1509.7
-1675.93
-1810.08
-1905.16
-1986.23
-2068.14
-2129.88
-2151.44
-2137.67
-2094.98
-2032.03
-1960.98
-1893.55
-1836.78
-1794.24
-1767.36
-1756.15
-1757.02
-1765.22
-806.353
-512.042
-285.175
-169.167
-153.775
-199.366
-293.697
-415.879
-493.314
-512.06
-388.889
-251.804
-194.175
-184.051
-194.38
-260.529
-365.85
-523.61
-719.984
-948.031
-1160.71
-1284.33
-1287.13
-1209.14
-1117.74
-1043.74
-1010.39
-1029.27
-1096.55
-1200.67
-1329.54
-1473
-1615.88
-1734.2
-1820.99
-1892.62
-1961.49
-2018.48
-2041.07
-2034.73
-2001.55
-1947.89
-1885.42
-1826.07
-1777.45
-1743.32
-1722.96
-1716.03
-1723.22
-1738.62
-438.169
-296.945
-147.191
-37.6394
10.8024
-1.37007
-42.8911
-108.719
-172.239
-196.73
-154.792
-100.665
-83.3362
-99.5647
-138.48
-209.678
-322.042
-476.68
-670.6
-904.443
-1132.37
-1278.78
-1302.62
-1239.02
-1135.8
-1062.81
-1009.4
-1010.39
-1058.16
-1148.76
-1260.45
-1382.28
-1516.68
-1622.67
-1702.54
-1767.69
-1827.35
-1873.02
-1895.57
-1892.71
-1866.11
-1821.38
-1769.53
-1721.21
-1682.42
-1654.91
-1640.18
-1638.48
-1650.45
-1672.76
-17.461
30.1211
109.82
169.059
180.422
167.451
144.448
111.936
69.4408
44.1298
45.8022
48.7169
31.2098
-4.11053
-55.1179
-128.76
-234.129
-374.721
-557.229
-780.915
-1014.63
-1193.78
-1259.58
-1223.78
-1136.2
-1036.54
-965.331
-927.414
-941.371
-1009.35
-1112.29
-1231.44
-1354.79
-1464.56
-1550.68
-1617.03
-1670.57
-1709.36
-1728.07
-1724.76
-1700.93
-1663.43
-1621.91
-1583.9
-1553.48
-1533.31
-1524.97
-1528.47
-1543.77
-1572.71
243.318
248.292
262.666
288.355
293.311
283.797
263.339
243.976
221.643
201.844
186.201
163.393
129.342
85.7191
29.7079
-41.7988
-136.387
-255.361
-411.353
-606.407
-825.303
-1028.85
-1142.17
-1155.34
-1105.1
-1003.99
-900.428
-818.035
-789.157
-818.768
-898.473
-1011.03
-1133.07
-1248.82
-1346.15
-1421.74
-1478.1
-1515.66
-1532.79
-1529.76
-1510.1
-1480.81
-1449.36
-1421.49
-1400.79
-1390.01
-1389.54
-1398.62
-1416.46
-1443.07
286.3
312.63
330.065
337.017
343.573
342.602
333.78
319.408
305.039
289.351
269.671
240.816
203.398
158.39
105.317
41.1144
-38.5199
-136.936
-262.55
-419.03
-608.11
-793.58
-945.82
-1015.42
-999.858
-935.279
-806.175
-691.04
-612.985
-598.268
-655.108
-749.915
-865.908
-984.193
-1092
-1179.67
-1245.45
-1288.99
-1310.75
-1313.22
-1302.99
-1284.27
-1263.92
-1247.43
-1238.14
-1237.26
-1244.21
-1257.96
-1276.34
-1298.51
314.813
331.093
346.077
358.739
369.876
374.421
372.682
362.536
350.174
333.944
313.695
287.158
254.872
216.094
170.799
115.4
48.5324
-31.9209
-128.758
-252.215
-403.521
-555.684
-698.345
-804.684
-834.722
-777.915
-683.482
-534.499
-422.435
-376.734
-404.676
-478.739
-581.193
-697.473
-811.459
-911.465
-990.027
-1044.94
-1077.1
-1091.04
-1094.06
-1084.31
-1074.11
-1068.05
-1069.26
-1078.32
-1093.64
-1113.43
-1133.47
-1152.67
329.387
341.676
352.398
364.24
373.321
379.634
382.905
378.559
370.018
356.952
340.715
319.682
293.823
261.321
221.84
174.586
119.64
54.5653
-22.5054
-114.996
-226.921
-354.76
-466.266
-564.635
-629.093
-613.659
-509.967
-385.44
-262.137
-187.864
-177.951
-225.339
-309.913
-418.887
-533.858
-643.402
-734.702
-803.992
-849.474
-874.837
-883.676
-888.086
-888.239
-891.472
-902.664
-922.174
-948.149
-977.419
-1001.99
-1018.16
334.161
343.82
355.305
364.329
371.067
378.871
382.36
380.312
376.017
368.882
357.236
340.029
317.576
290.525
258.171
220.389
175.679
123.717
63.37
-7.31295
-90.2607
-183.731
-278.044
-357.712
-420.396
-440.06
-385.121
-271.148
-146.155
-53.0772
-7.9702
-13.6812
-70.2559
-161.25
-278.312
-396.294
-499.771
-583.31
-643.873
-682.415
-704.37
-716.703
-723.5
-733.758
-752.32
-779.496
-815.53
-856.005
-888.984
-907.872
336.322
343.333
351.823
360.302
368.48
374.452
378.087
379.716
377.832
372.336
363.469
350.782
334.113
313.256
287.14
255.977
219.297
177.027
128.066
73.5072
13.0659
-53.3818
-123.705
-190.841
-244.235
-272.861
-254.356
-183.02
-68.5953
40.7511
108.938
140.359
120.136
46.1972
-63.9409
-179.334
-290.905
-386.499
-462.434
-515.961
-550.45
-570.621
-584.642
-602.067
-626.934
-659.102
-703.982
-752.99
-794.802
-819.831
336.996
343.53
349.537
356.385
363.519
369.439
374.317
376.907
376.508
373.932
368.141
358.85
345.763
328.476
307.433
282.262
252.768
218.74
180.684
138.087
90.6864
40.622
-9.223
-58.0129
-102.771
-133.007
-135.877
-96.3918
-18.952
80.8964
180.676
240.06
242.352
193.129
104.515
-4.47124
-116.523
-221.614
-309.654
-377.553
-424.767
-457.171
-484.887
-513.853
-547.673
-584.506
-625.256
-669.489
-712.024
-740.033
336.062
341.916
348.19
355.107
361.106
366.687
371.555
374.146
374.837
373.56
369.396
362.674
353.11
340.327
324.283
304.28
280.921
254.253
223.485
189.057
152.116
112.902
72.9983
35.6314
4.51658
-19.663
-32.4221
-16.4472
29.412
105.255
188.832
269.05
313.952
289.978
225.406
131.119
21.1729
-93.5592
-192.459
-272.935
-338.731
-391.231
-436.239
-478.568
-515.587
-548.183
-576.849
-606.294
-639.442
-665.547
333.946
341.042
347.587
353.778
359.437
364.529
368.54
371.586
373.406
373.127
371.16
367.069
360.157
350.368
337.558
321.938
303.677
282.007
257.255
230.062
200.074
168.301
136.099
104.189
76.6867
59.4018
52.0992
52.4847
73.8182
120.307
193.775
263.962
314.501
336.531
310.658
233.176
124.388
6.36216
-102.919
-199.819
-280.968
-348.676
-410.641
-467.255
-510.847
-536.786
-550.774
-561.57
-575.678
-596.196
330.233
339.857
346.349
352.34
357.34
362.096
366.33
369.74
371.959
372.945
372.362
369.448
364.126
357.1
348.005
336.064
321.092
303.754
283.541
260.344
235.343
209.349
182.589
155.828
131.147
112.565
103.415
104.789
116.104
140.098
182.858
240.669
298.905
331.238
328.903
289.786
199.658
85.4448
-32.1634
-140.871
-229.841
-308.361
-382.448
-449.187
-497.985
-521.824
-516.977
-511.85
-510.057
-522.72
322.242
340.634
346.166
350.999
355.491
360.24
364.412
367.9
370.591
372.031
371.987
370.298
367.252
362.244
354.53
344.285
332.22
317.718
300.486
281.682
260.66
238.067
215.054
191.725
170.685
154.295
142.249
138.87
148.735
165.338
186.142
218.729
261.893
301.926
320.951
298.46
234.869
141.314
21.8994
-85.3582
-181.223
-268.154
-347.607
-419.636
-471.773
-486.174
-465.772
-439.353
-423.438
-429.691
308.68
343.94
348.428
351.504
355.325
359.946
363.718
366.942
369.402
371.02
371.625
370.593
367.565
362.634
356.168
347.806
337.442
324.604
310.17
293.49
274.835
256.234
237.013
216.978
198.659
184.564
175.033
170.277
173.339
185.328
200.994
219.452
245.379
271.579
288.319
280.559
229.736
139.926
38.512
-57.7796
-144.135
-229.282
-305.785
-373.775
-418.396
-419.741
-383.124
-343.861
-320.629
-317.901
390.817
387.34
385.519
384.532
384.039
383.683
383.229
382.632
381.971
381.318
380.574
379.696
378.75
377.735
376.669
375.573
374.506
373.335
372.049
370.675
369.106
367.149
365.084
362.948
360.749
358.331
355.57
352.507
349.078
345.012
340.142
334.505
328.022
320.452
311.407
300.526
287.401
271.608
252.679
230.158
203.46
171.893
134.631
90.8225
39.7402
-19.6165
-88.0257
-166.152
-258.108
-353.48
389.567
388.561
387.981
387.69
387.696
387.823
387.825
387.634
387.295
386.951
386.582
386.107
385.568
385.023
384.522
384.068
383.616
383.141
382.642
382.091
381.456
380.674
379.894
379.137
378.359
377.532
376.576
375.468
374.096
372.301
370.042
367.234
363.759
359.403
353.888
346.95
338.201
327.202
313.522
296.759
276.299
251.486
221.583
185.879
143.603
93.8638
35.9655
-31.3743
-110.197
-190.389
390.047
390.572
391.091
391.468
391.866
392.393
392.837
393.144
393.238
393.219
393.122
393.041
393.001
393.064
393.192
393.368
393.591
393.873
394.2
394.608
395.021
395.529
396.11
396.799
397.608
398.52
399.456
400.368
401.166
401.788
402.154
402.16
401.713
400.629
398.729
395.715
391.252
384.949
376.464
365.287
350.89
332.678
310.012
282.283
248.702
208.5
160.796
104.682
39.2403
-25.2683
392.167
393.553
394.955
395.999
396.821
397.708
398.547
399.28
399.802
400.165
400.461
400.842
401.373
402.037
402.816
403.674
404.637
405.754
407.028
408.486
410.127
411.933
413.959
416.219
418.699
421.401
424.289
427.312
430.401
433.514
436.581
439.519
442.206
444.488
446.197
447.087
446.892
445.277
441.838
436.106
427.614
415.794
400.09
379.85
354.362
322.968
284.932
239.709
186.578
137.111
395.677
397.587
399.677
401.314
402.547
403.696
404.877
406.047
407.083
407.871
408.589
409.415
410.576
411.939
413.431
415.042
416.831
418.852
421.193
423.815
426.724
429.932
433.458
437.311
441.538
446.115
451.036
456.25
461.725
467.419
473.262
479.181
485.043
490.739
496.091
500.914
504.941
507.873
509.333
508.89
506.097
500.415
491.335
478.195
460.453
437.461
408.722
373.968
332.711
295.686
400.451
402.759
405.328
407.386
408.953
410.399
411.946
413.53
415.094
416.369
417.572
418.954
420.748
422.85
425.104
427.494
430.154
433.211
436.679
440.548
444.808
449.463
454.545
460.087
466.123
472.668
479.704
487.209
495.14
503.463
512.117
521.03
530.095
539.19
548.159
556.821
564.97
572.329
578.515
583.147
585.727
585.773
582.772
576.227
565.647
550.473
530.227
504.298
472.281
445.229
406.428
408.998
411.879
414.243
416.099
417.811
419.71
421.764
423.808
425.629
427.358
429.359
431.811
434.65
437.71
440.99
444.618
448.763
453.424
458.587
464.237
470.384
477.058
484.338
492.243
500.789
509.971
519.767
530.148
541.071
552.493
564.337
576.518
588.932
601.428
613.863
626.012
637.592
648.246
657.578
665.113
670.459
673.14
672.714
668.657
660.499
647.729
630.076
607.496
589.16
413.524
416.223
419.284
421.838
423.884
425.876
428.116
430.642
433.169
435.58
437.908
440.524
443.672
447.279
451.182
455.412
460.068
465.311
471.194
477.67
484.725
492.372
500.689
509.719
519.491
530.03
541.354
553.417
566.2
579.667
593.785
608.493
623.729
639.378
655.311
671.34
687.249
702.752
717.515
731.144
743.27
753.471
761.302
766.287
767.944
765.71
759.138
747.933
731.992
719.944
421.604
424.304
427.402
430.062
432.262
434.505
437.072
440.046
443.131
446.092
449.038
452.296
456.115
460.522
465.339
470.514
476.198
482.541
489.613
497.388
505.86
515.039
524.964
535.699
547.308
559.803
573.181
587.428
602.519
618.436
635.143
652.587
670.692
689.346
708.404
727.687
746.988
766.02
784.476
802.003
818.239
832.774
845.16
854.941
861.56
864.491
863.392
858.142
848.933
842.198
430.46
433.04
436.072
438.756
441.088
443.558
446.48
449.856
453.443
456.958
460.474
464.395
468.965
474.164
479.853
485.961
492.635
500.062
508.322
517.407
527.252
537.884
549.36
561.741
575.08
589.416
604.738
621.044
638.312
656.509
675.593
695.516
716.206
737.557
759.44
781.695
804.089
826.361
848.193
869.25
889.146
907.443
923.669
937.292
947.763
954.701
957.809
956.823
951.916
948.605
439.838
442.191
445.06
447.714
450.177
452.868
456.108
459.885
463.879
467.884
472.003
476.581
481.88
487.842
494.315
501.298
508.947
517.429
526.818
537.093
548.209
560.176
573.067
586.957
601.899
617.918
635.019
653.186
672.396
692.614
713.807
735.934
758.92
782.684
807.102
831.994
857.113
882.17
906.834
930.74
953.472
974.6
993.674
1010.27
1024.03
1034.74
1042.02
1045.64
1045.68
1045.4
449.441
451.486
454.11
456.702
459.274
462.197
465.725
469.805
474.161
478.613
483.305
488.517
494.455
501.087
508.311
516.12
524.653
534.1
544.504
555.826
568.061
581.237
595.413
610.657
627.026
644.541
663.199
682.984
703.87
725.829
748.833
772.842
797.812
823.658
850.239
877.338
904.694
931.995
958.912
985.073
1010.09
1033.57
1055.12
1074.39
1091.07
1104.63
1114.41
1120.21
1122.05
1122.83
458.949
460.637
462.964
465.45
468.112
471.246
475.028
479.334
483.967
488.834
494.03
499.787
506.29
513.519
521.376
529.904
539.23
549.484
560.734
572.966
586.169
600.371
615.633
632.019
649.575
668.312
688.229
709.312
731.542
754.896
779.348
804.876
831.441
858.94
887.201
915.991
945.041
974.049
1002.69
1030.6
1057.42
1082.76
1106.19
1127.26
1145.58
1160.86
1173.15
1182.52
1188.44
1192.37
468.039
469.354
471.345
473.702
476.442
479.755
483.694
488.15
492.995
498.2
503.834
510.06
516.998
524.673
533.065
542.177
552.126
563.049
574.985
587.929
601.888
616.895
633.012
650.294
668.76
688.42
709.285
731.342
754.578
778.975
804.52
831.198
858.951
887.664
917.145
947.156
977.432
1007.68
1037.59
1066.83
1095.04
1121.84
1146.85
1169.7
1190.05
1207.39
1220.94
1229.6
1233.75
1235.73
476.391
477.349
479.003
481.217
484.017
487.459
491.487
495.99
500.971
506.447
512.426
518.969
526.206
534.201
542.962
552.523
562.962
574.361
586.768
600.208
614.69
630.256
646.965
664.855
683.944
704.237
725.728
748.419
772.304
797.373
823.621
851.024
879.509
908.949
939.155
969.895
1000.9
1031.87
1062.52
1092.5
1121.47
1149.05
1174.8
1198.25
1218.82
1236.03
1249.66
1259.85
1266.52
1270.5
483.757
484.394
485.725
487.775
490.624
494.176
498.212
502.674
507.694
513.338
519.533
526.273
533.673
541.837
550.825
560.664
571.403
583.088
595.759
609.456
624.213
640.082
657.115
675.332
694.74
715.349
737.148
760.137
784.32
809.685
836.226
863.915
892.677
922.384
952.849
983.842
1015.1
1046.33
1077.21
1107.42
1136.59
1164.32
1190.22
1213.86
1234.82
1252.69
1267.03
1277.41
1283.79
1287.42
489.945
490.321
491.378
493.289
496.14
499.736
503.71
508.061
513.03
518.705
524.991
531.816
539.25
547.451
556.506
566.436
577.275
589.053
601.789
615.524
630.32
646.239
663.319
681.578
701.007
721.6
743.381
766.339
790.471
815.763
842.196
869.741
898.328
927.846
958.115
988.899
1019.95
1050.96
1081.62
1111.58
1140.47
1167.88
1193.43
1216.74
1237.46
1255.3
1269.91
1280.6
1286.97
1290.44
494.88
495.072
495.925
497.684
500.481
504.081
507.937
512.08
516.91
522.535
528.802
535.581
542.929
551.012
559.971
569.842
580.619
592.29
604.883
618.456
633.074
648.798
665.678
683.713
702.885
723.182
744.621
767.219
790.964
815.833
841.784
868.779
896.757
925.613
955.201
985.293
1015.62
1045.91
1075.84
1105.05
1133.18
1159.83
1184.57
1206.99
1226.6
1242.98
1256.13
1266.39
1273.42
1277.56
498.548
498.654
499.355
500.969
503.705
507.219
510.903
514.82
519.423
524.886
531.02
537.637
544.78
552.639
561.365
571.022
581.574
592.98
605.258
618.464
632.694
648.028
664.474
682.043
700.711
720.453
741.285
763.242
786.308
810.449
835.611
861.735
888.765
916.603
945.115
974.099
1003.3
1032.41
1061.13
1089.13
1116.05
1141.49
1165.04
1186.29
1204.97
1220.68
1232.52
1239.91
1243.19
1244.49
501.052
501.131
501.745
503.238
505.874
509.278
512.748
516.357
520.67
525.894
531.789
538.145
544.994
552.526
560.916
570.224
580.413
591.424
603.244
615.947
629.619
644.352
660.188
677.069
694.986
713.936
733.913
754.945
777.039
800.152
824.218
849.166
874.917
901.391
928.473
955.971
983.63
1011.15
1038.21
1064.47
1089.61
1113.27
1135.04
1154.36
1170.76
1184.14
1194.31
1200.88
1203.59
1204.69
502.548
502.652
503.218
504.598
507.138
510.365
513.569
516.857
520.853
525.754
531.311
537.322
543.821
550.953
558.91
567.764
577.473
587.97
599.231
611.305
624.32
638.326
653.383
669.449
686.461
704.439
723.382
743.305
764.218
786.064
808.786
832.293
856.498
881.322
906.653
932.346
958.148
983.768
1008.86
1033.06
1055.99
1077.33
1096.78
1113.92
1128.13
1138.87
1145.83
1148.74
1147.59
1145.87
503.235
503.392
503.909
505.179
507.607
510.651
513.532
516.479
520.135
524.655
529.841
535.471
541.539
548.217
555.684
564
573.144
583.023
593.635
605.014
617.244
630.431
644.592
659.685
675.68
692.55
710.31
728.975
748.517
768.926
790.095
811.961
834.408
857.351
880.679
904.235
927.821
951.155
973.913
995.714
1016.13
1034.69
1051.07
1065.04
1076.25
1084.05
1087.94
1087.72
1083.34
1079.01
503.324
503.462
503.973
505.167
507.436
510.216
512.789
515.444
518.745
522.86
527.609
532.786
538.388
544.604
551.551
559.297
567.824
577.046
586.941
597.546
608.959
621.265
634.441
648.514
663.385
679.052
695.552
712.852
730.954
749.785
769.29
789.359
809.914
830.828
852.005
873.279
894.425
915.169
935.207
954.188
971.752
987.396
1000.6
1010.99
1018.29
1022.01
1021.63
1016.82
1007.42
999.125
503.11
503.235
503.633
504.705
506.775
509.246
511.508
513.865
516.848
520.559
524.851
529.553
534.672
540.363
546.742
553.901
561.769
570.327
579.479
589.319
599.898
611.281
623.473
636.431
650.151
664.57
679.706
695.561
712.136
729.329
747.083
765.278
783.84
802.634
821.552
840.429
859.025
877
894.044
909.81
923.971
936.171
945.857
952.483
955.617
954.921
949.932
940.193
925.505
912.031
502.769
502.883
503.151
503.992
505.765
507.914
509.871
511.933
514.597
517.915
521.743
525.956
530.604
535.78
541.605
548.119
555.33
563.165
571.585
580.623
590.365
600.838
612.043
623.934
636.49
649.654
663.473
677.887
692.859
708.375
724.32
740.613
757.127
773.772
790.393
806.809
822.776
837.952
851.939
864.393
874.939
883.266
888.889
891.205
889.647
883.733
873.169
857.536
836.329
816.8
502.491
502.455
502.553
503.181
504.587
506.341
507.98
509.805
512.153
515.065
518.412
522.144
526.322
531.013
536.302
542.199
548.739
555.866
563.573
571.822
580.735
590.269
600.495
611.322
622.723
634.698
647.162
660.179
673.632
687.498
701.642
716.016
730.502
744.97
759.274
773.184
786.436
798.729
809.614
818.698
825.545
829.793
831.064
828.786
822.373
811.165
794.595
772.435
744.441
717.811
502.551
502.178
501.962
502.331
503.337
504.617
505.959
507.568
509.602
512.096
514.962
518.214
521.933
526.155
530.919
536.246
542.151
548.622
555.611
563.151
571.224
579.912
589.159
598.96
609.245
620.033
631.23
642.859
654.818
667.059
679.511
692.038
704.573
716.951
728.967
740.414
750.925
760.251
767.996
773.661
776.796
776.903
773.586
766.314
754.516
737.612
714.895
685.683
649.49
614.482
503.163
502.163
501.489
501.504
502.047
502.893
503.947
505.291
507.006
509.072
511.49
514.31
517.604
521.381
525.642
530.406
535.681
541.504
547.832
554.679
562.005
569.872
578.206
587.04
596.284
605.929
615.926
626.202
636.73
647.421
658.25
669.053
679.707
690.052
699.87
708.925
716.803
723.11
727.613
729.821
729.228
725.3
717.533
705.38
688.119
665.113
635.789
599.452
555.368
510.527
504.5
502.361
501.107
500.693
500.73
501.193
501.951
503.024
504.403
506.067
508.075
510.515
513.433
516.814
520.629
524.888
529.583
534.79
540.51
546.699
553.309
560.358
567.855
575.787
584.118
592.708
601.569
610.593
619.768
628.978
638.213
647.388
656.233
664.6
672.271
678.958
684.328
687.756
688.967
687.665
683.293
675.267
662.992
645.917
623.362
594.457
558.47
514.555
461.651
406.979
506.762
502.883
500.911
500.067
499.638
499.751
500.233
500.944
501.929
503.22
504.867
506.964
509.539
512.57
516.016
519.842
524.086
528.779
533.975
539.562
545.55
551.866
558.584
565.667
573.14
580.805
588.647
596.546
604.461
612.304
620.068
627.623
634.684
641.077
646.597
650.825
653.5
654.195
652.273
647.393
639.255
627.258
610.569
588.462
560.382
525.639
483.549
433.014
372.284
308.571
310.634
300.161
304.325
313.516
323.477
336.478
351.133
371.642
396.378
405.168
382.034
291.123
100.199
-185.865
-637.811
-849.013
-452.009
-35.008
220.18
261.25
304.948
319.541
324.782
331.108
330.502
330.951
330.13
330.23
331.666
339.722
304.551
295.307
295.569
299.549
307.34
317.892
331.001
347.075
367.98
363.795
325.192
217.761
56.0587
-159.814
-458.989
-517.162
-251.417
39.2609
216.46
264.24
299.811
314.62
319.58
325.812
324.554
326.742
327.198
329.462
333.449
343.252
286.338
284.55
284.727
286.684
292.482
300.626
309.001
314.512
302.283
262.482
204.332
116.68
17.0634
-96.9618
-223.535
-189.34
-16.4779
146.66
241.267
275.74
300.146
311.787
316.194
320.555
320.564
322.912
323.267
326.113
326.922
329.177
268.952
269.712
271.279
272.798
275.375
278.798
276.326
260.165
202.035
104.619
29.1807
-7.43741
-26.1111
-38.7899
-44.8437
19.123
146.106
235.052
272.483
290.112
304.831
312.085
314.151
316.869
317.421
318.517
318.397
319.869
318.428
318.225
251.999
252.905
254.402
254.645
252.082
246.85
229.302
182.596
81.9889
-90.1066
-189.981
-155.247
-78.5039
3.37269
68.132
137.967
226.476
286.411
297.098
304.739
310.966
313.59
314.02
314.751
313.814
313.65
313.162
313.017
311.819
311.869
234.777
234.506
234.281
231.814
223.698
209.934
177.807
112.608
-32.5979
-288.713
-454.754
-341.189
-154.641
6.03118
126.383
211.671
274.092
313.461
311.973
314.2
314.497
314.151
313.407
312.501
310.599
309.134
307.93
307.115
305.978
306.198
217.607
215.429
212.878
207.994
196.144
177.869
134.995
59.5321
-110.737
-371.974
-569.533
-428.495
-174.324
17.1786
153.481
236.527
290.606
319.917
317.366
316.998
314.824
313.61
311.873
309.856
307.947
305.413
303.262
301.788
300.192
300.364
200.652
197.812
193.659
188.062
175.607
157.777
115.189
50.7105
-82.6491
-276.298
-437.909
-347.237
-113.835
46.7744
168.803
243.844
289.503
312.459
315.04
315.295
313.445
312.711
310.433
307.567
305.316
301.447
298.488
296.098
294.514
294.253
184.28
182.797
178.357
173.762
161.814
147.351
116.385
70.2893
-7.09467
-117.42
-212.69
-169.358
-24.4515
94.0657
186.089
247.171
282.532
300.777
310.068
312.914
312.311
311.33
308.678
304.656
301.392
297.172
293.338
290.079
288.072
287.398
169.94
168.977
165.88
162.112
154.001
143.268
125.535
100.374
63.0774
17.1232
-21.9154
-4.71101
80.2247
151.388
211.106
256.525
284.898
294.596
306.505
310.614
312.439
310.5
306.376
301.448
296.499
291.676
286.98
282.996
279.998
278.749
156.79
155.513
153.658
151.599
147.392
142.172
135.887
126.378
115.745
106.07
108.575
132.501
182.011
213.913
247.016
272.567
285.557
294.249
307.79
310.245
312.344
310.722
304.864
298.452
291.255
285.244
279.555
274.48
270.819
268.937
142.588
141.632
140.916
140.804
140.407
140.715
142.739
144.899
151.399
156.456
189.476
234.689
266.621
265.073
269.133
290.83
293.823
304.399
315.009
319.328
319.136
312.596
304.905
296.104
286.799
278.569
271.092
264.719
259.907
257.56
128.013
128.068
128.553
130.09
132.414
136.759
144.776
155.152
172.708
195.45
238.849
285.514
310.033
304.754
297.448
300.26
308.116
319.908
327.612
331.653
323.598
313.93
303.331
292.279
280.875
269.274
259.358
251.535
246.779
245.197
113.94
114.785
116.551
119.553
123.962
130.805
142.645
158.487
180.173
214.426
257.697
315.181
343.222
324.692
317.341
315.612
316.734
329.588
342.466
339.662
326.065
312.149
300.299
285.711
271.889
260.484
249.231
239.782
233.213
230.078
99.6871
100.683
103.249
107.481
113.716
121.751
135.643
155.283
178.631
218.883
257.956
326.84
352.169
337.112
328.507
325.934
319.464
332.672
342.652
339.708
325.907
303.942
290.669
276.946
259.994
245.651
232.925
223.657
216.788
213.264
83.9763
84.9864
87.7637
91.9718
98.8389
108.137
123.575
143.404
169.065
210.713
258.943
314.563
342.575
337.029
308.564
321.36
320.169
326.701
328.837
325.081
313.271
298.041
278.502
259.979
247.125
229.921
212.539
202.288
194.709
190.283
66.5978
67.2658
70.0638
74.2117
80.9489
91.009
108.005
131.246
156.73
198.641
250.164
286.853
307.421
299.545
262.124
283.704
291.796
290.354
291.597
285.553
279.449
268.886
253.96
239.405
220.128
200.966
185.719
174.844
165.575
164.337
48.393
48.6994
50.699
54.2604
60.8886
71.3654
85.005
105.363
126.732
173.113
215.801
238.812
248.163
234.617
218.303
223.555
233.151
225.63
225.074
220.741
219.108
209.842
198.368
188.547
179.641
162.301
147.387
136.43
130.146
130.467
29.0686
29.9688
31.8452
34.5407
39.4673
46.2515
55.3825
72.358
96.8667
142.424
139.061
129.247
133.079
140.688
150.309
142.504
147.498
145.215
138.594
133.323
135.919
127.807
119.612
114.249
115.753
109.65
100.204
92.9822
87.3552
83.1174
9.30775
10.0666
10.9166
11.6615
13.3345
15.9875
21.9255
37.7997
72.2725
80.2406
55.8734
38.6313
-32.1694
-58.5874
-12.7594
21.0838
45.6058
54.7282
44.8909
35.5463
23.8128
11.0786
14.6813
32.4873
38.0004
44.1679
46.7921
44.629
39.7723
36.0161
)
;

boundaryField
{
    INLET
    {
        type            zeroGradient;
    }
    OUTLET
    {
        type            fixedValue;
        value           uniform 0;
    }
    WALL
    {
        type            zeroGradient;
    }
    CYLINDER
    {
        type            zeroGradient;
    }
    frontAndBackPlanes
    {
        type            empty;
    }
}


// ************************************************************************* //
