/*--------------------------------*- C++ -*----------------------------------*\
| =========                 |                                                 |
| \\      /  F ield         | OpenFOAM: The Open Source CFD Toolbox           |
|  \\    /   O peration     | Version:  v1912                                 |
|   \\  /    A nd           | Website:  www.openfoam.com                      |
|    \\/     M anipulation  |                                                 |
\*---------------------------------------------------------------------------*/
FoamFile
{
    version     2.0;
    format      ascii;
    class       volScalarField;
    location    "0.13";
    object      p;
}
// * * * * * * * * * * * * * * * * * * * * * * * * * * * * * * * * * * * * * //

dimensions      [0 2 -2 0 0 0 0];


internalField   nonuniform List<scalar> 
6600
(
61.0913
56.3243
53.8939
52.4218
51.6202
51.2627
51.2287
51.5485
52.2651
53.2923
54.6122
56.2757
58.2693
60.655
63.4753
66.6683
70.2378
74.211
78.5615
83.2769
88.341
93.7444
99.4461
105.399
111.503
117.661
124
130.374
136.54
142.345
147.748
152.582
156.596
159.588
161.275
161.277
159.249
154.828
147.576
137.046
122.742
104.045
80.4044
51.0648
15.3106
-27.6812
-78.0957
-136.734
-205.22
-275.95
57.7713
52.6935
50.8308
49.0766
47.9382
47.29
46.9596
46.9792
47.3367
48.0374
49.0048
50.2889
51.9521
54.0719
56.5161
59.3407
62.4649
65.9409
69.7509
73.8641
78.2775
82.9645
87.8942
93.0184
98.2953
103.45
108.413
113.384
118.274
122.692
126.441
129.47
131.531
132.414
131.794
129.331
124.654
117.373
107.074
93.2929
75.4901
53.0429
25.3884
-8.15
-48.2583
-95.7677
-150.846
-213.628
-284.727
-356.054
53.1199
47.735
46.6651
44.66
43.37
42.5513
42.0159
41.8131
41.9518
42.3735
43.1021
44.1625
45.3787
47.2351
49.3919
51.8
54.5019
57.5271
60.8244
64.3858
68.1654
72.1503
76.3009
80.5412
84.8585
89.1192
93.0462
96.6551
99.9425
102.739
104.829
105.982
105.944
104.513
101.424
96.2856
88.74
78.4294
64.9142
47.7206
26.3277
0.149021
-31.3592
-68.7685
-112.671
-163.828
-222.416
-287.704
-358.576
-426.423
47.6631
41.8915
41.4233
39.1917
37.8544
36.8355
36.101
35.727
35.6852
35.961
36.5073
37.3776
38.5539
39.8439
41.5799
43.635
45.9452
48.4995
51.2943
54.2729
57.425
60.6871
64.0342
67.3801
70.7058
73.9012
76.7008
79.011
80.8152
81.9386
82.1544
81.2936
79.1129
75.3218
69.6596
61.7896
51.3453
37.9542
21.217
0.683921
-24.1412
-53.754
-88.6063
-129.151
-175.872
-229.441
-289.917
-355.735
-424.49
-486.51
41.3999
35.3351
35.1088
32.5648
31.2887
30.1788
29.297
28.7505
28.52
28.5639
28.9069
29.5113
30.4997
31.619
32.867
34.4318
36.2767
38.3436
40.5553
42.9234
45.3849
47.8681
50.3512
52.7311
54.9318
56.918
58.5265
59.5424
59.822
59.2699
57.7124
54.8693
50.5136
44.4065
36.2514
25.7178
12.4771
-3.80542
-23.5158
-47.0506
-74.7965
-107.151
-144.476
-187.118
-235.418
-289.843
-350.394
-415.357
-480.63
-534.951
34.3753
27.9252
27.7659
24.8981
23.6177
22.4235
21.4258
20.7055
20.2674
20.1163
20.2231
20.5415
21.047
21.798
22.7447
23.835
25.1181
26.5624
28.1269
29.7841
31.4677
33.1161
34.6732
36.0482
37.1554
37.8942
38.1353
37.7829
36.6537
34.4793
31.082
26.325
19.9438
11.6385
1.15322
-11.7932
-27.4983
-46.2855
-68.4614
-94.3347
-124.227
-158.419
-197.149
-240.656
-289.201
-343.094
-402.257
-464.882
-525.234
-570.319
26.4592
19.8311
19.4569
16.2989
14.9277
13.5654
12.4493
11.5626
10.8836
10.4535
10.2468
10.1779
10.3334
10.659
11.0421
11.5653
12.2148
12.9367
13.7712
14.6183
15.4499
16.1834
16.7552
17.0723
17.0377
16.5645
15.4891
13.6677
10.9813
7.27649
2.3037
-4.23885
-12.5365
-22.7932
-35.2756
-50.2415
-67.948
-88.6317
-112.558
-139.975
-171.074
-206.039
-245.024
-288.184
-335.736
-387.987
-444.524
-503.388
-557.961
-592.739
17.3702
10.8138
10.1431
6.71747
5.23876
3.67793
2.33952
1.2522
0.320954
-0.450992
-1.09899
-1.60334
-2.04213
-2.28655
-2.40279
-2.50494
-2.61405
-2.64068
-2.67441
-2.71585
-2.82995
-3.06641
-3.52347
-4.29007
-5.43864
-7.08915
-9.4167
-12.5495
-16.6367
-21.9031
-28.5111
-36.6071
-46.4665
-58.3415
-72.4152
-88.8832
-107.949
-129.839
-154.729
-182.77
-214.116
-248.867
-287.07
-328.796
-374.219
-423.731
-477.1
-531.403
-579.28
-604.037
6.84255
0.619156
-0.201427
-3.8026
-5.40144
-7.22088
-8.79882
-10.2135
-11.5049
-12.6398
-13.8021
-14.8387
-15.7565
-16.7469
-17.645
-18.5453
-19.3833
-20.2594
-21.1697
-22.1679
-23.2595
-24.5195
-26.0279
-27.872
-30.1607
-32.9899
-36.4882
-40.851
-46.2318
-52.7527
-60.6113
-70.0506
-81.2084
-94.2495
-109.375
-126.759
-146.568
-168.916
-193.949
-221.793
-252.5
-286.093
-322.587
-362.017
-404.492
-450.288
-499.718
-549.295
-591.063
-608.074
-5.05973
-10.6241
-11.5308
-15.0885
-16.851
-18.983
-20.9236
-22.7036
-24.372
-26.1276
-27.7961
-29.5596
-31.3788
-33.0247
-34.6962
-36.3961
-38.1264
-39.8941
-41.7519
-43.6967
-45.7985
-48.091
-50.6219
-53.4893
-56.7829
-60.6233
-65.1822
-70.5943
-77.0097
-84.6281
-93.5661
-103.915
-115.877
-129.633
-145.312
-163.024
-182.878
-205.004
-229.475
-256.325
-285.602
-317.306
-351.373
-387.751
-426.546
-468.273
-512.52
-556.818
-594.051
-607.541
-18.1353
-22.8849
-23.8855
-27.2021
-28.989
-31.4752
-33.7799
-36.1095
-38.4282
-40.6991
-43.1437
-45.4744
-47.9645
-50.6919
-53.3295
-55.9288
-58.6076
-61.3374
-64.1427
-67.0824
-70.1832
-73.4523
-76.9558
-80.7917
-85.0752
-89.8955
-95.342
-101.565
-108.746
-117.008
-126.506
-137.409
-149.792
-163.753
-179.41
-196.877
-216.243
-237.523
-260.763
-286.012
-313.246
-342.402
-373.421
-406.222
-440.699
-477.568
-515.519
-552.543
-582.702
-595.845
-31.7798
-35.8641
-36.9089
-39.9973
-41.8965
-44.694
-47.4244
-50.1519
-53.1415
-56.2588
-59.4414
-62.9136
-66.2414
-69.635
-73.2366
-76.9521
-80.6702
-84.4418
-88.2825
-92.214
-96.2558
-100.465
-104.881
-109.537
-114.538
-120.037
-126.173
-133.027
-140.668
-149.292
-159.05
-170.002
-182.273
-195.973
-211.173
-227.911
-246.21
-266.132
-287.676
-310.789
-335.441
-361.587
-389.082
-417.688
-447.691
-478.593
-508.796
-535.145
-552.182
-562.844
-45.547
-49.1261
-50.1389
-53.2138
-55.3062
-58.4185
-61.6573
-65.1725
-68.7021
-72.62
-76.6134
-80.7508
-85.3064
-89.8982
-94.5276
-99.1615
-104.004
-108.883
-113.796
-118.72
-123.717
-128.819
-134.041
-139.443
-145.125
-151.168
-157.654
-164.716
-172.513
-181.109
-190.615
-201.216
-212.991
-225.985
-240.234
-255.79
-272.685
-290.862
-310.274
-330.907
-352.68
-375.436
-398.968
-423.198
-447.939
-472.036
-493.827
-509.687
-515.126
-520.288
-59.4054
-62.3141
-63.2457
-66.4744
-68.9531
-72.4338
-76.0178
-80.1569
-84.6847
-89.4165
-94.5596
-99.8037
-105.172
-110.775
-116.598
-122.561
-128.512
-134.512
-140.473
-146.437
-152.379
-158.295
-164.228
-170.213
-176.283
-182.568
-189.216
-196.285
-203.825
-212.032
-221.048
-230.91
-241.726
-253.599
-266.581
-280.657
-295.765
-311.896
-329.014
-346.977
-365.636
-384.841
-404.349
-424.316
-443.601
-460.962
-475.032
-484.057
-489.156
-490.7
-73.0492
-75.1763
-76.1768
-79.5059
-82.2654
-86.3449
-90.612
-95.1908
-100.561
-106.273
-112.238
-118.702
-125.43
-132.355
-139.311
-146.411
-153.654
-160.847
-168.001
-175.056
-181.949
-188.697
-195.332
-201.846
-208.271
-214.669
-221.091
-227.69
-234.692
-242.148
-250.143
-258.877
-268.46
-278.936
-290.315
-302.597
-315.797
-329.812
-344.494
-359.758
-375.484
-391.386
-407.332
-422.931
-437.495
-449.951
-458.875
-463.175
-468.446
-469.273
-85.3441
-86.7638
-88.0856
-91.6312
-94.8037
-99.3589
-104.314
-109.94
-116
-122.8
-130.138
-137.682
-145.534
-153.712
-162.236
-170.727
-179.239
-187.736
-196.161
-204.361
-212.292
-219.927
-227.191
-234.093
-240.654
-246.943
-253.082
-259.147
-265.195
-271.47
-278.205
-285.476
-293.41
-302.13
-311.708
-322.147
-333.317
-345.13
-357.537
-370.395
-383.448
-396.448
-409.266
-421.539
-432.511
-440.986
-446.04
-449.866
-451.765
-453.191
-95.966
-96.7227
-98.5122
-102.295
-105.984
-111.297
-116.902
-123.433
-130.592
-138.236
-146.648
-155.718
-165.183
-174.885
-184.655
-194.697
-204.791
-214.766
-224.575
-234.076
-243.191
-251.798
-259.814
-267.226
-274.016
-280.174
-285.744
-290.837
-295.715
-300.549
-305.496
-310.855
-316.839
-323.594
-331.176
-339.553
-348.728
-358.615
-369.018
-379.805
-390.706
-401.286
-411.466
-420.954
-429.055
-434.772
-437.662
-440.322
-441.534
-442.505
-104.671
-105.337
-107.296
-111.278
-115.377
-121.362
-127.8
-135.285
-143.651
-152.794
-162.336
-172.504
-183.351
-194.786
-206.56
-218.276
-229.989
-241.66
-253.071
-264.103
-274.568
-284.321
-293.236
-301.196
-308.105
-313.995
-319.018
-323.274
-326.782
-329.784
-332.694
-335.789
-339.389
-343.736
-349.006
-355.326
-362.593
-370.639
-379.427
-388.793
-397.845
-406.275
-414.241
-421.226
-426.529
-429.749
-432.815
-433.83
-434.855
-435.314
-110.339
-111.409
-113.683
-118.294
-122.724
-129.545
-136.751
-145.063
-154.407
-164.722
-175.875
-187.742
-200.209
-213.139
-226.57
-240.454
-254.289
-267.92
-281.195
-293.992
-306.117
-317.322
-327.426
-336.251
-343.669
-349.64
-354.133
-357.168
-359.028
-360.057
-360.505
-360.836
-361.502
-362.999
-365.686
-369.622
-374.842
-381.42
-389.253
-397.242
-404.618
-411.785
-417.926
-422.128
-424.31
-426.468
-427.993
-429.203
-430.183
-430.446
-112.365
-114.277
-117.344
-122.525
-127.551
-135.251
-143.129
-152.487
-163.005
-174.466
-186.91
-200.287
-214.513
-229.528
-245.09
-260.915
-276.974
-292.983
-308.599
-323.616
-337.775
-350.817
-362.477
-372.514
-380.686
-386.785
-390.887
-393.13
-393.509
-392.262
-389.889
-386.932
-384.127
-382.104
-381.363
-382.439
-385.591
-390.905
-397.525
-404.358
-411.495
-417.859
-421.92
-423.512
-423.726
-424.049
-425.064
-426.352
-427.359
-427.683
-111.771
-114.725
-118.296
-124.012
-129.859
-138.203
-146.635
-157.141
-168.585
-181.238
-195.169
-210.206
-226.15
-242.95
-260.701
-279.074
-297.66
-316.296
-334.664
-352.351
-369.021
-384.42
-398.183
-409.981
-419.536
-426.569
-430.827
-432.266
-431.021
-427.532
-422.096
-415.361
-408.132
-401.456
-396.495
-393.919
-393.994
-397.325
-403.054
-410.551
-418.236
-423.662
-426.004
-425.939
-425.299
-424.539
-424.718
-425.378
-425.985
-426.379
-108.854
-113.143
-117.161
-123.032
-129.649
-138.461
-147.501
-158.971
-171.359
-184.974
-200.117
-216.619
-234.513
-253.51
-273.434
-294.206
-315.602
-337.255
-358.755
-379.668
-399.54
-417.951
-434.465
-448.703
-460.215
-468.591
-473.492
-474.858
-472.753
-467.118
-458.37
-447.243
-434.84
-422.547
-411.634
-403.553
-399.053
-400.065
-405.817
-414.543
-422.995
-428.397
-430.336
-430.173
-428.621
-427.063
-425.7
-424.737
-424.317
-424.438
-102.922
-108.473
-113.652
-119.923
-127.254
-136.109
-145.772
-157.508
-170.661
-185.555
-201.88
-219.709
-239.14
-260.101
-282.432
-305.869
-330.223
-355.14
-380.161
-404.831
-428.559
-450.755
-470.84
-488.257
-502.623
-513.423
-520.093
-522.215
-519.581
-512.114
-500.271
-484.726
-466.348
-446.518
-427.55
-412.006
-401.262
-397.756
-402.312
-413.047
-423.901
-430.666
-433.778
-433.484
-431.215
-428.184
-425.159
-422.69
-421.324
-420.906
-95.222
-101.303
-107.469
-114.104
-121.997
-131.277
-141.67
-153.69
-167.075
-182.585
-199.923
-219.103
-240.076
-262.891
-287.348
-313.468
-340.928
-369.306
-398.198
-427.082
-455.275
-482.059
-506.673
-528.415
-546.677
-560.757
-569.933
-573.736
-571.816
-563.752
-549.457
-529.314
-504.319
-476.323
-447.475
-420.539
-398.719
-387.379
-390.368
-403.291
-418.391
-427.754
-432.009
-432.807
-430.353
-426.421
-422.499
-419.033
-416.774
-415.488
-87.3272
-93.5099
-99.6915
-106.711
-114.731
-124.115
-134.737
-147.073
-160.864
-176.686
-194.545
-214.63
-236.954
-261.356
-288.024
-316.725
-347.155
-379.106
-412.145
-445.632
-478.842
-510.944
-541.058
-568.216
-591.478
-610.107
-623.365
-630.386
-630.359
-622.649
-606.925
-583.234
-552.376
-515.368
-473.887
-431.882
-395.133
-372.962
-369.824
-383.166
-402.664
-418.464
-425.865
-429.208
-429.196
-426.562
-422.395
-418.044
-414.905
-412.806
-78.3864
-85.5431
-91.1783
-98.4134
-106.235
-115.314
-125.84
-138.072
-152.035
-168.071
-186.274
-206.759
-229.909
-255.824
-284.251
-315.19
-348.569
-384.088
-421.335
-459.696
-498.409
-536.53
-572.985
-606.637
-636.347
-661.009
-679.554
-690.825
-694.2
-689.017
-674.092
-648.508
-612.086
-566.147
-512.95
-454.872
-399.072
-358.127
-344.431
-354.946
-379.334
-405.173
-424.542
-434.01
-436.249
-433.685
-428.869
-423.43
-419.082
-416.295
-70.9518
-77.0534
-83.3048
-90.0948
-97.131
-105.597
-115.838
-127.509
-141.127
-156.963
-175.032
-195.928
-219.582
-246.139
-275.991
-308.928
-344.944
-383.869
-425.276
-468.609
-513.092
-557.696
-601.306
-642.589
-680.116
-712.358
-737.841
-755.524
-764.401
-763.195
-750.692
-725.533
-687.002
-635.471
-570.298
-492.703
-416.81
-361.374
-334.674
-335.987
-359.85
-393.701
-423.275
-438.49
-444.337
-443.103
-437.608
-431.625
-427.277
-425.265
-67.4792
-71.0154
-76.0445
-81.7539
-88.2645
-95.9971
-105.174
-116.221
-129.221
-144.446
-162.121
-182.678
-206.291
-233.359
-263.89
-298.168
-336.337
-378.249
-423.686
-472.017
-522.437
-573.913
-625.256
-675.066
-721.708
-763.167
-797.466
-823.077
-838.882
-843.851
-836.405
-815.671
-778.87
-722.954
-645.895
-554.867
-464.443
-395.435
-352.429
-346.041
-365.173
-394.086
-421.265
-436.991
-443.135
-442.799
-438.796
-434.314
-431.523
-430.778
-68.4789
-62.6025
-69.2635
-74.0273
-79.4399
-86.6794
-94.9882
-105.079
-116.925
-131.161
-148.128
-167.973
-191.096
-218.037
-248.883
-283.799
-323.312
-367.487
-416.553
-469.736
-526.104
-584.646
-644.237
-703.404
-760.082
-812.1
-857.164
-892.807
-918.149
-931.938
-931.734
-916.126
-885.023
-822.748
-740.256
-646.471
-554.924
-474.6
-425.613
-403.242
-404.13
-416.878
-430.582
-438.103
-439.934
-437.64
-434.178
-431.726
-431.32
-432.139
-94.4834
-57.3941
-63.9523
-66.055
-71.0687
-78.0614
-85.452
-94.7302
-105.726
-118.568
-134.36
-153.149
-175.727
-202.105
-232.606
-267.705
-307.983
-353.57
-405.394
-462.749
-524.634
-590.249
-658.371
-727.385
-794.118
-856.818
-914.231
-962.485
-999.141
-1023.14
-1032.45
-1019.73
-992.37
-935.033
-853.258
-764.349
-676.476
-603.536
-548.057
-508.45
-483.443
-469.759
-461.075
-453.932
-445.421
-436.769
-430.959
-429.143
-430.162
-431.91
59.0147
54.277
51.8579
50.4094
49.6351
49.2918
49.26
49.6035
50.3316
51.3707
52.7137
54.3906
56.4035
58.8136
61.6326
64.8434
68.4515
72.4681
76.8965
81.6921
86.8713
92.4121
98.2985
104.467
110.841
117.339
124.016
130.817
137.51
143.938
150.046
155.678
160.608
164.626
167.541
169.019
168.657
166.115
161.017
152.902
141.348
125.677
105.342
79.6677
48.0275
9.62335
-35.8783
-88.8865
-152.831
-217.984
55.6841
50.6286
48.7636
47.0318
45.9051
45.2645
44.9345
44.9649
45.3293
46.0633
47.0523
48.328
49.9861
52.1345
54.5731
57.4111
60.5738
64.0908
67.9648
72.16
76.6914
81.5084
86.6145
91.947
97.4541
103.04
108.488
113.86
119.156
124.128
128.553
132.338
135.298
137.194
137.785
136.715
133.595
128.092
119.81
108.246
93.0316
73.3499
48.7479
18.5345
-17.9288
-61.475
-112.298
-170.464
-238.064
-305.51
51.0158
45.64
44.5754
42.5675
41.2808
40.4716
39.9382
39.7403
39.8905
40.3256
41.0666
42.1196
43.3829
45.1739
47.349
49.7718
52.5183
55.5781
58.9405
62.5925
66.4906
70.6121
74.9312
79.3995
83.9354
88.4779
92.868
96.995
100.802
104.16
106.872
108.758
109.602
109.177
107.25
103.468
97.4075
88.747
77.1064
61.9649
42.8457
19.1393
-9.66108
-44.183
-85.0339
-133.001
-188.232
-250.099
-318.53
-384.063
45.5264
39.754
39.2906
37.0225
35.7236
34.7069
33.9672
33.597
33.5574
33.8231
34.3544
35.2061
36.3937
37.6917
39.4341
41.5184
43.8758
46.4804
49.3482
52.4192
55.6908
59.1012
62.6149
66.1904
69.7877
73.2734
76.3946
79.1316
81.4762
83.2461
84.1687
84.0614
82.7318
79.9409
75.4078
68.8015
59.7611
47.9284
32.8976
14.1844
-8.68699
-36.1783
-68.7659
-106.986
-151.382
-202.646
-260.854
-324.579
-392.234
-453.688
39.2098
33.136
32.9232
30.3307
29.1225
27.9836
27.0965
26.5466
26.3068
26.3371
26.6712
27.2782
28.2159
29.3545
30.6513
32.2469
34.1359
36.2679
38.5518
41.0224
43.6011
46.2428
48.9039
51.5026
53.9706
56.2714
58.2458
59.6583
60.4483
60.512
59.6504
57.6006
54.1107
48.9445
41.851
32.5186
20.5826
5.70143
-12.5011
-34.4675
-60.612
-91.3055
-126.935
-167.925
-214.691
-267.8
-327.21
-391.202
-456.944
-512.789
32.1369
25.6591
25.5346
22.64
21.3831
20.1661
19.1685
18.4369
17.992
17.8222
17.9118
18.2219
18.7692
19.5098
20.4755
21.6015
22.9275
24.4156
26.0732
27.8323
29.6354
31.4544
33.2081
34.8127
36.2238
37.3073
37.9163
37.9295
37.2241
35.6232
32.9301
28.9399
23.3884
16.0088
6.52368
-5.35738
-19.9189
-37.4807
-58.3992
-83.0333
-111.706
-144.716
-182.358
-224.942
-272.768
-326.242
-385.415
-448.469
-511.043
-559.758
24.148
17.499
17.1901
13.989
12.6352
11.2576
10.1443
9.24977
8.55601
8.10718
7.88361
7.81522
7.96671
8.31267
8.71917
9.27407
9.95305
10.7425
11.6554
12.6003
13.5578
14.4536
15.2179
15.7479
15.9616
15.8348
15.2285
13.9199
11.7198
8.46058
4.0079
-1.84252
-9.34854
-18.7766
-30.37
-44.3899
-61.1338
-80.857
-103.826
-130.332
-160.633
-194.952
-233.493
-276.474
-324.132
-376.81
-434.315
-494.911
-553.163
-593.269
15.0003
8.41003
7.83739
4.35717
2.8967
1.32817
-0.0177774
-1.11758
-2.0613
-2.84599
-3.52077
-4.02051
-4.46144
-4.72936
-4.82126
-4.8928
-4.94852
-4.91447
-4.87467
-4.80682
-4.7954
-4.87605
-5.12747
-5.64778
-6.5148
-7.87264
-9.86143
-12.5902
-16.1954
-20.9016
-26.9427
-34.4808
-43.7102
-54.8508
-68.1601
-83.886
-102.228
-123.408
-147.658
-175.191
-206.18
-240.777
-279.119
-321.353
-367.703
-418.548
-473.566
-530.602
-583.244
-613.921
4.48735
-1.82207
-2.5585
-6.20972
-7.78492
-9.61101
-11.2006
-12.6402
-13.9512
-15.1148
-16.2796
-17.3533
-18.2549
-19.232
-20.1848
-21.0341
-21.8142
-22.6412
-23.4572
-24.3554
-25.3288
-26.445
-27.7742
-29.4045
-31.4658
-33.998
-37.1271
-41.045
-45.9675
-52.0676
-59.4843
-68.3889
-78.9862
-91.484
-106.053
-122.878
-142.182
-164.129
-188.871
-216.563
-247.335
-281.286
-318.487
-359.035
-403.108
-451.121
-502.904
-555.443
-601.543
-623.06
-7.42924
-13.042
-13.929
-17.5215
-19.2637
-21.4171
-23.3824
-25.1758
-26.8732
-28.6594
-30.3442
-32.1151
-33.9675
-35.5747
-37.2338
-38.9539
-40.6716
-42.3703
-44.153
-46.013
-47.9903
-50.1378
-52.4933
-55.134
-58.172
-61.7929
-66.1501
-71.3173
-77.3656
-84.4895
-92.9248
-102.858
-114.429
-127.767
-143.051
-160.452
-180.082
-202.074
-226.559
-253.645
-283.403
-315.88
-351.106
-389.128
-430.102
-474.344
-521.842
-569.681
-610.164
-625.221
-20.5475
-25.3143
-26.3054
-29.6348
-31.4207
-33.9369
-36.2657
-38.6192
-40.9709
-43.2615
-45.7291
-48.1013
-50.5956
-53.3387
-55.9417
-58.5554
-61.2019
-63.9073
-66.6677
-69.528
-72.52
-75.6679
-79.04
-82.7286
-86.8145
-91.3655
-96.5305
-102.483
-109.405
-117.428
-126.641
-137.172
-149.217
-162.937
-178.423
-195.771
-215.114
-236.542
-260.123
-285.912
-313.951
-344.267
-376.855
-411.682
-448.754
-488.6
-530.629
-572.787
-608.373
-621.739
-34.2342
-38.2973
-39.3299
-42.4319
-44.3369
-47.1765
-49.9285
-52.6849
-55.7082
-58.8689
-62.0804
-65.5818
-68.9439
-72.3534
-75.9663
-79.6698
-83.3593
-87.1094
-90.8978
-94.7667
-98.7231
-102.825
-107.113
-111.626
-116.482
-121.811
-127.767
-134.444
-141.908
-150.3
-159.813
-170.597
-182.732
-196.313
-211.464
-228.285
-246.82
-267.117
-289.221
-313.16
-338.929
-366.493
-395.81
-426.827
-459.552
-494.099
-529.225
-562.886
-589.307
-602.651
-48.0678
-51.5398
-52.5553
-55.6455
-57.7398
-60.894
-64.1577
-67.7053
-71.2795
-75.2287
-79.2788
-83.4473
-88.039
-92.6881
-97.3121
-101.949
-106.78
-111.635
-116.505
-121.38
-126.314
-131.333
-136.457
-141.764
-147.346
-153.257
-159.584
-166.476
-174.122
-182.668
-192.165
-202.709
-214.453
-227.494
-241.889
-257.682
-274.93
-293.658
-313.869
-335.527
-358.581
-382.971
-408.562
-435.147
-463.227
-491.656
-518.622
-540.526
-552.642
-563.119
-61.9023
-64.664
-65.6139
-68.8425
-71.3293
-74.8471
-78.4662
-82.6496
-87.2315
-92.0059
-97.1967
-102.5
-107.897
-113.533
-119.394
-125.35
-131.326
-137.329
-143.271
-149.204
-155.105
-160.968
-166.835
-172.745
-178.757
-184.99
-191.566
-198.566
-206.074
-214.232
-223.23
-233.187
-244.166
-256.241
-269.468
-283.903
-299.547
-316.376
-334.352
-353.434
-373.543
-394.502
-416.052
-438.247
-460.711
-482.371
-501.542
-515.054
-519.552
-523.86
-75.3592
-77.4106
-78.4249
-81.7669
-84.5453
-88.6764
-92.9842
-97.6105
-103.041
-108.81
-114.834
-121.342
-128.132
-135.098
-142.094
-149.22
-156.487
-163.678
-170.835
-177.876
-184.744
-191.464
-198.055
-204.518
-210.91
-217.317
-223.804
-230.455
-237.453
-244.987
-253.144
-262.057
-271.857
-282.611
-294.378
-307.152
-320.913
-335.632
-351.256
-367.682
-384.765
-402.33
-420.215
-438.153
-455.444
-471.102
-483.499
-491.242
-497.83
-499.443
-87.499
-88.8838
-90.213
-93.7845
-96.9787
-101.584
-106.575
-112.268
-118.377
-125.235
-132.638
-140.25
-148.152
-156.389
-164.948
-173.511
-182.048
-190.569
-198.998
-207.201
-215.123
-222.754
-230.028
-236.94
-243.532
-249.857
-256.036
-262.208
-268.471
-274.945
-281.845
-289.368
-297.65
-306.795
-316.817
-327.742
-339.545
-352.136
-365.4
-379.239
-393.555
-408.125
-422.723
-436.914
-450.038
-461.319
-469.478
-473.521
-477.694
-479.582
-97.9048
-98.6597
-100.483
-104.287
-107.997
-113.362
-119.01
-125.602
-132.832
-140.553
-149.012
-158.146
-167.682
-177.438
-187.279
-197.35
-207.498
-217.534
-227.366
-236.88
-245.998
-254.613
-262.649
-270.076
-276.888
-283.135
-288.902
-294.237
-299.314
-304.44
-309.794
-315.567
-321.967
-329.136
-337.213
-346.184
-355.962
-366.457
-377.585
-389.237
-401.206
-413.14
-424.822
-436.039
-446.034
-453.656
-458.081
-462.562
-463.844
-465.688
-106.29
-106.99
-109.031
-113.048
-117.194
-123.238
-129.726
-137.266
-145.696
-154.905
-164.514
-174.739
-185.669
-197.149
-208.98
-220.758
-232.516
-244.231
-255.688
-266.75
-277.265
-287.047
-296.007
-304.043
-311.078
-317.108
-322.253
-326.696
-330.587
-334.052
-337.394
-340.98
-345.125
-350.089
-355.966
-362.817
-370.623
-379.268
-388.612
-398.504
-408.428
-418.017
-427.447
-436.213
-443.427
-448.238
-451.252
-453.455
-454.919
-455.975
-111.681
-112.813
-115.188
-119.823
-124.309
-131.199
-138.45
-146.832
-156.23
-166.592
-177.817
-189.743
-202.28
-215.289
-228.766
-242.69
-256.565
-270.253
-283.58
-296.429
-308.582
-319.843
-330.007
-338.904
-346.407
-352.5
-357.238
-360.652
-362.916
-364.435
-365.527
-366.553
-367.951
-370.115
-373.423
-378.015
-383.841
-390.794
-398.803
-407.268
-415.381
-423.361
-430.846
-437.121
-441.575
-444.209
-446.659
-447.761
-449.049
-449.585
-113.501
-115.471
-118.603
-123.827
-128.888
-136.685
-144.573
-154.004
-164.598
-176.104
-188.597
-202.029
-216.272
-231.354
-246.974
-262.846
-278.939
-294.986
-310.654
-325.723
-339.915
-353.017
-364.724
-374.836
-383.151
-389.501
-393.845
-396.352
-397.221
-396.632
-394.995
-392.885
-390.939
-389.827
-390.014
-391.839
-395.492
-401.073
-408.026
-415.134
-422.371
-429.353
-434.844
-438.343
-440.065
-441.704
-442.762
-443.98
-445.11
-445.519
-112.712
-115.704
-119.326
-125.064
-130.983
-139.382
-147.834
-158.404
-169.863
-182.552
-196.526
-211.627
-227.611
-244.434
-262.218
-280.609
-299.224
-317.872
-336.272
-354.012
-370.741
-386.15
-399.966
-411.835
-421.488
-428.679
-433.228
-435.109
-434.457
-431.644
-427.1
-421.423
-415.423
-409.968
-406.036
-404.37
-405.379
-409.234
-414.861
-421.91
-429.567
-435.71
-439.137
-440.054
-440.287
-440.35
-440.949
-441.918
-442.858
-443.308
-109.581
-113.935
-117.964
-123.885
-130.568
-139.331
-148.45
-159.959
-172.345
-186.003
-201.167
-217.673
-235.586
-254.592
-274.522
-295.291
-316.69
-338.317
-359.805
-380.712
-400.624
-419.084
-435.648
-449.929
-461.55
-470.132
-475.364
-477.133
-475.527
-470.64
-462.956
-453.186
-442.258
-431.486
-422.163
-415.503
-412.381
-413.408
-418.763
-427.339
-435.812
-441.392
-443.539
-443.419
-442.256
-441.45
-441.069
-441.098
-441.412
-441.854
-103.425
-109.08
-114.275
-120.576
-127.935
-136.789
-146.484
-158.21
-171.392
-186.295
-202.606
-220.425
-239.844
-260.782
-283.054
-306.465
-330.772
-355.627
-380.581
-405.174
-428.857
-451.054
-471.19
-488.695
-503.116
-514.01
-520.909
-523.417
-521.33
-514.763
-504.154
-490.099
-473.637
-456.076
-439.351
-425.674
-416.351
-413.47
-418.05
-427.943
-438.669
-445.42
-447.739
-447.452
-445.923
-443.733
-441.613
-440.095
-439.334
-439.313
-95.5018
-101.721
-107.923
-114.571
-122.485
-131.777
-142.155
-154.145
-167.51
-183.006
-200.316
-219.463
-240.39
-263.149
-287.529
-313.555
-340.892
-369.155
-397.924
-426.671
-454.73
-481.418
-506.002
-527.762
-546.058
-560.245
-569.632
-573.728
-572.265
-565.067
-552.004
-533.688
-511.036
-485.656
-459.965
-436.186
-417.212
-406.849
-408.602
-420.72
-435.864
-445.726
-449.315
-448.908
-447.009
-443.82
-440.252
-437.32
-435.584
-434.927
-87.3486
-93.7112
-99.9494
-106.99
-115.031
-124.415
-135.011
-147.313
-161.07
-176.843
-194.641
-214.634
-236.885
-261.192
-287.735
-316.275
-346.529
-378.285
-411.11
-444.377
-477.367
-509.261
-539.208
-566.28
-589.555
-608.226
-621.596
-628.765
-629.113
-622.172
-607.807
-586.06
-557.739
-524.158
-487.171
-449.658
-416.097
-395.082
-391.69
-403.063
-422.786
-439.421
-445.564
-446.536
-444.864
-441.755
-437.788
-433.925
-431.285
-429.674
-78.3036
-85.5601
-91.2706
-98.519
-106.371
-115.445
-125.947
-138.148
-152.05
-167.992
-186.075
-206.483
-229.502
-255.267
-283.513
-314.234
-347.356
-382.586
-419.504
-457.507
-495.848
-533.614
-569.777
-603.232
-632.836
-657.508
-676.197
-687.668
-691.267
-686.493
-672.538
-648.921
-615.528
-573.551
-524.857
-472.07
-421.045
-383.664
-368.716
-376.033
-399.163
-421.476
-436.914
-445.107
-446.696
-444.289
-440.035
-435.344
-431.873
-429.524
-70.8181
-76.9673
-83.2622
-90.0578
-97.1222
-105.581
-115.807
-127.436
-140.952
-156.687
-174.655
-195.396
-218.859
-245.236
-274.85
-307.5
-343.187
-381.717
-422.675
-465.512
-509.477
-553.562
-596.659
-637.521
-674.784
-706.967
-732.535
-750.337
-759.261
-758.144
-746.261
-722.836
-687.031
-639.169
-580.079
-510.472
-437.195
-380.664
-353.523
-353.656
-377.949
-409.985
-434.651
-449.841
-454.68
-453.027
-448.04
-442.347
-437.997
-435.385
-67.2631
-70.858
-75.9374
-81.6373
-88.1539
-95.8606
-105.011
-116.012
-128.933
-144.032
-161.564
-181.916
-205.297
-232.114
-262.399
-296.314
-334.079
-375.501
-420.353
-468.027
-517.731
-568.445
-619.025
-668.171
-714.338
-755.525
-789.809
-815.63
-831.495
-836.374
-828.78
-808.415
-774.861
-723.412
-652.623
-566.447
-480.476
-405.785
-360.732
-346.56
-368.44
-404.447
-434.159
-453.166
-459.834
-458.978
-454.058
-448.74
-445.158
-443.642
-68.229
-62.3198
-69.0875
-73.8375
-79.2722
-86.471
-94.7473
-104.753
-116.546
-130.669
-147.445
-167.082
-189.916
-216.521
-247.026
-281.598
-320.624
-364.24
-412.556
-464.914
-520.382
-577.918
-636.43
-694.62
-750.628
-802.069
-846.716
-882.508
-907.888
-921.391
-920.617
-904.82
-875.591
-821
-743.061
-649.207
-556.121
-472.528
-413.388
-390.178
-393.711
-414.507
-435.308
-449.875
-455.933
-455.06
-452.107
-449.029
-447.317
-447.192
-94.1059
-57.1137
-63.8429
-65.8575
-70.8781
-77.8109
-85.1662
-94.3363
-105.257
-117.965
-133.572
-152.122
-174.37
-200.373
-230.456
-265.139
-304.886
-349.874
-400.772
-457.191
-518.012
-582.316
-648.999
-716.842
-782.824
-844.576
-900.702
-948.649
-985.375
-1009.89
-1019.63
-1008.54
-979.898
-933.598
-853.145
-763.074
-664.646
-584.162
-523.902
-482.868
-462.668
-456.879
-459.03
-459.783
-456.969
-452.352
-448.168
-446.217
-446.414
-447.671
-76.5839
-44.8662
-50.3615
-57.8676
-64.0282
-70.2027
-76.777
-85.41
-95.9079
-107.816
-122.369
-140.058
-161.167
-185.983
-215.803
-251.236
-292.157
-338.952
-392.442
-453.152
-520.887
-594.321
-671.66
-750.504
-828.477
-903.214
-972.356
-1032.86
-1082.46
-1118.27
-1141.96
-1144.03
-1108.94
-1045.45
-966.755
-873.492
-784.844
-708.212
-643.951
-592.554
-554.67
-526.51
-504.126
-484.542
-467.282
-453.518
-445.709
-444.764
-446.442
-448.16
-59.7106
-48.5376
-49.9209
-54.2276
-59.264
-65.2071
-72.133
-80.7607
-90.7749
-102.947
-117.85
-136.22
-158.783
-185.79
-218.29
-257.005
-302.016
-354.39
-415
-484.242
-561.774
-645.492
-734.591
-826.653
-918.219
-1005.36
-1084.87
-1154.24
-1209.9
-1247.23
-1260.21
-1239.64
-1193.14
-1127.27
-1048.59
-962.61
-878.925
-803.397
-738.663
-682.606
-633.975
-591.632
-553.795
-519.829
-489.749
-465.854
-451.701
-447.036
-449.255
-451.482
-45.9947
-48.236
-50.1507
-52.6605
-56.7339
-62.6355
-70.0638
-78.5638
-88.9413
-101.969
-118.565
-139.595
-165.617
-196.929
-233.694
-277.587
-330.229
-392.518
-464.079
-544.309
-633.368
-730.924
-835.046
-941.745
-1044.76
-1140.96
-1226.51
-1300.17
-1352.64
-1376.16
-1367.92
-1336.24
-1283.67
-1216.22
-1137.62
-1057.42
-978.146
-902.367
-830.974
-765.553
-705.749
-651.291
-602.091
-558.003
-519.509
-487.89
-465.653
-454.664
-454.932
-458.27
-38.2729
-42.6743
-46.1474
-49.4132
-53.7879
-59.6262
-67.3342
-76.1744
-87.3998
-101.745
-120.434
-144.074
-173.102
-208.581
-251.38
-303.262
-365.305
-437.717
-521.165
-616.553
-723.804
-840.661
-961.819
-1080.18
-1192.06
-1295.81
-1389.65
-1459.9
-1497.62
-1503.89
-1484.59
-1443.32
-1385.08
-1313.93
-1235.69
-1153.53
-1070.13
-988.152
-909.743
-835.318
-766.251
-702.592
-645.007
-594.034
-550.091
-513.791
-486.085
-468.827
-462.956
-469.541
-31.9782
-35.9126
-39.6318
-43.5894
-48.1766
-54.0453
-61.6352
-71.0254
-83.2537
-99.0632
-119.291
-144.955
-177.393
-218.036
-267.747
-327.268
-398.33
-483.299
-584.075
-700.808
-830.113
-966.517
-1102.84
-1234.03
-1357.36
-1471.14
-1562.28
-1615.83
-1637.59
-1631.26
-1601.13
-1550.26
-1484.8
-1408.56
-1324.75
-1236.44
-1146.97
-1058.06
-971.979
-890.005
-813.109
-742.518
-678.98
-623.29
-575.969
-537.177
-506.974
-486.051
-477.309
-485.01
-25.8273
-28.8322
-31.7525
-35.1512
-39.0848
-44.9144
-52.5814
-62.511
-75.2237
-91.7646
-113.007
-140.866
-177.375
-223.472
-279.33
-346.855
-429.886
-532.574
-656.223
-797.083
-948.978
-1104.13
-1257.2
-1404.59
-1540.1
-1650.31
-1721.08
-1759.02
-1765.73
-1746.19
-1704.08
-1644.26
-1570.06
-1485.99
-1394.53
-1299.33
-1202.88
-1107.37
-1014.56
-926.079
-843.405
-767.652
-700.056
-641.478
-592.316
-552.616
-522.18
-501.347
-492.346
-494.08
-18.3212
-19.9932
-21.8849
-24.6191
-27.9956
-33.0374
-40.143
-49.7002
-61.7486
-78.4832
-101.037
-131.714
-171.881
-222.198
-285.1
-364.348
-464.584
-589.321
-737.698
-903.89
-1078.9
-1255.01
-1426.65
-1585.79
-1714.92
-1804.51
-1858.47
-1880.56
-1872.78
-1839.45
-1786.05
-1715.44
-1631.98
-1539.25
-1440.45
-1338.29
-1235.51
-1133.91
-1035.47
-941.859
-854.593
-775.254
-704.952
-644.632
-594.761
-555.342
-526.129
-506.946
-497.863
-496.596
-8.91561
-9.88749
-10.6338
-12.2831
-14.708
-17.7803
-22.7206
-30.588
-41.6974
-59.1203
-83.4352
-115.426
-157.793
-213.434
-286.538
-381.62
-502.711
-651.794
-827.048
-1020.24
-1220.02
-1417.24
-1597.88
-1743.97
-1853.63
-1926.3
-1964.77
-1971.96
-1950.62
-1904.02
-1838.87
-1758.32
-1666.11
-1565.97
-1460.27
-1352.08
-1243.63
-1136.98
-1033.87
-936.165
-845.621
-763.662
-691.627
-630.39
-580.355
-541.59
-513.742
-496.226
-488.684
-488.16
1.77885
1.93481
3.01252
3.72809
3.6169
3.08267
0.50261
-6.20195
-16.9963
-33.2376
-56.8973
-89.5378
-134.362
-196.602
-282.01
-395.594
-540.887
-717.282
-921.258
-1141.77
-1361.66
-1562.53
-1728.13
-1856.73
-1950.29
-2008.91
-2032.39
-2026.12
-1992.73
-1935.3
-1859.7
-1771.69
-1672.32
-1565.52
-1454.21
-1340.85
-1227.75
-1116.84
-1010.11
-909.427
-816.455
-732.819
-659.724
-597.989
-548.087
-509.946
-483.063
-466.741
-460.655
-461.071
14.4347
17.1095
20.7463
24.2045
26.0396
27.2332
27.4505
24.5062
16.4997
2.46618
-19.2893
-51.3394
-97.9053
-166.241
-264.011
-396.759
-569.21
-777.02
-1006.81
-1242.81
-1462.2
-1652.31
-1803.85
-1918.07
-1999.55
-2047.54
-2057.79
-2040.27
-1998.65
-1933.14
-1850.88
-1756.03
-1651.24
-1539.7
-1423.96
-1306.5
-1189.62
-1075.48
-966.085
-863.259
-768.833
-684.277
-610.748
-549.017
-499.362
-461.641
-435.297
-419.488
-413.671
-414.005
29.7428
34.3475
39.5671
46.234
52.2584
56.9051
60.6406
62.5976
60.2361
51.8526
34.875
5.52707
-41.9907
-116.564
-227.557
-381.155
-574.816
-801.199
-1047.31
-1289.7
-1500.69
-1681.94
-1823.25
-1928.05
-2000.88
-2037.61
-2042.69
-2019.2
-1970.58
-1900.88
-1814.7
-1715.8
-1607.45
-1492.35
-1373.21
-1252.61
-1132.97
-1016.55
-905.399
-801.499
-706.543
-621.937
-548.741
-487.519
-438.434
-401.165
-375.019
-359.141
-352.69
-351.877
44.6761
52.7238
60.8547
70.2942
80.9468
91.5716
101.83
111.277
117.719
118.291
108.328
82.4296
33.4695
-48.2612
-169.2
-334.91
-541.259
-780.863
-1032.14
-1275.43
-1478.84
-1651.73
-1791.48
-1889.73
-1957.02
-1992.21
-1995
-1968.73
-1917.84
-1846.45
-1758.56
-1657.73
-1546.96
-1429.28
-1307.67
-1184.94
-1063.61
-946.01
-834.326
-730.491
-636.125
-552.525
-480.523
-420.535
-372.501
-335.929
-310.058
-293.913
-286.514
-284.448
57.7055
69.3039
82.2399
96.6203
113.625
132.02
151.213
170.74
188.28
199.92
197.509
173.311
123.01
38.6188
-86.9413
-258.494
-469.519
-715.285
-964.709
-1202.15
-1408.33
-1578.24
-1718.26
-1820.89
-1889.64
-1925.12
-1928.27
-1902.22
-1851.35
-1779.95
-1691.71
-1589.75
-1477.45
-1358.33
-1235.6
-1112.1
-990.386
-872.947
-762.03
-659.518
-566.933
-485.356
-415.446
-357.403
-310.978
-275.553
-250.235
-233.981
-225.678
-222.494
71.2351
86.2567
104.672
125.967
150.069
177.289
206.487
235.343
259.858
276.226
278.312
259.914
213.357
125.267
0.212967
-171.711
-385.781
-624.542
-867.218
-1102.14
-1315.45
-1494.31
-1639
-1748.15
-1821.04
-1858.69
-1863.46
-1838.7
-1788.3
-1716.19
-1626.49
-1523.67
-1411.58
-1293.11
-1170.9
-1047.78
-926.716
-810.449
-701.242
-600.888
-510.718
-431.625
-364.075
-308.093
-263.31
-229.023
-204.302
-188.06
-179.099
-175.106
84.2991
101.279
121.796
146.069
174.131
205.266
238.132
270.209
299.419
320.479
324.681
303.46
260.269
171.521
41.8885
-122.373
-328.584
-564.413
-804.678
-1034.99
-1248.35
-1432.82
-1581.45
-1692.58
-1766.8
-1806.31
-1813.84
-1792.08
-1744
-1673.62
-1585.39
-1483.64
-1371.98
-1253.41
-1131.03
-1008.04
-887.59
-772.413
-664.682
-566.052
-477.701
-400.374
-334.396
-279.683
-235.796
-201.999
-177.374
-160.848
-151.319
-146.631
84.6355
101.697
122.363
146.573
174.22
204.908
237.247
268.662
297.149
318.186
322.073
300.142
255.281
165.679
34.5649
-130.018
-334.591
-570.168
-811.655
-1042.26
-1254.77
-1438.43
-1585.85
-1695.21
-1767.5
-1804.99
-1810.54
-1786.91
-1737.54
-1666.66
-1578.38
-1476.51
-1364.35
-1245.13
-1122.23
-999.098
-878.806
-763.986
-656.755
-558.706
-470.946
-394.139
-328.525
-273.949
-229.919
-195.701
-170.422
-153.125
-142.849
-137.562
70.7795
85.7852
103.91
124.693
148.317
175.112
203.902
232.4
256.238
271.336
271.812
251.004
200.99
109.727
-19.4382
-192.05
-404.006
-644.067
-889.135
-1123.51
-1335.04
-1510.76
-1650.95
-1754.71
-1821.46
-1853.11
-1852.32
-1822.69
-1768.68
-1694.36
-1603.76
-1500.46
-1387.44
-1267.67
-1144.41
-1020.92
-900.181
-784.796
-676.877
-578.046
-489.457
-411.814
-345.39
-290.043
-245.261
-210.256
-184.135
-165.986
-155.038
-149.283
57.4966
68.7015
81.3518
95.4916
112.049
129.778
148.349
167.065
183.354
193.312
188.877
161.896
107.883
18.7342
-111.742
-286.49
-498.622
-747.811
-997.219
-1233.48
-1436.9
-1600.88
-1733.48
-1829.72
-1891.16
-1919.81
-1916.93
-1885.46
-1829.25
-1752.83
-1660.17
-1554.73
-1440
-1319.17
-1195.18
-1070.9
-949.094
-832.296
-722.668
-621.938
-531.363
-451.751
-383.48
-326.522
-280.474
-244.593
-217.962
-199.651
-188.827
-183.372
44.2143
51.9948
60.0127
69.3311
79.5197
89.5903
99.1657
107.625
112.926
111.91
99.9646
71.4513
18.4608
-68.2585
-194.552
-364.835
-575.073
-818.995
-1072.03
-1315.6
-1515.15
-1681.81
-1814.84
-1904.58
-1963.24
-1990.84
-1986.2
-1952.87
-1895.53
-1818.44
-1725.58
-1620.51
-1506.23
-1385.72
-1261.84
-1137.34
-1014.91
-896.978
-785.766
-683.129
-590.476
-508.752
-438.461
-379.694
-332.214
-295.452
-268.567
-250.571
-240.621
-236.048
29.2316
33.7896
38.8603
45.1303
50.8452
55.2626
58.2446
59.267
55.9423
46.1467
27.4029
-4.14312
-54.8657
-134.237
-251.097
-410.446
-609.751
-841.526
-1091.17
-1334.59
-1543
-1719.2
-1853
-1949.67
-2013.03
-2041.47
-2038.06
-2006.66
-1951.23
-1875.73
-1784.29
-1680.69
-1568.3
-1449.77
-1327.71
-1204.6
-1083
-965.335
-853.761
-750.217
-656.284
-573.118
-501.422
-441.433
-393.012
-355.73
-328.898
-311.607
-302.879
-299.169
13.8196
16.3747
19.8766
23.1163
24.861
25.7272
25.2099
21.544
12.7459
-2.38633
-25.5544
-59.5206
-108.832
-181.107
-283.633
-422.311
-602.328
-816.069
-1050.93
-1289.69
-1508.78
-1695.24
-1840.58
-1946.62
-2018.88
-2059.04
-2060.83
-2034.44
-1985.16
-1913.84
-1825.85
-1725.71
-1616.63
-1501.44
-1382.43
-1262.07
-1142.7
-1026.71
-916.24
-813.138
-719.12
-635.501
-563.175
-502.576
-453.719
-416.255
-389.567
-372.867
-365.591
-363.315
1.1658
1.27814
2.19549
2.60485
2.21651
1.3025
-1.61662
-8.64804
-20.317
-37.6334
-62.3683
-96.4753
-143.54
-208.903
-298.278
-416.804
-568.051
-750.298
-961.373
-1187.44
-1409.97
-1608.79
-1770.21
-1891.7
-1977.15
-2027.96
-2042.91
-2027.93
-1987.5
-1923.87
-1841.79
-1747.99
-1644.4
-1533.79
-1419.1
-1302.65
-1186.83
-1073.75
-965.534
-864.098
-771.11
-688.063
-615.956
-555.333
-506.336
-468.774
-442.137
-425.683
-418.916
-418.092
-9.44825
-10.4282
-11.4021
-13.2669
-15.9318
-19.4214
-24.6631
-32.9194
-44.792
-62.9962
-88.221
-121.423
-165.545
-223.497
-299.629
-398.624
-524.236
-678.652
-860.415
-1059.05
-1263.83
-1464.54
-1643.64
-1783.53
-1886.42
-1952.25
-1983.17
-1982.31
-1953.57
-1900.54
-1829.03
-1742.9
-1646.23
-1542.09
-1432.93
-1321.72
-1210.56
-1101.63
-996.854
-898.101
-807.21
-725.588
-654.364
-594.176
-545.25
-507.503
-480.466
-463.394
-456.87
-455.91
-18.8091
-20.5065
-22.5148
-25.4354
-29.0289
-34.3238
-41.6837
-51.6912
-64.2249
-81.5188
-105.124
-136.967
-178.404
-230.383
-295.403
-377.407
-481.217
-610.377
-764.078
-935.733
-1115.56
-1296.05
-1470.58
-1628.86
-1751.66
-1835.7
-1883.83
-1898.41
-1883.37
-1844.24
-1784.58
-1708.45
-1620.43
-1523.95
-1421.77
-1316.66
-1211.27
-1107.52
-1007.36
-912.463
-824.702
-745.461
-675.819
-616.528
-567.745
-529.639
-501.796
-483.744
-475.654
-473.916
-26.2266
-29.3137
-32.3404
-35.8664
-39.9323
-45.923
-53.8373
-64.1774
-77.2526
-94.2597
-116.167
-144.915
-182.763
-230.235
-287.53
-356.957
-442.535
-548.596
-676.589
-822.464
-979.137
-1138.27
-1294.87
-1444.9
-1579.6
-1685.28
-1751.03
-1782.16
-1782.81
-1757.39
-1709.48
-1644.75
-1566.89
-1479.25
-1384.63
-1286.82
-1187.95
-1090.37
-995.905
-906.176
-822.727
-746.85
-679.667
-621.872
-573.79
-535.341
-506.239
-486.549
-477.147
-476.121
-32.3384
-36.3362
-40.1506
-44.1869
-48.9013
-54.9302
-62.7083
-72.4168
-84.9884
-101.143
-121.849
-148.143
-181.52
-223.335
-274.358
-335.301
-408.081
-495.323
-599.302
-720.331
-854.178
-994.469
-1133.95
-1267.91
-1393.68
-1507.57
-1594.13
-1642.03
-1658.93
-1646.88
-1611.61
-1556.73
-1488.68
-1409.23
-1323.15
-1232.68
-1141.12
-1050.54
-962.89
-879.563
-801.744
-730.595
-666.977
-611.63
-564.874
-526.727
-497.059
-476.468
-468.183
-472.069
-38.6416
-43.0511
-46.547
-49.8881
-54.386
-60.3188
-68.1906
-77.2746
-88.7442
-103.437
-122.521
-146.577
-176.249
-212.525
-256.318
-309.427
-372.825
-446.779
-532.315
-630.71
-741.756
-862.553
-987.146
-1108.03
-1221.87
-1326.88
-1420.81
-1489.06
-1520.45
-1522.45
-1498.5
-1453.95
-1392.04
-1319.63
-1240.91
-1157.11
-1072.53
-989.518
-909.541
-833.859
-763.306
-698.506
-640.16
-588.719
-544.644
-508.218
-479.816
-460.507
-452.534
-461.92
-46.2422
-48.5722
-50.4779
-53.0472
-57.1944
-63.1424
-70.68
-79.3582
-89.9252
-103.17
-120.016
-141.492
-168.008
-199.891
-237.342
-282.028
-335.816
-399.485
-472.562
-554.548
-646.196
-747.233
-855.009
-964.533
-1068.97
-1165.86
-1253.42
-1328.42
-1378.3
-1396.12
-1384.12
-1348.65
-1293.01
-1223.58
-1144.95
-1065.91
-987.199
-911.344
-839.062
-772.298
-710.47
-654.111
-602.914
-557.226
-517.342
-484.079
-459.234
-445.119
-441.436
-446.467
-59.9128
-48.8074
-50.1908
-54.5316
-59.5956
-65.5754
-72.5842
-81.2841
-91.4673
-103.837
-118.92
-137.63
-160.608
-188.1
-221.133
-260.518
-306.319
-359.69
-421.422
-492.133
-571.544
-657.74
-749.667
-844.285
-937.708
-1026.24
-1107.32
-1177.33
-1235.07
-1271.17
-1278.34
-1252.15
-1202.94
-1134.66
-1056.03
-972.097
-891.499
-818.571
-753.712
-696.256
-645.086
-599.433
-558.245
-520.995
-487.865
-460.37
-441.775
-433.94
-436.12
-438.698
-76.8394
-45.1671
-50.5933
-58.0698
-64.2336
-70.4693
-77.1212
-85.8155
-96.4219
-108.508
-123.266
-141.24
-162.696
-187.931
-218.201
-254.187
-295.727
-343.236
-397.612
-459.463
-528.644
-603.802
-682.985
-763.698
-843.326
-919.134
-989.1
-1051.29
-1102.18
-1140.82
-1162.58
-1159.02
-1114.46
-1049.38
-969.393
-880.06
-796.829
-724.034
-662.076
-611.725
-571.232
-538.625
-510.601
-484.92
-461.719
-443.249
-431.81
-428.857
-431.24
-433.402
59.0821
55.6276
53.8969
53.0653
52.8043
52.9257
53.3039
54.0254
55.1553
56.5515
58.3071
60.358
62.7836
65.5499
68.7701
72.4718
76.633
81.2724
86.3332
91.818
97.7143
104.018
110.708
117.721
125.034
132.68
140.608
148.593
156.501
164.33
171.962
179.187
185.859
191.831
196.851
200.585
202.706
202.883
200.728
195.822
187.713
175.864
159.704
138.607
111.949
79.0316
39.27
-8.24361
-65.2105
-122.052
57.8415
56.8406
56.3666
56.3551
56.7219
57.3746
58.2807
59.4793
61.0287
62.8826
65.0727
67.6319
70.5784
73.924
77.7331
82.0317
86.8384
92.1381
97.9243
104.179
110.884
118.039
125.613
133.572
141.917
150.608
159.576
168.727
177.944
187.143
196.201
204.988
213.386
221.222
228.243
234.178
238.732
241.572
242.332
240.616
235.978
227.934
215.952
199.453
177.857
150.51
116.754
75.6464
26.1728
-22.4211
58.3992
58.8437
59.4347
60.225
61.2155
62.3962
63.8372
65.5095
67.4736
69.7841
72.4607
75.5356
79.0639
83.0466
87.5152
92.4928
98.0036
104.039
110.596
117.671
125.249
133.323
141.862
150.859
160.278
170.073
180.201
190.573
201.102
211.7
222.258
232.675
242.82
252.522
261.57
269.725
276.706
282.21
285.904
287.411
286.307
282.128
274.386
262.563
246.123
224.45
196.91
162.929
121.839
82.4113
60.6077
61.7896
63.1366
64.6058
66.2222
67.928
69.8682
72.0247
74.4407
77.2162
80.3923
84.0044
88.124
92.7623
97.9217
103.628
109.892
116.691
124.034
131.941
140.426
149.465
159.033
169.112
179.654
190.626
201.975
213.633
225.538
237.608
249.758
261.881
273.842
285.49
296.638
307.065
316.526
324.749
331.42
336.173
338.597
338.26
334.723
327.511
316.136
300.057
278.795
251.773
218.429
188.469
64.0068
65.5949
67.4858
69.5084
71.6746
73.9262
76.3248
78.9565
81.8227
85.0674
88.7709
92.9528
97.6652
102.965
108.849
115.311
122.345
129.933
138.097
146.878
156.304
166.347
176.981
188.163
199.863
212.053
224.679
237.692
251.031
264.63
278.422
292.301
306.146
319.808
333.114
345.87
357.861
368.836
378.494
386.486
392.433
395.937
396.587
393.951
387.593
377.049
361.851
341.606
316.02
294.006
68.331
70.194
72.4246
74.8774
77.4958
80.2775
83.1427
86.2327
89.5761
93.3043
97.5217
102.285
107.612
113.568
120.18
127.419
135.245
143.653
152.676
162.367
172.75
183.808
195.503
207.8
220.688
234.137
248.097
262.513
277.322
292.487
307.948
323.628
339.409
355.143
370.663
385.794
400.339
414.059
426.666
437.831
447.191
454.368
458.988
460.655
458.974
453.505
443.887
429.698
410.678
395.448
73.4131
75.4355
77.8961
80.668
83.6367
86.837
90.1763
93.7259
97.5667
101.802
106.537
111.869
117.821
124.438
131.753
139.767
148.4
157.645
167.531
178.124
189.455
201.518
214.276
227.712
241.815
256.549
271.864
287.688
303.98
320.714
337.857
355.347
373.071
390.881
408.612
426.092
443.133
459.505
474.937
489.119
501.719
512.41
520.844
526.645
529.413
528.732
524.199
515.503
502.628
492.81
79.1058
81.1534
83.7263
86.7019
89.9705
93.5197
97.3108
101.308
105.621
110.347
115.622
121.523
128.102
135.388
143.419
152.18
161.617
171.685
182.424
193.906
206.18
219.241
233.064
247.636
262.94
278.941
295.576
312.786
330.541
348.828
367.634
386.905
406.535
426.376
446.262
466.02
485.459
504.361
522.473
539.512
555.175
569.134
581.022
590.451
597.026
600.306
599.97
595.755
587.649
581.942
85.1749
87.1495
89.7312
92.7945
96.2907
100.148
104.34
108.78
113.559
118.777
124.589
131.046
138.208
146.123
154.835
164.311
174.498
185.359
196.933
209.29
222.478
236.501
251.347
267.003
283.453
300.663
318.573
337.13
356.309
376.106
396.515
417.488
438.922
460.673
482.573
504.443
526.088
547.303
567.853
587.477
605.877
622.722
637.658
650.338
660.356
667.286
670.791
670.671
667.039
664.515
91.3012
93.1228
95.6481
98.7656
102.427
106.537
111.045
115.899
121.119
126.824
133.129
140.126
147.85
156.365
165.702
175.846
186.735
198.347
210.713
223.898
237.949
252.878
268.682
285.355
302.887
321.239
340.357
360.188
380.705
401.905
423.78
446.287
469.34
492.81
516.526
540.302
563.948
587.266
610.038
632.01
652.887
672.322
689.93
705.27
717.872
727.367
733.564
736.35
735.859
735.559
97.1533
98.8024
101.227
104.345
108.107
112.437
117.223
122.424
128.045
134.197
140.97
148.444
156.68
165.729
175.629
186.369
197.895
210.179
223.253
237.18
252.006
267.75
284.41
301.991
320.481
339.848
360.033
380.985
402.672
425.09
448.238
472.09
496.582
521.586
546.925
572.402
597.817
622.967
647.623
671.514
694.31
715.638
735.094
752.301
766.976
778.997
788.193
794.216
796.957
798.659
102.395
103.857
106.174
109.283
113.115
117.581
122.586
128.085
134.065
140.598
147.776
155.671
164.342
173.845
184.225
195.468
207.532
220.391
234.072
248.639
264.139
280.589
297.991
316.347
335.655
355.885
376.984
398.892
421.573
445.023
469.252
494.266
520.006
546.332
573.046
599.929
626.766
653.336
679.401
704.679
728.85
751.573
772.527
791.448
808.097
822.086
832.793
839.864
843.511
845.59
106.704
107.995
110.218
113.305
117.158
121.718
126.911
132.648
138.907
145.729
153.222
161.464
170.492
180.352
191.093
202.726
215.219
228.544
242.716
257.789
273.818
290.821
308.793
327.741
347.668
368.553
390.342
412.971
436.401
460.628
485.685
511.587
538.265
565.563
593.267
621.147
648.978
676.54
703.592
729.862
755.044
778.818
800.862
820.834
838.386
853.283
865.54
875.276
882.036
886.438
109.815
110.97
113.097
116.146
120.039
124.667
129.959
135.842
142.284
149.33
157.07
165.56
174.823
184.914
195.899
207.802
220.592
234.23
248.733
264.157
280.552
297.932
316.3
335.655
356.001
377.32
399.566
422.672
446.595
471.346
496.97
523.473
550.777
578.711
607.056
635.579
664.058
692.278
720.01
746.991
772.925
797.492
820.385
841.322
860.015
876.059
888.893
897.833
902.928
905.793
111.513
112.585
114.663
117.67
121.549
126.213
131.558
137.534
144.1
151.257
159.081
167.672
177.072
187.295
198.404
210.445
223.389
237.183
251.841
267.429
283.998
301.561
320.117
339.667
360.21
381.728
404.176
427.489
451.631
476.617
502.49
529.251
556.812
584.999
613.587
642.347
671.06
699.516
727.492
754.733
780.94
805.772
828.853
849.786
868.195
883.759
896.212
905.348
911.104
914.514
111.652
112.698
114.767
117.779
121.66
126.309
131.655
137.634
144.189
151.34
159.172
167.759
177.144
187.367
198.479
210.508
223.432
237.216
251.864
267.433
283.98
301.523
320.05
339.564
360.07
381.549
403.947
427.203
451.28
476.196
501.989
528.661
556.122
584.195
612.655
641.272
669.826
698.11
725.903
752.952
778.957
803.577
826.421
847.059
865.058
880.098
892.006
900.756
906.309
909.542
110.195
111.323
113.428
116.456
120.349
124.973
130.248
136.125
142.558
149.589
157.321
165.809
175.06
185.135
196.1
207.977
220.732
234.336
248.799
264.171
280.504
297.818
316.108
335.37
355.609
376.806
398.905
421.839
445.569
470.107
495.495
521.735
548.743
576.342
604.308
632.405
660.413
688.116
715.288
741.674
766.981
790.888
813.071
833.22
851.014
866.003
877.55
884.959
888.524
890.121
107.328
108.582
110.764
113.823
117.669
122.21
127.396
133.114
139.35
146.162
153.644
161.873
170.882
180.715
191.424
203.017
215.463
228.727
242.829
257.826
273.763
290.655
308.501
327.304
347.059
367.743
389.297
411.653
434.768
458.643
483.314
508.787
534.985
561.743
588.836
616.028
643.089
669.797
695.907
721.15
745.227
767.829
788.639
807.307
823.461
836.831
847.375
855.065
859.513
861.934
103.249
104.66
106.927
110.007
113.812
118.262
123.246
128.73
134.699
141.2
148.361
156.232
164.884
174.355
184.692
195.882
207.88
220.662
234.256
248.72
264.098
280.404
297.637
315.799
334.879
354.843
375.63
397.177
419.439
442.41
466.108
490.536
515.624
541.219
567.112
593.07
618.871
644.288
669.074
692.939
715.56
736.6
755.753
772.754
787.328
799.041
807.396
812.115
813.308
813.397
98.2251
99.8112
102.168
105.255
108.986
113.295
118.064
123.252
128.839
134.964
141.717
149.164
157.364
166.38
176.234
186.909
198.36
210.555
223.523
237.326
252.006
267.577
284.039
301.388
319.608
338.654
358.464
378.98
400.162
421.998
444.488
467.612
491.295
515.396
539.72
564.057
588.194
611.919
634.997
657.144
678.01
697.206
714.326
729.046
741.161
750.501
756.735
759.537
758.907
757.795
92.5653
94.3133
96.7784
99.8584
103.47
107.56
112.052
116.884
122.075
127.759
134.025
140.99
148.681
157.159
166.436
176.515
187.324
198.837
211.084
224.131
238.022
252.761
268.342
284.755
301.983
319.976
338.669
358.002
377.944
398.482
419.601
441.264
463.382
485.805
508.345
530.797
552.953
574.6
595.512
615.431
634.047
650.998
665.877
678.21
687.605
693.797
696.589
695.738
691.241
687.399
86.5993
88.5015
91.0381
94.0494
97.5011
101.317
105.487
109.92
114.674
119.856
125.626
132.055
139.185
147.05
155.703
165.116
175.217
185.978
197.429
209.638
222.653
236.476
251.084
266.461
282.585
299.408
316.858
334.874
353.422
372.499
392.084
412.127
432.521
453.111
473.709
494.107
514.094
533.444
551.902
569.197
585.029
599.06
610.948
620.317
626.693
629.683
629.011
624.553
616.438
609.608
80.6755
82.6633
85.1741
88.0947
91.3383
94.8195
98.5972
102.59
106.87
111.557
116.803
122.671
129.207
136.437
144.426
153.121
162.468
172.433
183.052
194.385
206.481
219.333
232.917
247.205
262.167
277.764
293.917
310.561
327.652
345.176
363.116
381.401
399.922
418.521
437.011
455.193
472.843
489.727
505.575
520.081
532.933
543.787
552.26
557.973
560.525
559.47
554.496
545.271
531.736
520.671
75.1067
77.0773
79.4572
82.1885
85.1297
88.265
91.6017
95.1246
98.9342
103.138
107.846
113.136
119.043
125.623
132.889
140.828
149.389
158.53
168.294
178.74
189.901
201.762
214.281
227.431
241.189
255.514
270.337
285.578
301.194
317.145
333.394
349.869
366.445
382.968
399.25
415.088
430.258
444.497
457.53
469.03
478.644
486.029
490.819
492.604
490.956
485.455
475.692
461.402
442.553
426.081
70.1269
71.9368
74.0827
76.5167
79.0842
81.8334
84.6848
87.731
91.0566
94.75
98.9356
103.662
108.957
114.874
121.425
128.607
136.363
144.674
153.578
163.132
173.352
184.219
195.679
207.697
220.249
233.29
246.762
260.592
274.723
289.102
303.663
318.322
332.949
347.383
361.437
374.896
387.53
399.061
409.174
417.54
423.778
427.478
428.243
425.675
419.346
408.774
393.572
373.245
347.568
324.741
65.8856
67.4111
69.2454
71.245
73.3469
75.6027
77.9493
80.5515
83.4036
86.6034
90.2758
94.4426
99.1196
104.363
110.205
116.624
123.581
131.085
139.136
147.796
157.066
166.93
177.339
188.253
199.634
211.425
223.572
236.014
248.677
261.503
274.403
287.275
299.991
312.374
324.219
335.3
345.37
354.15
361.296
366.432
369.177
369.12
365.805
358.764
347.54
331.636
310.559
283.971
251.734
221.831
62.5357
63.6768
64.9976
66.4079
67.9835
69.6895
71.5637
73.7082
76.0957
78.8363
81.9883
85.5808
89.656
94.2588
99.3887
105.045
111.24
117.967
125.216
133.003
141.349
150.211
159.578
169.4
179.637
190.232
201.118
212.223
223.468
234.779
246.07
257.222
268.093
278.502
288.215
296.98
304.532
310.573
314.757
316.675
315.883
311.946
304.409
292.762
276.471
254.973
227.773
194.236
154.058
116.125
60.3762
60.7927
61.3517
62.0832
63.0626
64.2121
65.6058
67.268
69.2001
71.4874
74.1371
77.1828
80.6757
84.6385
89.0747
94.0078
99.4693
105.436
111.908
118.87
126.324
134.229
142.575
151.338
160.467
169.915
179.608
189.444
199.329
209.188
218.937
228.452
237.56
246.058
253.71
260.237
265.342
268.706
269.961
268.691
264.443
256.727
245.028
228.797
207.464
180.393
146.963
106.59
58.9479
11.5631
59.8707
58.8296
58.3305
58.2753
58.6222
59.2412
60.127
61.3046
62.8277
64.6699
66.8313
69.3514
72.2788
75.6058
79.3865
83.6485
88.4222
93.6587
99.3577
105.512
112.098
119.1
126.476
134.214
142.292
150.67
159.239
167.869
176.464
184.956
193.248
201.203
208.637
215.31
220.964
225.323
228.059
228.82
227.22
222.813
215.127
203.675
187.896
167.161
140.831
108.248
68.7829
21.4241
-34.4455
-90.658
61.1635
57.655
55.8939
55.031
54.7618
54.8523
55.2175
55.9166
57.0226
58.4186
60.1501
62.1513
64.559
67.3156
70.5173
74.192
78.319
82.9026
87.8833
93.2774
99.0571
105.217
111.717
118.508
125.559
132.946
140.493
147.959
155.281
162.476
169.379
175.784
181.541
186.421
190.124
192.328
192.711
190.893
186.47
178.997
167.986
152.895
133.151
108.062
76.9298
39.0335
-6.1322
-59.5722
-122.053
-186.163
-21.0589
-37.2282
-33.6934
-31.9175
-27.3029
-21.7865
-15.5026
-6.87559
2.57363
12.6647
25.3938
37.9495
48.6542
57.9881
69.0991
69.4857
57.6197
48.5439
37.5638
25.0027
12.2038
2.11577
-7.34871
-15.9704
-22.186
-27.6343
-32.3313
-33.9052
-37.6478
-21.3246
-7.95456
-22.7841
-24.4393
-25.6694
-22.4325
-17.6491
-12.2911
-4.90346
3.24075
11.635
21.7826
32.4241
41.5748
46.7602
55.4333
55.7214
46.5861
41.325
32.0991
21.4651
11.2456
2.89909
-5.26893
-12.6903
-18.0128
-22.7372
-26.1233
-24.6883
-23.2118
-8.28173
-14.766
-19.1181
-18.4141
-20.1683
-17.6563
-13.5899
-9.07226
-2.84853
4.17916
11.366
19.3617
27.6995
35.3285
38.4807
44.5746
44.6833
38.393
35.119
27.5149
19.1029
11.0169
3.85107
-3.18533
-9.43496
-13.9159
-17.9132
-20.601
-18.6527
-19.4815
-15.1067
-19.0853
-18.1313
-14.6578
-15.9511
-13.2637
-9.85758
-6.0629
-0.834848
5.05501
11.1472
17.3932
23.5663
29.633
32.3444
36.3171
36.3084
32.3198
29.5325
23.4563
17.1968
10.8677
4.77383
-1.13891
-6.39778
-10.181
-13.5194
-16.3259
-14.8984
-18.435
-19.3828
-16.5895
-15.6631
-12.2699
-12.6998
-9.56974
-6.84086
-3.55353
0.829139
5.63137
10.6835
15.6401
20.2885
25
27.3003
30.0487
29.9876
27.328
24.9084
20.1915
15.4725
10.4767
5.41027
0.576569
-3.83653
-7.15451
-9.81428
-13.0285
-12.5328
-15.9696
-16.8566
-12.6338
-12.8577
-10.4526
-9.94116
-6.70415
-4.67813
-1.65245
2.00276
5.9182
10.0161
14.0082
17.6636
21.3687
22.9614
25.1488
25.0675
23.0068
21.2574
17.5747
13.8531
9.85005
5.7297
1.78594
-1.88317
-4.9612
-6.93038
-10.2523
-10.713
-13.1978
-12.9094
-9.82382
-10.8275
-8.96441
-7.92581
-4.80852
-3.29976
-0.376242
2.60586
5.84102
9.16906
12.3862
15.3063
18.2822
19.3336
21.1308
21.0336
19.3911
18.1861
15.2369
12.2485
9.02026
5.66639
2.40184
-0.575559
-3.55416
-5.01191
-8.22263
-9.19332
-11.1537
-10.0949
-8.06559
-8.98291
-7.44295
-6.65017
-3.72927
-2.50916
0.361023
2.68792
5.42246
8.16725
10.7982
13.135
15.5386
16.3568
17.7219
17.6332
16.4072
15.4503
13.0779
10.6771
8.0327
5.26821
2.49763
0.189767
-2.74099
-3.9082
-6.91712
-7.63331
-9.22737
-8.3002
-6.59458
-6.88943
-5.70289
-5.655
-3.06213
-2.09011
0.694289
2.4402
4.81806
7.09327
9.27244
11.1773
13.127
13.8552
14.8639
14.7869
13.8651
13.0404
11.1189
9.15918
6.97189
4.68994
2.26769
0.549381
-2.29496
-3.22004
-5.87244
-5.85347
-7.08169
-6.78776
-5.2344
-5.12203
-4.09082
-4.53173
-2.40511
-1.81147
0.751876
2.01687
4.15707
6.03533
7.83721
9.40482
11.0157
11.6664
12.4466
12.3702
11.6413
10.9481
9.34815
7.72861
5.9152
4.03127
1.85917
0.622743
-1.98948
-2.54638
-4.70638
-4.23438
-5.32605
-5.41832
-4.27435
-4.05858
-3.04494
-3.28731
-1.60557
-1.4309
0.772427
1.63565
3.581
5.09014
6.59271
7.88896
9.19378
9.7328
10.3258
10.2759
9.70037
9.12973
7.82629
6.50015
4.99168
3.4768
1.48637
0.658493
-1.58514
-1.74426
-3.44764
-3.20668
-4.23252
-4.43551
-3.55543
-3.31409
-2.49108
-2.21101
-0.866442
-0.828708
0.997966
1.52344
3.23341
4.36126
5.59658
6.65434
7.66704
8.08872
8.55401
8.53339
8.05565
7.60041
6.59435
5.5233
4.27767
3.16247
1.39832
0.89918
-0.961749
-1.0013
-2.35021
-2.64031
-3.43953
-3.67327
-2.80339
-2.69407
-2.04688
-1.59101
-0.445789
-0.254154
1.27917
1.58342
3.03126
3.78994
4.80521
5.6389
6.39484
6.78392
7.11667
7.08862
6.76577
6.34818
5.61391
4.75418
3.72207
2.97163
1.47903
1.19034
-0.366885
-0.5658
-1.70809
-2.15707
-2.79451
-2.89819
-2.16382
-2.12153
-1.59553
-1.3326
-0.357317
-0.00363688
1.28677
1.52992
2.75365
3.24482
4.10196
4.73783
5.30466
5.63988
5.85347
5.82459
5.71071
5.29986
4.72205
4.07051
3.1865
2.70487
1.43206
1.21777
-0.102052
-0.448963
-1.43717
-1.68322
-2.21816
-2.23724
-1.62591
-1.59469
-1.13646
-1.07833
-0.300069
0.0226787
1.05445
1.28525
2.35359
2.65843
3.40916
3.89805
4.32407
4.55914
4.73092
4.7478
4.6234
4.2902
3.86729
3.37887
2.59272
2.3163
1.20615
0.996652
-0.0769146
-0.37236
-1.16982
-1.21696
-1.68168
-1.68621
-1.13756
-1.0798
-0.709315
-0.733894
-0.130074
0.0529363
0.788337
1.05945
1.77125
2.11733
2.69095
3.08287
3.41417
3.61778
3.76276
3.76015
3.59165
3.38213
3.07627
2.66689
2.06784
1.73762
0.988934
0.741196
-0.0217273
-0.197481
-0.806741
-0.788354
-1.14348
-1.18914
-0.738864
-0.732
-0.489766
-0.442038
0.0164385
0.123801
0.625265
0.821208
1.31357
1.59291
2.00968
2.26039
2.57617
2.75546
2.86944
2.85823
2.73377
2.56901
2.25964
1.97223
1.57019
1.26385
0.761608
0.576364
0.0678551
-0.0481696
-0.489511
-0.540334
-0.777073
-0.788918
-0.537991
-0.501644
-0.362195
-0.258661
0.0452319
0.108924
0.476254
0.599954
1.00409
1.03876
1.49477
1.55015
1.78289
1.91488
1.99569
1.98915
1.90361
1.77696
1.53108
1.48132
1.03422
0.969958
0.562586
0.435416
0.0725977
0.0055626
-0.29201
-0.391464
-0.542916
-0.595104
-0.300748
-0.308215
-0.209006
-0.208387
0.0330058
0.0912955
0.295573
0.340609
0.606411
0.629605
0.799523
0.975452
1.05624
1.10547
1.13172
1.12669
1.10095
1.04734
0.967879
0.826278
0.643496
0.633635
0.28191
0.275261
0.0776612
0.0159554
-0.236078
-0.241177
-0.329836
-0.33692
-0.0922586
-0.0875118
-0.0384447
-0.11842
-0.0593888
-0.0793849
0.0723751
0.104471
0.173362
0.366687
0.273455
0.331134
0.348762
0.345511
0.340306
0.336681
0.346678
0.348616
0.336343
0.288939
0.353042
0.196299
0.0807768
0.0744448
-0.0831386
-0.053858
-0.125833
-0.0481434
-0.0886711
-0.0989639
)
;

boundaryField
{
    INLET
    {
        type            zeroGradient;
    }
    OUTLET
    {
        type            fixedValue;
        value           uniform 0;
    }
    WALL
    {
        type            zeroGradient;
    }
    CYLINDER
    {
        type            zeroGradient;
    }
    frontAndBackPlanes
    {
        type            empty;
    }
}


// ************************************************************************* //
