/*--------------------------------*- C++ -*----------------------------------*\
| =========                 |                                                 |
| \\      /  F ield         | OpenFOAM: The Open Source CFD Toolbox           |
|  \\    /   O peration     | Version:  v1912                                 |
|   \\  /    A nd           | Website:  www.openfoam.com                      |
|    \\/     M anipulation  |                                                 |
\*---------------------------------------------------------------------------*/
FoamFile
{
    version     2.0;
    format      ascii;
    class       volScalarField;
    location    "0.31";
    object      p;
}
// * * * * * * * * * * * * * * * * * * * * * * * * * * * * * * * * * * * * * //

dimensions      [0 2 -2 0 0 0 0];


internalField   nonuniform List<scalar> 
6600
(
101.583
96.9691
94.6808
93.1828
92.2537
91.6761
91.0439
90.3936
89.8308
89.3466
89.0023
88.7494
88.5036
88.1821
87.8208
87.4217
87.0088
86.5683
85.9276
85.2534
84.7882
84.1309
83.02
81.6935
80.1846
78.4701
76.5001
74.1013
71.1014
67.4342
62.9973
57.5658
50.9104
42.7894
32.885
20.8529
6.22374
-11.4551
-32.6669
-57.9929
-88.0002
-123.363
-164.933
-213.721
-270.454
-336.009
-410.637
-494.81
-592.539
-699.304
98.611
93.699
92.0685
90.3376
89.0177
88.0321
87.0643
86.1481
85.3136
84.5681
83.909
83.2833
82.619
81.8492
80.9941
80.0401
79.0057
77.9056
76.5289
74.944
73.4224
71.8494
69.7876
67.2961
64.4943
61.3909
57.8743
53.7747
48.9328
43.2102
36.4719
28.5285
19.1453
8.06827
-5.06321
-20.6231
-39.0882
-60.9485
-86.6777
-116.895
-152.244
-193.349
-241.092
-296.405
-360.064
-433.141
-515.506
-607.141
-710.497
-821.67
94.4182
89.3058
88.3482
86.4441
84.9292
83.629
82.3552
81.1641
80.0801
78.9758
77.889
76.8419
75.7131
74.4551
73.0727
71.5343
69.8072
67.9789
65.8371
63.3765
60.8821
58.2217
54.974
51.2083
47.0614
42.5183
37.3533
31.3713
24.443
16.4826
7.30448
-3.34081
-15.6898
-30.0083
-46.6642
-65.9997
-88.5925
-114.871
-145.353
-180.694
-221.524
-268.487
-322.285
-383.861
-454.026
-533.78
-622.979
-720.652
-826.158
-935.58
89.5023
84.2661
83.8288
81.5218
79.9186
78.4005
76.8576
75.3828
73.9533
72.5264
71.0014
69.4351
67.7767
65.9624
63.9888
61.8247
59.3667
56.7423
53.8786
50.4696
46.8619
43.0137
38.5439
33.4419
27.7532
21.468
14.4058
6.40245
-2.69511
-13.0385
-24.8195
-38.2845
-53.7281
-71.4358
-91.8026
-115.195
-142.072
-172.947
-208.299
-248.734
-294.931
-347.545
-407.111
-474.293
-549.906
-635.003
-729.371
-830.87
-936.707
-1041.83
84.0751
78.5893
78.49
75.7516
74.1581
72.4754
70.7124
68.9713
67.2491
65.4001
63.4241
61.3552
59.1436
56.7155
54.0591
51.1533
47.8913
44.3074
40.5264
36.3496
31.5785
26.2464
20.3045
13.7662
6.55291
-1.46685
-10.4979
-20.7231
-32.2345
-45.1479
-59.7066
-76.1782
-94.8471
-116.054
-140.181
-167.647
-198.822
-234.171
-274.228
-319.547
-370.687
-428.22
-492.644
-564.506
-644.412
-733.267
-830.839
-934.586
-1039.56
-1138.83
78.084
72.5453
72.4383
69.3066
67.7792
65.9208
63.9477
61.9226
59.8614
57.68
55.3437
52.7844
49.9946
46.9208
43.5407
39.8426
35.7706
31.302
26.3304
20.905
15.0151
8.41002
0.920171
-7.3374
-16.4096
-26.4507
-37.6348
-50.0865
-63.9603
-79.4954
-96.9169
-116.464
-138.43
-163.13
-190.954
-222.29
-257.555
-297.143
-341.49
-391.108
-446.513
-508.189
-576.473
-651.695
-734.335
-825.222
-924.319
-1028.95
-1132.05
-1223.69
71.5988
65.9762
65.8908
62.4808
60.9085
58.8552
56.6899
54.4563
52.0678
49.4811
46.7398
43.6947
40.3226
36.5773
32.414
27.8312
22.7803
17.2839
11.3297
4.6666
-2.74771
-10.9355
-19.9515
-29.8762
-40.7769
-52.7882
-66.1239
-80.9479
-97.3942
-115.647
-135.964
-158.605
-183.828
-211.933
-243.278
-278.243
-317.156
-360.427
-408.47
-461.682
-520.44
-585.11
-656.015
-733.396
-817.49
-908.957
-1008.09
-1112.32
-1212.1
-1293.71
64.6825
59.0353
58.7656
55.3216
53.6393
51.3126
48.9273
46.4231
43.7458
40.8106
37.5498
33.9627
29.973
25.5362
20.6512
15.2609
9.29546
2.59755
-4.75456
-12.8304
-21.6377
-31.269
-41.9934
-53.7767
-66.696
-80.8965
-96.4924
-113.611
-132.472
-153.346
-176.434
-201.969
-230.216
-261.46
-295.981
-334.109
-376.207
-422.573
-473.545
-529.47
-590.657
-657.387
-729.801
-808.043
-892.347
-983.227
-1080.92
-1183
-1277.91
-1347.61
56.7065
51.834
51.1992
47.7535
46.0039
43.4866
40.8715
38.0726
34.9736
31.5614
27.7549
23.5263
18.7982
13.5391
7.73438
1.34277
-5.6525
-13.3485
-21.887
-31.3273
-41.7258
-53.107
-65.4668
-78.9659
-93.7671
-109.98
-127.789
-147.361
-168.772
-192.171
-217.84
-246.047
-277.035
-311.036
-348.329
-389.156
-433.764
-482.48
-535.583
-593.326
-655.915
-723.529
-796.344
-874.449
-957.994
-1047.43
-1142.48
-1240.28
-1328.92
-1385.55
48.7462
44.1509
43.4183
40.027
38.1578
35.3911
32.52
29.3789
25.8854
21.9698
17.5906
12.6836
7.22459
1.17315
-5.56636
-13.0419
-21.3236
-30.3814
-40.3045
-51.1876
-62.9958
-75.8728
-90.0312
-105.476
-122.272
-140.579
-160.483
-182.119
-205.748
-231.557
-259.646
-290.212
-323.5
-359.767
-399.207
-442.083
-488.607
-538.966
-593.392
-652.087
-715.205
-782.881
-855.137
-932.022
-1013.71
-1100.65
-1192.3
-1284.73
-1365.54
-1409.17
39.9793
36.2736
35.5408
32.2182
30.2926
27.3344
24.197
20.6539
16.6519
12.1497
7.11827
1.48123
-4.79163
-11.7532
-19.4606
-27.948
-37.3114
-47.6281
-58.884
-71.2009
-84.7042
-99.329
-115.163
-132.31
-150.932
-171.158
-193.148
-217.019
-242.765
-270.571
-300.685
-333.313
-368.614
-406.748
-447.929
-492.289
-540.027
-591.312
-646.286
-705.092
-767.835
-834.587
-905.433
-980.373
-1059.42
-1142.93
-1230.59
-1317.1
-1389.26
-1421.44
31.2136
28.3622
27.6703
24.4753
22.401
19.2572
15.9293
12.1153
7.75502
2.79711
-2.81661
-9.13577
-16.208
-24.1078
-32.8759
-42.5373
-53.1142
-64.7194
-77.4077
-91.1789
-106.11
-122.385
-140.019
-159.045
-179.579
-201.698
-225.455
-251.006
-278.643
-308.442
-340.456
-374.776
-411.593
-451.086
-493.378
-538.646
-586.968
-638.509
-693.389
-751.664
-813.374
-878.562
-947.196
-1019.28
-1094.9
-1174.26
-1256.88
-1337.64
-1402.69
-1425.25
22.5339
20.0678
19.628
16.8755
14.8386
11.5791
8.0672
3.97961
-0.741188
-6.14178
-12.286
-19.1966
-26.9614
-35.6282
-45.2678
-55.964
-67.7284
-80.6039
-94.6573
-109.992
-126.555
-144.37
-163.627
-184.352
-206.588
-230.471
-256.178
-283.699
-312.955
-344.18
-377.572
-413.289
-451.373
-491.9
-534.987
-580.72
-629.229
-680.5
-734.603
-791.632
-851.603
-914.5
-980.298
-1048.89
-1120.28
-1194.85
-1271.32
-1345.4
-1403.96
-1422.14
14.8709
12.6492
12.0459
9.45881
7.54863
4.41198
0.909395
-3.2814
-8.18189
-13.8754
-20.4204
-27.8798
-36.3283
-45.8043
-56.3329
-67.9768
-80.8113
-94.8854
-110.195
-126.801
-144.897
-164.432
-185.346
-207.738
-231.739
-257.324
-284.434
-313.321
-344.187
-376.97
-411.717
-448.492
-487.423
-528.602
-572.084
-617.868
-665.954
-716.504
-769.512
-824.91
-882.684
-942.811
-1005.23
-1069.77
-1136.18
-1204.94
-1273.45
-1337.27
-1384.48
-1401.56
7.31969
6.01596
5.55749
3.16702
1.28972
-1.81863
-5.28318
-9.49123
-14.5261
-20.4332
-27.2328
-35.0321
-43.9114
-53.9468
-65.2506
-77.8195
-91.6632
-106.89
-123.568
-141.613
-160.994
-181.89
-204.324
-228.284
-253.766
-280.883
-309.817
-340.343
-372.441
-406.323
-442.06
-479.708
-519.309
-560.865
-604.386
-649.966
-697.61
-747.163
-798.623
-851.974
-907.119
-964
-1022.49
-1082.43
-1143.67
-1205.02
-1263.28
-1312.5
-1342.22
-1355.69
0.441993
-0.434033
-0.516041
-2.36167
-3.96972
-6.78605
-10.1051
-14.2293
-19.1692
-25.0612
-32.0537
-40.1957
-49.5398
-60.1064
-71.9396
-85.2026
-99.9111
-116.064
-133.728
-153.035
-173.946
-196.329
-220.231
-245.723
-272.834
-301.439
-331.483
-363.244
-396.687
-431.721
-468.412
-506.801
-546.855
-588.635
-632.174
-677.32
-724.015
-772.328
-822.162
-873.371
-925.803
-979.285
-1033.63
-1088.36
-1143.71
-1197.07
-1244.39
-1278.51
-1291.38
-1299.66
-5.49623
-5.70502
-5.70934
-7.18346
-8.33109
-10.7337
-13.6225
-17.4539
-22.2085
-27.9864
-34.8232
-42.836
-52.2243
-63.2555
-75.6605
-89.5288
-105.002
-122.137
-140.88
-161.203
-183.269
-207.051
-232.405
-259.287
-287.7
-317.804
-349.533
-382.615
-417.175
-453.26
-490.798
-529.755
-570.225
-612.137
-655.409
-700.097
-746.134
-793.34
-841.55
-890.555
-940.164
-990.198
-1040.42
-1090.57
-1139.56
-1184.64
-1222.26
-1246.71
-1254.56
-1257.45
-11.0724
-10.485
-10.0965
-10.9734
-11.7353
-13.5104
-15.8097
-19.014
-23.2042
-28.5812
-35.4514
-43.6456
-52.7922
-63.413
-75.9956
-90.3219
-106.374
-124.258
-144.037
-165.589
-188.83
-213.821
-240.565
-269.078
-299.192
-330.654
-363.542
-397.966
-433.712
-470.76
-509.143
-548.85
-589.724
-631.753
-674.974
-719.239
-764.406
-810.366
-857.044
-904.235
-951.591
-998.822
-1045.51
-1091.61
-1135.2
-1173.57
-1202.86
-1219.17
-1228.83
-1228.93
-16.5467
-15.546
-14.3802
-14.2637
-14.2778
-15.3295
-16.8306
-19.27
-22.7258
-27.2786
-33.1809
-40.8329
-50.1965
-60.7259
-73.0936
-87.5511
-104.008
-122.411
-142.876
-165.425
-189.974
-216.386
-244.546
-274.346
-305.806
-338.968
-373.567
-409.368
-446.425
-484.701
-524.068
-564.415
-605.769
-648.141
-691.373
-735.381
-780.049
-825.295
-870.872
-916.501
-961.895
-1006.82
-1051.16
-1093.82
-1132.94
-1166.23
-1189.1
-1197.7
-1202.89
-1204.44
-21.5133
-19.7673
-18.4231
-17.7349
-16.7231
-16.6328
-17.035
-18.3299
-20.6837
-24.2212
-28.9479
-35.4048
-43.9174
-54.3267
-66.5826
-80.9412
-97.6106
-116.511
-137.613
-160.983
-186.572
-214.272
-243.996
-275.592
-308.832
-343.532
-379.625
-417.048
-455.626
-495.144
-535.571
-576.897
-619.045
-661.791
-705.138
-749.116
-793.634
-838.31
-883.031
-927.76
-972.31
-1016.2
-1058.51
-1098.07
-1133.22
-1160.44
-1176.08
-1183.86
-1184.04
-1186.43
-27.3502
-24.4368
-22.4206
-20.8779
-19.1542
-17.9336
-17.0246
-16.9047
-17.7661
-19.8851
-23.285
-28.1659
-35.2329
-44.7679
-56.5641
-70.6271
-87.1425
-106.315
-127.988
-152.121
-178.72
-207.68
-238.793
-271.931
-306.98
-343.742
-381.8
-421.014
-461.24
-502.408
-544.367
-586.896
-629.825
-673.323
-717.308
-761.547
-805.866
-850.425
-895.052
-939.407
-983.424
-1026.27
-1067.19
-1104.2
-1135.3
-1156.43
-1164.88
-1169.84
-1170.28
-1172.21
-33.8826
-30.4236
-27.6056
-24.9767
-22.0843
-19.6428
-17.2754
-15.4544
-14.4674
-14.6707
-16.3198
-19.5502
-25.0032
-33.0106
-43.5876
-56.8817
-72.9275
-91.8777
-113.872
-138.691
-166.261
-196.525
-229.292
-264.315
-301.263
-339.825
-380.033
-421.52
-463.959
-507.045
-550.564
-594.468
-638.836
-683.385
-727.934
-772.633
-817.656
-862.525
-907.085
-951.404
-995.225
-1037.92
-1077.3
-1111.7
-1137.15
-1150.49
-1157.71
-1158.33
-1159.84
-1161.03
-40.1397
-36.4685
-33.7352
-30.4594
-26.3395
-22.509
-18.5949
-14.9735
-11.8765
-9.74236
-9.08364
-10.2434
-13.5433
-19.4493
-28.3043
-40.3195
-55.5771
-73.985
-95.8005
-121.049
-149.497
-180.907
-215.085
-251.854
-291.012
-332.21
-374.851
-418.709
-463.471
-508.808
-554.556
-600.539
-646.361
-692.063
-737.799
-783.418
-828.663
-873.861
-919.056
-964.193
-1007.86
-1049.57
-1088.21
-1119.7
-1139.41
-1145.8
-1148.92
-1149.91
-1151.39
-1152.27
-46.5108
-42.5461
-40.3174
-36.8026
-32.2144
-27.2737
-21.6868
-16.0261
-10.5839
-5.811
-2.29517
-0.609217
-1.14858
-4.54256
-11.2496
-21.4755
-35.3894
-53.085
-74.4403
-99.5958
-128.537
-161.048
-196.826
-235.595
-276.914
-320.444
-365.791
-412.493
-460.184
-508.446
-556.8
-604.847
-652.616
-700.158
-747.186
-793.644
-839.894
-885.814
-931.343
-976.054
-1019.87
-1061.71
-1098.6
-1125.84
-1138.55
-1144.34
-1142.57
-1143.58
-1144.48
-1145.15
-53.8598
-49.6749
-47.7244
-43.997
-39.3333
-33.8028
-27.0503
-19.6305
-11.8269
-4.25018
2.44799
7.48412
10.1854
9.98693
6.36531
-1.17779
-12.9483
-29.1659
-49.8236
-74.7701
-103.919
-137.117
-174.138
-214.745
-258.595
-304.965
-353.408
-403.4
-454.372
-505.704
-557.037
-608.042
-658.391
-707.796
-756.387
-804.27
-851.255
-897.525
-943.393
-988.502
-1032.17
-1073.28
-1108.27
-1130.31
-1137.48
-1138.36
-1137.49
-1137.62
-1138.05
-1138.5
-60.6583
-57.0988
-55.7624
-52.4816
-48.1022
-42.4209
-34.8936
-26.0515
-15.9974
-5.46895
4.77356
13.8341
20.6069
24.2875
24.2253
19.8782
10.8202
-3.23498
-22.4797
-46.7606
-75.9349
-109.764
-148.001
-190.386
-236.554
-285.848
-337.524
-391.093
-445.763
-501.073
-556.177
-610.491
-663.534
-715.265
-765.791
-814.965
-863.02
-910.037
-955.507
-999.644
-1042.63
-1082.31
-1112.83
-1128.18
-1134.72
-1132.07
-1131.63
-1131.38
-1131.52
-1131.76
-67.3413
-63.0573
-63.4616
-61.2171
-57.6479
-52.6513
-45.218
-35.6846
-23.9974
-10.8564
2.79161
15.7898
27.2083
35.8529
40.6894
40.6789
35.1361
23.9305
6.78913
-16.1818
-44.8306
-78.8303
-117.944
-161.928
-210.53
-263.038
-318.502
-376.118
-435.232
-494.777
-553.962
-612.211
-668.893
-723.481
-776.056
-826.775
-875.791
-923.138
-968.274
-1010.82
-1051.94
-1088.46
-1112.47
-1122.37
-1124.68
-1124.67
-1124.5
-1124.54
-1124.71
-1124.79
-72.6605
-66.7928
-69.6226
-69.0688
-67.3854
-64.1126
-57.7065
-48.2499
-35.5787
-20.2736
-3.15008
14.2194
30.7228
44.8067
54.9041
59.9503
59.1025
51.5768
37.3321
16.2727
-11.3948
-45.4036
-85.1738
-130.658
-181.529
-237.201
-296.742
-358.952
-422.855
-487.282
-551.273
-614.087
-674.933
-732.857
-787.643
-839.927
-890.219
-938.3
-983.232
-1024.52
-1061.48
-1091.05
-1105.67
-1114.48
-1114.6
-1116.11
-1116.87
-1117.49
-1117.94
-1118.05
-77.7575
-69.785
-74.3238
-75.0553
-75.6826
-74.8783
-70.5983
-62.4756
-50.4305
-34.5638
-15.4707
6.13354
28.5767
49.4849
66.126
77.1216
81.342
78.2052
67.7882
49.5847
23.7068
-9.41526
-49.7441
-96.6386
-149.892
-209.151
-272.883
-340.099
-409.636
-479.594
-548.647
-616.637
-682.636
-744.775
-801.865
-855.723
-907.76
-955.739
-1000.84
-1043.81
-1074.28
-1091.11
-1101.29
-1103.2
-1105.4
-1107.37
-1109.17
-1110.61
-1111.63
-1111.99
-108.087
-77.2833
-79.8298
-80.7222
-82.622
-83.7589
-82.1856
-77.4101
-67.816
-52.4361
-31.8369
-6.03711
21.4084
48.4746
72.228
90.4648
101.332
103.791
97.3408
82.1667
58.2873
25.9675
-14.8135
-62.7377
-117.976
-180.848
-249.831
-322.372
-397.579
-473.405
-548.314
-622.263
-694.083
-760.759
-820.7
-876.641
-928.006
-973.032
-1011.95
-1046.73
-1080.12
-1089.13
-1092.98
-1093.4
-1096.06
-1098.93
-1101.83
-1104.4
-1106.26
-1106.88
152.769
148.298
146.285
145.047
144.443
144.279
144.362
144.769
145.534
146.652
148.14
149.99
152.192
154.728
157.591
160.782
164.294
168.143
172.311
176.779
181.511
186.438
191.442
196.84
202.575
208.303
213.91
219.464
225.067
230.541
235.768
240.601
244.877
248.53
251.305
252.877
252.963
251.302
247.57
241.352
232.18
219.544
202.916
181.794
155.355
122.863
83.9848
38.9876
-16.6887
-72.6475
149.937
145.653
144.2
142.909
142.112
141.725
141.628
141.853
142.467
143.441
144.752
146.399
148.365
150.639
153.208
156.072
159.223
162.661
166.363
170.307
174.47
178.869
183.321
187.658
192.15
196.804
201.506
205.898
210.183
214.184
217.762
220.784
223.04
224.415
224.761
223.747
221.035
216.347
209.361
199.646
186.707
170.009
149.02
123.462
92.1274
54.5599
10.5319
-39.9067
-99.2746
-157.694
146.3
142.048
141.179
139.927
139.122
138.645
138.462
138.632
139.166
140.041
141.247
142.761
144.562
146.656
148.976
151.568
154.406
157.475
160.734
164.165
167.731
171.393
175.17
178.849
182.33
185.702
189.273
192.246
195.311
197.688
199.448
200.491
200.603
199.61
197.352
193.532
187.834
179.955
169.555
156.193
139.399
118.67
93.5164
63.3141
27.5333
-14.4702
-62.9702
-117.45
-177.955
-235.024
142.244
137.938
137.565
136.209
135.43
134.968
134.786
134.943
135.486
136.336
137.481
138.913
140.602
142.53
144.679
147.042
149.592
152.303
155.116
158.007
160.951
163.953
166.973
169.725
172.184
174.471
176.632
178.34
179.627
180.272
180.146
179.098
176.968
173.549
168.631
161.931
153.156
142.022
128.172
111.186
90.6345
66.0314
36.9066
2.79998
-36.7078
-82.2292
-133.946
-190.581
-250.751
-304.495
137.605
133.318
133.385
131.774
131.084
130.648
130.506
130.72
131.239
132.05
133.139
134.486
136.062
137.837
139.785
141.882
144.106
146.419
148.762
151.093
153.358
155.5
157.59
159.508
161.074
162.176
162.803
163
162.623
161.419
159.295
156.105
151.664
145.771
138.188
128.661
116.905
102.61
85.4591
65.0808
41.0933
13.0879
-19.3257
-56.4312
-98.5718
-146.313
-199.642
-256.969
-315.821
-364.801
132.706
128.004
128.401
126.535
125.98
125.635
125.514
125.713
126.222
126.968
127.955
129.173
130.578
132.137
133.83
135.61
137.438
139.278
141.069
142.759
144.302
145.663
146.77
147.548
147.941
147.912
147.23
145.782
143.612
140.593
136.488
131.138
124.397
116.066
105.916
93.6862
79.1212
61.9644
41.8984
18.6022
-8.21535
-38.8514
-73.5644
-112.586
-156.221
-204.798
-258.4
-315.307
-371.692
-414.471
127.235
122.433
122.756
120.744
120.235
119.849
119.753
119.923
120.329
120.971
121.82
122.844
124
125.273
126.625
127.994
129.333
130.611
131.773
132.759
133.487
133.88
133.968
133.699
132.917
131.461
129.269
126.324
122.457
117.53
111.455
104.044
95.1019
84.461
71.9236
57.2757
40.272
20.6566
-1.78858
-27.306
-56.1222
-88.4321
-124.437
-164.319
-208.294
-256.645
-309.237
-364.423
-417.327
-452.605
121.279
116.458
116.406
114.313
113.815
113.393
113.203
113.292
113.588
114.06
114.702
115.47
116.33
117.247
118.171
119.051
119.836
120.467
120.898
121.081
120.949
120.451
119.449
117.829
115.652
112.871
109.282
104.697
99.0996
92.3905
84.3936
74.9935
64.0399
51.3438
36.7356
20.0224
1.02166
-20.4355
-44.5569
-71.5153
-101.452
-134.52
-170.833
-210.541
-253.872
-301.102
-351.89
-404.3
-452.539
-479.792
113.828
109.523
109.26
107.189
106.669
106.122
105.845
105.804
105.97
106.265
106.673
107.148
107.648
108.146
108.582
108.9
109.059
108.993
108.643
107.961
106.856
105.216
103.109
100.429
96.9944
92.6473
87.4113
81.299
74.0847
65.619
55.8532
44.6561
31.8939
17.4343
1.12451
-17.1637
-37.583
-60.2953
-85.4018
-113.029
-143.301
-176.288
-212.088
-250.791
-292.534
-337.72
-386.092
-434.869
-477.676
-497.384
105.249
101.473
101.228
99.1607
98.6747
98.098
97.6971
97.5219
97.5335
97.6079
97.7357
97.887
98.0069
98.0583
97.98
97.7222
97.2285
96.4312
95.2597
93.6884
91.6691
89.0842
85.7432
81.6111
76.7539
71.1502
64.5524
56.8069
47.97
37.9436
26.5775
13.8061
-0.468277
-16.3491
-33.9252
-53.3267
-74.6488
-97.9714
-123.419
-151.053
-180.932
-213.143
-247.685
-284.63
-324.153
-366.438
-411.33
-456.184
-494.241
-508.703
95.4377
92.1891
92.0522
90.3012
89.8216
89.153
88.7011
88.4163
88.2357
88.1054
87.9547
87.7507
87.4799
87.0832
86.4832
85.6317
84.4763
82.9512
81.0042
78.5423
75.4848
71.781
67.4316
62.3123
56.2443
49.1194
40.9961
31.9014
21.6339
10.1325
-2.61431
-16.6923
-32.1629
-49.0958
-67.5731
-87.6314
-109.343
-132.789
-158.016
-185.083
-213.992
-244.76
-277.463
-312.062
-348.571
-387.395
-427.716
-467.638
-501.022
-513.832
84.7926
82.0286
81.9731
80.4203
80.0627
79.414
78.8785
78.4433
78.0784
77.7414
77.2993
76.7814
76.1373
75.2962
74.2252
72.8573
71.1031
68.8912
66.1591
62.9032
59.0346
54.4093
48.8964
42.4513
35.1241
26.9361
17.6672
7.19973
-4.36936
-17.0804
-30.9951
-46.1297
-62.5251
-80.203
-99.1714
-119.505
-141.224
-164.339
-188.89
-214.883
-242.314
-271.16
-301.398
-333.131
-366.27
-400.672
-435.094
-467.395
-491.609
-503.486
73.4387
71.0455
71.1974
69.8564
69.4749
68.7528
68.1869
67.6552
67.099
66.578
65.9749
65.1581
64.1595
62.956
61.4427
59.5536
57.2532
54.4797
51.1439
47.133
42.3469
36.7739
30.4056
23.1551
14.8511
5.34943
-5.19646
-16.7298
-29.3944
-43.1925
-58.0795
-74.049
-91.0908
-109.208
-128.433
-148.732
-170.105
-192.532
-216.022
-240.597
-266.188
-292.714
-320.108
-348.264
-377.611
-406.768
-433.905
-455.38
-466.553
-475.5
61.4402
59.4175
59.6471
58.4488
58.2144
57.4627
56.8296
56.2222
55.5158
54.7383
53.9522
52.9459
51.6979
50.1843
48.3523
46.1328
43.4186
40.1422
36.2826
31.6468
26.2544
19.9968
12.705
4.35804
-4.95939
-15.2086
-26.6219
-39.2499
-52.9245
-67.6222
-83.3303
-99.9901
-117.564
-135.997
-155.207
-175.22
-196.025
-217.587
-239.804
-262.644
-286.114
-310.05
-334.29
-358.907
-383.287
-406.391
-426.725
-441.479
-447.084
-450.71
48.3797
47.057
47.526
46.5655
46.326
45.5997
44.9352
44.2702
43.5152
42.5849
41.6024
40.4548
39.0719
37.3429
35.2648
32.7517
29.7482
26.1679
21.8913
16.8682
10.9529
4.05865
-3.85004
-12.7394
-22.774
-34.1039
-46.5321
-59.9837
-74.5413
-90.1211
-106.594
-123.887
-141.876
-160.48
-179.681
-199.36
-219.455
-239.914
-260.741
-281.847
-303.107
-324.47
-345.762
-366.833
-386.918
-405.032
-419.342
-428.414
-435.683
-436.675
34.9786
34.3774
34.9506
34.1451
34.089
33.3466
32.6543
31.9039
31.0547
30.0536
28.9046
27.675
26.237
24.5013
22.4127
19.884
16.8152
13.0905
8.59814
3.32778
-2.88463
-10.1619
-18.5484
-28.2211
-39.0029
-50.8218
-63.9217
-78.3275
-93.8009
-110.24
-127.529
-145.482
-163.992
-182.899
-202.034
-221.364
-240.836
-260.374
-279.831
-299.183
-318.441
-337.437
-356.077
-373.909
-390.557
-405.167
-416.016
-421.218
-424.766
-426.001
21.2709
21.6706
22.3644
21.722
21.5989
20.8179
20.1114
19.2843
18.383
17.3585
16.1941
14.9626
13.5323
11.8516
9.81968
7.36056
4.37336
0.76918
-3.58516
-8.85993
-15.1181
-22.4843
-31.0983
-40.9714
-52.2092
-64.9151
-78.8705
-93.9926
-110.367
-127.804
-146.052
-164.936
-184.14
-203.491
-222.871
-242.075
-260.982
-279.601
-297.925
-315.834
-333.293
-350.184
-366.328
-381.605
-395.43
-406.578
-413.633
-418.776
-419.41
-420.411
7.63289
8.90504
9.71735
9.24994
9.16259
8.27607
7.48401
6.56141
5.53038
4.45671
3.20614
2.00852
0.750838
-0.67307
-2.36965
-4.42956
-6.98032
-10.1967
-14.2215
-19.2007
-25.2346
-32.4615
-41.1109
-51.2682
-62.8369
-75.7991
-90.3867
-106.54
-123.961
-142.525
-162.008
-182.013
-202.309
-222.518
-242.374
-261.761
-280.571
-298.671
-316.082
-332.873
-348.68
-363.211
-377.065
-389.864
-400.712
-408.667
-413.695
-416.186
-416.946
-417.301
-4.9076
-3.06107
-2.42755
-2.95479
-3.12722
-4.13826
-5.11013
-6.22225
-7.40818
-8.55276
-9.62784
-10.8848
-12.0657
-13.1881
-14.4892
-16.0426
-18.003
-20.5184
-23.7865
-28.012
-33.4063
-40.0915
-48.2706
-58.116
-69.8123
-83.3876
-98.5656
-115.351
-133.893
-153.898
-174.978
-196.784
-218.729
-240.409
-261.414
-281.431
-300.284
-318.134
-335.124
-350.845
-364.616
-377.179
-388.745
-398.733
-406.167
-410.968
-414.268
-415.617
-416.29
-416.28
-16.0224
-13.5208
-13.6816
-14.358
-14.8998
-16.3221
-17.6247
-19.0596
-20.5437
-21.9536
-23.1989
-24.2172
-25.093
-25.9258
-26.6395
-27.3955
-28.4081
-29.8677
-32.0518
-35.1548
-39.4838
-45.2689
-52.7989
-62.3095
-73.6669
-86.9372
-102.666
-120.421
-140.128
-161.69
-184.754
-208.721
-233.005
-256.867
-279.685
-301.081
-321.009
-339.16
-355.584
-369.977
-382.278
-392.991
-401.47
-407.219
-410.889
-413.564
-415.204
-416.596
-417.271
-417.199
-26.1034
-23.6069
-24.1614
-24.9869
-26.0077
-27.8401
-29.6191
-31.5859
-33.5503
-35.3058
-36.7535
-37.9216
-38.7739
-39.2055
-39.4113
-39.4285
-39.3707
-39.5858
-40.2742
-41.7669
-44.4173
-48.5631
-54.4675
-62.5509
-73.455
-86.8492
-102.431
-120.515
-141.55
-164.834
-190.335
-217.304
-244.932
-272.265
-298.2
-321.919
-342.911
-361.633
-377.997
-391.334
-402.539
-410.725
-415.021
-416.396
-416.625
-417.034
-418.018
-419.448
-420.305
-420.455
-33.8976
-32.1618
-33.1185
-34.4752
-36.1134
-38.74
-41.3308
-44.0828
-46.7106
-49.1635
-51.1554
-52.5546
-53.4093
-53.6414
-53.2192
-52.2813
-50.98
-49.5633
-48.3818
-47.8439
-48.3212
-50.3229
-54.3602
-60.8848
-69.8021
-81.8916
-97.3525
-115.904
-137.756
-163.036
-191.119
-221.56
-253.414
-285.315
-315.714
-343.257
-367.407
-387.29
-402.786
-415.409
-425.018
-429.783
-430.466
-428.804
-426.671
-425.194
-424.679
-424.773
-424.989
-425.342
-38.6532
-38.5271
-40.0337
-42.2713
-44.6637
-48.3078
-51.7322
-55.5089
-59.2764
-62.6522
-65.5883
-67.7224
-68.944
-69.2403
-68.5648
-66.9783
-64.4911
-61.4481
-58.2744
-55.3217
-53.1064
-52.2129
-53.2515
-56.6827
-63.0767
-73.4675
-87.9602
-106.458
-128.492
-155.024
-185.798
-220.273
-257.26
-295.33
-332.593
-366.711
-394.823
-415.97
-431.208
-442.109
-448.136
-449.366
-447.872
-444.844
-441.367
-437.63
-434.54
-432.125
-430.956
-431.121
-39.9273
-42.0872
-44.277
-47.6745
-51.5409
-56.4554
-60.9623
-66.2466
-71.4233
-76.0827
-80.1804
-83.6695
-85.9049
-86.6883
-85.9668
-83.8213
-80.2688
-75.4918
-69.947
-64.1992
-58.7582
-54.2981
-51.706
-51.8999
-55.2056
-62.22
-73.7966
-91.0864
-113.374
-140.824
-173.875
-211.852
-254.451
-300.145
-346.51
-389.822
-425.412
-449.959
-463.993
-469.674
-469.785
-467.963
-464.577
-460.654
-455.945
-450.67
-444.579
-438.915
-435.259
-434.366
-39.2658
-42.8862
-46.3448
-51.0492
-56.0707
-62.2398
-68.3019
-75.299
-82.0763
-88.6069
-94.6052
-99.548
-103.18
-105.16
-105.211
-103.321
-99.1838
-93.1318
-85.5059
-76.9075
-67.9176
-59.3232
-52.0756
-47.2858
-45.9734
-49.0292
-57.3228
-71.8574
-92.3614
-119.276
-153.635
-195.503
-244.017
-297.812
-355.562
-412.498
-459.564
-489.908
-500.955
-496.631
-489.653
-483.147
-477.376
-471.557
-465.045
-457.681
-449.327
-440.621
-434.018
-431.32
-36.702
-41.8851
-45.9583
-51.8733
-58.0382
-65.4131
-73.328
-82.0673
-90.9089
-99.8101
-108.129
-115.434
-121.491
-125.602
-127.108
-125.777
-121.684
-114.601
-104.978
-93.3784
-80.5805
-67.3898
-54.8602
-44.6729
-37.9784
-35.5384
-38.4544
-48.4906
-66.2965
-91.9139
-125.946
-169.353
-222.063
-284.061
-353.863
-427.923
-492.52
-534.21
-542.236
-525.294
-507.171
-495.658
-486.01
-477.261
-468.166
-458.666
-447.357
-435.461
-426.499
-421.225
-34.0129
-38.8344
-43.6215
-50.4328
-57.5543
-66.1543
-75.5641
-85.9854
-97.1951
-108.914
-119.972
-130.193
-138.984
-145.952
-150.072
-150.344
-147.505
-140.479
-129.694
-115.615
-99.2755
-81.5284
-63.4145
-46.2954
-32.3343
-22.9211
-19.3943
-23.3063
-35.9539
-57.3907
-89.092
-132.767
-188.939
-258.007
-342.273
-435.851
-524.557
-580.785
-582.867
-556.067
-528.155
-511.582
-500.067
-489.36
-477.536
-463.49
-447.292
-431.25
-419.66
-413.463
-31.2236
-34.7621
-39.9128
-47.0648
-54.7438
-64.4314
-75.1619
-87.1856
-100.277
-115.286
-129.469
-143.009
-155.292
-165.786
-173.764
-177.994
-177.128
-170.888
-159.515
-143.456
-123.628
-101.235
-77.4754
-53.7064
-31.783
-13.7839
-1.55752
2.89537
-2.57402
-18.5904
-46.5095
-88.1773
-145.101
-218.954
-312.1
-421.48
-532.815
-606.202
-612.634
-579.425
-553.144
-535.858
-524.043
-512.685
-499.387
-482.542
-463.195
-443.825
-429.143
-420.833
-33.438
-29.827
-35.5772
-42.4206
-50.3515
-60.5579
-72.2068
-85.6191
-100.69
-117.709
-135.467
-152.722
-168.727
-183.701
-196.702
-205.714
-208.581
-204.626
-193.893
-177.634
-156.062
-129.986
-99.8755
-68.4
-37.4428
-9.81847
12.0234
25.985
29.6059
22.1896
2.36994
-33.8993
-89.8986
-167.598
-268.686
-390.866
-516.268
-595.743
-614.967
-591.939
-572.346
-559.952
-551.726
-542.582
-530.152
-513.428
-493.045
-472.079
-456.633
-448.5
-53.3909
-27.6078
-31.4243
-37.4121
-45.6505
-56.3869
-68.578
-82.3712
-99.0621
-118.058
-138.325
-159.149
-179.18
-198.658
-217.851
-233.139
-240.89
-240.477
-231.284
-216.147
-195.263
-166.206
-130.162
-90.6055
-50.5197
-12.7597
19.9726
45.2894
60.0536
62.9396
52.419
22.5379
-31.6177
-109.2
-211.292
-330.629
-457.885
-540.665
-575.189
-581.674
-580.322
-578.469
-575.563
-571.62
-563.786
-551.056
-534.48
-515.623
-501.344
-494.291
-36.9428
-19.9238
-24.7472
-31.3696
-40.2541
-51.3681
-64.4063
-79.3977
-96.7459
-118.086
-142.219
-167.936
-194.238
-219.205
-243.907
-266.42
-281.845
-287.154
-281.17
-263.919
-239.079
-206.21
-165.119
-117.719
-69.0906
-20.4695
24.2108
62.2168
89.6638
102.468
101.146
79.0563
25.1718
-64.7336
-187.284
-314.284
-431.049
-511.15
-554.639
-577.337
-588.885
-596.963
-601.37
-601.129
-597.473
-589.736
-578.686
-566.197
-558.924
-558.023
-24.0207
-20.896
-24.0824
-30.9913
-41.0013
-52.454
-66.6077
-85.247
-106.302
-132.255
-161.558
-192.043
-222.973
-254.421
-287.19
-315.911
-333.391
-337.287
-328.094
-306.943
-277.147
-236.283
-183.369
-123.431
-62.217
-2.02837
52.9346
97.3629
127.986
136.77
122.866
81.3013
7.77991
-92.7384
-215.53
-337.267
-437.082
-510.38
-557.676
-588.137
-608.6
-623.194
-631.747
-636.212
-635.744
-631.861
-626.124
-620.705
-621.588
-628.69
-17.6916
-21.8755
-26.4719
-34.6736
-45.9567
-60.5633
-79.5227
-102.331
-129.084
-159.637
-194.186
-230.685
-270.482
-312.853
-350.245
-378.811
-395.01
-395.549
-384.565
-359.876
-318.209
-258.504
-186.006
-107.902
-31.9292
35.2396
91.4407
130.209
146.787
139.271
105.455
41.6877
-49.3558
-157.808
-270.37
-376.012
-462.478
-528.807
-575.683
-608.633
-632.172
-648.577
-662.996
-672.002
-675.7
-676.243
-675.85
-677.234
-685.829
-698.203
-14.8712
-22.0493
-30.2683
-42.0333
-56.0788
-73.702
-97.1794
-125.898
-160.633
-198.134
-240.806
-290.938
-342.299
-389.51
-431.628
-460.372
-481.068
-486.932
-470.461
-427.166
-358.254
-273.175
-180.838
-87.4002
-1.61616
67.808
115.672
138.178
134.012
104.294
49.4962
-32.2087
-129.788
-234.878
-336.377
-430.183
-507.485
-567.329
-611.63
-643.51
-666.643
-685.528
-701.112
-712.131
-719.367
-724.508
-729.557
-737.5
-751.223
-771.356
-12.7544
-21.2093
-31.695
-45.9739
-64.3002
-89.3753
-120.193
-155.463
-196.678
-247.337
-306.163
-367.531
-430.81
-488.104
-541.343
-588.605
-614.04
-611.088
-569.734
-495.498
-395.271
-279.049
-166.184
-67.8711
13.7745
70.8228
102.5
105.669
80.3899
29.6646
-43.3022
-128.855
-226.457
-325.411
-419.298
-498.897
-564.647
-615.357
-654.416
-683.905
-706.709
-725.934
-742.388
-755.424
-766.264
-775.971
-786.697
-801.148
-819.643
-841.369
-8.99313
-19.5565
-33.6252
-51.502
-74.2642
-103.98
-141.259
-189.505
-246.757
-309.678
-382.595
-463.889
-548.09
-636.262
-709.073
-760.324
-775.961
-748.889
-670.864
-553.8
-422.419
-294.795
-174.852
-74.3074
-1.34591
41.8553
55.8593
39.869
-3.44628
-68.9972
-150.296
-241.101
-335.407
-425.522
-506.404
-574.303
-628.874
-672.077
-705.358
-731.214
-752.154
-770.548
-787.031
-801.417
-814.741
-827.513
-843.525
-863.155
-886.497
-907.829
-4.27957
-15.6352
-31.7992
-54.123
-84.3069
-124.301
-173.91
-232.557
-301.134
-386.193
-487.79
-606.4
-730.862
-839.506
-921.212
-964.49
-954.029
-892.453
-783.105
-640.143
-484.61
-337.915
-215.174
-117.706
-52.9347
-25.9583
-30.8167
-63.0835
-121.25
-196.411
-281.828
-371.015
-457.584
-536.014
-603.602
-658.874
-702.837
-737.21
-763.83
-784.88
-802.403
-818.525
-833.95
-848.947
-864.215
-877.263
-898.672
-923.426
-951.886
-972.614
0.385752
-13.6996
-33.6716
-61.0173
-96.4189
-143.347
-204.931
-285.286
-382.005
-494.247
-639.123
-812.495
-972.585
-1092.03
-1172.79
-1205.86
-1176.28
-1087.66
-948.318
-773.643
-589.581
-422.187
-292.469
-200.983
-149.681
-138.606
-162.056
-208.279
-277.104
-356.94
-440.009
-520.708
-594.341
-657.826
-710.324
-752.179
-784.668
-809.441
-828.424
-843.51
-856.491
-869.224
-882.478
-897.067
-909.926
-929.314
-953.613
-983.029
-1014.58
-1034
9.42029
-6.99822
-30.8098
-64.7493
-112.002
-175.501
-255.069
-350.592
-478.85
-651.476
-860.999
-1080.08
-1269.18
-1408.95
-1499.54
-1518.71
-1458.8
-1337.31
-1162.07
-946.98
-725.361
-542.501
-411.497
-330.293
-296.339
-301.959
-339.435
-398.711
-470.318
-546.948
-621.746
-688.814
-745.181
-790.408
-826.381
-853.748
-873.765
-888.113
-898.56
-906.775
-914.263
-922.525
-932.333
-944.071
-959.064
-980.353
-1006.96
-1039.08
-1070.31
-1087.54
22.9853
3.03694
-26.5159
-68.0019
-123.523
-199.667
-304.825
-450.239
-634.417
-864.494
-1135.83
-1406.13
-1633.07
-1801.81
-1890.12
-1873.9
-1765.39
-1590.39
-1364.86
-1111.3
-877.587
-692.808
-572.399
-509.013
-491.059
-512.164
-559.554
-622.43
-692.042
-758.906
-817.545
-865.274
-901.875
-927.705
-948.617
-961.042
-967.923
-971.308
-972.817
-973.835
-975.551
-979.111
-985.523
-994.478
-1009.18
-1030.83
-1058.35
-1089.69
-1117.95
-1132.51
37.3712
14.6934
-19.2382
-68.8473
-141.883
-244.433
-380.743
-566.829
-818.898
-1130.74
-1466.65
-1786.56
-2045.01
-2204.18
-2225.02
-2135.78
-1981.75
-1773.8
-1527.13
-1270.4
-1040.91
-869.863
-769.642
-723.163
-722.286
-754.577
-807.952
-869.104
-927.959
-978.596
-1017.99
-1045.74
-1063.45
-1074.67
-1074.96
-1071.24
-1064.77
-1057.11
-1049.65
-1043.49
-1039.53
-1038.52
-1041.3
-1048.37
-1061.43
-1081.47
-1107.66
-1135.45
-1159.74
-1171.68
49.8765
22.3824
-20.0249
-79.958
-161.636
-285.082
-475.142
-722.412
-1038.33
-1415.63
-1810.39
-2160.05
-2395.75
-2477.81
-2436.81
-2313.18
-2130.75
-1908.27
-1659.67
-1413.64
-1204.8
-1060.87
-980.13
-953.838
-969.701
-1013.14
-1069.71
-1126.57
-1173.03
-1204.91
-1222.08
-1226.86
-1222.28
-1213.09
-1197.53
-1179.18
-1160.19
-1142.2
-1126.36
-1113.5
-1104.19
-1098.87
-1098.16
-1102.58
-1113.21
-1130.41
-1153.19
-1176.77
-1197.25
-1207.15
55.9252
26.2202
-19.2466
-89.5688
-195.801
-352.346
-578.517
-868.3
-1242.53
-1670.1
-2091.33
-2431.65
-2623.97
-2650.21
-2569.75
-2420.56
-2221.23
-1985.37
-1738.21
-1510.12
-1333.18
-1230.49
-1177.2
-1176.7
-1212.56
-1269.75
-1331.39
-1383.02
-1415.89
-1427.63
-1421.43
-1402.87
-1378.78
-1346.61
-1313.17
-1280.34
-1249.57
-1221.99
-1198.4
-1179.32
-1165.03
-1155.64
-1151.44
-1152.87
-1160.48
-1174.27
-1192.85
-1212.53
-1229.98
-1238.62
54.6329
18.9104
-32.7094
-107.984
-216.963
-390.971
-653.119
-996.759
-1387.17
-1820.92
-2233.12
-2547.84
-2710.71
-2718.58
-2611.69
-2437.15
-2211.48
-1960.76
-1729.06
-1536.54
-1403.7
-1331.43
-1316.7
-1350.84
-1414.74
-1490.86
-1562.24
-1612.52
-1633.04
-1626.14
-1598.6
-1558.13
-1511.36
-1461.7
-1413.11
-1367.87
-1327.16
-1291.58
-1261.51
-1237.15
-1218.53
-1205.24
-1197.84
-1196.32
-1200.58
-1210.69
-1225.38
-1241.76
-1256.89
-1264.57
14.8081
-2.40427
-51.1796
-133.334
-257.007
-431.569
-685.364
-1032.77
-1420.69
-1835.27
-2231.43
-2522.57
-2660.61
-2638.38
-2509.79
-2308.82
-2069.19
-1830.05
-1621.94
-1467.34
-1377.8
-1342.79
-1369.37
-1437.94
-1530.87
-1631.64
-1719.16
-1772.54
-1785.77
-1766.07
-1724.38
-1669.62
-1607.96
-1546.59
-1488.08
-1434.55
-1386.99
-1345.75
-1310.99
-1282.68
-1260.69
-1244.73
-1234.64
-1230.41
-1231.68
-1238.57
-1249.92
-1263.59
-1276.84
-1283.58
-70.0581
-96.6233
-123.908
-173.262
-287.133
-450.661
-698.093
-1012.95
-1349.61
-1701.69
-2032.21
-2266.39
-2362.56
-2334.55
-2212.36
-2025.1
-1811.5
-1606.18
-1425.16
-1303.56
-1247.93
-1256.88
-1317.66
-1421.93
-1547.15
-1676.96
-1781.69
-1838.63
-1845.85
-1819.48
-1774
-1717.08
-1654.52
-1591.2
-1530.64
-1474.78
-1424.79
-1381.16
-1344.09
-1313.58
-1289.5
-1271.96
-1260.37
-1253.79
-1252.58
-1256.75
-1265.43
-1277.01
-1288.68
-1294.81
-166.873
-197.605
-234.785
-291.541
-367.069
-480.348
-667.503
-920.573
-1176.82
-1441.47
-1672.03
-1836.89
-1914.61
-1903.27
-1804.67
-1652.24
-1475.49
-1299.51
-1151.12
-1057.45
-1039.19
-1084.46
-1183.98
-1321.55
-1480.66
-1641.79
-1767.2
-1828.03
-1830.62
-1802.44
-1760.99
-1710.49
-1654.11
-1596.65
-1540.69
-1487.77
-1439.39
-1396.52
-1359.62
-1328.91
-1304.36
-1285.84
-1273.19
-1265.43
-1262.4
-1264.56
-1271.42
-1281.51
-1291.92
-1297.6
-239.908
-296.412
-356.578
-419.663
-493.203
-575.729
-678.493
-820.377
-977.175
-1145.18
-1290.95
-1399.18
-1449.67
-1428.34
-1349.42
-1231.01
-1090.09
-950.005
-838.255
-782.555
-795.693
-864.642
-987.416
-1151.01
-1341.8
-1531.7
-1679.66
-1750.25
-1756.32
-1733.82
-1703.14
-1664.59
-1619.6
-1571.89
-1523.77
-1477.23
-1433.38
-1393.57
-1358.62
-1329.04
-1304.98
-1286.28
-1273.01
-1264.88
-1261.26
-1262.23
-1268.04
-1277.23
-1286.55
-1291.93
-282.334
-364.966
-458.656
-555.229
-632.208
-692.943
-738.981
-775.118
-815.561
-865.394
-914.714
-951.877
-963.206
-946.502
-892.867
-811.433
-715.627
-621.553
-543.915
-524.91
-556.937
-637.384
-767.99
-946.673
-1153.44
-1356.47
-1524.04
-1615.31
-1640.6
-1634.09
-1619.38
-1595.83
-1563.54
-1526.27
-1487.53
-1448.46
-1410.67
-1375.4
-1343.67
-1316.26
-1293.55
-1275.6
-1262.52
-1254.48
-1250.71
-1250.93
-1256.29
-1264.9
-1273.25
-1278.57
-278.978
-372.465
-482.85
-618.9
-752.137
-836.807
-831.532
-781.944
-715.888
-635.332
-594.252
-571.506
-554.154
-532.722
-493.038
-441.218
-383.399
-332.474
-279.506
-298.701
-350.679
-440.627
-578.004
-751.091
-944.595
-1149.75
-1335.72
-1461.76
-1520.13
-1534.94
-1533.54
-1521.71
-1499.6
-1471.14
-1439.97
-1407.85
-1375.87
-1345.5
-1317.57
-1293.01
-1272.39
-1255.95
-1243.85
-1236.29
-1232.48
-1232.83
-1238.14
-1246.14
-1253.69
-1259.22
-248.348
-325.251
-425.708
-559.07
-722.23
-877.815
-931.009
-837.205
-668.412
-466.033
-337.491
-259.901
-216.793
-188.808
-161.146
-129.696
-98.8912
-76.2633
-82.787
-123.723
-196.873
-300.078
-420.325
-564.838
-743.622
-947.991
-1144.96
-1302.93
-1400.78
-1445.2
-1457.43
-1452.9
-1437.14
-1414.44
-1388.86
-1361.52
-1334.25
-1308.04
-1283.78
-1262.08
-1243.78
-1229.19
-1218.49
-1211.81
-1208.67
-1209.91
-1215.61
-1223.38
-1230.25
-1236.11
-200.378
-264.524
-346.798
-444.97
-571.179
-715.73
-835.806
-873.667
-673.404
-372.64
-154.583
-21.9737
43.5923
73.1636
92.1234
108.714
116.588
102.298
59.786
-6.18439
-89.3046
-181.602
-283.884
-412.973
-574.615
-765.049
-956.358
-1121.17
-1248.88
-1335.6
-1376.17
-1385.89
-1378.24
-1360.21
-1338.19
-1314.66
-1290.72
-1267.67
-1246.3
-1227.12
-1210.84
-1197.96
-1188.76
-1183.31
-1181.42
-1184.27
-1191.03
-1199.07
-1205.5
-1211.1
-163.697
-205.218
-266.782
-343.221
-416.753
-505.687
-609.986
-670.733
-593.177
-362.144
-89.5493
91.9598
182.746
218.564
239.483
254.317
237.506
197.183
142.864
76.0725
0.0396666
-85.7605
-188.109
-305.845
-441.104
-600.364
-774.758
-944.323
-1082.43
-1189.68
-1269.85
-1313.94
-1320.88
-1309.97
-1290.71
-1269.4
-1248.28
-1227.74
-1208.75
-1191.7
-1177.04
-1165.55
-1157.63
-1153.54
-1153.4
-1158.13
-1166.32
-1175.34
-1181.77
-1186.23
-137.962
-166.395
-203.842
-245.76
-295.792
-354.881
-410.373
-451.023
-418.886
-296.07
-115.866
64.2326
177.093
235.675
267.389
272.107
262.217
236.211
188.851
129.912
58.8216
-24.0132
-117.356
-220.33
-338.699
-476.804
-631.336
-786.878
-927.294
-1043.67
-1140.16
-1213.01
-1253.73
-1260.04
-1246.55
-1227.29
-1208.74
-1190.49
-1173.73
-1158.73
-1145.43
-1135.04
-1128.14
-1125.29
-1126.94
-1133.49
-1143.27
-1153.49
-1160.24
-1163.52
-117.151
-139.67
-166.192
-191.843
-221.769
-246.193
-270.777
-294.318
-277.95
-200.18
-73.5366
45.4326
133.918
196.811
242.604
263.952
262.044
241.281
204.827
154.66
92.4692
19.3801
-65.3864
-161.706
-269.272
-388.293
-518.956
-654.082
-787.165
-907.498
-1010.69
-1093.87
-1156.7
-1195.66
-1204.17
-1192.16
-1175.59
-1158.79
-1143.81
-1130.29
-1118.67
-1109.37
-1103.32
-1101.38
-1104.33
-1112.23
-1123.21
-1134.13
-1141.02
-1143.58
-102.035
-117.01
-136.018
-157.172
-173.837
-188.628
-205.272
-206.968
-185.77
-131.932
-50.9876
36.5359
108.169
164.547
207.847
233.82
240.708
229.001
201.441
159.95
105.901
40.491
-34.5843
-117.941
-210.576
-314.834
-428.856
-547.139
-665.112
-781.505
-887.875
-977.034
-1049.71
-1107.01
-1143.81
-1158.61
-1150.38
-1137.22
-1122.51
-1110.07
-1099.51
-1091.4
-1086.08
-1084.61
-1087.94
-1096.14
-1107.2
-1117.98
-1124.59
-1126.67
-91.3002
-101.452
-112.423
-124.734
-136.089
-148.527
-156.559
-158.97
-144.959
-105.063
-44.9575
20.9519
80.1267
130.396
170.794
198.233
209.416
204.191
184.412
152.284
108.881
55.2283
-8.21548
-81.1517
-162.328
-252.603
-352.132
-457.059
-563.648
-670.002
-771.86
-865.338
-946.987
-1014.39
-1066.91
-1101.63
-1122.95
-1123.02
-1111.85
-1098.53
-1088.75
-1081.94
-1077.71
-1076.48
-1079.3
-1086.45
-1096.18
-1106.1
-1111.78
-1113.58
-84.0187
-89.4168
-95.7095
-104.096
-112.996
-119.911
-124.947
-126.469
-116.85
-90.9046
-48.0189
1.10301
51.2045
96.1563
133.319
160.601
175.005
176.804
166.507
144.423
110.317
65.253
10.7746
-51.6272
-121.368
-199.999
-288.253
-383.347
-481.126
-578.523
-673.128
-764.001
-850.922
-926.206
-985.35
-1032.71
-1070.91
-1098.4
-1105.03
-1094.98
-1086
-1080.04
-1076.71
-1076.1
-1078.22
-1083.53
-1090.89
-1099.13
-1103.8
-1105.35
-83.0381
-80.4616
-83.4518
-90.9715
-99.8015
-104.554
-108.35
-108.281
-101.1
-82.5122
-52.652
-15.9043
24.9196
64.0744
99.5119
126.644
144.944
152.608
148.591
132.647
105.9
69.3892
23.6309
-30.8523
-93.0345
-163.738
-243.984
-330.738
-420.247
-511.442
-600.811
-686.278
-768.835
-846.399
-911.277
-963.933
-1011.63
-1054.24
-1083.35
-1094.69
-1089.49
-1084.25
-1080.14
-1080.06
-1082.15
-1086.14
-1091.43
-1097.15
-1100.89
-1102.23
-92.2859
-75.3375
-78.5176
-83.6202
-88.9925
-92.7776
-95.2729
-93.989
-87.1469
-71.8624
-49.1142
-20.0405
12.845
46.1535
77.2208
103.082
121.259
129.282
126.488
113.473
90.5232
57.8418
16.1609
-33.5689
-90.714
-156.622
-231.181
-310.437
-392.236
-475.596
-558.834
-639.397
-716.549
-788.814
-853.909
-910.059
-959.6
-1006.48
-1047.93
-1077.49
-1093.59
-1097.58
-1089.57
-1087.36
-1088.66
-1091.77
-1095.64
-1099.5
-1102.24
-1103.29
152.853
149.127
147.322
146.572
146.357
146.444
146.775
147.424
148.402
149.769
151.545
153.698
156.231
159.114
162.338
165.935
169.894
174.227
178.912
183.919
189.202
194.746
200.639
207.01
213.567
220.138
226.754
233.485
240.308
247.129
253.842
260.32
266.461
272.124
277.048
280.97
283.663
284.858
284.2
281.28
275.671
266.918
254.527
237.905
216.392
189.311
156.176
116.284
67.5858
19.5529
150.931
149.297
148.433
148.33
148.67
149.247
150.025
151.03
152.353
154.055
156.162
158.668
161.553
164.803
168.446
172.498
176.958
181.823
187.065
192.666
198.615
204.937
211.655
218.763
226.153
233.742
241.515
249.477
257.589
265.784
273.99
282.108
290.062
297.665
304.694
310.961
316.253
320.264
322.637
322.986
320.923
316.017
307.797
295.699
279.136
257.486
230.14
196.227
154.654
114.015
150.378
150.071
149.964
150.423
151.287
152.424
153.69
155.065
156.715
158.738
161.184
164.066
167.351
171.049
175.193
179.767
184.787
190.242
196.104
202.377
209.081
216.216
223.78
231.738
240.056
248.709
257.681
266.944
276.431
286.082
295.834
305.639
315.405
324.97
334.166
342.821
350.691
357.48
362.866
366.497
367.997
366.958
362.914
355.366
343.792
327.598
306.145
278.9
245.196
212.942
151.078
151.408
151.849
152.733
154.076
155.71
157.455
159.286
161.308
163.675
166.47
169.732
173.45
177.647
182.322
187.46
193.066
199.129
205.653
212.652
220.145
228.122
236.589
245.512
254.875
264.673
274.892
285.493
296.415
307.598
319.002
330.575
342.221
353.821
365.247
376.313
386.776
396.37
404.785
411.688
416.711
419.458
419.524
416.455
409.752
398.844
383.23
362.362
335.611
311.795
152.566
153.244
154.013
155.2
156.966
159.105
161.344
163.605
165.99
168.71
171.872
175.562
179.765
184.469
189.694
195.419
201.628
208.342
215.58
223.358
231.684
240.559
249.981
259.93
270.403
281.396
292.904
304.883
317.282
330.068
343.195
356.592
370.181
383.877
397.557
411.044
424.113
436.503
447.922
458.051
466.547
473.052
477.165
478.457
476.475
470.727
460.734
446.118
426.542
409.701
154.578
155.466
156.458
157.873
159.944
162.547
165.266
167.944
170.705
173.785
177.362
181.504
186.206
191.455
197.229
203.541
210.385
217.796
225.791
234.384
243.575
253.376
263.783
274.787
286.402
298.628
311.449
324.837
338.762
353.195
368.073
383.338
398.924
414.742
430.684
446.585
462.232
477.378
491.737
504.997
516.826
526.867
534.77
540.156
542.582
541.549
536.634
527.39
513.497
502.487
157.013
157.952
159.102
160.695
162.997
165.951
169.122
172.225
175.382
178.852
182.844
187.441
192.646
198.424
204.763
211.677
219.182
227.299
236.058
245.467
255.528
266.26
277.66
289.742
302.52
315.994
330.147
344.966
360.432
376.501
393.123
410.252
427.813
445.725
463.884
482.132
500.273
518.058
535.196
551.392
566.337
579.74
591.278
600.519
606.973
610.207
609.851
605.639
597.483
591.23
159.677
160.561
161.753
163.477
166.001
169.25
172.813
176.337
179.89
183.75
188.167
193.217
198.917
205.22
212.136
219.655
227.814
236.634
246.14
256.346
267.275
278.933
291.334
304.496
318.431
333.132
348.6
364.824
381.782
399.441
417.761
436.692
456.164
476.103
496.396
516.893
537.393
557.644
577.383
596.339
614.233
630.754
645.487
657.978
667.834
674.649
678.041
677.636
673.381
670.534
162.302
163.101
164.25
166.071
168.813
172.328
176.199
180.091
184.037
188.31
193.143
198.64
204.804
211.619
219.067
227.163
235.935
245.421
255.642
266.625
278.394
290.954
304.322
318.52
333.551
349.423
366.14
383.695
402.071
421.238
441.162
461.788
483.052
504.876
527.144
549.701
572.343
594.838
616.943
638.385
658.858
678.001
695.416
710.756
723.635
733.598
740.256
743.434
743.203
742.967
164.612
165.34
166.474
168.382
171.265
174.982
179.097
183.321
187.646
192.315
197.546
203.455
210.045
217.321
225.256
233.885
243.24
253.351
264.253
275.976
288.528
301.928
316.197
331.344
347.388
364.341
382.21
400.988
420.659
441.198
462.564
484.708
507.574
531.08
555.11
579.502
604.06
628.561
652.75
676.345
699.027
720.437
740.203
757.898
773.033
785.182
794.075
799.476
801.405
802.475
166.356
167.043
168.259
170.228
173.173
177.005
181.326
185.816
190.481
195.514
201.108
207.387
214.365
222.034
230.406
239.5
249.36
260.018
271.514
283.867
297.095
311.219
326.256
342.225
359.148
377.036
395.898
415.725
436.506
458.216
480.822
504.281
528.539
553.509
579.065
605.036
631.218
657.375
683.239
708.515
732.867
755.93
777.301
796.557
813.328
827.404
838.618
846.765
851.69
854.948
167.47
168.113
169.394
171.389
174.335
178.228
182.68
187.389
192.34
197.675
203.592
210.167
217.451
225.442
234.152
243.621
253.88
264.986
276.96
289.828
303.608
318.326
333.999
350.652
368.304
386.967
406.645
427.329
449.011
471.671
495.292
519.844
545.261
571.436
598.219
625.424
652.835
680.203
707.255
733.685
759.161
783.331
805.853
826.431
844.78
860.46
872.799
881.295
886.067
888.857
167.665
168.301
169.583
171.589
174.57
178.496
183.021
187.869
193.018
198.599
204.743
211.543
219.037
227.242
236.189
245.91
256.46
267.876
280.189
293.422
307.598
322.736
338.86
355.994
374.151
393.343
413.57
434.835
457.132
480.456
504.799
530.122
556.343
583.334
610.932
638.939
667.129
695.252
723.028
750.154
776.298
801.121
824.263
845.36
864.073
880.212
893.755
904.775
912.767
917.917
166.674
167.307
168.668
170.764
173.781
177.685
182.193
187.094
192.372
198.112
204.4
211.316
218.905
227.201
236.247
246.092
256.782
268.354
280.84
294.261
308.639
323.996
340.357
357.739
376.159
395.625
416.142
437.713
460.349
484.061
508.83
534.603
561.28
588.72
616.752
645.174
673.76
702.26
730.4
757.881
784.393
809.615
833.229
854.886
874.282
891.072
904.853
915.132
921.57
925.243
164.406
165.152
166.642
168.858
171.87
175.676
180.105
184.998
190.329
196.127
202.447
209.353
216.899
225.151
234.162
243.984
254.66
266.221
278.693
292.099
306.465
321.817
338.175
355.557
373.978
393.446
413.967
435.552
458.22
481.978
506.802
532.624
559.333
586.785
614.803
643.188
671.719
700.146
728.201
755.585
781.981
807.052
830.458
851.88
870.954
887.252
900.257
909.407
914.59
917.265
160.9
161.79
163.472
165.813
168.807
172.492
176.791
181.603
186.882
192.629
198.861
205.622
212.993
221.059
229.891
239.539
250.032
261.398
273.659
286.842
300.975
316.085
332.196
349.324
367.48
386.674
406.911
428.204
450.567
474.007
498.494
523.961
550.293
577.343
604.934
632.869
660.924
688.856
716.395
743.241
769.062
793.49
816.119
836.502
854.192
868.884
880.508
889.207
894.758
897.805
156.299
157.359
159.227
161.695
164.66
168.196
172.325
176.986
182.13
187.715
193.726
200.217
207.281
215.028
223.536
232.849
242.994
253.984
265.842
278.599
292.28
306.918
322.534
339.149
356.777
375.422
395.092
415.788
437.512
460.269
484.037
508.751
534.304
560.548
587.306
614.374
641.531
668.531
695.102
720.942
745.722
769.076
790.633
810.026
826.884
840.735
850.874
856.685
858.606
858.892
150.8
152.031
154.048
156.617
159.562
162.949
166.864
171.311
176.219
181.528
187.216
193.325
199.974
207.282
215.336
224.171
233.802
244.246
255.521
267.653
280.676
294.617
309.506
325.364
342.205
360.038
378.858
398.66
419.434
441.168
463.847
487.417
511.779
536.793
562.275
588.017
613.789
639.339
664.389
688.642
711.778
733.449
753.252
770.744
785.461
797.082
805.535
810.714
812.425
812.818
144.627
146.032
148.176
150.803
153.709
156.947
160.63
164.797
169.39
174.321
179.563
185.2
191.344
198.121
205.605
213.834
222.819
232.573
243.107
254.449
266.628
279.681
293.637
308.518
324.34
341.103
358.809
377.443
396.988
417.42
438.709
460.812
483.643
507.072
530.925
554.989
579.017
602.737
625.861
648.076
669.062
688.493
706.035
721.311
733.856
743.109
748.623
750.23
748.155
745.894
138.046
139.633
141.865
144.508
147.37
150.428
153.852
157.689
161.886
166.352
171.088
176.178
181.756
187.924
194.753
202.278
210.507
219.451
229.117
239.528
250.711
262.713
275.555
289.267
303.851
319.314
335.648
352.837
370.867
389.703
409.302
429.605
450.539
471.998
493.822
515.816
537.728
559.278
580.14
599.971
618.397
635.054
649.571
661.648
671.032
677.383
680.255
679.275
674.497
670.145
131.338
133.067
135.39
138.058
140.803
143.636
146.738
150.198
153.958
157.931
162.13
166.635
171.591
177.082
183.183
189.923
197.323
205.367
214.069
223.443
233.528
244.357
255.963
268.368
281.571
295.579
310.377
325.956
342.279
359.306
376.983
395.245
414.014
433.186
452.612
472.102
491.427
510.322
528.482
545.555
561.145
574.829
586.209
594.856
600.455
602.678
601.174
595.691
586.278
578.485
124.77
126.591
128.983
131.639
134.256
136.834
139.55
142.565
145.832
149.302
152.953
156.887
161.19
165.974
171.309
177.228
183.739
190.826
198.494
206.756
215.654
225.216
235.483
246.455
258.148
270.552
283.66
297.457
311.911
326.982
342.59
358.654
375.076
391.749
408.535
425.233
441.617
457.414
472.33
486.04
498.183
508.318
516.013
520.83
522.329
520.214
514.18
503.962
489.684
477.856
118.584
120.433
122.828
125.437
127.899
130.177
132.487
135.004
137.764
140.711
143.838
147.186
150.85
154.933
159.499
164.59
170.193
176.304
182.912
190.038
197.719
205.981
214.858
224.35
234.468
245.189
256.516
268.404
280.837
293.758
307.125
320.837
334.786
348.834
362.834
376.587
389.842
402.324
413.717
423.694
431.91
437.973
441.405
441.717
438.385
430.97
419.236
402.898
381.891
364.44
113.061
114.826
117.107
119.586
121.843
123.803
125.697
127.738
129.992
132.431
135.024
137.795
140.833
144.217
148.021
152.28
156.978
162.105
167.657
173.639
180.092
187.054
194.523
202.516
211.028
220.046
229.551
239.511
249.885
260.598
271.592
282.781
294.072
305.33
316.393
327.053
337.029
346.007
353.658
359.622
363.529
365.006
363.603
358.845
350.218
337.153
319.236
296.242
268.122
243.306
108.395
109.972
111.979
114.172
116.171
117.832
119.341
120.92
122.66
124.571
126.633
128.882
131.324
134.061
137.134
140.576
144.395
148.566
153.074
157.962
163.214
168.869
174.948
181.456
188.365
195.683
203.359
211.375
219.668
228.193
236.83
245.502
254.076
262.45
270.45
277.88
284.448
289.8
293.558
295.337
294.712
291.272
284.575
274.076
259.307
239.718
214.767
183.971
147.153
113.806
104.663
105.949
107.566
109.318
110.935
112.293
113.473
114.633
115.868
117.232
118.781
120.501
122.424
124.555
126.943
129.617
132.583
135.851
139.39
143.196
147.295
151.712
156.424
161.455
166.791
172.423
178.313
184.419
190.669
197.006
203.315
209.483
215.376
220.863
225.764
229.857
232.875
234.456
234.178
231.616
226.319
217.78
205.551
189.107
167.807
141.092
108.46
69.4545
23.9151
-18.8274
101.874
102.758
103.881
105.076
106.175
107.174
108.061
108.851
109.628
110.503
111.556
112.79
114.217
115.791
117.534
119.481
121.659
124.069
126.711
129.537
132.549
135.751
139.182
142.821
146.641
150.618
154.741
158.968
163.231
167.427
171.464
175.194
178.487
181.16
183.029
183.818
183.248
180.967
176.55
169.501
159.365
145.589
127.572
104.806
76.7126
42.5007
1.53849
-46.7725
-102.74
-156.459
100.24
100.434
100.834
101.368
101.933
102.533
103.081
103.496
103.852
104.306
104.929
105.749
106.703
107.764
108.906
110.176
111.605
113.21
115.01
116.947
118.963
121.054
123.246
125.522
127.9
130.336
132.789
135.211
137.55
139.678
141.483
142.844
143.603
143.537
142.414
139.953
135.83
129.678
121.074
109.506
94.4311
75.3368
51.5633
22.3697
-12.8354
-54.7079
-104.074
-161.787
-228.319
-295.168
100.171
98.9502
98.3515
98.1727
98.2305
98.3901
98.5052
98.5163
98.5034
98.6074
98.8717
99.3032
99.8244
100.387
100.988
101.637
102.39
103.249
104.223
105.379
106.54
107.612
108.623
109.617
110.613
111.566
112.434
113.144
113.639
113.794
113.469
112.529
110.822
108.095
104.053
98.3914
90.7577
80.7705
67.9712
51.8457
31.8151
7.26218
-22.423
-58.0221
-100.358
-150.157
-208.122
-275.566
-353.678
-433.91
101.731
98.1793
96.3707
95.4491
95.0013
94.728
94.3835
94.0152
93.676
93.4332
93.3875
93.463
93.5917
93.6991
93.8013
93.9104
94.0537
94.2188
94.3948
94.7679
95.1765
95.3161
95.2324
95.0145
94.697
94.2879
93.6981
92.8097
91.5324
89.7829
87.4102
84.2255
80.045
74.6311
67.6887
58.8519
47.7351
33.9136
16.9
-3.7946
-28.7418
-58.6716
-94.347
-136.553
-186.038
-243.641
-309.976
-386.255
-474.778
-567.825
-1.91055
-9.50135
-9.79662
-8.1687
-5.90447
-0.829703
4.1026
10.419
20.479
36.7162
52.2402
66.8404
74.0556
77.1233
16.59
-56.7877
-125.424
-179.755
-204.081
-200.663
-182.321
-155.416
-133.991
-115.631
-100.716
-90.4035
-81.5518
-74.4392
-67.8289
-58.9959
10.9934
-0.0873161
-2.51818
-2.77728
-0.286727
4.81603
10.2242
17.6408
27.9884
44.6333
60.447
74.131
85.1944
80.2126
16.0192
-38.6086
-87.55
-125.563
-140.205
-139.885
-131.656
-122.069
-110.482
-98.4311
-88.2606
-80.139
-72.7951
-66.041
-57.7008
-45.1112
8.24632
4.53304
3.09808
1.8954
4.60754
9.17036
14.8683
22.9681
33.3965
47.8838
63.4969
73.357
90.752
68.6265
28.1132
-15.1763
-55.1866
-78.2404
-94.7604
-100.581
-100.275
-97.1833
-91.4022
-84.3409
-77.3719
-70.9091
-65.0341
-59.1258
-52.7776
-46.5178
5.09707
5.92465
7.1028
6.31882
9.08471
13.2826
18.9651
26.8562
37.0683
48.8526
63.3801
70.3398
82.6853
64.1543
37.0469
6.38725
-24.9532
-46.6573
-62.236
-72.3346
-76.4242
-76.5961
-74.6328
-70.9533
-66.739
-62.2029
-57.825
-53.3666
-50.3327
-48.6817
4.22409
6.54335
9.3559
9.89051
12.7704
16.7581
22.2166
29.2574
38.4116
48.2132
59.0721
65.0215
69.4204
58.6415
39.9732
19.0275
-3.05929
-26.3746
-40.2099
-49.7284
-56.4263
-58.968
-59.6758
-58.4002
-56.7219
-53.9625
-51.2281
-48.4443
-47.6701
-48.1808
5.50189
7.0758
10.241
11.9572
15.2098
18.7192
23.8512
29.6913
37.0241
44.5591
52.7503
56.0434
55.6712
50.4034
38.0958
21.941
4.47124
-12.3032
-24.549
-33.5934
-40.3948
-44.4823
-46.803
-47.2989
-47.5146
-46.1837
-45.028
-43.7968
-44.1397
-44.7905
7.46702
7.73867
10.5405
12.4373
15.9855
18.8522
23.4973
27.9834
33.6072
38.7127
44.5205
45.6366
42.1733
40.6221
33.6118
20.956
7.29527
-5.15251
-14.7783
-22.4902
-28.3953
-33.4038
-36.2665
-37.8442
-39.1452
-39.0333
-39.1954
-39.0939
-39.836
-39.9203
9.14751
8.73737
10.7605
12.1209
15.5458
17.6796
21.8363
25.0758
29.3415
32.2384
35.4664
34.8843
29.2622
29.9052
28.4609
18.2838
8.07568
-1.21706
-8.42696
-14.9247
-20.1091
-25.5303
-28.2163
-30.3173
-32.0495
-32.9295
-33.9622
-34.5263
-35.2154
-34.8506
10.2732
9.65507
10.9806
11.767
14.7478
16.0696
19.9163
21.9657
24.9818
26.1764
26.7359
25.3039
16.7183
19.537
22.9565
14.7346
7.38131
0.659225
-4.47685
-9.73087
-14.5009
-19.8428
-22.3562
-24.7086
-26.4982
-28.0487
-29.4267
-30.259
-30.8575
-30.2175
10.7048
10.325
11.0699
11.5529
14.0361
14.7931
17.7513
18.8562
20.6308
20.993
19.1356
17.4833
3.95368
11.3055
16.4814
10.949
6.16948
1.3543
-2.43065
-6.34179
-10.7356
-15.5947
-18.0536
-20.5251
-22.3313
-24.2054
-25.4775
-26.2785
-26.8238
-26.3279
10.5844
10.372
10.9686
11.1542
12.9317
13.4668
15.611
15.7256
16.6305
16.4862
13.4926
11.0501
-5.18066
4.29298
8.35892
8.33516
4.83622
1.36982
-1.26218
-4.01142
-8.19491
-12.3898
-14.7535
-17.1166
-18.9279
-20.9268
-22.001
-22.7035
-23.2754
-23.032
10.068
9.99951
10.4892
10.3323
11.491
11.894
13.1639
13.0131
13.4001
12.458
9.54826
7.40272
-8.73285
-4.04689
0.748855
7.46081
3.39825
1.38099
-0.546757
-2.31846
-6.35813
-9.89864
-12.136
-14.1846
-15.9304
-17.8614
-18.7963
-19.4413
-20.0604
-20.1612
9.30028
9.40346
9.76633
9.45856
9.98823
10.2383
10.9077
10.6775
10.6372
9.28452
6.98489
2.95293
-6.41191
-9.5652
-3.77094
4.85245
1.63608
1.1792
-0.285951
-1.22563
-5.00699
-7.87298
-9.9754
-11.6957
-13.3412
-15.0362
-15.841
-16.4072
-17.0841
-17.4127
8.32498
8.43454
8.70461
8.49536
8.61722
8.70167
9.03362
8.7375
8.4354
7.00161
5.05073
1.24866
-5.34046
-10.5745
-6.53075
2.17068
0.878769
0.988814
-0.289647
-0.618427
-3.92241
-6.05934
-7.9958
-9.4844
-11.0506
-12.5165
-13.2515
-13.7736
-14.5139
-14.8339
7.11528
7.19168
7.47868
7.40214
7.4174
7.37097
7.38803
7.04612
6.59086
5.31734
3.73932
0.865721
-4.11048
-7.84363
-7.86008
-0.406661
0.939783
0.48766
-0.387511
-0.309099
-3.05085
-4.70196
-6.32648
-7.53231
-8.94885
-10.173
-10.9344
-11.5144
-12.277
-12.5426
5.81673
5.7394
6.09105
6.17404
6.30832
6.14065
6.00294
5.64543
5.10752
4.204
2.74141
1.01078
-2.91276
-5.14155
-6.79339
-1.78144
2.04065
-0.18119
-0.256792
-0.309898
-2.31382
-3.68818
-4.97485
-5.87005
-6.98193
-7.92707
-8.73545
-9.36693
-10.1558
-10.3437
4.69166
4.50136
4.69477
4.70736
4.84147
4.76029
4.71201
4.35311
3.88531
3.31993
2.10629
1.16989
-1.74215
-2.90859
-5.11633
-2.87676
3.03244
-0.077639
0.0644172
-0.128134
-1.56016
-2.70775
-3.70928
-4.43628
-5.29717
-6.02381
-6.76283
-7.29845
-7.91022
-7.95791
3.60354
3.44805
3.34647
3.26527
3.37947
3.3367
3.37928
3.12038
2.84734
2.45369
1.53303
0.901736
-0.895836
-1.58967
-3.16108
-2.50937
2.76557
0.0735682
0.273661
0.0093685
-0.82001
-1.73293
-2.46068
-3.05065
-3.75755
-4.3523
-4.93027
-5.21238
-5.56281
-5.52771
2.09103
2.06457
2.01208
1.9635
2.13921
2.01407
2.25186
2.03584
1.68205
1.53715
0.884395
0.607232
-0.531899
-2.28719
-2.11184
-2.02921
1.37221
0.0589781
0.420964
0.0973774
-0.365111
-0.935481
-1.32103
-1.67763
-2.18497
-2.62488
-3.00164
-3.09285
-3.34893
-3.39153
0.337105
0.43862
0.599337
0.50352
0.58325
0.501852
0.751482
0.521351
0.226495
0.373686
0.0827761
-0.181227
-1.20352
-1.89206
-0.22261
-0.963884
0.438954
0.244797
0.585464
0.38821
-0.000305203
-0.229337
-0.368106
-0.557872
-0.745546
-0.8552
-1.01067
-1.02339
-1.15471
-1.29561
)
;

boundaryField
{
    INLET
    {
        type            zeroGradient;
    }
    OUTLET
    {
        type            fixedValue;
        value           uniform 0;
    }
    WALL
    {
        type            zeroGradient;
    }
    CYLINDER
    {
        type            zeroGradient;
    }
    frontAndBackPlanes
    {
        type            empty;
    }
}


// ************************************************************************* //
