/*--------------------------------*- C++ -*----------------------------------*\
| =========                 |                                                 |
| \\      /  F ield         | OpenFOAM: The Open Source CFD Toolbox           |
|  \\    /   O peration     | Version:  v1912                                 |
|   \\  /    A nd           | Website:  www.openfoam.com                      |
|    \\/     M anipulation  |                                                 |
\*---------------------------------------------------------------------------*/
FoamFile
{
    version     2.0;
    format      ascii;
    class       volScalarField;
    location    "0.19";
    object      p;
}
// * * * * * * * * * * * * * * * * * * * * * * * * * * * * * * * * * * * * * //

dimensions      [0 2 -2 0 0 0 0];


internalField   nonuniform List<scalar> 
6600
(
47.3682
42.4908
40.0109
38.526
37.8914
37.6246
37.5345
37.7994
38.5941
39.7814
41.284
43.1311
45.4274
48.1241
51.2053
54.6948
58.5794
62.8925
67.6155
72.7479
78.2705
84.1345
90.2637
96.5758
103.244
110.13
117.031
123.816
130.418
136.711
142.552
147.793
152.23
155.603
157.668
158.085
156.435
152.374
145.535
135.442
121.64
103.596
80.6137
52.0517
17.2725
-24.5224
-73.5217
-130.615
-197.047
-264.635
43.7866
38.5698
36.5906
34.7251
33.6122
32.9785
32.5208
32.4546
32.8095
33.7204
34.9823
36.5709
38.4846
40.7922
43.4998
46.5635
49.9922
53.8106
57.9954
62.5422
67.4254
72.616
78.1149
83.6337
89.127
94.8683
100.724
106.332
111.6
116.496
120.829
124.356
126.9
128.24
128.119
126.178
122.006
115.255
105.543
92.3808
75.2676
53.7075
27.0135
-5.41478
-44.2043
-90.1468
-143.388
-204.15
-272.795
-340.483
38.8755
33.0705
31.8861
29.7275
28.3306
27.3773
26.7607
26.5659
26.6861
27.2169
28.1378
29.4862
31.1477
33.1363
35.4983
38.2034
41.2536
44.6392
48.3411
52.3455
56.6141
61.1239
65.8451
70.6323
75.3335
80.0176
84.614
88.9495
92.8817
96.2478
98.8864
100.597
101.144
100.281
97.7623
93.2708
86.3969
76.7786
64.0343
47.6811
27.1999
2.10368
-28.1222
-64.0377
-106.236
-155.429
-211.782
-274.569
-342.558
-406.461
32.8912
26.6092
25.9777
23.4958
21.9472
20.7969
20.0343
19.6614
19.718
20.0011
20.6428
21.6697
23.0702
24.8195
26.8698
29.2412
31.9219
34.8881
38.1171
41.5793
45.2306
49.0362
53.0177
57.0201
60.8125
64.4327
67.8354
70.8311
73.2705
75.0557
75.9886
75.8003
74.2661
71.155
66.202
59.0869
49.4548
36.9509
21.1824
1.70724
-21.9448
-50.2187
-83.4889
-122.201
-166.849
-218.057
-275.837
-338.703
-404.199
-461.99
25.9279
19.2142
18.811
16.0161
14.4284
13.1294
12.2447
11.7431
11.5935
11.7562
12.1654
12.9227
14.0411
15.4634
17.1878
19.1958
21.4582
23.9626
26.6699
29.5436
32.5345
35.567
38.6282
41.7117
44.6508
47.2428
49.4041
51.0686
52.0776
52.2379
51.3917
49.3205
45.7579
40.4442
33.1238
23.5088
11.259
-3.96323
-22.4982
-44.7269
-71.0412
-101.78
-137.226
-177.72
-223.615
-275.308
-332.818
-394.473
-456.045
-505.917
18.1182
10.8968
10.4168
7.31615
5.77033
4.34216
3.25401
2.53176
2.16297
2.16459
2.41366
2.8894
3.65536
4.71109
6.02834
7.58342
9.35195
11.3082
13.4106
15.6203
17.8976
20.1565
22.364
24.4397
26.2866
27.7992
28.8148
29.1599
28.7015
27.3089
24.7834
20.8876
15.3856
8.02828
-1.44169
-13.3161
-27.8771
-45.3954
-66.1771
-90.524
-118.716
-151.004
-187.585
-228.685
-274.557
-325.467
-381.216
-440.154
-496.582
-537.137
9.03832
1.53422
0.85507
-2.55664
-4.18472
-5.59771
-6.81107
-7.73962
-8.36487
-8.68192
-8.74836
-8.60559
-8.2262
-7.642
-6.83061
-5.82122
-4.65456
-3.34357
-1.92788
-0.462637
1.01725
2.43214
3.70736
4.79325
5.58297
5.95039
5.76074
4.85827
3.06931
0.190208
-3.9416
-9.5113
-16.751
-25.9129
-37.2363
-50.946
-67.2959
-86.5274
-108.856
-134.501
-163.665
-196.491
-233.087
-273.603
-318.239
-367.271
-420.321
-475.309
-525.776
-556.265
-1.53743
-8.92734
-9.86538
-13.4865
-15.1689
-16.8203
-18.2233
-19.3305
-20.2571
-20.9672
-21.4435
-21.742
-21.852
-21.7947
-21.577
-21.2259
-20.7554
-20.1743
-19.529
-18.8672
-18.2304
-17.6888
-17.2997
-17.1899
-17.4834
-18.2366
-19.5787
-21.7227
-24.8363
-29.0402
-34.5336
-41.5431
-50.2606
-60.8753
-73.587
-88.6254
-106.182
-126.411
-149.49
-175.572
-204.769
-237.161
-272.788
-311.71
-354.071
-400.211
-449.943
-500.357
-544.398
-565.553
-13.9078
-20.6663
-21.7652
-25.5413
-27.2536
-29.1432
-30.7824
-32.2463
-33.4816
-34.6458
-35.6953
-36.4871
-37.1788
-37.7709
-38.244
-38.6402
-38.9314
-39.1611
-39.3551
-39.551
-39.8048
-40.1845
-40.7628
-41.6115
-42.8578
-44.6406
-47.0935
-50.3317
-54.5186
-59.8709
-66.5476
-74.6928
-84.4809
-96.1019
-109.732
-125.51
-143.585
-164.101
-187.16
-212.846
-241.228
-272.318
-306.095
-342.579
-381.871
-424.247
-469.865
-515.754
-554.472
-569.105
-27.5686
-33.6732
-34.853
-38.5535
-40.463
-42.6703
-44.6507
-46.4923
-48.2311
-49.8151
-51.2948
-52.8675
-54.275
-55.5867
-56.8689
-58.0608
-59.1991
-60.3006
-61.3716
-62.4603
-63.6092
-64.875
-66.3126
-68.0495
-70.2281
-72.941
-76.3062
-80.4904
-85.6346
-91.8474
-99.2954
-108.175
-118.634
-130.793
-144.765
-160.696
-178.695
-198.82
-221.142
-245.71
-272.533
-301.596
-332.859
-366.259
-401.788
-440.007
-480.42
-521.012
-555.428
-568.239
-42.4866
-47.8655
-49.0037
-52.5915
-54.6388
-57.1338
-59.5428
-61.8247
-64.0654
-66.4363
-68.6301
-70.7144
-72.9497
-75.1705
-77.2857
-79.3553
-81.3958
-83.3984
-85.3793
-87.3676
-89.4074
-91.5579
-93.8892
-96.4749
-99.4147
-102.845
-106.919
-111.747
-117.444
-124.188
-132.122
-141.349
-151.989
-164.166
-177.994
-193.537
-210.85
-229.994
-250.996
-273.848
-298.528
-324.979
-353.118
-382.891
-414.298
-447.554
-481.45
-514.079
-539.818
-552.353
-58.3236
-62.9662
-64.0156
-67.5287
-69.7612
-72.6454
-75.4302
-78.3009
-81.165
-84.0374
-87.2074
-90.3105
-93.3522
-96.3922
-99.4465
-102.469
-105.444
-108.379
-111.276
-114.151
-117.034
-119.972
-123.02
-126.274
-129.853
-133.856
-138.378
-143.573
-149.591
-156.51
-164.443
-173.546
-183.934
-195.687
-208.853
-223.501
-239.676
-257.368
-276.565
-297.245
-319.338
-342.745
-367.329
-392.852
-419.886
-447.307
-473.379
-494.597
-506.053
-515.257
-74.4592
-78.6339
-79.6457
-83.0115
-85.3588
-88.6654
-91.9942
-95.4241
-99.1492
-102.962
-106.781
-110.79
-114.931
-119.024
-123.089
-127.111
-131.076
-134.978
-138.807
-142.565
-146.261
-149.943
-153.677
-157.524
-161.525
-165.78
-170.465
-175.686
-181.542
-188.202
-195.794
-204.399
-214.098
-224.964
-237.073
-250.447
-265.065
-280.92
-297.983
-316.177
-335.403
-355.492
-376.151
-397.462
-419.05
-439.791
-458.087
-470.823
-474.513
-477.705
-90.7514
-94.1691
-95.2956
-98.7582
-101.407
-105.102
-109.049
-113.238
-117.642
-122.437
-127.401
-132.463
-137.589
-142.798
-147.993
-153.12
-158.159
-163.072
-167.849
-172.474
-176.94
-181.266
-185.478
-189.658
-193.91
-198.284
-202.847
-207.763
-213.2
-219.25
-226.024
-233.658
-242.256
-251.891
-262.579
-274.326
-287.133
-300.944
-315.669
-331.224
-347.475
-364.189
-381.223
-398.336
-414.739
-429.454
-440.931
-447.859
-453.833
-454.538
-106.83
-109.43
-110.57
-114.174
-117.203
-121.458
-125.958
-131.1
-136.518
-142.208
-148.23
-154.506
-160.904
-167.327
-173.742
-180.094
-186.3
-192.307
-198.096
-203.625
-208.868
-213.817
-218.498
-222.951
-227.218
-231.375
-235.559
-239.875
-244.429
-249.409
-255.004
-261.331
-268.483
-276.516
-285.496
-295.434
-306.261
-317.896
-330.264
-343.237
-356.665
-370.33
-384.088
-397.42
-409.625
-419.997
-427.378
-430.848
-434.523
-435.665
-121.875
-123.524
-124.936
-128.771
-132.273
-137.297
-142.668
-148.452
-154.976
-161.94
-169.226
-176.746
-184.476
-192.293
-200.107
-207.808
-215.311
-222.538
-229.428
-235.921
-241.96
-247.507
-252.541
-257.091
-261.23
-265.03
-268.563
-271.955
-275.394
-279.043
-283.054
-287.619
-292.908
-299.064
-306.128
-314.065
-322.84
-332.379
-342.547
-353.218
-364.214
-375.234
-386.066
-396.399
-405.512
-412.407
-416.331
-420.453
-421.441
-422.667
-135.208
-136.264
-137.967
-142.048
-146.091
-151.705
-157.989
-165.01
-172.639
-180.87
-189.504
-198.504
-207.758
-217.13
-226.504
-235.736
-244.732
-253.365
-261.528
-269.127
-276.086
-282.328
-287.801
-292.505
-296.461
-299.698
-302.344
-304.564
-306.485
-308.311
-310.337
-312.818
-315.969
-319.923
-324.788
-330.637
-337.41
-344.968
-353.225
-362.062
-370.956
-379.665
-388.245
-396.174
-402.685
-407.016
-409.781
-411.732
-412.908
-413.585
-146.132
-146.607
-148.879
-153.428
-158.082
-164.727
-171.787
-179.956
-188.906
-198.489
-208.72
-219.355
-230.262
-241.373
-252.521
-263.547
-274.286
-284.564
-294.232
-303.147
-311.203
-318.28
-324.272
-329.112
-332.835
-335.51
-337.199
-338.008
-338.181
-337.996
-337.7
-337.619
-338.081
-339.43
-341.877
-345.46
-350.174
-356.006
-362.892
-370.102
-377.134
-384.218
-390.931
-396.624
-400.688
-403.101
-405.303
-406.236
-407.297
-407.588
-153.95
-154.518
-157.321
-162.418
-167.769
-175.344
-183.511
-192.736
-203.051
-214.226
-225.991
-238.41
-251.276
-264.38
-277.572
-290.656
-303.419
-315.641
-327.107
-337.655
-347.115
-355.324
-362.136
-367.439
-371.168
-373.314
-373.946
-373.28
-371.491
-368.816
-365.657
-362.493
-359.864
-358.168
-357.672
-358.651
-361.303
-365.757
-371.289
-377.021
-383.121
-389.158
-394.052
-397.308
-399.075
-400.702
-401.629
-402.606
-403.508
-403.745
-157.83
-159.451
-162.791
-168.474
-174.636
-183.212
-192.419
-203.108
-214.706
-227.421
-241.072
-255.408
-270.278
-285.6
-301.093
-316.527
-331.657
-346.222
-359.93
-372.524
-383.782
-393.504
-401.468
-407.479
-411.392
-413.228
-413.065
-410.937
-407.044
-401.754
-395.477
-388.747
-382.176
-376.515
-372.438
-370.333
-370.392
-373.067
-377.392
-382.967
-389.179
-394.285
-397.258
-398.344
-398.921
-399.235
-399.801
-400.551
-401.242
-401.496
-157.853
-161.102
-165.225
-171.762
-178.602
-188.184
-198.283
-210.176
-223.432
-237.686
-253.034
-269.427
-286.601
-304.315
-322.379
-340.51
-358.387
-375.713
-392.145
-407.315
-420.889
-432.605
-442.244
-449.557
-454.299
-456.315
-455.546
-452.093
-446.184
-438.069
-428.167
-417.088
-405.777
-395.26
-386.483
-380.134
-376.691
-377.262
-381.239
-387.724
-394.332
-398.688
-400.575
-400.697
-400.066
-399.645
-399.42
-399.364
-399.471
-399.696
-154.154
-159.36
-164.336
-171.776
-179.571
-190.002
-201.082
-214.133
-228.616
-244.53
-261.79
-280.179
-299.636
-319.933
-340.81
-361.932
-382.956
-403.498
-423.156
-441.496
-458.062
-472.494
-484.469
-493.65
-499.69
-502.368
-501.639
-497.378
-489.62
-478.699
-465.074
-449.427
-432.585
-415.692
-400.352
-388.184
-380.149
-377.579
-380.843
-388.487
-396.651
-401.883
-403.715
-403.555
-402.418
-400.713
-399.095
-397.91
-397.286
-397.112
-147.386
-154.668
-160.096
-168.342
-177.283
-188.491
-200.476
-214.762
-230.385
-247.678
-266.597
-287.072
-308.882
-331.827
-355.683
-380.063
-404.593
-428.814
-452.248
-474.389
-494.686
-512.596
-527.665
-539.55
-547.852
-552.135
-552.131
-547.593
-538.596
-525.259
-507.946
-487.167
-463.852
-439.502
-415.904
-395.19
-379.381
-371.288
-373.199
-382.864
-394.489
-402.197
-404.898
-404.313
-402.682
-400.189
-397.471
-395.292
-393.955
-393.277
-137.989
-147.285
-153.071
-162.264
-171.916
-183.81
-196.608
-211.741
-228.447
-247.072
-267.552
-289.876
-313.92
-339.528
-366.431
-394.265
-422.599
-450.92
-478.681
-505.278
-530.047
-552.327
-571.497
-587.036
-598.381
-605.001
-606.59
-602.988
-593.65
-578.503
-557.797
-532.169
-502.493
-469.709
-435.341
-402.565
-375.452
-359.914
-358.93
-369.238
-384.338
-396.768
-401.916
-402.217
-400.802
-398.448
-395.507
-392.783
-390.92
-389.6
-127.322
-137.6
-144.078
-153.809
-163.732
-175.967
-189.557
-205.383
-222.886
-242.578
-264.402
-288.435
-314.576
-342.689
-372.575
-403.919
-436.244
-468.996
-501.544
-533.206
-563.232
-590.805
-615.096
-635.337
-650.895
-661.212
-665.728
-663.888
-655.286
-639.561
-616.636
-586.738
-550.262
-507.876
-462.152
-415.959
-374.524
-346.848
-339.174
-347.832
-366.118
-382.36
-394.67
-401.185
-402.691
-401.023
-398.034
-394.809
-392.373
-390.62
-115.095
-126.881
-133.163
-143.52
-153.733
-165.855
-179.741
-195.872
-213.898
-234.443
-257.355
-282.738
-310.702
-341.118
-373.833
-408.591
-444.976
-482.374
-520.097
-557.368
-593.321
-627.032
-657.501
-683.717
-704.789
-719.858
-728.297
-729.67
-723.401
-708.756
-684.934
-651.754
-609.794
-560.015
-502.969
-440.553
-380.766
-340.226
-324.005
-328.764
-349.556
-373.237
-393.203
-404.944
-409.071
-408.066
-404.624
-400.84
-398.107
-396.528
-103.596
-114.86
-121.497
-131.764
-141.925
-154.076
-167.795
-183.846
-202.124
-222.937
-246.483
-272.907
-302.362
-334.737
-370.058
-408.067
-448.401
-490.486
-533.584
-576.835
-619.311
-659.978
-697.668
-731.103
-759.008
-780.372
-794.498
-800.644
-797.97
-785.927
-763.47
-729.857
-685.124
-628.341
-558.006
-481.829
-410.427
-355.8
-325.882
-322.472
-341.462
-369.384
-393.304
-407.939
-413.525
-412.409
-409.244
-405.757
-403.683
-402.863
-93.7969
-102.392
-110.026
-119.722
-129.323
-141.302
-154.598
-170.168
-188.12
-208.913
-232.687
-259.581
-289.976
-323.806
-361.272
-402.263
-446.381
-493.072
-541.605
-591.084
-640.526
-688.805
-734.62
-776.382
-812.513
-841.683
-862.797
-875.077
-877.812
-870.384
-852.349
-820.384
-774.039
-709.785
-631.31
-547.093
-470.9
-406.529
-366.917
-353.499
-358.311
-375.508
-392.861
-405.352
-410.612
-410.381
-408.425
-406.568
-405.842
-406.048
-89.4977
-90.5845
-98.8935
-107.533
-116.768
-128.204
-140.878
-155.883
-173.099
-193.276
-216.629
-243.502
-274.249
-308.978
-347.956
-391.393
-438.985
-490.144
-544.08
-599.896
-656.623
-713.067
-767.646
-818.623
-864.195
-902.722
-932.438
-952.986
-963.307
-961.918
-948.458
-920.705
-870.603
-802.084
-722.568
-639.194
-557.551
-492.683
-447.656
-420.322
-408.032
-406.762
-410.343
-412.629
-411.543
-408.708
-406.223
-405.5
-405.96
-407.002
-105.692
-82.8833
-88.9843
-95.9609
-105.101
-115.906
-127.822
-141.934
-158.265
-177.63
-200.251
-226.518
-257.051
-292.15
-332.055
-377.141
-427.489
-482.613
-541.613
-603.713
-667.865
-732.803
-796.109
-856.231
-911.744
-961.184
-1001.04
-1031.32
-1051.25
-1056.22
-1044.16
-1021.7
-973.209
-903.978
-827.309
-746.474
-672.07
-606.626
-553.429
-512.436
-482.648
-461.683
-446.018
-432.876
-421.665
-412.134
-406.691
-405.925
-407.012
-408.5
60.9127
56.0974
53.6778
52.2599
51.7169
51.5682
51.6671
52.1601
53.2303
54.7603
56.6708
58.9726
61.7847
65.0729
68.8076
73.0272
77.716
82.9067
88.5981
94.7674
101.414
108.493
115.94
123.684
131.801
140.261
148.801
157.289
165.767
174.115
182.136
189.637
196.458
202.425
207.263
210.703
212.412
212.024
209.158
203.401
194.298
181.327
163.955
141.538
113.504
79.1381
37.9808
-10.3778
-68.7689
-126.97
57.4263
52.351
50.4599
48.7091
47.7461
47.2771
47.0504
47.2515
47.9371
49.2197
50.9239
53.0192
55.5105
58.4666
61.8803
65.7325
70.0293
74.7908
80.007
85.6537
91.7252
98.1919
105.007
112.069
119.235
126.588
134.137
141.591
148.779
155.711
162.264
168.15
173.178
177.181
179.908
181.049
180.253
177.18
171.44
162.597
150.176
133.633
112.442
85.972
53.6344
14.6811
-31.1175
-83.8654
-145.297
-205.019
52.6827
47.1146
46.0448
44.0414
42.8497
42.1174
41.7957
41.9072
42.4213
43.3889
44.804
46.7213
49.0448
51.7608
54.9065
58.4843
62.4864
66.9037
71.723
76.9209
82.4751
88.3509
94.5114
100.846
107.221
113.645
120.06
126.333
132.303
137.833
142.774
146.898
150.001
151.902
152.318
150.956
147.48
141.525
132.716
120.629
104.778
84.6379
59.7134
29.4329
-6.77489
-49.5845
-99.1325
-154.89
-216.677
-274.228
46.9674
40.9689
40.4957
38.1912
36.9139
36.0399
35.617
35.6236
36.1221
36.9166
38.1432
39.8252
41.9553
44.5078
47.4378
50.7797
54.5102
58.6081
63.056
67.8175
72.8571
78.1275
83.6223
89.285
94.8535
100.275
105.6
110.683
115.287
119.318
122.612
124.931
126.059
125.776
123.828
119.91
113.694
104.834
92.9606
77.6649
58.4981
35.0017
6.74375
-26.7512
-65.9749
-111.518
-163.422
-220.376
-280.896
-334.224
40.3443
33.9547
33.7636
31.1704
29.8985
28.924
28.411
28.3412
28.7028
29.455
30.526
32.0174
33.9424
36.2537
38.9534
42.0278
45.4361
49.1746
53.2126
57.4975
61.9867
66.6152
71.3454
76.1355
80.8873
85.4157
89.6075
93.4236
96.7213
99.2729
100.907
101.415
100.582
98.1828
93.9254
87.5388
78.716
67.1133
52.3961
34.2084
12.1736
-14.0867
-44.924
-80.7142
-121.827
-168.692
-221.276
-278.05
-336.237
-383.763
32.8952
26.0487
25.813
22.9687
21.7653
20.6918
20.0279
19.7934
19.9866
20.6532
21.6302
22.9167
24.5721
26.6033
28.9945
31.7072
34.7238
38.0166
41.5554
45.2885
49.1658
53.1108
57.0949
61.0627
64.8553
68.3816
71.5456
74.1377
76.0236
77.0938
77.1328
75.9216
73.2339
68.8259
62.4503
53.8284
42.6692
28.693
11.6117
-8.87867
-33.0779
-61.2653
-93.697
-130.649
-172.4
-219.253
-271.166
-326.507
-381.075
-421.439
24.2482
17.139
16.656
13.5765
12.3086
11.2877
10.548
10.1756
10.1776
10.544
11.2967
12.3351
13.6925
15.3524
17.3212
19.5873
22.1088
24.8604
27.8126
30.915
34.1159
37.3309
40.4865
43.5592
46.4513
48.97
50.9941
52.4231
53.0662
52.727
51.2383
48.3913
43.9949
37.8236
29.5989
19.0916
6.06793
-9.72905
-28.5304
-50.5635
-76.0455
-105.174
-138.121
-175.084
-216.319
-262.12
-312.114
-364.679
-414.747
-446.815
14.2007
7.14037
6.36897
3.10626
1.79909
0.58394
-0.289629
-0.788076
-1.01336
-0.951115
-0.573773
0.113221
1.07135
2.29149
3.76712
5.47494
7.40958
9.53924
11.8258
14.2286
16.6972
19.1517
21.5409
23.7602
25.6507
27.1482
28.1476
28.4266
27.8235
26.1981
23.3653
19.1311
13.2847
5.62159
-4.0466
-15.9398
-30.2771
-47.2395
-67.0027
-89.7415
-115.609
-144.724
-177.184
-213.108
-252.717
-296.431
-343.913
-392.783
-437.286
-460.974
2.31678
-4.20379
-5.11975
-8.53297
-9.85401
-11.2558
-12.3138
-13.109
-13.6004
-13.8814
-13.9851
-13.7363
-13.2744
-12.6072
-11.7227
-10.6446
-9.3705
-7.94016
-6.37804
-4.72321
-3.028
-1.37144
0.148064
1.48539
2.53932
3.12914
3.09822
2.33918
0.702582
-1.99499
-5.94879
-11.3337
-18.2922
-26.9937
-37.6479
-50.4113
-65.4292
-82.8633
-102.847
-125.493
-150.892
-179.108
-210.189
-244.233
-281.405
-321.99
-366.129
-410.839
-449.649
-466.17
-11.0627
-16.9256
-17.9
-21.219
-22.7114
-24.3769
-25.7236
-26.8333
-27.7342
-28.4112
-28.857
-29.2746
-29.4475
-29.3984
-29.201
-28.8146
-28.2675
-27.5798
-26.7726
-25.8893
-24.9675
-24.0712
-23.2617
-22.6961
-22.5477
-22.8616
-23.7119
-25.3034
-27.8217
-31.3895
-36.1436
-42.2557
-49.8998
-59.2279
-70.3458
-83.3855
-98.4887
-115.752
-135.256
-157.079
-181.276
-207.867
-236.846
-268.227
-302.189
-339.135
-378.657
-418.616
-452.797
-465.515
-25.9093
-30.9614
-31.8762
-35.0489
-36.6428
-38.5575
-40.2811
-41.7774
-43.1195
-44.4767
-45.5721
-46.441
-47.2978
-48.0348
-48.5613
-48.9424
-49.1746
-49.2608
-49.2273
-49.1148
-48.963
-48.833
-48.823
-48.9783
-49.4059
-50.2973
-51.8254
-54.0817
-57.1513
-61.2065
-66.4256
-72.939
-80.851
-90.2711
-101.345
-114.163
-128.781
-145.274
-163.702
-184.098
-206.473
-230.811
-257.075
-285.236
-315.254
-347.726
-381.573
-415.095
-443.124
-455.522
-41.6848
-46.0576
-46.875
-49.9342
-51.6679
-53.9316
-55.9837
-58.0145
-59.923
-61.6997
-63.631
-65.4152
-67.0193
-68.4793
-69.8278
-71.0273
-72.0629
-72.942
-73.6808
-74.3128
-74.8593
-75.3703
-75.9027
-76.6144
-77.6645
-79.085
-80.9473
-83.4434
-86.7753
-91.0336
-96.3172
-102.75
-110.462
-119.576
-130.135
-142.2
-155.848
-171.102
-187.96
-206.426
-226.484
-248.087
-271.131
-295.448
-321.312
-348.341
-375.212
-399.362
-416.161
-427.39
-57.9211
-61.8539
-62.6404
-65.5591
-67.3806
-70.0171
-72.5637
-75.0696
-77.7623
-80.4117
-82.9568
-85.5302
-88.1074
-90.5123
-92.7563
-94.8351
-96.731
-98.4356
-99.9509
-101.298
-102.513
-103.645
-104.755
-105.881
-107.117
-108.632
-110.615
-113.168
-116.351
-120.326
-125.26
-131.264
-138.406
-146.736
-156.354
-167.31
-179.59
-193.191
-208.107
-224.297
-241.695
-260.196
-279.622
-299.934
-320.984
-341.857
-361.129
-375.667
-381.681
-388.08
-74.617
-77.7762
-78.6385
-81.6276
-83.7367
-86.7354
-89.8687
-93.0991
-96.4037
-99.9744
-103.54
-107.08
-110.573
-113.975
-117.234
-120.272
-123.083
-125.643
-127.939
-129.977
-131.764
-133.339
-134.738
-136.073
-137.49
-139.05
-140.8
-142.914
-145.608
-149.006
-153.203
-158.296
-164.4
-171.626
-179.975
-189.438
-200.048
-211.772
-224.529
-238.24
-252.801
-268.064
-283.825
-300.153
-316.229
-331.025
-343.359
-351.672
-356.647
-359.052
-91.3549
-93.7079
-94.5575
-97.6454
-100.093
-103.625
-107.275
-111.427
-115.701
-120.099
-124.699
-129.326
-133.93
-138.493
-142.873
-146.99
-150.818
-154.313
-157.445
-160.189
-162.554
-164.573
-166.286
-167.723
-168.927
-170.012
-171.225
-172.719
-174.555
-176.88
-179.89
-183.756
-188.556
-194.3
-201.052
-208.854
-217.632
-227.306
-237.819
-249.064
-260.892
-273.097
-285.554
-297.959
-309.781
-320.109
-327.778
-331.902
-337.099
-338.595
-107.329
-108.676
-109.793
-113.103
-116.022
-120.29
-124.773
-129.522
-134.901
-140.539
-146.333
-152.236
-158.11
-163.89
-169.503
-174.836
-179.807
-184.342
-188.384
-191.882
-194.806
-197.15
-198.926
-200.21
-201.161
-201.848
-202.297
-202.659
-203.209
-204.174
-205.704
-207.908
-210.928
-214.934
-219.935
-225.86
-232.692
-240.376
-248.768
-257.734
-267.135
-276.716
-286.31
-295.708
-304.283
-311.124
-315.484
-318.984
-321.147
-322.959
-121.816
-122.589
-123.926
-127.476
-130.928
-135.795
-141.201
-147.216
-153.649
-160.533
-167.682
-174.96
-182.296
-189.547
-196.568
-203.32
-209.643
-215.395
-220.497
-224.882
-228.483
-231.263
-233.239
-234.442
-234.888
-234.643
-233.936
-233.029
-232.049
-231.179
-230.685
-230.862
-231.925
-233.908
-236.871
-240.884
-245.853
-251.621
-258.112
-265.247
-272.576
-279.864
-287.22
-294.205
-300.285
-304.734
-307.338
-309.921
-311.255
-312.518
-134.18
-134.218
-136.147
-140.179
-144.271
-150.179
-156.385
-163.558
-171.367
-179.598
-188.275
-197.24
-206.216
-215.13
-223.873
-232.265
-240.134
-247.332
-253.711
-259.169
-263.591
-266.874
-268.965
-269.892
-269.802
-268.838
-267.009
-264.449
-261.453
-258.398
-255.615
-253.37
-251.885
-251.474
-252.296
-254.266
-257.323
-261.439
-266.564
-272.084
-277.5
-283.136
-288.683
-293.576
-297.363
-299.869
-302.452
-303.694
-304.799
-305.436
-143.519
-143.617
-146.09
-150.665
-155.482
-162.368
-169.744
-178.017
-187.214
-197.13
-207.422
-218.111
-229.07
-240.001
-250.719
-261.026
-270.732
-279.684
-287.686
-294.522
-300.054
-304.145
-306.707
-307.715
-307.186
-305.135
-301.746
-297.382
-292.285
-286.704
-281.011
-275.687
-271.309
-268.159
-266.359
-266.1
-267.427
-270.226
-274.009
-277.979
-282.401
-287.033
-290.877
-293.541
-295.114
-296.752
-298.131
-299.346
-300.333
-300.692
-149.071
-150.129
-153.223
-158.362
-164.069
-171.991
-180.487
-190.347
-200.94
-212.42
-224.655
-237.398
-250.393
-263.55
-276.599
-289.238
-301.228
-312.344
-322.318
-330.894
-337.894
-343.131
-346.403
-347.538
-346.622
-343.833
-339.303
-333.082
-325.411
-316.79
-307.794
-299.028
-290.952
-284.176
-279.326
-276.556
-275.814
-277.116
-279.741
-283.306
-287.568
-291.23
-293.312
-294.108
-294.234
-294.665
-295.572
-296.691
-297.596
-297.938
-150.835
-153.402
-157.315
-163.332
-169.807
-178.829
-188.339
-199.49
-211.863
-225.09
-239.146
-253.996
-269.414
-285.064
-300.73
-316.097
-330.823
-344.558
-356.959
-367.828
-376.838
-383.728
-388.266
-390.27
-389.616
-386.257
-380.274
-371.978
-361.779
-350.06
-337.277
-324.007
-311.329
-300.256
-291.365
-285.172
-281.902
-281.778
-284.013
-288.096
-292.42
-295.088
-296.03
-295.678
-295.166
-294.745
-294.978
-295.597
-296.182
-296.529
-148.78
-153.205
-158.046
-165.015
-172.492
-182.491
-193.145
-205.625
-219.422
-234.433
-250.633
-267.708
-285.556
-303.929
-322.533
-340.98
-358.873
-375.805
-391.36
-405.151
-416.768
-425.937
-432.288
-435.551
-435.466
-432.041
-425.425
-415.59
-402.806
-387.48
-370.255
-352.197
-334.147
-317.083
-302.574
-291.869
-285.257
-283.32
-285.488
-290.405
-295.347
-298.282
-299.143
-298.7
-297.595
-296.389
-295.413
-294.825
-294.624
-294.805
-143.399
-149.95
-155.3
-163.142
-171.967
-182.795
-194.472
-208.392
-223.518
-240.183
-258.247
-277.651
-298.13
-319.391
-341.167
-363.049
-384.593
-405.286
-424.606
-442.015
-457.029
-469.189
-478.201
-483.66
-485.182
-482.512
-475.531
-464.264
-449.081
-430.466
-409.012
-385.222
-360.215
-335.944
-314.24
-296.633
-284.499
-279.165
-281.195
-288.168
-295.189
-299.668
-301.365
-301.041
-299.287
-297.013
-294.762
-293.071
-292.209
-292.023
-135.216
-143.842
-149.616
-158.493
-168.119
-179.809
-192.474
-207.429
-223.825
-242.109
-262.1
-283.664
-306.644
-330.888
-356.03
-381.646
-407.231
-432.192
-455.925
-477.779
-497.086
-513.281
-525.874
-534.291
-538.013
-536.746
-530.381
-518.951
-502.284
-480.563
-454.214
-424.379
-392.421
-359.501
-327.805
-300.05
-279.083
-268.879
-270.625
-279.853
-290.126
-296.898
-300.04
-300.412
-298.508
-295.578
-292.677
-290.281
-288.811
-287.988
-125.536
-135.279
-141.789
-151.277
-161.212
-173.39
-187.07
-202.846
-220.331
-240.002
-261.634
-285.297
-310.799
-337.929
-366.445
-395.955
-425.898
-455.618
-484.383
-511.415
-535.951
-557.175
-574.338
-586.896
-594.263
-595.825
-591.172
-580.063
-562.447
-538.336
-508.336
-472.948
-432.85
-389.393
-346.061
-305.811
-273.109
-255.163
-253.643
-264.356
-278.477
-289.189
-295.193
-297.906
-297.874
-295.799
-292.713
-289.641
-287.491
-285.986
-114.074
-125.459
-131.765
-141.985
-152.306
-164.508
-178.618
-194.954
-213.233
-233.937
-257.044
-282.462
-310.229
-340.158
-371.999
-405.411
-439.886
-474.702
-509.016
-541.961
-572.569
-599.861
-622.939
-640.959
-653.036
-658.307
-656.383
-647.211
-630.311
-605.547
-572.51
-531.403
-483.512
-430.857
-374.948
-319.437
-270.987
-242.378
-235.174
-245.372
-263.703
-281.969
-294.682
-301.153
-302.429
-300.383
-296.953
-293.201
-290.25
-288.207
-103.245
-114.176
-120.766
-131.059
-141.397
-153.724
-167.765
-184.164
-202.903
-224.252
-248.3
-275.197
-304.931
-337.358
-372.358
-409.598
-448.624
-488.732
-528.996
-568.363
-605.808
-640.236
-670.428
-695.173
-713.422
-724.303
-727.156
-721.164
-706.027
-681.579
-647.336
-603.314
-550.119
-487.677
-415.916
-343.439
-285.009
-246.177
-229.855
-231.808
-252.005
-276.218
-294.131
-304.786
-308.124
-306.78
-303.098
-298.984
-296.022
-294.486
-93.8614
-102.431
-109.862
-119.61
-129.456
-141.703
-155.486
-171.575
-190.079
-211.602
-236.23
-264.033
-295.156
-329.639
-367.391
-408.277
-451.805
-497.285
-543.722
-589.933
-634.864
-677.279
-715.73
-748.627
-774.698
-792.632
-801.328
-800.107
-788.505
-766.5
-733.902
-689.221
-631.735
-558.981
-476.441
-392.684
-322.411
-271.418
-245.518
-242.965
-255.678
-275.431
-292.761
-303.57
-307.214
-306.48
-303.992
-300.981
-299.122
-298.534
-90.1951
-91.0045
-99.2158
-107.929
-117.369
-129.134
-142.336
-157.986
-175.931
-197.067
-221.591
-249.688
-281.593
-317.458
-357.319
-401.432
-449.261
-500.05
-552.839
-606.145
-659.047
-710.312
-758.001
-800.269
-835.512
-862.095
-878.655
-884.53
-878.704
-860.475
-829.866
-784.409
-720.99
-642.376
-556.618
-471.498
-390.123
-331.724
-297.457
-282.519
-282.079
-289.129
-298.13
-303.393
-304.738
-303.108
-301.068
-299.577
-299.221
-299.694
-106.066
-83.606
-89.685
-96.7467
-106.073
-117.322
-129.802
-144.638
-161.835
-182.341
-206.365
-234.101
-266.1
-302.743
-344.149
-390.606
-442.12
-497.642
-556.337
-616.864
-678.195
-738.746
-795.775
-847.688
-893.39
-930.591
-956.079
-970.972
-973.927
-959.954
-929.778
-887.001
-819.38
-739.127
-654.982
-568.354
-493.141
-432.145
-385.187
-352.788
-333.134
-322.112
-316.405
-311.809
-306.486
-301.778
-298.676
-297.848
-298.432
-299.549
-87.356
-72.0233
-78.7377
-86.6207
-96.3871
-107.249
-119.3
-133.451
-150.283
-170.016
-192.904
-220.14
-252.768
-290.779
-334.131
-383.326
-438.884
-500.486
-566.887
-637.372
-709.347
-780.561
-848.981
-912.168
-968.233
-1016.17
-1052.74
-1076.2
-1089.22
-1083.01
-1050.93
-989.883
-916.157
-832.277
-743.529
-659.467
-583.954
-518.318
-464.86
-422.874
-390.975
-366.496
-346.644
-329.409
-314.94
-304.102
-298.237
-297.6
-299.016
-300.252
-74.3741
-71.4242
-75.6426
-82.6842
-91.8504
-102.288
-114.615
-129.201
-146.725
-168.017
-193.216
-223.456
-259.704
-301.838
-350.459
-406.444
-470.105
-541.042
-617.375
-697.511
-780.338
-862.933
-942.192
-1015.49
-1081.21
-1135.23
-1174.17
-1194.69
-1196.5
-1169.86
-1119.85
-1053.61
-976.394
-891.761
-804.661
-721.763
-648.483
-584.164
-528.257
-480.607
-440.287
-406.201
-376.929
-351.734
-330.277
-313.337
-303.254
-299.856
-301.675
-303.187
-65.7328
-70.2695
-75.3557
-82.3832
-90.9197
-101.144
-114.307
-130.4
-150.472
-175.513
-205.428
-240.547
-281.752
-330.821
-388.862
-455.673
-530.04
-611.246
-699.245
-792.227
-887.75
-981.969
-1069.75
-1149.63
-1218.91
-1273.19
-1305.2
-1311.49
-1290.25
-1249.75
-1190.81
-1120.01
-1039.23
-956.405
-873.294
-793.705
-718.003
-649.239
-587.499
-532.752
-484.661
-442.669
-406.206
-375.006
-348.793
-327.723
-312.946
-305.707
-305.597
-308.22
-58.8966
-66.0752
-72.6577
-80.253
-89.105
-100.385
-114.998
-133.357
-156.405
-184.408
-218.34
-259.257
-308.312
-367.027
-435.373
-513.361
-601.011
-698.167
-803.568
-913.686
-1022.3
-1124.77
-1219.02
-1303.05
-1373.23
-1419.95
-1435.76
-1423.77
-1389.34
-1337.18
-1271.11
-1194.29
-1112.21
-1027.03
-941.197
-857.506
-778.362
-704.24
-636.656
-575.53
-521.017
-473.073
-431.509
-396.208
-366.982
-343.567
-326.065
-315.243
-311.722
-317.069
-52.5947
-59.3651
-66.5764
-74.8726
-84.5759
-97.3553
-113.267
-133.377
-158.859
-190.344
-229.561
-277.352
-334.584
-402.295
-482.156
-575.785
-683.437
-802.53
-927.536
-1052.4
-1172.66
-1284.75
-1386.9
-1474.1
-1535.13
-1560.84
-1559.45
-1533.13
-1486.73
-1423.66
-1350.22
-1267.56
-1179.67
-1089.15
-998.965
-910.737
-826.547
-747.5
-674.378
-607.852
-548.304
-495.859
-450.635
-412.572
-381.477
-356.881
-338.328
-325.982
-321.495
-326.731
-44.6477
-50.5682
-57.9142
-66.5989
-77.0915
-90.5538
-107.174
-128.891
-157.01
-193.076
-238.056
-292.109
-357.123
-435.821
-532.027
-648.144
-780.492
-922.253
-1065.64
-1205.63
-1339.3
-1464.21
-1569.99
-1644.63
-1682.37
-1689.82
-1670.47
-1630.25
-1571.47
-1499.24
-1416.45
-1326.87
-1232.45
-1136.67
-1041.43
-948.535
-859.681
-775.885
-698.286
-627.468
-564.09
-508.556
-460.911
-421.208
-389.214
-364.36
-346.053
-334.167
-329.735
-331.71
-34.8947
-40.5856
-47.1141
-55.3087
-65.7168
-78.6786
-95.9567
-119.749
-150.949
-191.336
-241.109
-301.812
-377.64
-473.023
-592.303
-734.137
-891.722
-1055.53
-1218.46
-1376.72
-1524.31
-1651.51
-1739.41
-1789.28
-1807.12
-1796.66
-1761.5
-1707.3
-1638.08
-1555.35
-1464.24
-1367.44
-1267.27
-1166.27
-1066.43
-969.228
-876.196
-788.652
-707.329
-633.389
-567.246
-509.476
-460.372
-419.752
-387.492
-362.985
-345.579
-334.876
-330.686
-330.968
-23.8414
-28.1746
-32.8432
-39.373
-48.6759
-61.3668
-79.7782
-105.229
-138.458
-181.876
-237.331
-308.584
-400.277
-517.267
-662.264
-831.666
-1015.74
-1203.23
-1388.25
-1561.78
-1706.7
-1807.55
-1871.73
-1901.56
-1900.92
-1874.17
-1826.04
-1758.74
-1679.06
-1588.66
-1490.24
-1387.76
-1282.44
-1177.07
-1073.23
-972.405
-876.005
-785.249
-701.332
-625.025
-557.092
-498.057
-448.043
-407.034
-374.805
-350.794
-334.273
-324.426
-321.11
-321.423
-8.93672
-10.7227
-13.1926
-17.8615
-26.1499
-39.0613
-57.5783
-82.7954
-117.183
-164.147
-227.533
-312.931
-423.418
-564.231
-738.243
-937.828
-1149.45
-1361.93
-1560.21
-1720.26
-1839.02
-1918.41
-1962.87
-1975.23
-1958.92
-1918.99
-1859.3
-1783.41
-1694.71
-1599.08
-1495.26
-1387.67
-1278.56
-1169.62
-1062.63
-958.89
-859.864
-766.941
-681.084
-603.305
-534.273
-474.462
-424.115
-383.057
-350.958
-327.271
-311.23
-302.103
-299.48
-300.035
10.9716
10.8788
9.82728
7.30691
1.66024
-8.91251
-25.7475
-50.1338
-85.5278
-135.934
-207.524
-308.075
-440.495
-606.484
-811.655
-1042.64
-1278.9
-1499.01
-1679.53
-1818.16
-1915.41
-1978.74
-2008.9
-2008.6
-1980.12
-1930.75
-1863.99
-1781.47
-1688.21
-1587.29
-1480.12
-1369.45
-1257.45
-1145.99
-1036.63
-930.894
-830.237
-735.82
-648.892
-570.319
-500.772
-440.736
-390.288
-349.288
-317.358
-293.863
-278.025
-269.065
-266.466
-266.74
32.3464
35.1414
37.4299
38.6941
37.1247
30.8758
18.0828
-3.45031
-37.6465
-89.6302
-168.119
-282.389
-437.719
-633.031
-862.6
-1113.64
-1355.81
-1563.97
-1731.18
-1855.27
-1935.72
-1988.12
-2011.77
-2002.4
-1968.43
-1913.77
-1842.15
-1756.97
-1661.56
-1558.2
-1449.14
-1336.66
-1222.97
-1109.91
-999.215
-892.413
-790.823
-695.819
-608.504
-529.766
-460.293
-400.389
-350.114
-309.272
-277.427
-253.927
-237.989
-228.845
-225.735
-225.361
55.4184
62.7855
70.7136
78.0275
83.0984
84.3472
79.0139
63.3344
31.7572
-22.1495
-108.447
-234.39
-403.684
-613.913
-858.457
-1120.62
-1360.25
-1557.42
-1717.23
-1834.17
-1909.59
-1953.72
-1974.53
-1965.45
-1930.46
-1874.77
-1802.31
-1716.77
-1621.05
-1517.51
-1408.21
-1295.31
-1181.02
-1067.43
-956.337
-849.26
-747.649
-652.767
-565.696
-487.324
-418.207
-358.64
-308.641
-267.994
-236.239
-212.675
-196.491
-186.869
-183.02
-181.95
80.8675
95.0432
110.28
125.905
140.41
151.956
156.613
148.582
118.714
61.3872
-28.276
-158.635
-333.74
-550.026
-796.025
-1055.55
-1294.48
-1489.41
-1643.76
-1761.05
-1844.17
-1893.2
-1913.13
-1906.62
-1875.77
-1823.79
-1754.13
-1670.36
-1576.07
-1473.91
-1365.85
-1253.94
-1140.31
-1027.13
-916.351
-809.663
-708.511
-614.145
-527.65
-449.829
-381.245
-322.163
-272.569
-232.164
-200.384
-176.504
-159.773
-149.459
-144.705
-142.95
109.84
132.017
155.831
180.946
205.608
225.927
236.391
232.437
208.87
155.286
68.9371
-61.3765
-235.474
-445.078
-687.203
-938.476
-1171.64
-1376.03
-1542.3
-1671.5
-1764.06
-1821.78
-1847.93
-1846.57
-1821.04
-1773.89
-1708.58
-1628.97
-1538.53
-1439.78
-1334.57
-1224.73
-1112.45
-1000.12
-889.892
-783.595
-682.793
-588.824
-502.752
-425.321
-357.024
-298.077
-248.412
-207.686
-175.364
-150.788
-133.239
-121.958
-116.044
-113.46
138.055
163.067
189.787
216.858
243.553
266.963
284.357
287.498
269.859
218.267
135.411
13.9213
-154.824
-357.081
-581.268
-820.728
-1053
-1263.37
-1442.31
-1583.69
-1687.8
-1756.44
-1793.02
-1801.29
-1784.53
-1744.81
-1685.36
-1610.47
-1523.59
-1427.54
-1324.7
-1217.09
-1106.62
-995.382
-885.586
-779.291
-678.273
-583.968
-497.619
-419.761
-350.872
-291.131
-240.461
-198.563
-164.999
-139.181
-120.3
-107.486
-99.615
-95.3844
132.259
157.358
185.744
216.032
247.185
275.035
293.956
297.651
285.312
241.047
159.601
46.228
-110.473
-307.636
-530.946
-762.764
-995.513
-1210.6
-1395.28
-1543.62
-1654.86
-1731.04
-1775.63
-1791.64
-1781.15
-1746.39
-1691.27
-1619.99
-1535.8
-1441.6
-1340.38
-1234.58
-1125.92
-1015.87
-906.521
-800.114
-698.568
-603.371
-515.526
-436.108
-365.606
-304.185
-251.709
-207.762
-171.662
-142.54
-119.669
-102.326
-90.5055
-83.2899
113.89
136.845
162.053
188.879
215.681
239.771
257.331
263.641
253.478
213.823
137.85
26.3663
-122.641
-321.582
-548.998
-782.456
-1017.36
-1230.53
-1411.92
-1559.41
-1671.96
-1751.41
-1800.87
-1821.7
-1814.73
-1783.6
-1731.85
-1662.97
-1580.72
-1487.59
-1386.33
-1280.15
-1171.5
-1061.85
-952.569
-845.512
-742.587
-645.452
-555.415
-473.497
-400.329
-336.179
-280.998
-234.418
-195.797
-164.3
-139.223
-120.117
-107.353
-99.9887
83.8691
100.082
117.731
136.598
156.036
174.796
188.377
191.104
175.697
134.767
64.1057
-42.5155
-191.63
-386.853
-608.619
-849.48
-1087.41
-1295.54
-1470.97
-1614.07
-1723.41
-1800.96
-1849.06
-1869.02
-1862.56
-1832.83
-1783.33
-1717.01
-1636.97
-1546.69
-1448.42
-1343.94
-1235.6
-1125.79
-1016.34
-908.78
-804.72
-705.778
-613.397
-528.695
-452.449
-385.103
-326.804
-277.452
-236.735
-204.131
-178.984
-160.683
-149.144
-142.978
58.3845
67.7452
77.7157
88.4175
98.5595
106.675
109.945
104.714
86.3449
48.4345
-17.7113
-118.833
-260.751
-444.049
-660.408
-897.919
-1134.76
-1345.61
-1518.88
-1661.13
-1767.99
-1844.32
-1893.4
-1915.09
-1910.92
-1883.5
-1836.14
-1771.98
-1694.26
-1606.12
-1509.82
-1407.4
-1301.05
-1192.8
-1084.42
-977.428
-873.347
-773.747
-680.097
-593.648
-515.334
-445.797
-385.386
-334.186
-292.144
-259.04
-234.431
-217.527
-207.775
-203.077
35.2794
39.1151
43.6288
48.4599
50.9299
50.2277
45.4901
33.1812
10.1019
-27.9674
-87.9467
-178.302
-306.525
-474.705
-676.663
-902.998
-1135.41
-1348.29
-1530.58
-1677.44
-1786.12
-1867.46
-1923.15
-1947.69
-1946.12
-1922.24
-1878.47
-1818.07
-1743.46
-1657.66
-1563.62
-1463.73
-1360.07
-1254.3
-1147.93
-1042.5
-939.479
-840.418
-746.757
-659.8
-580.653
-510.15
-448.877
-397.099
-354.829
-321.889
-297.902
-282.333
-274.573
-271.336
13.1069
13.9145
15.4025
15.9021
13.2603
6.92597
-3.70943
-20.878
-47.2304
-85.3454
-140.403
-220.471
-331.903
-478.125
-657.226
-862.301
-1082.68
-1297.28
-1488.08
-1644.91
-1765.9
-1856.48
-1918.95
-1951.62
-1957.31
-1939.48
-1901.29
-1846.22
-1775.94
-1694.42
-1604
-1507.55
-1406.99
-1304.19
-1200.5
-1097.4
-996.418
-898.929
-806.396
-720.12
-641.28
-570.864
-509.576
-457.818
-415.713
-383.189
-359.983
-345.527
-339.538
-337.909
-5.80561
-6.28167
-7.49275
-11.1685
-16.7987
-25.2642
-38.9191
-58.7549
-86.2563
-123.511
-174.378
-245.173
-340.948
-464.731
-615.789
-789.123
-984.186
-1188.64
-1388.4
-1559.74
-1696.98
-1801.77
-1875.72
-1919.58
-1936
-1927.57
-1899.11
-1851.24
-1785.72
-1711.2
-1625.73
-1533.6
-1437.14
-1338.02
-1237.63
-1137.54
-1039.28
-944.222
-853.626
-768.881
-691.183
-621.578
-560.907
-509.651
-467.957
-435.785
-412.953
-399.161
-394.216
-394.407
-21.1266
-24.0324
-27.5407
-32.7558
-39.3661
-49.0262
-64.5671
-85.4879
-112.509
-148.082
-194.356
-255.848
-336.778
-439.945
-566.554
-715.36
-883.408
-1062.02
-1243.49
-1420.2
-1578.09
-1701.6
-1791.67
-1850.25
-1880.32
-1884.42
-1866.49
-1827.74
-1772.81
-1704.26
-1625.25
-1538.69
-1446.91
-1352.93
-1256.34
-1159.95
-1065.05
-973.014
-885.123
-802.558
-726.63
-658.354
-598.6
-547.959
-506.629
-474.679
-451.983
-438.047
-433.525
-433.374
-32.6442
-37.4365
-43.0763
-49.7954
-57.858
-68.6166
-83.1867
-103.029
-129.441
-163.48
-206.043
-259.637
-327.691
-413.061
-519.056
-645.537
-789.027
-943.954
-1102.81
-1261.56
-1415.36
-1556.25
-1668.12
-1744.61
-1790.73
-1809.66
-1804.24
-1777.5
-1732.87
-1673.24
-1602.01
-1522.2
-1436.2
-1346.58
-1255.01
-1162.91
-1072.02
-983.656
-898.998
-819.334
-745.767
-679.326
-620.883
-571.068
-529.963
-497.841
-474.487
-459.932
-454.361
-453.503
-42.5039
-48.1919
-54.7099
-61.947
-70.8781
-82.5674
-96.8517
-115.638
-139.863
-170.748
-210.282
-258.397
-316.778
-388.255
-476.091
-581.71
-702.829
-835.796
-975.169
-1115.57
-1253.3
-1385.65
-1506.81
-1606.39
-1671.09
-1706.54
-1715.59
-1701.89
-1668.1
-1618.42
-1555.92
-1483.85
-1404.18
-1320.26
-1233.53
-1146.2
-1059.68
-975.513
-894.812
-818.653
-748.15
-684.145
-627.473
-578.745
-538.148
-505.659
-481.22
-464.958
-457.686
-457.492
-50.8968
-57.3728
-63.9981
-71.1661
-79.978
-91.1404
-105.049
-122.762
-145.274
-173.214
-208.295
-251.053
-302.641
-364.635
-438.26
-525.204
-625.6
-737.738
-858.425
-983.031
-1106.74
-1225.44
-1337.24
-1441.23
-1526.78
-1580.84
-1605.39
-1605.05
-1583.48
-1543.92
-1490.09
-1425.12
-1352.76
-1274.33
-1192.93
-1110.34
-1028.62
-949.134
-872.915
-801.157
-734.513
-673.78
-619.624
-572.557
-532.77
-500.209
-474.81
-457.246
-450.541
-453.727
-57.8193
-64.5834
-70.6551
-77.4847
-85.588
-95.7239
-108.889
-125.302
-145.88
-171.273
-202.155
-239.282
-284.102
-338.203
-401.431
-474.289
-557.432
-650.627
-752.755
-861.307
-972.176
-1080.37
-1183.2
-1278.9
-1366.76
-1436.35
-1480.1
-1493.8
-1484.59
-1455.48
-1410.38
-1351.9
-1284.63
-1211.6
-1135.17
-1057.11
-980.231
-905.405
-834.486
-767.796
-706.06
-649.723
-599.179
-554.807
-516.782
-485.157
-460.183
-442.866
-435.907
-444.205
-64.8712
-69.0951
-73.8955
-80.4479
-88.2856
-97.711
-109.821
-124.771
-143.213
-166.121
-193.237
-225.314
-263.607
-309.413
-363.629
-426.148
-496.785
-575.245
-661.112
-753.415
-850.23
-948.721
-1044.36
-1134.27
-1214.82
-1285.99
-1342.06
-1376.12
-1381.3
-1364.08
-1327.37
-1275.4
-1211.08
-1139.44
-1065.18
-991.104
-917.666
-847.465
-781.855
-721.075
-665.509
-614.929
-569.363
-528.939
-493.774
-464.316
-441.578
-427.376
-422.729
-429.074
-73.9721
-70.3868
-74.5131
-81.5463
-90.1917
-99.806
-111.335
-125.004
-141.441
-161.076
-184.187
-212.423
-246.206
-285.575
-331.237
-384.201
-444.675
-512.876
-587.796
-667.731
-751.813
-838.233
-924.023
-1005.95
-1081.68
-1149.29
-1205.99
-1250.42
-1276.78
-1277.07
-1249.4
-1202.61
-1141.4
-1071.75
-995.616
-918.028
-843.562
-777.046
-716.745
-662.373
-613.954
-570.621
-532.029
-497.563
-467.298
-442.142
-423.842
-414.789
-415.267
-418.53
-87.0648
-71.2878
-77.8568
-85.7454
-95.2033
-105.491
-116.876
-130.337
-146.092
-164.336
-185.673
-211.432
-242.296
-278.148
-319.198
-366.109
-419.447
-479.425
-545.392
-615.971
-689.693
-764.592
-838.606
-909.865
-976.539
-1036
-1087.33
-1128.78
-1160.94
-1176.66
-1169.84
-1127.88
-1071.52
-1004.21
-925.415
-846.32
-772.904
-705.647
-645.823
-595.806
-554.608
-520.391
-491.159
-464.974
-441.73
-423.179
-411.655
-407.601
-409.744
-412.009
61.012
57.5596
55.9062
55.1948
55.1178
55.372
56.0053
56.9875
58.3529
60.0892
62.2999
65.0203
68.2684
72.0225
76.2619
81.0013
86.243
92.0182
98.3225
105.135
112.444
120.196
128.365
136.992
146.118
155.454
164.878
174.456
184.106
193.641
202.937
211.862
220.262
227.938
234.659
240.145
244.074
246.11
245.886
242.994
237.001
227.44
213.796
195.477
171.904
142.404
106.373
62.974
10.9246
-40.4679
59.8278
58.9276
58.5699
58.7284
59.2952
60.1955
61.3952
62.9156
64.7459
66.9634
69.6866
72.9268
76.6995
80.9661
85.7467
91.0611
96.9299
103.366
110.351
117.874
125.914
134.441
143.449
152.933
162.843
173.073
183.536
194.175
204.905
215.62
226.192
236.486
246.376
255.697
264.21
271.651
277.741
282.16
284.551
284.517
281.649
275.517
265.637
251.466
232.447
207.951
177.355
139.758
94.2932
50.2239
60.5245
61.0802
61.8317
62.8141
64.0632
65.5959
67.3554
69.3822
71.7108
74.4553
77.6868
81.4673
85.7937
90.6464
96.0425
102.009
108.571
115.72
123.448
131.736
140.571
149.943
159.83
170.202
181.019
192.216
203.725
215.469
227.366
239.318
251.209
262.928
274.357
285.324
295.626
305.042
313.311
320.13
325.159
328.033
328.365
325.733
319.688
309.748
295.406
276.074
251.159
220.135
182.431
146.555
62.8864
64.161
65.6876
67.4089
69.3179
71.428
73.7222
76.2569
79.1235
82.4011
86.1554
90.4715
95.3657
100.843
106.896
113.551
120.82
128.701
137.191
146.273
155.943
166.19
176.989
188.306
200.1
212.326
224.929
237.839
250.975
264.245
277.546
290.774
303.803
316.483
328.655
340.122
350.636
359.915
367.638
373.454
376.989
377.854
375.65
369.939
360.252
346.069
326.935
302.261
271.535
244.286
66.4202
68.1219
70.1752
72.4627
74.968
77.6365
80.4601
83.4937
86.8682
90.6721
94.9781
99.8497
105.33
111.437
118.164
125.521
133.513
142.15
151.429
161.34
171.876
183.024
194.763
207.059
219.874
233.179
246.925
261.053
275.486
290.136
304.91
319.704
334.395
348.867
362.983
376.558
389.368
401.148
411.589
420.361
427.125
431.516
433.155
431.645
426.575
417.495
403.954
385.604
362.21
342.282
70.8283
72.8489
75.2804
77.9771
80.9488
84.1273
87.4735
91.0163
94.8933
99.2236
104.083
109.521
115.598
122.337
129.744
137.81
146.544
155.957
166.046
176.802
188.215
200.272
212.959
226.248
240.12
254.542
269.475
284.861
300.628
316.696
332.979
349.382
365.806
382.139
398.255
413.984
429.124
443.414
456.558
468.246
478.141
485.902
491.208
493.707
493.006
488.654
480.298
467.5
450.043
436.318
76.0055
78.2447
80.8997
83.868
87.1917
90.8027
94.6446
98.7056
103.079
107.915
113.308
119.313
125.981
133.353
141.432
150.211
159.688
169.875
180.765
192.36
204.646
217.618
231.264
245.571
260.521
276.081
292.213
308.863
325.969
343.465
361.274
379.316
397.498
415.712
433.832
451.704
469.127
485.846
501.585
516.045
528.927
539.961
548.843
555.191
558.586
558.635
554.973
547.35
535.803
527.118
81.8768
84.1059
86.8029
89.9429
93.5468
97.5322
101.814
106.368
111.243
116.572
122.488
129.052
136.317
144.313
153.052
162.525
172.728
183.667
195.35
207.776
220.933
234.82
249.424
264.742
280.751
297.426
314.731
332.623
351.055
369.971
389.304
408.977
428.896
448.954
469.032
488.976
508.582
527.617
545.823
562.933
578.686
592.791
604.884
614.584
621.526
625.3
625.591
622.091
614.803
609.809
88.0782
90.1169
92.7433
95.9971
99.8247
104.126
108.789
113.789
119.157
124.979
131.397
138.503
146.338
154.922
164.277
174.4
185.292
196.954
209.401
222.623
236.618
251.377
266.901
283.182
300.21
317.961
336.408
355.518
375.248
395.548
416.35
437.574
459.13
480.918
502.821
524.684
546.313
567.492
587.979
607.523
625.849
642.637
657.551
670.267
680.387
687.507
691.332
691.718
688.81
686.826
94.1226
95.9717
98.5357
101.828
105.796
110.346
115.353
120.749
126.554
132.861
139.763
147.37
155.721
164.854
174.78
185.515
197.056
209.406
222.566
236.534
251.314
266.899
283.293
300.49
318.485
337.259
356.789
377.043
397.98
419.544
441.671
464.288
487.317
510.672
534.234
557.85
581.337
604.483
627.053
648.79
669.405
688.572
705.941
721.096
733.613
743.169
749.582
752.671
752.535
752.493
99.7615
101.406
103.882
107.16
111.221
115.959
121.243
126.982
133.18
139.908
147.261
155.319
164.144
173.77
184.215
195.493
207.605
220.557
234.343
248.974
264.449
280.773
297.94
315.952
334.8
354.472
374.947
396.195
418.176
440.84
464.133
487.99
512.347
537.115
562.171
587.357
612.48
637.319
661.626
685.123
707.493
728.396
747.463
764.352
778.809
790.701
799.845
805.96
808.98
810.933
104.653
106.095
108.466
111.723
115.83
120.701
126.195
132.212
138.749
145.847
153.583
162.025
171.247
181.285
192.164
203.896
216.492
229.952
244.28
259.481
275.557
292.511
310.341
329.047
348.623
369.06
390.338
412.43
435.297
458.896
483.186
508.12
533.631
559.612
585.922
612.382
638.787
664.903
690.475
715.218
738.834
761.013
781.464
799.944
816.226
829.951
840.561
847.658
851.383
853.497
108.428
109.712
111.996
115.239
119.382
124.335
129.97
136.195
142.988
150.379
158.416
167.168
176.7
187.057
198.27
210.353
223.32
237.175
251.923
267.565
284.103
301.54
319.876
339.11
359.236
380.244
402.118
424.831
448.351
472.647
497.69
523.433
549.795
576.653
603.85
631.199
658.491
685.491
711.946
737.581
762.112
785.256
806.723
826.196
843.339
857.917
869.913
879.401
886
890.301
110.843
112.006
114.224
117.456
121.62
126.62
132.346
138.713
145.679
153.26
161.504
170.47
180.209
190.778
202.209
214.525
227.735
241.85
256.872
272.802
289.644
307.401
326.071
345.652
366.136
387.512
409.763
432.871
456.813
481.575
507.128
533.413
560.334
587.757
615.52
643.435
671.297
698.882
725.945
752.221
777.433
801.3
823.55
843.903
862.046
877.565
889.933
898.558
903.504
906.315
111.742
112.811
114.996
118.212
122.38
127.394
133.158
139.594
146.655
154.333
162.672
171.733
181.561
192.218
203.74
216.154
229.474
243.704
258.844
274.897
291.869
309.762
328.574
348.298
368.924
390.441
412.834
436.089
460.197
485.147
510.902
537.394
564.518
592.136
620.083
648.174
676.209
703.969
731.217
757.691
783.105
807.145
829.463
849.702
867.521
882.606
894.679
903.512
909.039
912.305
110.823
111.993
114.234
117.448
121.597
126.602
132.363
138.791
145.836
153.489
161.799
170.825
180.638
191.268
202.756
215.133
228.412
242.597
257.689
273.69
290.607
308.441
327.189
346.843
367.394
388.829
411.136
434.298
458.307
483.149
508.787
535.153
562.138
589.603
617.381
645.289
673.126
700.675
727.7
753.942
779.112
802.886
824.893
844.736
862.035
876.5
887.977
896.456
901.869
905.027
108.291
109.577
111.885
115.151
119.303
124.273
129.973
136.316
143.245
150.771
158.942
167.825
177.479
187.951
199.278
211.481
224.572
238.556
253.433
269.208
285.884
303.464
321.945
341.32
361.581
382.716
404.708
427.536
451.178
475.619
500.826
526.736
553.246
580.217
607.482
634.852
662.122
689.07
715.456
741.02
765.483
788.553
809.93
829.31
846.354
860.612
871.474
878.346
881.558
882.966
104.248
105.686
108.112
111.432
115.58
120.496
126.08
132.26
138.987
146.289
154.216
162.838
172.22
182.415
193.451
205.348
218.115
231.753
246.261
261.647
277.913
295.061
313.086
331.983
351.746
372.362
393.811
416.064
439.087
462.85
487.322
512.449
538.14
564.262
590.648
617.107
643.421
669.356
694.654
719.05
742.27
764.042
784.071
802.018
817.488
830.196
840.086
847.109
850.981
853.047
98.9206
100.569
103.125
106.501
110.626
115.442
120.866
126.808
133.253
140.235
147.82
156.084
165.096
174.908
185.547
197.024
209.341
222.499
236.501
251.351
267.054
283.609
301.011
319.254
338.332
358.233
378.934
400.4
422.589
445.454
468.954
493.039
517.628
542.606
567.815
593.068
618.146
642.806
666.78
689.78
711.508
731.667
749.985
766.212
780.065
791.093
798.843
803.049
803.826
803.678
92.6162
94.4908
97.2001
100.611
104.687
109.369
114.571
120.2
126.288
132.875
140.042
147.868
156.433
165.773
175.917
186.871
198.635
211.206
224.586
238.776
253.782
269.603
286.234
303.668
321.894
340.897
360.652
381.12
402.254
423.998
446.295
469.078
492.275
515.785
539.469
563.153
586.631
609.668
631.998
653.32
673.296
691.578
707.806
721.691
733.067
741.768
747.415
749.687
748.635
747.272
85.701
87.8008
90.6208
94.0526
98.044
102.544
107.443
112.711
118.385
124.516
131.198
138.532
146.584
155.384
164.948
175.291
186.413
198.312
210.984
224.433
238.652
253.642
269.397
285.91
303.169
321.154
339.833
359.168
379.106
399.585
420.532
441.872
463.522
485.382
507.315
529.147
550.676
571.677
591.901
611.076
628.882
644.971
658.978
670.472
679.093
684.621
686.889
685.605
680.745
676.72
78.5452
80.8215
83.7123
87.1218
90.9814
95.2143
99.7527
104.632
109.841
115.468
121.623
128.418
135.908
144.115
153.054
162.732
173.144
184.291
196.177
208.802
222.16
236.236
251.027
266.522
282.708
299.558
317.036
335.1
353.699
372.77
392.237
412.01
431.995
452.082
472.133
491.965
511.36
530.079
547.868
564.463
579.576
592.861
603.976
612.584
618.255
620.603
619.369
614.479
606.09
599.171
71.45
73.8435
76.7976
80.1044
83.7301
87.6249
91.7924
96.2158
100.919
106.016
111.636
117.87
124.751
132.324
140.6
149.577
159.249
169.607
180.666
192.422
204.873
217.998
231.787
246.228
261.301
276.974
293.2
309.932
327.109
344.667
362.528
380.6
398.782
416.963
435
452.71
469.854
486.169
501.38
515.206
527.375
537.571
545.397
550.454
552.376
550.781
545.367
535.765
521.961
510.853
64.8179
67.2101
70.081
73.2064
76.5283
80.0391
83.7567
87.6858
91.8779
96.4465
101.52
107.168
113.423
120.33
127.908
136.149
145.045
154.593
164.8
175.668
187.179
199.322
212.075
225.428
239.357
253.826
268.786
284.172
299.917
315.937
332.152
348.465
364.771
380.957
396.878
412.345
427.116
440.901
453.395
464.283
473.259
480.032
484.268
485.544
483.407
477.445
467.297
452.741
433.765
417.349
58.9553
61.1699
63.7815
66.6118
69.574
72.6408
75.8457
79.2481
82.915
86.9694
91.5066
96.5591
102.191
108.43
115.305
122.797
130.904
139.631
148.983
158.96
169.535
180.699
192.426
204.69
217.465
230.712
244.386
258.419
272.731
287.229
301.811
316.377
330.814
345.002
358.788
371.969
384.297
395.477
405.177
413.058
418.764
421.94
422.229
419.25
412.579
401.731
386.31
365.818
340.119
317.491
53.9921
55.8795
58.0985
60.4955
62.98
65.5352
68.2261
71.0926
74.2355
77.7562
81.7315
86.1959
91.2082
96.7913
102.957
109.706
117.027
124.94
133.437
142.519
152.166
162.36
173.084
184.292
195.944
207.995
220.396
233.088
245.98
258.976
271.964
284.825
297.446
309.683
321.365
332.271
342.136
350.657
357.497
362.289
364.655
364.213
360.556
353.238
341.8
325.752
304.624
278.1
246.06
216.565
50.0495
51.467
53.1296
54.9209
56.8057
58.8178
60.9823
63.321
65.9474
68.9359
72.3479
76.2421
80.6447
85.5846
91.0561
97.0732
103.633
110.753
118.423
126.623
135.356
144.598
154.332
164.511
175.083
185.99
197.17
208.561
220.077
231.612
243.055
254.284
265.167
275.538
285.194
293.892
301.349
307.245
311.234
312.934
311.923
307.774
300.054
288.294
271.979
250.547
223.504
190.215
150.479
113.292
47.3795
48.0461
48.8968
49.9024
51.1129
52.5601
54.1825
56.0046
58.0911
60.5404
63.4089
66.7572
70.5841
74.8956
79.6919
84.9897
90.8149
97.1689
104.044
111.399
119.243
127.568
136.343
145.529
155.067
164.883
174.902
185.053
195.251
205.389
215.355
225.029
234.258
242.842
250.55
257.118
262.238
265.58
266.776
265.434
261.125
253.378
241.693
225.54
204.372
177.578
144.566
104.743
57.8715
11.6228
46.4392
45.6526
45.3358
45.4691
45.995
46.8184
47.8606
49.1761
50.762
52.6757
55.0141
57.8134
61.0931
64.81
68.9719
73.591
78.7043
84.3158
90.4079
96.9607
103.952
111.384
119.244
127.504
136.075
144.862
153.786
162.771
171.717
180.526
189.098
197.3
204.955
211.838
217.681
222.19
225.049
225.912
224.396
220.082
212.521
201.231
185.667
165.228
139.307
107.27
68.498
21.9773
-32.7276
-87.2488
47.4913
44.0696
42.4022
41.6516
41.5343
41.7038
42.1665
42.9385
44.052
45.4701
47.2838
49.5581
52.3101
55.4971
59.1025
63.1323
67.6
72.5274
77.8952
83.7002
89.9145
96.5009
103.452
110.857
118.562
126.359
134.216
142.12
149.894
157.424
164.653
171.425
177.512
182.691
186.696
189.182
189.799
188.213
184.035
176.823
166.131
151.428
132.112
107.543
77.0799
40.0319
-4.08715
-56.3397
-117.204
-178.976
-45.6886
-55.5316
-54.5812
-50.0776
-45.3703
-38.5825
-28.8207
-18.7137
-6.18942
11.4012
30.2487
49.3191
68.6062
89.6878
114.614
109.296
92.7534
69.7783
50.9206
32.0753
13.658
-3.66699
-16.8421
-27.187
-36.7525
-43.8373
-49.1023
-53.4666
-54.7063
-44.8792
-30.2531
-41.4158
-43.5029
-41.5706
-38.0443
-32.1127
-23.0607
-13.7895
-3.06411
11.6855
27.7583
43.5337
58.4197
73.2414
92.5894
88.8281
75.0218
58.7467
44.5986
28.657
13.5845
-1.0202
-12.1134
-21.5922
-30.4585
-36.7043
-40.5391
-42.2972
-40.2781
-29.1025
-30.6951
-33.4628
-34.5586
-33.6809
-30.7223
-25.6377
-17.8909
-9.64394
-0.200961
12.0038
25.3651
38.5344
50.3658
60.8169
74.2638
71.7699
61.6002
50.3422
39.4041
25.9619
13.3773
1.30984
-8.0782
-16.5635
-24.1135
-29.4189
-32.5875
-33.4094
-32.3226
-29.4785
-30.9012
-29.4041
-27.9585
-26.8855
-24.1028
-19.9609
-13.4465
-6.15442
2.25339
12.449
23.258
33.8943
43.3706
50.9733
59.5282
58.1156
51.1896
43.3032
34.5978
23.8188
13.4948
3.39095
-4.78552
-12.3502
-18.6519
-22.91
-25.7986
-26.8756
-28.3732
-29.7659
-28.661
-26.3011
-23.5165
-21.7703
-18.8909
-15.2053
-9.52735
-3.06519
4.23368
12.6361
21.1308
29.3975
37.0405
42.8493
48.3202
47.7697
42.9139
37.0242
29.9512
21.6002
13.4597
5.14437
-1.92626
-8.57775
-14.1081
-17.865
-20.7626
-22.4936
-25.3188
-27.7289
-24.7455
-23.2299
-20.3098
-18.1232
-14.7927
-11.1995
-6.23059
-0.662232
5.38506
12.1831
18.9282
25.4457
31.4592
35.9122
39.9342
39.9538
36.0296
31.61
25.8574
19.274
12.8372
6.11845
0.288484
-5.36698
-10.2368
-13.8936
-17.2183
-19.3817
-22.326
-23.9109
-20.1624
-19.9964
-17.6936
-15.2624
-11.6011
-8.2435
-3.95708
0.752086
5.6976
11.3112
16.8483
22.0665
26.629
30.0141
33.4104
33.7559
30.1835
26.9272
22.4117
17.2028
11.8721
6.30222
1.56422
-3.18334
-7.37308
-10.7798
-14.4415
-16.8825
-19.2096
-19.3881
-15.9645
-16.6207
-15.124
-12.9616
-9.42408
-6.41949
-2.69572
1.41288
5.54714
10.261
14.8092
18.9484
22.4543
25.3011
27.8515
28.5125
25.3186
22.7986
19.2151
15.2912
10.786
6.10074
2.12772
-2.02619
-5.6468
-8.67886
-12.2037
-14.4079
-15.924
-15.2665
-13.1065
-13.4028
-12.3247
-10.9675
-7.89312
-5.30906
-2.02708
1.6323
5.11248
8.99357
12.7344
16.0842
18.9209
21.3341
23.0545
23.9079
21.2283
19.2995
16.2578
13.268
9.47794
5.6531
2.26689
-1.45641
-4.61635
-7.2455
-10.2865
-11.6831
-12.7682
-12.4489
-11.3907
-10.9705
-9.86762
-8.98259
-6.51765
-4.46093
-1.59787
1.53963
4.47784
7.64218
10.808
13.6369
16.0489
17.8793
18.9834
19.8864
17.6925
16.4265
13.7273
11.2944
8.02326
4.99976
2.10437
-1.08388
-3.83057
-5.95739
-8.39944
-9.30599
-10.4073
-10.8217
-10.1089
-9.61191
-8.1363
-7.30743
-5.31771
-3.66195
-1.25185
1.35014
3.814
6.43431
9.15382
11.5007
13.5487
14.8874
15.641
16.5081
14.6662
13.9333
11.5279
9.59356
6.7279
4.28232
1.83498
-0.784643
-3.10868
-4.82724
-6.79901
-7.64585
-9.12808
-9.65297
-8.86802
-8.63719
-6.87508
-6.24748
-4.4016
-2.9928
-0.950138
1.21867
3.24603
5.43052
7.70222
9.49399
11.1509
12.3983
12.893
13.7091
12.1558
11.6016
9.52179
8.11342
5.67267
3.62464
1.58949
-0.577163
-2.51638
-4.0127
-5.79439
-6.44526
-8.25152
-8.50011
-7.52975
-7.32827
-5.7845
-5.44578
-3.62189
-2.48651
-0.721338
1.08171
2.82431
4.56513
6.41613
7.73286
9.17556
10.2109
10.6163
11.3147
9.99927
9.54451
7.76039
6.7713
4.71659
3.08207
1.36383
-0.421792
-2.07099
-3.28272
-4.98116
-5.37618
-7.0826
-7.23428
-6.00574
-5.84425
-4.74234
-4.33528
-2.7766
-1.93715
-0.463713
0.952482
2.50877
3.71371
5.26603
6.3072
7.55475
8.21284
8.59972
9.25382
8.10954
7.83495
6.31519
5.61075
3.79787
2.66917
1.19373
-0.192542
-1.59686
-2.39627
-3.92354
-4.24628
-5.79214
-5.80063
-4.56357
-4.45282
-3.67662
-3.17545
-1.92616
-1.30868
-0.131675
0.930145
2.17766
2.96899
4.2926
5.10604
6.08071
6.5073
6.84262
7.49416
6.50855
6.42299
5.14507
4.63725
3.06106
2.34715
1.07177
0.115878
-1.08842
-1.57789
-2.83514
-3.43181
-4.30971
-4.40141
-3.39363
-3.32311
-2.80901
-2.30764
-1.33674
-0.92668
0.114723
0.892162
1.83557
2.42854
3.53773
4.04419
4.8694
5.21219
5.41624
5.81578
5.15829
5.14335
4.10841
3.79028
2.62601
2.12101
0.866819
0.228257
-0.69531
-1.11664
-2.10712
-2.62425
-3.18511
-3.26562
-2.47223
-2.33616
-2.10487
-1.86617
-1.10908
-0.655229
0.0966389
0.546863
1.41509
2.03829
2.89768
3.14334
3.73618
3.95932
4.14522
4.36272
3.97086
4.02263
3.07814
2.90685
2.01431
1.66652
0.799937
0.280157
-0.475722
-0.92151
-1.74435
-1.97079
-2.22281
-2.371
-1.65813
-1.54133
-1.43526
-1.39374
-0.926146
-0.556089
0.059024
0.338614
1.07775
1.3458
1.94547
2.20036
2.68952
2.80427
2.94133
2.97806
2.74988
3.14211
1.94962
1.9381
1.32816
1.30946
0.491565
0.195224
-0.432787
-0.806791
-1.29813
-1.34962
-1.45626
-1.58076
-0.948892
-0.903979
-0.720407
-0.881385
-0.570773
-0.424177
-0.0151154
0.16691
0.582412
0.758886
1.18517
1.30511
1.52028
1.58621
1.75607
1.85348
1.58062
1.73637
1.205
1.2002
0.7579
0.707594
0.211002
0.0662351
-0.341626
-0.502574
-0.812464
-0.645372
-0.855099
-0.902111
-0.301628
-0.253142
-0.110812
-0.271694
-0.14843
-0.165739
-3.90295e-05
0.0435939
0.183284
0.25629
0.416074
0.374221
0.334116
0.312425
0.670629
0.799692
0.325554
0.541521
0.372666
0.421576
0.234683
0.200834
0.0457074
0.0209546
-0.140624
-0.121917
-0.24779
-0.0490616
-0.23311
-0.28705
)
;

boundaryField
{
    INLET
    {
        type            zeroGradient;
    }
    OUTLET
    {
        type            fixedValue;
        value           uniform 0;
    }
    WALL
    {
        type            zeroGradient;
    }
    CYLINDER
    {
        type            zeroGradient;
    }
    frontAndBackPlanes
    {
        type            empty;
    }
}


// ************************************************************************* //
