/*--------------------------------*- C++ -*----------------------------------*\
| =========                 |                                                 |
| \\      /  F ield         | OpenFOAM: The Open Source CFD Toolbox           |
|  \\    /   O peration     | Version:  v1912                                 |
|   \\  /    A nd           | Website:  www.openfoam.com                      |
|    \\/     M anipulation  |                                                 |
\*---------------------------------------------------------------------------*/
FoamFile
{
    version     2.0;
    format      ascii;
    class       volScalarField;
    location    "0.06";
    object      p;
}
// * * * * * * * * * * * * * * * * * * * * * * * * * * * * * * * * * * * * * //

dimensions      [0 2 -2 0 0 0 0];


internalField   nonuniform List<scalar> 
6600
(
78.073
73.4231
70.9991
69.5638
68.8149
68.5167
68.3741
68.3744
68.5743
68.9927
69.6707
70.6067
71.7771
73.1602
74.8053
76.7378
78.9463
81.4133
84.1426
87.0829
90.2166
93.6004
97.2796
101.172
105.142
109.071
112.902
116.663
120.253
123.357
125.881
127.878
129.061
129.1
127.816
124.784
119.487
111.573
100.623
86.1802
67.8014
44.5829
15.7965
-19.2961
-61.3469
-111.194
-169.502
-236.513
-315.026
-399.397
74.9298
70.2122
68.471
66.9865
65.935
65.2759
64.8054
64.5084
64.4413
64.588
65.018
65.6922
66.5204
67.511
68.7322
70.1942
71.8604
73.7337
75.7428
77.9184
80.2171
82.7205
85.4838
88.4419
91.5282
94.4675
97.1117
99.4585
101.467
102.964
103.55
103.244
102.064
99.6419
95.6267
89.6833
81.3098
70.0496
55.4336
36.9446
14.2837
-13.5603
-47.2377
-87.5412
-135.145
-190.892
-255.164
-327.903
-410.457
-497.124
70.7418
65.9282
64.9772
63.5259
62.2351
61.2087
60.5036
60.0349
59.736
59.6587
59.8697
60.2306
60.6849
61.3154
62.1831
63.2979
64.568
65.9018
67.2601
68.7281
70.3607
72.118
73.8967
75.5962
77.2664
78.9707
80.4047
81.3381
81.6909
81.3409
80.0254
77.5965
73.9969
68.8574
61.8869
52.727
40.9168
26.0918
7.68219
-14.913
-42.1387
-74.6754
-113.164
-158.345
-210.936
-271.812
-341.109
-417.919
-501.427
-585.533
65.9687
60.8341
60.5256
58.849
57.5607
56.5077
55.5876
54.9013
54.415
54.089
54.0132
53.9938
54.1092
54.4331
54.976
55.6453
56.4334
57.2162
57.9981
58.7873
59.6141
60.4951
61.2991
62.0654
62.3918
62.512
62.388
61.7309
60.392
58.2011
54.8597
50.1689
44.0145
36.1074
26.0964
13.6515
-1.65938
-20.2403
-42.5457
-69.2074
-100.779
-137.734
-180.62
-230.058
-286.691
-351.323
-423.922
-502.784
-585.484
-664.502
60.5456
55.2091
55.3827
53.057
51.8283
50.7185
49.7091
48.8719
48.2172
47.6644
47.2873
46.9101
46.6816
46.6494
46.7725
46.9537
47.1179
47.2722
47.4438
47.6487
47.7762
47.7139
47.3596
46.8298
45.9564
44.5776
42.7376
40.2737
37.0245
32.8009
27.3994
20.5158
11.8446
1.07808
-11.9611
-27.6214
-46.3554
-68.5287
-94.6026
-125.079
-160.441
-201.133
-247.558
-300.183
-359.52
-426.272
-500.356
-579.644
-660.046
-732.211
54.6319
49.3453
49.6634
46.6007
45.3224
43.8767
42.7556
41.7708
40.8841
40.1628
39.5294
38.8989
38.3988
37.9402
37.4529
36.9626
36.4202
35.8635
35.247
34.5582
33.7912
32.7964
31.5417
29.7143
27.516
24.6965
21.1524
16.7877
11.5099
5.17766
-2.47077
-11.7152
-22.8396
-36.2169
-52.148
-70.8547
-92.7055
-118.117
-147.442
-181.109
-219.505
-262.968
-311.836
-366.417
-427.019
-494.16
-567.925
-646.259
-723.045
-786.37
48.3686
43.4648
43.2199
39.5981
38.062
36.5015
35.1493
33.8875
32.7538
31.7281
30.6735
29.6846
28.77
27.7998
26.7446
25.5961
24.3323
22.9877
21.524
19.8604
17.9831
15.8174
13.2974
10.2277
6.57395
2.29091
-2.82169
-8.93945
-16.22
-24.7269
-34.6314
-46.1779
-59.7138
-75.5789
-94.0323
-115.423
-139.996
-168.016
-199.885
-235.917
-276.375
-321.53
-371.584
-426.753
-487.275
-553.539
-625.596
-701.331
-772.818
-825.542
40.8447
37.1848
35.6615
31.9098
30.2524
28.4062
26.7478
25.2936
23.9215
22.5192
21.0377
19.5239
17.9047
16.2057
14.4496
12.5881
10.5757
8.35343
5.87953
3.09995
-0.0188629
-3.43513
-7.25782
-11.5688
-16.6371
-22.4992
-29.2631
-37.0315
-46.014
-56.4619
-68.532
-82.4109
-98.2251
-116.277
-136.92
-160.4
-187.04
-217.066
-250.646
-288.077
-329.574
-375.288
-425.371
-479.933
-539.171
-603.483
-672.535
-743.929
-809.061
-850.073
32.1654
28.661
26.5318
23.4003
21.9849
19.698
17.6653
15.8939
14.0578
12.2168
10.3005
8.25851
6.02268
3.62251
1.02088
-1.75479
-4.68858
-7.85988
-11.3415
-15.1748
-19.4868
-24.3447
-29.6775
-35.5615
-42.1398
-49.4933
-57.7855
-67.2198
-77.972
-90.1409
-103.949
-119.602
-137.353
-157.339
-179.756
-204.896
-232.932
-264.046
-298.515
-336.465
-378.012
-423.274
-472.294
-525.144
-581.99
-643.282
-708.787
-774.961
-832.506
-862.159
23.1149
18.1468
17.3919
14.536
13.2392
10.8248
8.62577
6.33507
3.83175
1.23258
-1.43651
-4.15211
-6.99033
-10.1148
-13.5475
-17.2685
-21.3054
-25.662
-30.3608
-35.4113
-40.864
-46.8925
-53.6139
-60.9463
-69.0348
-78.0238
-87.9516
-98.8907
-111.095
-124.783
-140.196
-157.44
-176.615
-197.935
-221.542
-247.603
-276.394
-308.029
-342.545
-380.123
-420.836
-464.709
-511.785
-562.082
-615.704
-672.961
-734.051
-794.783
-845.169
-865.723
12.8413
7.6762
8.16608
4.52946
3.36993
0.952084
-1.14415
-3.67993
-6.59909
-9.88248
-13.3767
-17.0579
-20.9354
-25.0043
-29.2394
-33.8302
-38.9063
-44.4134
-50.3115
-56.6836
-63.5179
-70.8769
-78.9549
-87.7621
-97.2697
-107.548
-118.879
-131.351
-145.006
-160
-176.501
-194.754
-214.941
-237.159
-261.497
-288.04
-316.859
-348.116
-381.996
-418.484
-457.601
-499.364
-543.703
-590.602
-640.19
-692.904
-748.365
-803.259
-848.31
-863.919
1.02933
-3.63577
-2.21962
-6.64828
-7.36536
-10.3605
-12.5555
-15.2512
-18.3238
-21.7563
-25.6121
-30.0943
-35.0925
-40.3162
-45.7406
-51.4923
-57.6266
-64.2348
-71.3662
-79.024
-87.2141
-95.8751
-105.125
-115.134
-126.018
-137.742
-150.274
-163.855
-178.623
-194.692
-212.179
-231.207
-251.898
-274.391
-298.776
-325.129
-353.546
-384.029
-416.581
-451.31
-488.177
-527.133
-568.155
-611.12
-655.912
-703.215
-751.722
-798.72
-836.186
-851.068
-10.6256
-14.1164
-12.7881
-17.1333
-17.3006
-21.3093
-23.8732
-27.3442
-31.0537
-34.8959
-39.0904
-43.9398
-49.345
-55.3801
-62.125
-69.3303
-76.7331
-84.4523
-92.7471
-101.678
-111.252
-121.428
-132.072
-143.251
-155.077
-167.843
-181.53
-196.106
-211.74
-228.523
-246.543
-265.917
-286.752
-309.164
-333.213
-358.935
-386.316
-415.385
-446.19
-478.657
-512.765
-548.448
-585.53
-623.825
-663.521
-704.272
-744.092
-779.415
-802.811
-815.378
-19.3121
-24.59
-20.6544
-26.1396
-25.8334
-30.863
-33.504
-37.9963
-42.7007
-47.5694
-52.8524
-58.5179
-64.434
-70.9778
-78.4542
-86.6855
-95.5513
-104.881
-114.506
-124.56
-135.207
-146.525
-158.481
-171.028
-184.156
-197.863
-212.245
-227.518
-243.687
-260.858
-279.128
-298.577
-319.278
-341.23
-364.498
-389.123
-415.135
-442.492
-471.128
-501.02
-532.008
-563.95
-596.677
-629.845
-663.963
-697.213
-727.162
-749.34
-757.933
-765.272
-27.0602
-32.7185
-26.5621
-35.1446
-33.4348
-39.9731
-42.062
-47.3949
-52.615
-58.3166
-64.9772
-72.0605
-79.2633
-86.9804
-95.1561
-103.863
-113.535
-124.226
-135.497
-147.039
-159.063
-171.601
-184.636
-198.193
-212.304
-227.034
-242.287
-258.1
-274.613
-291.92
-310.104
-329.178
-349.219
-370.396
-392.671
-416.017
-440.381
-465.715
-491.971
-519.017
-546.758
-574.98
-603.226
-631.496
-659.134
-684.625
-705.74
-719.46
-725.025
-727.432
-32.3022
-39.8353
-33.7492
-43.7178
-40.3955
-48.9362
-50.0338
-56.5801
-61.6591
-67.925
-75.4843
-83.4165
-92.0613
-101.484
-111.167
-121.141
-131.709
-143.056
-155.438
-168.506
-181.92
-195.867
-210.27
-224.998
-239.993
-255.406
-271.295
-287.525
-304.157
-321.293
-339.045
-357.613
-377.021
-397.148
-418.087
-439.843
-462.395
-485.668
-509.53
-533.868
-558.447
-582.98
-607.301
-631.097
-653.312
-672.606
-686.654
-693.778
-701.246
-701.887
-36.961
-45.8493
-39.0133
-51.5394
-45.9085
-57.156
-56.7853
-65.5259
-69.9863
-77.2513
-85.1273
-93.4079
-102.967
-113.555
-124.689
-136.494
-148.788
-161.243
-174.367
-188.746
-203.704
-218.868
-234.502
-250.586
-266.84
-283.089
-299.468
-315.978
-332.689
-349.643
-366.863
-384.422
-402.532
-421.451
-441.043
-461.269
-482.038
-503.262
-524.853
-546.604
-568.405
-590.04
-611.206
-631.015
-648.753
-663.187
-672.479
-676.652
-679.617
-681.582
-42.6954
-50.7677
-42.2128
-56.964
-49.6339
-63.8785
-61.505
-73.1174
-76.5832
-85.5392
-93.5084
-102.261
-112.58
-123.704
-135.816
-149.134
-163.268
-177.82
-192.462
-207.702
-224.105
-241.004
-257.948
-275.044
-292.391
-309.747
-326.883
-343.71
-360.355
-376.79
-393.209
-409.893
-426.885
-444.217
-462.165
-480.685
-499.699
-519.111
-538.753
-558.58
-578.373
-597.496
-615.408
-632.056
-646.239
-656.342
-661.418
-666.48
-666.907
-668.741
-46.26
-53.7208
-45.5901
-60.8479
-52.2154
-68.4482
-64.2261
-78.2205
-80.5698
-91.8322
-99.7392
-109.788
-120.848
-132.29
-144.977
-159.194
-174.543
-190.996
-208.105
-225.147
-242.529
-260.894
-279.836
-298.688
-317.246
-335.559
-353.537
-370.97
-387.766
-403.928
-419.581
-434.82
-450.08
-465.801
-481.999
-498.803
-516.158
-533.939
-552.113
-570.419
-588.301
-605.249
-621.176
-635.163
-645.518
-651.127
-655.127
-657.273
-658.557
-659.44
-47.9004
-54.6957
-47.3897
-62.4907
-53.2765
-70.9149
-65.3462
-81.4143
-82.2018
-95.5537
-102.651
-114.57
-126.483
-138.876
-152.593
-167.475
-183.491
-201.086
-220.158
-239.841
-259.547
-279.385
-299.707
-320.453
-340.976
-360.874
-380.011
-398.167
-415.19
-431.041
-445.86
-459.936
-473.525
-487.025
-501.047
-515.838
-531.481
-547.933
-564.946
-582.2
-598.75
-614.18
-628.091
-639.257
-646.092
-648.561
-650.415
-651.708
-653.182
-653.635
-47.6803
-53.8101
-48.3237
-61.7537
-53.8712
-71.1462
-65.2525
-82.2599
-81.986
-97.1184
-103.165
-116.543
-128.408
-142.23
-157.498
-173.357
-190.181
-208.593
-228.848
-250.483
-272.794
-295.518
-318.247
-340.846
-363.405
-385.338
-406.135
-425.635
-443.486
-459.549
-473.763
-486.289
-497.689
-508.691
-519.944
-532.186
-545.819
-560.817
-577.198
-593.816
-609.493
-623.728
-635.524
-643.143
-646.165
-648.014
-647.837
-648.842
-650.098
-650.485
-46.1226
-51.7489
-47.8116
-59.0696
-54.0147
-68.8181
-64.467
-80.5864
-79.993
-96.3121
-101.449
-116.049
-127.372
-142.266
-158.57
-175.817
-194.286
-213.933
-234.976
-258.176
-282.697
-307.862
-333.524
-359.143
-384.361
-408.874
-432.138
-453.643
-472.816
-489.42
-503.359
-514.849
-524.161
-531.976
-539.637
-548.273
-558.787
-571.961
-587.356
-603.603
-619.557
-633.663
-642.872
-646.425
-647.915
-647.528
-647.27
-647.583
-648.224
-648.66
-43.9963
-48.6835
-46.0793
-55.3045
-52.3405
-64.3326
-63.0883
-76.5832
-77.2622
-92.8856
-97.7508
-113.176
-123.763
-139.521
-155.87
-173.969
-194.221
-215.881
-238.215
-262.443
-289.27
-317.25
-345.701
-374.641
-403.355
-431.235
-457.727
-482.044
-503.52
-521.798
-536.312
-546.878
-553.901
-558.178
-561.086
-564.65
-570.765
-580.246
-593.6
-610.031
-627.71
-641.661
-648.783
-650.892
-650.312
-649.112
-647.737
-646.576
-645.941
-645.893
-39.9168
-45.1795
-43.3986
-51.1623
-49.4789
-59.1284
-59.7134
-70.6693
-73.9525
-86.5686
-93.061
-108.144
-118.133
-134.553
-150.318
-169.034
-190.223
-213.348
-238.037
-263.89
-292.013
-322.549
-354.455
-387.026
-419.682
-451.753
-482.368
-510.585
-535.609
-556.569
-572.495
-583.206
-588.651
-589.156
-586.531
-583.182
-581.821
-584.508
-594.464
-611.624
-630.47
-645.469
-652.834
-655.102
-653.189
-650.565
-647.222
-644.201
-642.31
-641.505
-35.6277
-40.4894
-40.2297
-46.2187
-46.1258
-53.7631
-55.1041
-64.3763
-68.5379
-79.325
-86.7403
-100.625
-111.013
-127.334
-142.534
-161.478
-182.664
-206.411
-233.045
-261.477
-291.556
-324.225
-359.273
-395.724
-432.855
-469.806
-505.525
-538.924
-568.74
-593.773
-612.98
-625.234
-630.022
-627.345
-618.262
-605.572
-593.509
-586.199
-589.834
-604.211
-625.129
-641.593
-652.69
-654.308
-653.098
-649.529
-645.02
-640.622
-637.542
-635.751
-31.7228
-35.1993
-36.6102
-41.0414
-42.2137
-48.1607
-50.1685
-57.8839
-62.0141
-71.7217
-79.2481
-91.5698
-102.314
-118.168
-132.943
-151.995
-172.738
-196.3
-223.707
-254.151
-286.704
-321.892
-359.909
-400.314
-442.274
-484.791
-526.69
-566.44
-602.508
-633.332
-657.346
-672.945
-678.835
-674.307
-659.653
-636.805
-609.802
-585.566
-576.051
-585.526
-608.424
-629.117
-643.005
-650.728
-653.199
-651.521
-647.089
-641.47
-637.034
-634.135
-28.0619
-30.7027
-32.9292
-35.7392
-38.1518
-42.2305
-45.1653
-51.0892
-55.1985
-63.7676
-70.8256
-82.1988
-92.5273
-107.381
-121.72
-140.488
-160.848
-184.256
-211.249
-242.51
-277.179
-314.861
-356.009
-400.386
-447.315
-495.832
-544.593
-591.956
-635.91
-674.425
-705.673
-726.995
-736.637
-732.92
-714.472
-680.925
-635.288
-589.291
-561.262
-556.555
-575.961
-607.984
-633.816
-653.339
-662.593
-663.132
-658.374
-651.341
-645.006
-640.916
-25.6923
-26.0529
-29.0116
-30.9469
-33.9139
-36.8169
-40.1072
-44.7761
-48.5865
-55.8529
-62.0239
-72.7284
-82.1458
-95.8848
-109.763
-127.328
-147.048
-170.455
-196.833
-227.63
-263.436
-303.27
-347.266
-395.461
-447.527
-502.457
-558.83
-614.877
-668.454
-716.984
-757.53
-786.893
-803.005
-802.805
-784.427
-745.684
-682.372
-608.812
-550.123
-528.56
-542.292
-586.097
-626.273
-659.618
-676.711
-680.137
-674.321
-665.478
-658
-654.597
-24.3762
-22.8364
-25.4537
-27.0463
-29.4132
-32.0063
-34.8904
-38.7988
-42.5633
-48.3813
-54.4031
-63.145
-71.9462
-84.2614
-97.3689
-113.783
-132.308
-155.115
-181.186
-211.318
-246.958
-287.972
-333.946
-385.465
-442.628
-504.257
-568.671
-634.507
-699.415
-759.966
-812.207
-852.924
-879.526
-885.954
-871.016
-836.005
-755.074
-659.185
-571.87
-526.936
-526.443
-568.274
-621.221
-661.26
-680.609
-684.224
-678.697
-671.15
-665.551
-663.841
-30.8391
-24.9528
-21.561
-24.1112
-25.2059
-28.0823
-30.2534
-33.3301
-37.1624
-41.0354
-47.6831
-54.8822
-62.8653
-73.7778
-85.6834
-100.635
-118.222
-139.826
-165.107
-194.691
-230.019
-271.105
-318.082
-371.897
-433.697
-501.475
-574.223
-650.632
-728.354
-801.83
-868.065
-924.608
-963.837
-981.68
-970.534
-932.331
-856.355
-752.974
-653.003
-586.844
-578.732
-598.386
-634.419
-662.579
-675.839
-677.106
-671.844
-666.548
-664.99
-666.162
78.6641
74.0451
71.6338
70.2161
69.5014
69.2371
69.1334
69.1907
69.4349
69.9249
70.6531
71.6569
72.909
74.3635
76.0928
78.1446
80.4951
83.1574
86.0914
89.3029
92.7206
96.4453
100.489
104.778
109.183
113.606
118.006
122.4
126.761
130.864
134.441
137.476
139.833
141.211
141.483
140.324
137.217
131.82
123.715
112.297
97.1365
77.6732
53.1612
22.8644
-13.8249
-58.0199
-110.136
-169.514
-241.849
-318.167
75.5284
70.8565
69.11
67.6496
66.6441
66.026
65.5904
65.3435
65.3335
65.5339
66.0164
66.7753
67.6827
68.7537
70.0739
71.6661
73.4971
75.5696
77.8027
80.2326
82.8169
85.659
88.7946
92.1584
95.6344
99.0736
102.339
105.358
108.125
110.586
112.296
113.132
113.099
111.987
109.535
105.391
99.0546
90.1604
78.3189
62.8488
43.2381
18.9539
-10.7163
-46.5387
-89.085
-139.564
-198.177
-264.334
-341.55
-421.921
71.3564
66.5956
65.6245
64.2247
62.9858
61.9852
61.3301
60.9008
60.6675
60.6358
60.92
61.3679
61.907
62.6371
63.6243
64.8861
66.3419
67.8798
69.4847
71.2118
73.1346
75.1942
77.3389
79.4843
81.6337
83.797
85.8344
87.5077
88.6479
89.2644
89.035
87.7495
85.3253
81.5216
76.1279
68.8752
59.0974
46.4717
30.6154
10.847
-13.3247
-42.4744
-77.2862
-118.485
-166.625
-222.695
-287.016
-358.722
-437.965
-517.268
66.6028
61.5166
61.19
59.6128
58.3454
57.3195
56.4497
55.8156
55.3912
55.1381
55.137
55.199
55.4102
55.8566
56.5356
57.3836
58.3639
59.3621
60.3912
61.4347
62.5911
63.8146
65.0233
66.1525
67.0407
67.7307
68.2168
68.2993
67.7103
66.6213
64.2879
60.758
55.8491
49.3078
40.834
30.2078
16.9509
0.53506
-19.3883
-43.4435
-72.1452
-105.987
-145.569
-191.557
-244.488
-305.147
-373.785
-448.825
-528.468
-604.362
61.2066
55.8823
56.0985
53.8899
52.6294
51.5812
50.6308
49.8513
49.2628
48.764
48.5003
48.2054
48.0828
48.1869
48.4532
48.8566
49.2082
49.5837
50.013
50.5016
50.9453
51.267
51.3442
51.2723
50.8988
50.1356
48.9852
47.3238
44.8951
41.5945
37.2015
31.5012
24.164
14.8837
3.41632
-10.5134
-27.3503
-47.4855
-71.328
-99.4089
-132.173
-170.126
-213.77
-263.612
-320.091
-383.858
-455.059
-531.74
-610.752
-681.926
55.3181
49.9586
50.5055
47.4225
46.1854
44.7811
43.7662
42.8275
41.9865
41.3268
40.8215
40.2787
39.9012
39.5967
39.2788
38.9861
38.6455
38.3098
37.9618
37.6044
37.1784
36.5792
35.727
34.4656
32.8496
30.6574
27.7981
24.227
19.8349
14.4311
7.83935
-0.24894
-10.078
-21.9689
-36.322
-53.3863
-73.4702
-97.0045
-124.333
-155.872
-192.054
-233.264
-279.91
-332.384
-390.997
-456.283
-528.412
-605.365
-682.533
-747.403
49.0661
43.9864
44.2447
40.4128
39.004
37.4865
36.1847
34.9928
33.9227
32.9808
32.0343
31.1432
30.3799
29.568
28.6929
27.7403
26.7141
25.6127
24.4263
23.0829
21.5792
19.8314
17.7824
15.2289
12.2104
8.59099
4.22369
-1.08922
-7.46742
-15.0453
-23.9181
-34.3316
-46.5982
-61.0443
-77.9881
-97.769
-120.736
-147.141
-177.3
-211.538
-250.186
-293.609
-342.107
-395.938
-455.321
-520.679
-592.286
-668.17
-742.008
-798.687
41.55
37.9539
36.5841
32.7922
31.2533
29.4294
27.8129
26.4378
25.1542
23.8331
22.4592
21.0694
19.6097
18.0675
16.5037
14.8543
13.0943
11.15
8.986
6.5495
3.82557
0.866246
-2.43184
-6.23182
-10.6694
-15.8602
-21.8921
-28.8369
-36.9492
-46.4227
-57.4664
-70.2132
-84.8425
-101.643
-120.953
-143.026
-168.174
-196.73
-228.902
-264.956
-305.158
-349.718
-398.869
-452.819
-511.764
-576.109
-645.791
-718.748
-787.747
-834.587
32.9271
29.4976
27.4701
24.3482
23.0084
20.7433
18.7872
17.0818
15.3039
13.5878
11.7874
9.88149
7.79914
5.57434
3.18348
0.634255
-2.04812
-4.91596
-8.05882
-11.5238
-15.4383
-19.8391
-24.6701
-29.9554
-35.8995
-42.5521
-50.1185
-58.7539
-68.6121
-79.8829
-92.7417
-107.391
-123.992
-142.772
-163.98
-187.869
-214.689
-244.661
-278.031
-314.987
-355.701
-400.362
-449.103
-502.064
-559.447
-621.678
-688.45
-757.142
-819.519
-855.03
24.0185
19.0428
18.3713
15.5424
14.271
11.8603
9.75777
7.54588
5.10654
2.64274
0.0980814
-2.47364
-5.15501
-8.0804
-11.2979
-14.7773
-18.5418
-22.5843
-26.9289
-31.5814
-36.5907
-42.1479
-48.3523
-55.1377
-62.6213
-70.9124
-80.0879
-90.2414
-101.569
-114.345
-128.766
-145.053
-163.316
-183.646
-206.249
-231.328
-259.117
-289.818
-323.559
-360.536
-400.902
-444.72
-492.084
-543.103
-597.916
-656.952
-720.066
-783.479
-838.186
-863.392
13.7409
8.64078
9.16345
5.57147
4.39855
1.98638
0.0199108
-2.45592
-5.27726
-8.42865
-11.7974
-15.3329
-19.0342
-22.9013
-26.9128
-31.2415
-36.0272
-41.2209
-46.7706
-52.7453
-59.1366
-66.0225
-73.5071
-81.715
-90.6122
-100.245
-110.882
-122.619
-135.499
-149.644
-165.295
-182.619
-201.853
-223.197
-246.686
-272.414
-300.555
-331.268
-364.71
-400.969
-440.112
-482.231
-527.363
-575.55
-626.928
-681.781
-740.057
-798.179
-846.502
-864.174
1.84416
-2.70634
-1.20258
-5.65808
-6.32573
-9.31232
-11.3606
-14.0235
-16.9714
-20.2764
-24.0072
-28.3227
-33.1333
-38.157
-43.3496
-48.8403
-54.6843
-60.9569
-67.7126
-74.9639
-82.6894
-90.8437
-99.5802
-109.005
-119.282
-130.319
-142.144
-155.016
-169.054
-184.345
-201.014
-219.288
-239.241
-260.968
-284.677
-310.468
-338.383
-368.51
-400.917
-435.724
-473.005
-512.74
-554.918
-599.495
-646.463
-696.512
-748.908
-800.836
-843.667
-858.839
-9.71371
-13.1387
-11.7711
-16.2394
-16.3229
-20.2983
-22.7126
-26.1434
-29.7005
-33.4064
-37.4631
-42.1459
-47.3731
-53.1907
-59.6926
-66.6421
-73.7438
-81.1186
-89.0247
-97.528
-106.639
-116.296
-126.386
-136.953
-148.17
-160.332
-173.356
-187.243
-202.187
-218.305
-235.624
-254.247
-274.427
-296.293
-319.821
-345.075
-372.18
-401.168
-432.079
-464.924
-499.687
-536.379
-574.963
-615.335
-657.357
-701.591
-746.41
-789.056
-822.292
-837.391
-18.4137
-23.6359
-19.6409
-25.2787
-24.8306
-29.9029
-32.3454
-36.8076
-41.3571
-46.0854
-51.248
-56.7513
-62.4647
-68.7967
-76.0401
-83.9798
-92.5184
-101.504
-110.756
-120.397
-130.586
-141.419
-152.873
-164.831
-177.212
-190.247
-204.026
-218.68
-234.199
-250.721
-268.403
-287.293
-307.38
-328.789
-351.715
-376.147
-402.015
-429.388
-458.279
-488.67
-520.543
-553.814
-588.343
-623.87
-660.665
-697.843
-733.472
-763.14
-780.929
-793.289
-26.1723
-31.8138
-25.6027
-34.2769
-32.3892
-39.0202
-40.8612
-46.2161
-51.27
-56.8902
-63.432
-70.3139
-77.3141
-84.8428
-92.765
-101.176
-110.53
-120.861
-131.73
-142.817
-154.34
-166.333
-178.827
-191.927
-205.505
-219.526
-234.066
-249.214
-265.124
-281.867
-299.463
-318.023
-337.701
-358.525
-380.463
-403.598
-428.005
-453.531
-480.136
-507.841
-536.519
-566.029
-596.176
-626.868
-657.647
-687.244
-713.653
-732.466
-738.925
-745.291
-31.4475
-38.9639
-32.8345
-42.8743
-39.3124
-48.0136
-48.7892
-55.4817
-60.3522
-66.5634
-73.9752
-81.723
-90.2119
-99.408
-108.815
-118.496
-128.755
-139.755
-151.742
-164.391
-177.338
-190.751
-204.497
-218.544
-232.983
-247.844
-263.114
-278.665
-294.684
-311.282
-328.604
-346.719
-365.646
-385.462
-406.283
-428.036
-450.609
-474.077
-498.369
-523.289
-548.737
-574.584
-600.516
-626.567
-651.607
-674.12
-692.325
-704.002
-711.035
-713.496
-36.1618
-44.9997
-38.0573
-50.7413
-44.8491
-56.333
-55.5779
-64.5538
-68.674
-75.9903
-83.662
-91.7849
-101.223
-111.592
-122.46
-134
-145.968
-158.035
-170.717
-184.623
-199.11
-213.779
-228.897
-244.335
-259.847
-275.399
-291.158
-307.078
-323.195
-339.549
-356.288
-373.55
-391.463
-410.11
-429.469
-449.608
-470.575
-492.075
-513.952
-536.266
-558.83
-581.305
-603.566
-625.262
-645.455
-662.831
-675.333
-681.28
-687.594
-689.524
-41.8992
-49.9845
-41.2948
-56.1417
-48.6532
-63.1327
-60.3948
-72.2905
-75.2646
-84.4222
-92.1153
-100.76
-110.927
-121.817
-133.72
-146.794
-160.593
-174.777
-189.051
-203.826
-219.649
-235.887
-252.17
-268.713
-285.465
-302.064
-318.446
-334.623
-350.672
-366.605
-382.6
-398.863
-415.576
-432.845
-450.79
-469.349
-488.367
-507.944
-527.97
-548.046
-568.064
-587.875
-607.077
-625.227
-641.537
-654.249
-661.84
-666.845
-668.991
-671.568
-45.5242
-52.9901
-44.7581
-59.9811
-51.3569
-67.6956
-63.227
-77.4929
-79.415
-90.8734
-98.354
-108.451
-119.329
-130.563
-143.058
-157.026
-172.059
-188.106
-204.776
-221.385
-238.316
-256.17
-274.377
-292.352
-310.173
-327.789
-344.998
-361.654
-377.731
-393.322
-408.559
-423.604
-438.736
-454.291
-470.417
-487.248
-504.849
-522.866
-541.058
-559.517
-577.886
-595.351
-611.73
-626.785
-639.566
-648.551
-652.844
-656.449
-657.779
-659.544
-47.2414
-53.8589
-46.7586
-61.4767
-52.7185
-70.0889
-64.537
-80.7305
-81.2204
-94.7181
-101.404
-113.439
-125.027
-137.287
-150.857
-165.473
-181.203
-198.522
-217.196
-236.284
-255.298
-274.552
-294.367
-314.374
-333.956
-352.968
-371.22
-388.596
-404.852
-420.06
-434.319
-447.988
-461.523
-475.19
-489.395
-504.368
-520.061
-536.577
-553.848
-571.325
-588.012
-603.469
-617.646
-629.67
-638.505
-643.37
-647.554
-648.875
-650.281
-651.158
-47.0991
-53.0087
-47.8268
-60.631
-53.5761
-69.9034
-64.94
-81.5816
-81.2434
-96.311
-102.136
-115.63
-127.113
-140.874
-155.985
-171.539
-188.059
-206.166
-226.055
-247.335
-269.156
-291.022
-312.854
-334.756
-356.456
-377.376
-397.165
-415.691
-432.55
-447.76
-461.434
-473.754
-485.05
-496.195
-507.822
-520.417
-534.407
-549.701
-565.972
-582.689
-598.648
-613.054
-625.078
-633.525
-637.635
-640.1
-641.83
-643.503
-645.027
-645.634
-45.6027
-51.0583
-47.4542
-57.9387
-53.7732
-67.3546
-64.265
-79.6076
-79.9817
-95.5109
-100.499
-115.287
-126.256
-141.215
-157.238
-174.223
-192.539
-211.911
-232.454
-255.061
-279.136
-303.81
-328.688
-353.283
-377.525
-400.964
-423.056
-443.283
-461.318
-476.913
-490
-500.897
-510.227
-518.497
-526.81
-536.302
-547.547
-560.934
-576.663
-593.598
-609.349
-623.101
-633.158
-637.991
-638.482
-638.729
-639.166
-640.665
-642.094
-642.751
-43.5096
-48.07
-45.7789
-54.2746
-52.148
-63.0748
-62.9447
-75.2197
-77.6083
-91.9013
-97.3115
-112.599
-122.757
-138.715
-154.726
-172.667
-192.74
-214.093
-236.15
-259.993
-286.091
-313.331
-341.115
-369.097
-396.68
-423.349
-448.452
-471.283
-491.378
-508.311
-521.715
-531.647
-538.412
-543.097
-547.147
-552.011
-559.405
-570.364
-585.264
-601.952
-618.901
-633.072
-641.013
-642.714
-642.589
-640.685
-639.996
-639.967
-640.348
-640.925
-39.4159
-44.6079
-43.124
-50.2798
-49.319
-58.1326
-59.5212
-69.5652
-74.06
-85.8007
-93.1021
-107.303
-117.349
-133.924
-149.315
-168.122
-189.114
-211.844
-236.123
-261.689
-289.437
-319.264
-350.189
-381.791
-413.281
-443.984
-473.062
-499.634
-522.922
-542.14
-556.48
-566.012
-571.023
-571.969
-570.537
-569.172
-570.157
-575.634
-587.624
-605.715
-626.087
-641.258
-647.521
-649.43
-647.14
-644.217
-641.227
-639.036
-637.872
-637.709
-35.0795
-39.8843
-39.9521
-45.4291
-45.8951
-52.9133
-54.9259
-63.5607
-68.3615
-78.6582
-87.0631
-99.8303
-110.528
-126.77
-141.675
-160.858
-181.771
-205.403
-231.772
-259.699
-289.247
-321.366
-355.548
-390.967
-426.858
-462.35
-496.419
-527.932
-555.674
-578.487
-595.557
-606.03
-609.691
-607.04
-599.417
-589.219
-580.196
-576.949
-584.1
-601.882
-625.122
-644.511
-652.855
-652.88
-649.687
-645.17
-640.299
-636.022
-633.32
-632.251
-31.2514
-34.5522
-36.464
-40.239
-41.9843
-47.4482
-49.9374
-57.3174
-61.9193
-71.3386
-79.1429
-91.1191
-102.212
-117.616
-132.301
-151.639
-172.038
-195.506
-222.803
-252.98
-284.957
-319.475
-356.791
-396.132
-436.749
-477.69
-517.735
-555.39
-589.03
-617.242
-638.579
-651.496
-655.377
-650.328
-636.981
-617.331
-594.856
-576.241
-571.764
-585.387
-611.386
-635.256
-650.735
-651.662
-648.475
-643.476
-638.121
-632.666
-628.72
-626.34
-27.6741
-30.099
-32.6707
-35.2027
-37.8278
-41.5389
-44.8779
-50.5022
-55.2379
-63.4642
-70.777
-81.8325
-92.558
-107.181
-121.231
-140.24
-160.484
-183.839
-210.612
-241.625
-275.977
-313.147
-353.567
-396.879
-442.459
-489.284
-536.023
-581.044
-622.344
-657.902
-685.798
-703.625
-710.039
-704.167
-686.12
-656.487
-617.095
-577.522
-553.829
-557.124
-580.906
-612.184
-634.709
-646.425
-650.125
-648.124
-642.448
-635.701
-630.451
-627.172
-25.2889
-25.4913
-28.7791
-30.3771
-33.683
-36.2026
-39.7678
-44.038
-48.7736
-55.3879
-62.3378
-72.2648
-82.0006
-96.0084
-109.693
-127.254
-146.921
-170.475
-196.657
-227.139
-262.706
-302.198
-345.494
-392.738
-443.427
-496.606
-550.877
-604.333
-654.963
-700.178
-736.89
-761.821
-772.98
-769.129
-748.972
-712.355
-656.117
-592.67
-539.302
-520.386
-538.257
-583.402
-623.915
-650.322
-661.701
-661.459
-655.219
-646.668
-639.4
-635.015
-24.1258
-22.3311
-25.2417
-26.5358
-29.2405
-31.3817
-34.7322
-38.1757
-42.5087
-47.8509
-54.5507
-63.0092
-71.8974
-84.4193
-97.3533
-113.832
-132.459
-155.34
-181.329
-211.242
-246.661
-287.418
-332.881
-383.477
-439.282
-499.178
-561.402
-624.353
-685.865
-742.838
-791.106
-826.644
-846.571
-847.802
-828.561
-792.101
-722.523
-630.857
-551.376
-505.853
-508.036
-554.194
-611.539
-651.19
-670.153
-674.285
-667.089
-658.091
-650.438
-647.252
-30.4475
-24.554
-21.2995
-23.7325
-24.929
-27.668
-30.0261
-32.9812
-36.9917
-40.5554
-47.5186
-54.9661
-62.8353
-73.954
-85.8061
-100.763
-118.405
-140.273
-165.575
-195.058
-230.022
-271.148
-317.774
-370.683
-431.115
-497.325
-567.805
-640.988
-714.936
-784.494
-845.98
-896.45
-929.197
-938.917
-922.876
-878.587
-807.152
-703.857
-602.974
-533.894
-522.524
-562.757
-609.655
-646.269
-666.502
-670.294
-665.562
-659.02
-654.053
-653.054
-23.7854
-18.5195
-18.5352
-21.1509
-21.1793
-23.8421
-25.4732
-28.4445
-32.4198
-34.8871
-41.5609
-48.1177
-55.8133
-65.4898
-76.9779
-90.0985
-106.413
-127.599
-152.556
-181.635
-216.465
-257.65
-305.723
-361.625
-425.704
-498.897
-580.243
-667.106
-755.69
-842.299
-921.369
-988.057
-1038.25
-1066.19
-1063.4
-1016.38
-921.114
-807.726
-708.673
-648.31
-628.171
-633.209
-650.193
-662.733
-666.45
-661.817
-654.904
-651.12
-651.303
-653.068
-19
-15.1683
-16.8261
-18.5845
-19.8484
-21.4356
-24.0283
-26.8021
-30.6618
-33.6536
-38.2463
-44.1265
-51.4364
-60.6111
-72.2603
-85.9521
-102.091
-122.774
-148.658
-179.829
-217.309
-262.224
-315.065
-377.191
-450.46
-535.68
-630.441
-733.475
-840.97
-946.284
-1041.06
-1119.28
-1177.55
-1201.17
-1181.19
-1112.07
-1022.93
-928.588
-854.748
-801.015
-767.513
-743.85
-723.324
-703.28
-682.172
-661.971
-649.486
-646.618
-649.478
-652.219
-14.3485
-14.0673
-15.1516
-16.4795
-18.239
-20.0829
-22.4282
-25.188
-28.4328
-31.8631
-36.2387
-41.7711
-48.7488
-57.972
-70.2317
-85.3707
-102.873
-124.978
-153.01
-188.313
-231.038
-281.785
-342.753
-415.928
-502.855
-602.242
-714.716
-838.682
-966.863
-1086.44
-1192.74
-1279.73
-1330.46
-1334.1
-1301.32
-1241.9
-1164.18
-1090.28
-1022.07
-962.792
-908.695
-859.744
-812.248
-765.109
-720.054
-682.363
-658.473
-649.599
-652.737
-656.369
-11.216
-12.4262
-13.299
-14.4533
-15.8325
-17.5334
-19.4985
-21.8454
-24.7696
-28.2419
-32.9372
-38.8119
-46.1215
-55.603
-68.353
-84.2263
-103.418
-128.074
-159.719
-199.937
-249.22
-308.529
-379.728
-465.448
-567.5
-687.96
-826.195
-973.888
-1118.53
-1253.07
-1372.44
-1459.39
-1496.98
-1498.02
-1465.51
-1410.19
-1339.53
-1267.35
-1189.94
-1114.76
-1041.4
-969.474
-901.056
-835.372
-774.795
-722.536
-683.416
-662.882
-660.442
-666.581
-8.5494
-9.71969
-10.483
-11.3218
-12.2937
-13.5823
-15.1848
-17.1394
-19.6523
-22.898
-27.4772
-33.1869
-40.5501
-50.2171
-63.4895
-80.2266
-101.068
-128.026
-163.773
-209.55
-266.283
-334.848
-416.874
-518.18
-643.145
-791.558
-956.474
-1126.13
-1290.77
-1443.55
-1568.54
-1649.7
-1687.79
-1685.69
-1651.26
-1591.43
-1517.82
-1432.03
-1340.71
-1247.24
-1155.21
-1065.75
-980.842
-902.103
-830.944
-769.442
-720.362
-687.44
-674.449
-685.911
-5.58982
-6.38434
-6.79872
-7.10903
-7.60461
-8.24398
-9.20864
-10.7171
-12.6657
-15.3356
-19.3154
-24.6419
-31.5533
-40.7729
-54.1012
-71.52
-93.3829
-122.223
-161.724
-213.178
-277.909
-356.913
-453.95
-576.628
-729.244
-906.844
-1098.73
-1292.57
-1479.93
-1643.97
-1768.3
-1849.22
-1883.87
-1875.14
-1832.09
-1762.95
-1674.62
-1572.83
-1463.3
-1352.74
-1243.84
-1139.73
-1042.88
-954.831
-877.047
-810.705
-756.633
-717.065
-698.168
-704.621
-2.20347
-2.36329
-2.34983
-2.19743
-2.10346
-2.01829
-2.00428
-2.50628
-3.53732
-5.34851
-8.12559
-12.4036
-18.3628
-26.6338
-39.2415
-56.835
-79.3274
-109.614
-152.285
-209.255
-282.96
-375.952
-492.768
-640.658
-822.749
-1031.55
-1250.57
-1468.29
-1668.59
-1836.88
-1963.05
-2039.07
-2063.09
-2043.11
-1987.14
-1900.72
-1793.21
-1673.62
-1547.61
-1421.36
-1299.48
-1184.62
-1079.15
-985.137
-903.489
-835.254
-781.226
-741.991
-720.284
-715.875
1.72272
2.19924
2.96089
3.83434
4.76478
5.65025
6.50721
7.23805
7.66571
7.35399
6.05197
3.29627
-1.0325
-7.42225
-18.161
-34.9078
-57.6037
-88.8652
-134.051
-196.641
-281.7
-392.658
-533.163
-709.799
-923.615
-1160.41
-1401.05
-1631.46
-1837.44
-2007.57
-2129.31
-2194.41
-2203.75
-2167.45
-2092.24
-1987.11
-1862.14
-1726.27
-1586.84
-1449.14
-1317.37
-1194.82
-1083.87
-986.185
-903.098
-835.128
-782.914
-746.577
-726.708
-721.191
6.29839
7.37888
8.89565
10.6677
12.6892
14.8933
17.0474
19.1645
21.1219
22.8733
23.976
23.844
21.9902
18.1248
10.0582
-4.85141
-27.17
-58.6686
-105.362
-173.32
-270.641
-401.486
-568.865
-779.991
-1019.52
-1270.54
-1520.98
-1755.84
-1964.78
-2130.42
-2240.25
-2290.71
-2284.31
-2228.36
-2135.79
-2015.41
-1876.9
-1729.92
-1580.94
-1435.22
-1297.32
-1169.86
-1055.16
-955.216
-871.03
-803.445
-753.046
-719.013
-703.437
-702.453
11.4794
13.3779
15.737
18.4803
21.5843
25.1458
29.0014
33.1698
37.3204
41.4517
45.2944
48.4735
50.2264
49.8996
45.6775
34.6836
15.379
-14.4074
-61.8492
-135.272
-243.257
-394.177
-587.779
-818.627
-1073.35
-1335.21
-1587.02
-1819.88
-2026.96
-2182.43
-2276.65
-2312.23
-2290.63
-2222.17
-2117.74
-1987.59
-1841.5
-1687.91
-1533.29
-1383.34
-1241.69
-1111.24
-994.455
-892.863
-807.716
-739.96
-690.071
-657.774
-643.343
-644.991
16.771
19.6123
23.0321
27.0046
31.4891
36.6065
42.2645
48.5987
55.4909
62.831
70.301
77.4842
83.7292
88.262
89.7528
85.4355
72.3271
46.4393
-0.362903
-79.6465
-198.077
-359.534
-564.446
-806.349
-1071.85
-1338.3
-1585.45
-1810.19
-2009.92
-2151.91
-2232.35
-2255.27
-2225.98
-2152.72
-2045.06
-1912.43
-1764.31
-1608.77
-1452.54
-1300.7
-1157.21
-1025.17
-906.713
-803.653
-717.389
-648.896
-598.627
-566.28
-552.311
-552.513
21.9435
25.6829
30.1519
35.3433
41.326
48.2001
55.9748
64.7247
74.4762
85.2869
97.0565
109.531
122.264
134.351
144.512
150.041
146.569
126.529
80.1677
-2.25203
-126.316
-292.141
-500.003
-743.691
-1009.87
-1276.34
-1516.57
-1731.49
-1912.87
-2043.32
-2117.11
-2139.09
-2111.33
-2040.79
-1936.74
-1807.49
-1661.71
-1507.43
-1351.44
-1199.09
-1054.67
-921.399
-801.852
-697.931
-610.928
-541.672
-490.519
-457.304
-441.299
-438.158
26.5348
31.1209
36.5737
42.9146
50.3071
58.8884
68.7903
80.1937
93.2156
108.027
124.681
143.156
163.701
186.034
208.244
226.303
233.435
221.184
178.915
97.6906
-27.397
-193.811
-400.068
-638.802
-898.698
-1157.47
-1394.41
-1602.44
-1774.18
-1900.29
-1977.97
-2002.96
-1979.68
-1915.55
-1818.18
-1694.72
-1552.88
-1400.79
-1245.7
-1093.48
-948.722
-815.012
-695.053
-590.706
-503.297
-433.698
-382.311
-348.528
-331.187
-326.105
30.0461
35.3317
41.5652
48.8584
57.423
67.4529
79.1981
92.9448
109.054
127.964
150.133
175.835
204.817
236.498
269.025
298.189
316.211
312.633
276.586
201.182
78.3985
-84.5128
-287.57
-520.766
-771.833
-1027.06
-1265.43
-1474.18
-1646.38
-1774.44
-1852.7
-1880.82
-1862.77
-1804.74
-1713.28
-1594.91
-1456.87
-1307.09
-1153.27
-1001.77
-857.524
-724.296
-604.854
-501.191
-414.686
-346.076
-295.347
-261.505
-242.759
-235.093
31.9255
37.6127
44.292
52.1312
61.3873
72.272
85.1451
100.325
118.303
139.67
165.055
194.993
229.624
267.989
307.507
343.23
367.631
370.312
339.55
271.858
151.493
-11.4249
-210.209
-438.302
-686.537
-937.061
-1171.62
-1379.66
-1552.01
-1682.43
-1764.23
-1798.1
-1785.7
-1732.85
-1646.46
-1532.44
-1397.4
-1249.39
-1096.68
-946.099
-802.846
-670.716
-552.46
-449.924
-364.236
-295.765
-244.384
-209.135
-188.543
-179.013
31.9211
37.6141
44.2989
52.1497
61.4267
72.3367
85.2398
100.461
118.495
139.949
165.479
195.617
230.464
269.109
309.021
345.279
370.339
373.842
344.136
277.415
158.216
-5.30437
-204.634
-435.168
-680.696
-924.482
-1155.55
-1363.25
-1536.3
-1665.61
-1747.95
-1786.53
-1777.5
-1723.63
-1636.85
-1523.98
-1390.11
-1242.64
-1090.01
-939.34
-795.931
-663.665
-545.294
-442.594
-356.485
-287.143
-234.005
-195.735
-171.126
-158.111
30.0413
35.3465
41.602
48.9261
57.534
67.6123
79.4284
93.2897
109.57
128.742
151.3
177.455
207.069
239.7
273.534
304.226
323.868
322.41
288.762
215.772
95.8841
-67.3383
-270.886
-508.058
-755.983
-1000.22
-1232.03
-1437.92
-1607.19
-1736.29
-1819.68
-1852.51
-1837.27
-1780.37
-1689.66
-1572.9
-1436.61
-1287.64
-1133.86
-982.153
-837.733
-704.369
-584.704
-480.407
-392.315
-320.525
-264.794
-224.443
-199.247
-186.463
26.5132
31.1249
36.6059
42.9904
50.4462
59.1024
69.1141
80.682
93.9327
109.058
126.135
145.274
166.821
190.467
214.257
233.901
243.346
233.97
194.611
116.237
-7.01539
-173.193
-379.876
-617.921
-874.044
-1125.86
-1356.85
-1559.1
-1726.82
-1854.81
-1935.43
-1964.09
-1944.27
-1883.46
-1789.1
-1667.57
-1526.9
-1375.04
-1219.45
-1066.41
-920.661
-785.742
-664.253
-557.959
-467.895
-394.354
-337.381
-296.622
-271.578
-259.35
21.9056
25.6755
30.1788
35.4295
41.4861
48.442
56.3257
65.2324
75.2035
86.3245
98.5214
111.606
125.16
138.313
149.845
157.542
156.573
138.826
95.1612
14.6696
-108.991
-274.872
-481.802
-723.946
-988.686
-1246.44
-1481.17
-1687.51
-1860.99
-1991.72
-2069.73
-2094.93
-2071.78
-2006.46
-1906.93
-1780.82
-1636.52
-1482.49
-1325.84
-1172.23
-1026.04
-890.528
-768.264
-661.091
-570.303
-496.582
-440.186
-400.781
-377.891
-368.019
16.7187
19.5847
23.0436
27.0722
31.6196
36.8182
42.5923
49.0937
56.2165
63.8629
71.7188
79.4406
86.4158
91.8293
94.5156
92.1028
81.3134
57.6292
12.3238
-65.8473
-183.611
-344.842
-549.061
-790.09
-1054.14
-1317.36
-1559.16
-1776.21
-1969.16
-2110.83
-2191.49
-2216.73
-2191.32
-2122.63
-2019.46
-1890.29
-1743.99
-1588.94
-1432.15
-1278.91
-1133.27
-998.552
-877.2
-771.117
-681.49
-608.989
-554.115
-516.893
-496.944
-489.878
11.3965
13.3128
15.7085
18.5051
21.681
25.3327
29.3004
33.6163
37.9735
42.3726
46.5612
50.2344
52.5837
52.9102
49.7124
40.3218
22.6272
-5.89941
-52.0414
-123.795
-231.625
-382.934
-576.066
-806.893
-1061.93
-1322.23
-1569.21
-1797.64
-2002.41
-2158.43
-2254.72
-2290.02
-2271.2
-2205.78
-2104.61
-1977.16
-1832.44
-1679.09
-1523.78
-1372.13
-1228.2
-1095.07
-975.31
-870.76
-782.89
-712.283
-659.211
-623.8
-606.83
-603.286
6.18946
7.28875
8.84014
10.6613
12.7401
15.0094
17.2653
19.5245
21.6764
23.6653
25.0856
25.3891
23.9894
20.6138
13.3936
-0.402085
-21.8415
-52.4983
-97.7528
-164.14
-261.247
-393.072
-563.413
-775.473
-1014.53
-1265.17
-1512.47
-1745.86
-1955.35
-2123.82
-2235.51
-2287.59
-2283.79
-2230.75
-2140.43
-2021.94
-1884.25
-1736.88
-1586.6
-1438.99
-1298.65
-1168.61
-1051.29
-948.727
-862.301
-792.795
-740.515
-705.572
-688.995
-687.365
1.59234
2.08192
2.86726
3.78108
4.75761
5.72662
6.70567
7.55463
8.11801
7.98196
6.93753
4.50314
0.465874
-5.50027
-15.4179
-31.3148
-53.5347
-84.1965
-128.04
-189.4
-274.573
-386.52
-529.421
-708.962
-924.317
-1161.01
-1400.25
-1631.53
-1840.37
-2014.82
-2140.39
-2209.2
-2223.1
-2190
-2116.32
-2012.78
-1888.45
-1751.59
-1610.52
-1470.43
-1336.12
-1210.9
-1097.16
-997.021
-912.168
-843.196
-790.312
-753.902
-735.684
-732.448
-2.36053
-2.51424
-2.48406
-2.30181
-2.16955
-2.01503
-1.9246
-2.34645
-3.27331
-4.92235
-7.45946
-11.487
-17.2155
-25.0284
-36.8861
-53.9053
-76.1126
-105.852
-147.454
-203.643
-277.437
-371.177
-489.902
-640.918
-825.054
-1034.66
-1255.6
-1475.91
-1679.82
-1853.55
-1986.32
-2068.73
-2098.55
-2083.33
-2031.14
-1946.62
-1839.49
-1718.7
-1590.55
-1461.43
-1336.33
-1218.21
-1109.92
-1013.5
-930.44
-861.545
-807.208
-768.072
-745.992
-739.381
-5.77437
-6.56166
-6.97003
-7.26945
-7.73438
-8.32218
-9.2043
-10.617
-12.4937
-15.0189
-18.7739
-23.9286
-30.6957
-39.5424
-52.3642
-69.5292
-91.281
-119.642
-158.266
-209.29
-274.189
-353.705
-452.053
-577.175
-731.878
-911.573
-1106.13
-1303.69
-1496.34
-1666.32
-1798.83
-1887.74
-1930.23
-1929.3
-1891.5
-1826.56
-1739.54
-1637.01
-1525.71
-1411.5
-1298.52
-1190.56
-1089.84
-998.658
-918.674
-850.654
-795.074
-753.47
-731.49
-729.174
-8.75318
-9.93262
-10.6902
-11.5113
-12.4509
-13.7105
-15.2492
-17.1407
-19.5989
-22.6902
-27.081
-32.7029
-39.9558
-49.2668
-62.2031
-78.853
-99.6173
-126.159
-161.353
-207.057
-263.853
-332.314
-415.501
-518.694
-645.734
-796.968
-965.083
-1138.18
-1308.62
-1469.57
-1602.05
-1691.72
-1740.02
-1747.11
-1719.07
-1665.71
-1596.21
-1511.8
-1418.82
-1321.75
-1225.08
-1130.24
-1040.38
-957.394
-882.796
-817.888
-763.977
-724.106
-705.268
-715.434
-11.4447
-12.6727
-13.5313
-14.6659
-16.0393
-17.7504
-19.6426
-21.8561
-24.664
-28.0195
-32.6277
-38.466
-45.6838
-54.9244
-67.5528
-83.1793
-102.029
-126.301
-157.73
-197.996
-247.693
-307.191
-378.73
-465.188
-569.395
-693.34
-835.476
-986.745
-1136.07
-1277.58
-1406.38
-1501.58
-1550.94
-1560.59
-1536.73
-1490.05
-1425.94
-1355.36
-1278.74
-1201.08
-1121.5
-1043.77
-968.496
-896.715
-830.551
-772.174
-725.232
-694.743
-683.712
-693.93
-14.6191
-14.3438
-15.4071
-16.6999
-18.47
-20.3309
-22.5802
-25.2084
-28.4211
-31.8275
-36.1608
-41.648
-48.4866
-57.5087
-69.7587
-84.5109
-101.675
-123.492
-151.187
-186.687
-229.836
-280.903
-342.14
-416.271
-504.602
-606.412
-722.447
-851.069
-983.373
-1107.64
-1221.67
-1320.68
-1381.53
-1393.54
-1371.74
-1321.04
-1253.64
-1184.29
-1119.56
-1057.27
-996.254
-939.132
-881.604
-826.005
-772.416
-724.691
-689.868
-672.615
-672.642
-678.21
-19.3453
-15.4646
-17.1111
-18.8156
-20.1219
-21.6831
-24.2887
-26.9881
-30.8249
-33.8172
-38.2573
-44.0789
-51.2505
-60.3224
-71.7962
-85.4694
-101.555
-121.717
-147.07
-178.616
-216.27
-261.598
-314.704
-377.489
-451.762
-538.764
-636.311
-743.395
-855.592
-965.651
-1065.55
-1152.66
-1223.41
-1257.14
-1242.4
-1183.28
-1101.95
-1016.51
-949.779
-898.642
-858.404
-822.466
-788.84
-754.523
-719.695
-689.226
-668.623
-661.866
-665.293
-668.904
-24.1738
-18.7758
-18.8483
-21.3826
-21.5153
-24.0784
-25.804
-28.6377
-32.5821
-35.2722
-41.6877
-48.1125
-55.8084
-65.404
-76.5291
-89.742
-106.222
-126.973
-151.824
-180.982
-215.506
-256.755
-305.501
-362.195
-427.324
-502.024
-585.687
-675.838
-768.875
-860.249
-944.336
-1017.94
-1075.86
-1117.68
-1124.84
-1075.41
-984.637
-874.415
-790.937
-743.023
-715.515
-702.627
-699.297
-695.775
-687.22
-674.21
-663.948
-660.526
-662.621
-665.591
78.7513
75.1527
73.2963
72.3438
71.9097
71.8598
72.0941
72.5696
73.239
74.0978
75.1961
76.5138
78.0683
79.9183
82.1955
84.9261
87.9473
91.2146
94.7717
98.687
102.908
107.408
112.195
117.25
122.548
128.016
133.615
139.355
145.171
150.885
156.404
161.529
165.976
169.661
172.439
173.907
173.715
171.51
166.827
159.233
148.278
133.374
113.865
89.0656
58.2838
20.6837
-24.3036
-77.3385
-141.24
-206.216
77.2463
75.929
75.2302
74.9534
74.918
75.2186
75.8654
76.753
77.839
79.1376
80.6981
82.4088
84.2469
86.459
89.3387
92.9011
96.7563
100.688
104.851
109.48
114.613
120.094
125.851
131.895
138.256
144.902
151.803
158.932
166.241
173.58
180.823
187.788
194.307
200.269
205.385
209.4
212.078
213.025
211.809
208.026
201.223
190.836
176.263
156.889
132.059
101.053
63.1499
17.354
-37.7157
-92.7944
77.2647
77.4142
77.6836
78.0571
78.4898
79.1033
80.0877
81.3533
82.8726
84.6769
86.8005
89.0258
91.198
93.6846
97.0723
101.53
106.455
111.223
115.993
121.243
127.295
133.919
140.849
148.014
155.492
163.399
171.703
180.331
189.186
198.166
207.155
216.014
224.624
232.77
240.255
246.906
252.452
256.538
258.797
258.834
256.171
250.265
240.618
226.682
207.817
183.345
152.588
114.925
69.6089
25.4942
78.7594
79.6449
80.6209
81.6236
82.6478
83.651
84.8352
86.3489
88.2804
90.6913
93.468
96.2814
98.8749
101.641
105.473
110.774
116.836
122.58
127.995
133.826
140.739
148.611
156.9
165.32
173.988
183.138
192.862
203.053
213.543
224.249
235.058
245.892
256.604
267.025
277.003
286.341
294.785
302.039
307.777
311.585
312.987
311.528
306.756
298.107
285.008
266.894
243.221
213.392
176.738
143.326
81.3591
82.6502
84.1547
85.6336
87.1509
88.6872
90.1858
91.9216
94.2152
97.1621
100.585
104.025
107.117
110.272
114.567
120.62
127.729
134.54
140.738
147.242
154.985
164.09
173.818
183.595
193.522
203.937
215.085
226.872
239.101
251.597
264.296
277.137
290.007
302.787
315.3
327.356
338.724
349.161
358.339
365.856
371.292
374.222
374.184
370.668
363.194
351.269
334.402
312.228
284.42
260.043
84.8229
86.3704
88.2108
90.1057
92.0775
94.0132
95.831
97.8742
100.584
104.07
108.077
112.121
115.813
119.495
124.289
131.024
139.102
147.02
154.168
161.455
170.035
180.255
191.395
202.634
213.894
225.636
238.2
251.595
265.586
279.945
294.578
309.455
324.54
339.701
354.778
369.574
383.883
397.461
409.982
421.088
430.383
437.459
441.88
443.185
440.938
434.698
424.054
408.543
387.81
370.864
88.9799
90.6881
92.7732
94.9047
97.1815
99.6034
101.852
104.158
107.168
111.146
115.769
120.451
124.78
129.072
134.457
141.864
150.829
159.803
168.003
176.16
185.585
196.813
209.264
221.992
234.691
247.801
261.792
276.781
292.534
308.778
325.371
342.306
359.573
377.092
394.7
412.184
429.335
445.904
461.603
476.103
489.041
500.036
508.668
514.517
517.188
516.235
511.204
501.814
488.022
477.177
93.6841
95.4327
97.6036
99.964
102.548
105.273
107.864
110.524
113.921
118.413
123.635
128.895
133.838
138.817
144.877
152.94
162.694
172.641
181.911
191.053
201.339
213.528
227.202
241.374
255.57
270.081
285.493
302.029
319.51
337.616
356.155
375.109
394.504
414.294
434.321
454.379
474.241
493.663
512.378
530.077
546.407
560.975
573.385
583.258
590.186
593.662
593.283
588.7
579.831
573.374
98.693
100.398
102.623
105.086
107.856
110.907
113.869
116.857
120.607
125.583
131.375
137.215
142.796
148.493
155.249
163.949
174.396
185.266
195.566
205.742
216.939
230.041
244.841
260.354
275.958
291.862
308.64
326.648
345.782
365.676
386.08
406.955
428.347
450.246
472.523
494.964
517.316
539.335
560.769
581.321
600.637
618.356
634.114
647.56
658.258
665.694
669.446
669.345
665.518
662.714
103.758
105.346
107.553
110.089
113.029
116.321
119.563
122.892
127.062
132.519
138.826
145.197
151.366
157.75
165.191
174.526
185.62
197.301
208.585
219.752
231.911
245.91
261.709
278.425
295.321
312.532
330.633
350.038
370.686
392.221
414.338
436.963
460.166
483.975
508.282
532.861
557.451
581.812
605.697
628.814
650.838
671.405
690.117
706.517
720.07
730.306
736.971
739.868
739.106
738.576
108.586
110.03
112.178
114.746
117.809
121.297
124.797
128.48
133.059
138.91
145.626
152.502
159.263
166.294
174.377
184.271
195.95
208.325
220.483
232.571
245.573
260.391
277.044
294.763
312.826
331.229
350.531
371.179
393.15
416.1
439.704
463.863
488.656
514.139
540.221
566.67
593.213
619.595
645.555
670.802
694.984
717.697
738.506
756.97
772.717
785.581
795.346
801.65
804.436
806.112
112.898
114.184
116.248
118.82
121.975
125.63
129.36
133.373
138.311
144.466
151.522
158.853
166.145
173.719
182.348
192.746
204.91
217.888
230.752
243.625
257.376
272.883
290.302
308.917
327.982
347.435
367.769
389.441
412.497
436.615
461.446
486.884
513.016
539.921
567.505
595.52
623.668
651.673
679.265
706.138
731.937
756.274
778.77
799.092
816.955
831.873
843.072
850.202
853.633
855.501
116.422
117.555
119.536
122.098
125.288
129.063
133.033
137.363
142.577
148.921
156.208
163.905
171.643
179.682
188.747
199.535
212.063
225.483
238.933
252.429
266.796
282.884
300.885
320.171
339.983
360.201
381.293
403.742
427.624
452.629
478.412
504.848
532.023
560.015
588.72
617.87
647.151
676.276
704.974
732.939
759.825
785.258
808.845
830.167
848.784
864.452
877.278
887.524
894.694
899.331
118.935
119.934
121.828
124.379
127.579
131.419
135.594
140.191
145.593
152.031
159.447
167.397
175.469
183.849
193.221
204.259
217.033
230.759
244.587
258.509
273.282
289.766
308.187
327.926
348.226
368.948
390.548
413.522
437.964
463.579
490.003
517.104
544.967
573.661
603.069
632.916
662.89
692.703
722.086
750.742
778.337
804.511
828.913
851.227
871.185
888.435
902.421
912.342
918.071
921.242
120.276
121.176
122.973
125.524
128.741
132.587
136.873
141.641
147.152
153.603
161.055
169.154
177.438
185.985
195.465
206.608
219.513
233.412
247.436
261.545
276.501
293.18
311.808
331.774
352.305
373.253
395.074
418.271
442.956
468.833
495.534
522.92
551.073
580.052
609.733
639.842
670.064
700.115
729.728
758.618
786.459
812.893
837.543
860.009
879.881
896.779
910.39
920.471
926.872
930.614
120.234
121.139
122.935
125.484
128.697
132.542
136.825
141.588
147.097
153.546
160.992
169.085
177.36
185.899
195.369
206.496
219.382
233.26
247.264
261.352
276.284
292.93
311.525
331.452
351.941
372.837
394.598
417.731
442.346
468.143
494.756
522.044
550.083
578.935
608.477
638.429
668.475
698.332
727.735
756.399
784.001
810.188
834.579
856.751
876.23
892.618
905.688
915.407
921.671
925.31
118.819
119.822
121.712
124.258
127.449
131.283
135.449
140.035
145.428
151.856
159.259
167.186
175.236
183.593
192.935
203.931
216.64
230.304
244.072
257.93
272.635
289.037
307.358
326.983
347.152
367.723
389.151
411.931
436.164
461.542
487.7
514.506
542.038
570.36
599.353
628.739
658.195
687.432
716.185
744.158
771.023
796.423
820.014
841.485
860.566
876.861
889.71
898.203
902.428
904.277
116.233
117.367
119.343
121.898
125.08
128.84
132.795
137.114
142.312
148.638
155.899
163.56
171.258
179.258
188.279
198.991
211.432
224.75
238.088
251.486
265.738
281.7
299.549
318.651
338.246
358.222
379.041
401.177
424.71
449.331
474.676
500.617
527.25
554.645
582.681
611.082
639.528
667.721
695.385
722.219
747.876
771.99
794.173
814.019
831.135
845.293
856.541
864.953
869.961
872.673
112.639
113.923
115.983
118.547
121.69
125.329
129.039
133.036
137.955
144.086
151.11
158.385
165.618
173.139
181.69
192.004
204.057
216.898
229.624
242.334
255.941
271.289
288.503
306.884
325.666
344.787
364.75
386.012
408.598
432.179
456.41
481.174
506.561
532.652
559.338
586.345
613.363
640.107
666.299
691.632
715.747
738.254
758.793
777.031
792.627
805.076
813.812
818.621
819.66
819.526
108.261
109.702
111.848
114.405
117.452
120.922
124.402
128.066
132.618
138.44
145.119
151.929
158.618
165.563
173.56
183.347
194.898
207.123
219.081
230.987
243.802
258.417
274.87
292.306
310.015
328.022
346.87
367.004
388.405
410.7
433.555
456.875
480.745
505.22
530.189
555.395
580.538
605.354
629.582
652.918
675.006
695.424
713.722
729.512
742.515
752.487
759.039
761.856
760.982
759.569
103.375
104.958
107.159
109.686
112.612
115.878
119.096
122.403
126.546
131.973
138.229
144.532
150.609
156.896
164.238
173.447
184.413
195.897
206.979
217.917
229.842
243.654
259.21
275.614
292.128
308.865
326.44
345.263
365.246
386.025
407.276
428.931
451.055
473.689
496.699
519.824
542.778
565.301
587.143
608.012
627.569
645.447
661.218
674.365
684.409
691.028
693.942
692.841
687.741
683.262
98.2658
99.9568
102.174
104.628
107.382
110.405
113.337
116.295
120.021
124.964
130.7
136.464
141.939
147.536
154.177
162.764
173.045
183.715
193.791
203.707
214.684
227.541
242.077
257.27
272.44
287.837
304.045
321.406
339.801
358.862
378.318
398.117
418.314
438.895
459.722
480.532
501.047
521
540.119
558.105
574.603
589.239
601.674
611.523
618.241
621.318
620.456
615.544
606.659
598.988
93.2226
94.9489
97.1083
99.4604
102.022
104.715
107.27
109.899
113.269
117.721
122.884
128.06
132.902
137.772
143.719
151.666
161.239
170.975
179.981
188.897
198.937
210.863
224.261
238.062
251.813
265.805
280.611
296.448
313.153
330.355
347.88
365.686
383.806
402.173
420.621
438.916
456.782
473.96
490.154
505.031
518.235
529.359
537.995
543.769
546.257
544.937
539.363
529.2
514.383
501.95
88.4801
90.1725
92.2425
94.3579
96.612
99.0005
101.206
103.475
106.451
110.382
114.947
119.543
123.774
127.953
133.23
140.512
149.31
158.04
165.986
173.901
183.076
194.056
206.19
218.52
230.775
243.338
256.718
271.001
285.931
301.243
316.769
332.515
348.442
364.475
380.414
396.029
411.064
425.238
438.256
449.757
459.346
466.626
471.168
472.544
470.308
463.993
453.168
437.502
416.859
398.468
84.2835
85.8249
87.6498
89.5249
91.4721
93.3662
95.1415
97.1491
99.8154
103.245
107.187
111.148
114.743
118.306
122.993
129.609
137.525
145.206
152.108
159.126
167.481
177.43
188.227
199.077
209.853
221.069
233.014
245.703
258.852
272.267
285.814
299.475
313.188
326.814
340.184
353.049
365.174
376.256
385.948
393.892
399.666
402.811
402.854
399.353
391.879
379.902
362.937
340.543
312.423
286.884
80.7909
82.0776
83.5657
85.0237
86.5152
88.0116
89.4701
91.1636
93.4053
96.2958
99.6508
103.002
105.987
109.025
113.218
119.162
126.109
132.724
138.664
144.918
152.414
161.23
170.622
179.989
189.42
199.321
209.849
220.931
232.342
243.885
255.512
267.117
278.619
289.846
300.615
310.706
319.848
327.763
334.053
338.291
340.066
338.936
334.377
325.826
312.788
294.771
271.261
241.832
206.266
172.792
78.1709
79.0506
80.0125
80.996
81.9895
82.9564
84.1025
85.5721
87.4527
89.8052
92.5041
95.2221
97.7003
100.354
104.102
109.299
115.213
120.779
125.943
131.547
138.166
145.75
153.685
161.677
169.893
178.5
187.63
197.119
206.821
216.582
226.338
235.962
245.29
254.176
262.407
269.764
275.957
280.659
283.506
284.018
281.691
276.07
266.669
252.888
234.105
209.696
179.125
141.829
97.3684
54.5938
76.6657
76.8094
77.0649
77.4152
77.8185
78.4025
79.3523
80.5723
82.0323
83.7764
85.824
87.9595
90.0213
92.4047
95.7133
100.069
104.865
109.448
113.996
119.007
124.76
131.072
137.624
144.374
151.404
158.773
166.505
174.458
182.524
190.616
198.555
206.241
213.504
220.112
225.86
230.532
233.834
235.378
234.753
231.514
225.132
215.067
200.786
181.673
157.066
126.257
88.5731
43.348
-9.92227
-63.6287
76.6477
75.3206
74.6057
74.3043
74.2427
74.5141
75.1237
75.9614
76.9935
78.2351
79.7225
81.3572
83.0969
85.2198
88.0252
91.4854
95.2094
98.9492
102.917
107.283
112.126
117.262
122.64
128.279
134.174
140.313
146.652
153.135
159.675
166.142
172.385
178.19
183.429
187.882
191.24
193.274
193.708
192.153
188.137
181.164
170.701
156.187
137.021
112.542
82.0568
44.7895
-0.00326802
-53.3366
-116.206
-180.803
78.1577
74.5389
72.6656
71.6871
71.2278
71.148
71.3419
71.7694
72.393
73.1853
74.2219
75.4708
76.9365
78.716
80.9196
83.536
86.4226
89.4954
92.8601
96.4991
100.438
104.589
109.004
113.655
118.49
123.475
128.52
133.618
138.666
143.503
148.036
152.043
155.247
157.517
158.597
158.076
155.634
150.909
143.47
132.815
118.385
99.5142
75.5169
45.7046
9.39626
-34.2092
-85.8497
-146.456
-217.639
-292.304
-4.46571
-12.7216
-10.469
-9.05371
-7.02355
-4.47712
-1.54661
1.877
5.85734
10.1455
14.5179
18.8292
22.5157
25.3434
26.8411
26.8317
25.3277
22.4864
18.7768
14.4517
10.0586
5.7452
1.74521
-1.70168
-4.65533
-7.21795
-9.26583
-10.6812
-12.9725
-4.53598
0.400469
-6.76261
-6.29144
-6.68807
-5.10597
-3.07726
-0.61756
2.34301
5.62354
9.11102
12.7343
16.1696
19.058
21.2729
22.4279
22.419
21.2547
19.0318
16.1256
12.6691
9.02859
5.51891
2.21674
-0.763225
-3.24239
-5.28909
-6.87139
-6.46013
-6.95556
0.34793
-2.98179
-4.25357
-4.13308
-4.32358
-3.06642
-1.58468
0.552799
3.04416
5.6843
8.52388
11.4871
14.1179
16.3567
18.0308
18.8997
18.8922
18.0112
16.3265
14.077
11.4293
8.44869
5.59532
2.9354
0.421134
-1.72783
-3.22409
-4.48786
-4.27647
-4.4104
-3.08962
-4.67702
-4.14368
-3.40475
-2.59936
-1.62112
-0.323602
1.57184
3.46664
5.68685
8.13995
10.3552
12.3933
14.1418
15.4108
16.0658
16.0599
15.392
14.109
12.3509
10.3028
8.07504
5.60739
3.37605
1.45795
-0.450657
-1.74662
-2.7501
-3.52996
-4.28404
-4.7924
-3.65639
-3.41933
-3.0298
-1.60209
-0.980009
0.524846
1.95286
3.62096
5.61384
7.47338
9.22343
10.8605
12.2269
13.1927
13.6842
13.6809
13.181
12.2037
10.8267
9.17651
7.41711
5.53598
3.52671
1.86092
0.403343
-1.08365
-1.7346
-3.14381
-3.53582
-3.75696
-2.06923
-2.27891
-2.1188
-0.972222
-0.598749
0.929821
2.02292
3.65725
5.23513
6.7491
8.23712
9.53997
10.5889
11.3229
11.7034
11.701
11.3164
10.5741
9.5142
8.19276
6.6876
5.17056
3.55576
1.94942
0.809997
-0.693591
-1.0796
-2.21518
-2.36849
-2.12673
-0.762708
-1.30082
-1.13435
-0.296898
-0.169999
1.29856
1.92504
3.54128
4.61026
5.96854
7.22807
8.28677
9.15452
9.76962
10.0987
10.0945
9.75926
9.13347
8.25939
7.18234
5.89815
4.5694
3.43393
1.86952
1.1886
-0.244512
-0.385235
-1.20709
-1.37572
-0.78472
-0.507038
-0.50523
-0.555477
0.289341
0.163151
1.61115
1.84603
3.3411
3.85146
5.17217
6.14309
7.06385
7.85549
8.41077
8.70432
8.69817
8.39504
7.8239
7.02926
6.11174
5.09398
3.82614
3.24023
1.80379
1.51713
0.104071
0.20033
-0.607976
-0.580839
-0.593655
-1.41378
0.0336697
-0.322905
0.698852
0.448449
1.74731
1.73375
3.12696
3.44861
4.60475
5.28661
6.08971
6.7504
7.2026
7.4362
7.42934
7.18721
6.72191
6.04676
5.27298
4.52551
3.4288
3.03388
1.70772
1.65502
0.390351
0.625482
-0.389949
-0.0419388
-1.52123
-1.42478
-0.0562387
-0.462444
0.699464
0.562564
1.80675
1.61081
3.08306
3.22562
4.34043
4.72691
5.41607
5.86392
6.19159
6.35712
6.34985
6.17671
5.85374
5.36347
4.72724
4.2603
3.21374
2.98782
1.59266
1.71197
0.516426
0.634289
-0.534973
-0.125378
-1.46828
0.584993
0.26986
-0.4413
0.886175
0.425931
1.89026
1.49486
2.95777
2.85876
4.01911
4.17703
4.83535
5.0796
5.36018
5.47162
5.46823
5.3349
5.0968
4.76965
4.18798
3.94145
2.85149
2.85593
1.47399
1.7979
0.384589
0.816041
-0.488721
0.234072
0.564145
1.31942
1.87108
-0.18528
1.16852
0.465414
1.80401
1.38165
2.66669
2.43276
3.49987
3.53313
4.20488
4.31661
4.62632
4.68749
4.6985
4.58182
4.35203
4.13249
3.552
3.42048
2.42944
2.57034
1.35603
1.71674
0.421098
1.106
-0.210388
1.84538
1.29554
-0.787986
0.581205
0.363489
0.963263
0.549843
1.70105
1.1329
2.3421
2.02981
3.00176
2.89235
3.57795
3.59304
3.93666
3.94666
3.9756
3.87586
3.63599
3.50316
2.91979
2.91355
2.03361
2.25327
1.10346
1.6159
0.482238
0.909627
0.349786
0.576872
-0.789134
-1.5757
-1.10229
-0.488266
0.530122
0.246692
1.42057
0.94324
2.02929
1.66561
2.59661
2.36429
3.03539
2.95279
3.2953
3.27053
3.3045
3.23399
3.0028
2.95523
2.41228
2.50316
1.677
1.95023
0.8921
1.36145
0.130254
0.464982
-0.456234
-1.06444
-1.54131
-1.26472
-1.2138
-0.757909
0.619399
0.155205
1.13941
0.791594
1.74549
1.37601
2.2332
1.93197
2.55238
2.40694
2.7167
2.6709
2.70386
2.66394
2.45705
2.47757
1.9888
2.15746
1.36767
1.69289
0.692457
1.15796
-0.037266
0.423441
-0.565446
-1.13407
-1.20493
-0.897184
-0.814455
-0.123
0.289692
0.263472
0.935234
0.692028
1.46285
1.09977
1.82798
1.54081
2.05993
1.93165
2.17103
2.12838
2.15726
2.13857
1.95705
2.01866
1.57997
1.79412
1.07668
1.44373
0.516211
1.1007
0.0637264
0.192234
-0.0775878
-0.758433
-0.845306
-0.664148
-0.872607
0.0031072
0.0533837
0.197699
0.659277
0.539118
1.09397
0.848808
1.38675
1.19074
1.56556
1.47833
1.65487
1.61961
1.64184
1.63647
1.47949
1.56171
1.18199
1.40601
0.778258
1.13481
0.4201
0.696303
0.121903
0.005994
0.00480486
-0.846479
-0.630322
0.0507995
-0.485947
-0.277698
0.0486498
0.0391495
0.465885
0.343824
0.76959
0.597726
0.967433
0.84252
1.09202
1.03359
1.16222
1.13381
1.14839
1.15296
1.02503
1.11001
0.822249
1.02089
0.516897
0.785743
0.290467
0.45795
0.00859328
0.0261327
-0.27993
-0.475364
0.0652978
0.233043
0.0285266
-0.178324
0.167857
-0.00622031
0.333467
0.180401
0.474153
0.343881
0.597469
0.486603
0.655459
0.608403
0.692437
0.671563
0.678869
0.688444
0.602824
0.660359
0.48177
0.614226
0.323719
0.462844
0.16539
0.319888
-0.017689
0.153971
-0.179687
0.03043
0.236234
0.10816
0.0398456
-0.0463398
0.0682105
-0.0228463
0.103231
0.041749
0.146853
0.10051
0.197157
0.157696
0.225504
0.204718
0.236766
0.227943
0.230685
0.236178
0.203867
0.225916
0.157913
0.192087
0.100214
0.13737
0.0396442
0.0968635
-0.0251178
0.0632936
-0.0468161
0.0395439
0.109214
)
;

boundaryField
{
    INLET
    {
        type            zeroGradient;
    }
    OUTLET
    {
        type            fixedValue;
        value           uniform 0;
    }
    WALL
    {
        type            zeroGradient;
    }
    CYLINDER
    {
        type            zeroGradient;
    }
    frontAndBackPlanes
    {
        type            empty;
    }
}


// ************************************************************************* //
