/*--------------------------------*- C++ -*----------------------------------*\
| =========                 |                                                 |
| \\      /  F ield         | OpenFOAM: The Open Source CFD Toolbox           |
|  \\    /   O peration     | Version:  v1912                                 |
|   \\  /    A nd           | Website:  www.openfoam.com                      |
|    \\/     M anipulation  |                                                 |
\*---------------------------------------------------------------------------*/
FoamFile
{
    version     2.0;
    format      ascii;
    class       volScalarField;
    location    "0.11";
    object      p;
}
// * * * * * * * * * * * * * * * * * * * * * * * * * * * * * * * * * * * * * //

dimensions      [0 2 -2 0 0 0 0];


internalField   nonuniform List<scalar> 
6600
(
62.9381
58.1847
55.7818
54.2681
53.4775
53.1415
53.0731
53.2973
53.8666
54.6993
55.7715
57.1753
58.9629
61.0802
63.5624
66.4388
69.6472
73.2173
77.1136
81.326
85.8706
90.7056
95.832
101.212
106.752
112.339
117.886
123.506
128.988
134.127
138.738
142.732
145.929
148.093
148.984
148.24
145.372
140.005
131.805
120.265
104.821
84.8739
59.8062
29.1072
-8.27836
-53.111
-105.568
-166.407
-237.474
-311.527
59.656
54.6842
52.8326
51.0818
49.9294
49.2817
48.9271
48.8624
49.1167
49.6099
50.3978
51.4552
52.8431
54.5243
56.6125
59.1408
61.8916
64.9716
68.3141
71.8854
75.7708
79.868
84.1929
88.6888
93.2744
97.8774
102.197
106.259
110.224
113.962
117.005
119.105
120.252
120.234
118.719
115.421
109.77
101.424
90.0247
75.0702
55.9794
32.1255
2.89852
-32.3086
-74.3008
-123.925
-181.349
-246.669
-320.611
-395.553
55.1621
49.8222
48.7686
46.8677
45.5329
44.6546
44.0677
43.7571
43.7653
44.0334
44.598
45.4432
46.5825
48.0071
49.622
51.5455
53.8938
56.4414
59.2455
62.2671
65.4782
68.8592
72.3717
75.9473
79.5131
83.0314
86.2836
89.0342
91.3978
93.3313
94.5829
94.8611
93.9047
91.5027
87.3891
81.251
72.6427
61.1377
46.3723
27.8472
4.99397
-22.7662
-56.0243
-95.3945
-141.45
-194.987
-256.193
-324.311
-398.257
-469.876
49.7888
44.097
43.6853
41.5313
40.2675
39.2599
38.455
37.9135
37.6969
37.7852
38.1266
38.6996
39.5056
40.6094
42.0197
43.4809
45.2601
47.2718
49.5169
51.9325
54.4791
57.1142
59.7679
62.3872
64.8805
67.2326
69.3047
70.8068
71.6824
71.8649
71.1327
69.2781
66.1116
61.3081
54.5279
45.481
33.8196
19.1322
0.9965
-21.054
-47.5151
-78.8957
-115.697
-158.426
-207.553
-263.77
-327.156
-396.094
-468.141
-534.054
43.648
37.7793
37.6843
35.1262
33.889
32.7578
31.8127
31.1088
30.7161
30.5881
30.7282
31.0878
31.6357
32.3548
33.2215
34.3751
35.6162
37.0387
38.6489
40.3667
42.1792
44.0003
45.7379
47.3402
48.7049
49.7811
50.4912
50.6363
49.9981
48.4243
45.8
41.9133
36.4722
29.2203
19.8446
8.0233
-6.57773
-24.3279
-45.5882
-70.7886
-100.36
-134.694
-174.19
-219.232
-270.152
-327.451
-391.135
-459.415
-528.203
-586.518
36.9504
30.7187
30.6064
27.7571
26.4723
25.1978
24.1214
23.3
22.6816
22.2809
22.0985
22.121
22.366
22.7597
23.289
23.8293
24.5195
25.2961
26.164
27.1074
28.0613
28.9622
29.7064
30.2308
30.4243
30.2259
29.5427
28.2027
26.0483
22.8307
18.3018
12.3289
4.72973
-4.80974
-16.6153
-30.9893
-48.2232
-68.6084
-92.4881
-120.215
-152.106
-188.462
-229.555
-275.648
-326.995
-383.924
-446.422
-512.602
-576.631
-625.69
29.2967
22.862
22.5915
19.3733
18.0367
16.6281
15.3905
14.3821
13.5705
12.9207
12.438
12.0539
11.7838
11.5913
11.5911
11.6434
11.6788
11.7585
11.8369
11.9009
11.9148
11.8049
11.4866
10.8793
9.87376
8.35828
6.22834
3.36101
-0.41152
-5.29643
-11.5227
-19.3171
-28.9385
-40.5988
-54.5379
-71.0329
-90.3742
-112.831
-138.63
-168.044
-201.312
-238.619
-280.14
-326.058
-376.583
-432.01
-491.924
-554.442
-612.757
-651.287
20.6002
14.2742
13.8016
10.2571
8.72409
7.0884
5.63998
4.36775
3.22427
2.28087
1.3199
0.450783
-0.327
-1.04034
-1.82965
-2.50378
-3.12579
-3.81497
-4.5609
-5.40661
-6.41787
-7.60783
-9.05415
-10.8312
-13.0606
-15.8108
-19.2491
-23.5829
-28.9223
-35.4201
-43.3288
-52.8537
-64.1752
-77.5404
-93.1867
-111.334
-132.195
-155.962
-182.86
-213.075
-246.736
-283.959
-324.827
-369.422
-417.929
-470.758
-527.544
-585.461
-636.948
-664.919
10.8011
4.75413
4.02523
0.345597
-1.34106
-3.2743
-4.98648
-6.54836
-8.04552
-9.51805
-10.9632
-12.3844
-13.8953
-15.3797
-16.7824
-18.2724
-19.7505
-21.3302
-22.99
-24.8192
-26.8584
-29.1521
-31.7355
-34.6904
-38.1383
-42.2225
-46.9768
-52.5945
-59.2734
-67.2189
-76.5601
-87.4623
-100.174
-114.875
-131.727
-150.904
-172.595
-196.98
-224.173
-254.295
-287.432
-323.616
-362.878
-405.277
-450.925
-500.124
-552.998
-606.006
-650.836
-670.085
-0.514746
-5.95816
-6.89563
-10.4085
-12.128
-14.413
-16.5097
-18.4542
-20.3945
-22.3963
-24.486
-26.6257
-28.7711
-31.0098
-33.3565
-35.7166
-38.2028
-40.733
-43.4096
-46.2643
-49.3668
-52.732
-56.4344
-60.5189
-65.0685
-70.2269
-76.1736
-83.0435
-90.9532
-100.028
-110.501
-122.52
-136.191
-151.698
-169.202
-188.852
-210.76
-235.008
-261.721
-290.976
-322.784
-357.147
-394.026
-433.396
-475.406
-520.471
-568.358
-616.174
-656.028
-670.305
-12.9517
-17.5627
-18.5891
-21.8262
-23.5726
-26.1618
-28.6742
-31.1848
-33.7118
-36.3395
-39.0979
-41.9673
-45.0118
-48.1184
-51.3038
-54.6532
-58.1426
-61.7671
-65.5439
-69.4915
-73.6431
-78.0768
-82.847
-88.0036
-93.6577
-99.9038
-106.858
-114.628
-123.382
-133.332
-144.557
-157.175
-171.365
-187.232
-204.88
-224.393
-245.863
-269.388
-294.992
-322.696
-352.51
-384.388
-418.265
-454.064
-491.736
-531.955
-573.685
-614.741
-648.387
-661.97
-25.7475
-29.6187
-30.6771
-33.7709
-35.6352
-38.514
-41.3714
-44.477
-47.7803
-51.1381
-54.6598
-58.3738
-62.179
-66.2818
-70.6135
-75.0141
-79.5462
-84.3111
-89.1831
-94.2226
-99.457
-104.932
-110.68
-116.782
-123.305
-130.358
-138.097
-146.671
-156.123
-166.515
-178.076
-190.938
-205.164
-220.866
-238.118
-257.01
-277.578
-299.806
-323.731
-349.358
-376.637
-405.513
-435.858
-467.462
-500.476
-534.817
-568.903
-599.843
-621.236
-633.126
-38.5652
-41.9417
-42.9462
-46.0231
-48.2174
-51.4348
-54.6297
-58.1973
-62.0817
-66.4204
-70.8965
-75.5589
-80.5017
-85.4625
-90.7235
-96.3333
-102.024
-107.901
-113.959
-120.144
-126.457
-132.929
-139.638
-146.632
-153.975
-161.74
-170.01
-178.877
-188.508
-199.081
-210.64
-223.276
-237.12
-252.229
-268.676
-286.472
-305.626
-326.167
-348.047
-371.195
-395.555
-421.017
-447.404
-474.462
-502.352
-529.804
-555.032
-574.055
-581.741
-588.66
-51.3076
-54.1392
-55.0799
-58.2723
-60.8395
-64.4351
-68.2516
-72.4183
-76.9014
-81.8596
-87.342
-93.0279
-99.0589
-105.491
-111.915
-118.53
-125.474
-132.482
-139.66
-146.998
-154.377
-161.857
-169.442
-177.156
-185.037
-193.193
-201.767
-210.874
-220.549
-230.841
-241.943
-253.984
-267.03
-281.16
-296.377
-312.733
-330.231
-348.772
-368.299
-388.747
-409.977
-431.812
-453.988
-476.669
-498.854
-519.169
-536.128
-547.289
-552.034
-554.173
-63.6428
-65.8773
-66.725
-70.2429
-73.0279
-77.081
-81.3268
-86.2237
-91.7777
-97.554
-103.8
-110.688
-117.801
-125.22
-133.125
-141.101
-149.209
-157.516
-166.005
-174.44
-182.925
-191.408
-199.85
-208.266
-216.718
-225.229
-233.841
-242.636
-251.79
-261.527
-271.906
-282.991
-294.897
-307.681
-321.421
-336.086
-351.618
-368
-385.124
-402.834
-420.975
-439.301
-457.702
-475.867
-492.996
-507.842
-518.615
-524.125
-530.541
-531.138
-74.8388
-76.4089
-77.4757
-81.2033
-84.3003
-89.0084
-93.8429
-99.3298
-105.682
-112.757
-120.045
-127.85
-136.341
-145.162
-154.227
-163.699
-173.25
-182.834
-192.531
-202.278
-211.958
-221.448
-230.724
-239.776
-248.577
-257.154
-265.62
-274.147
-282.776
-291.552
-300.696
-310.418
-320.836
-332.05
-344.033
-356.81
-370.379
-384.605
-399.35
-414.502
-429.886
-445.204
-460.256
-474.682
-487.786
-498.403
-505.242
-508.842
-511.346
-512.925
-84.2208
-84.9654
-86.8725
-90.6292
-94.0507
-99.4446
-105.067
-111.621
-118.637
-126.426
-135.202
-144.323
-153.785
-163.993
-174.638
-185.567
-196.737
-207.965
-219.092
-230.155
-241.082
-251.709
-261.954
-271.736
-280.989
-289.743
-298.036
-305.859
-313.378
-320.906
-328.626
-336.689
-345.29
-354.553
-364.628
-375.489
-387.018
-399.163
-411.819
-424.841
-437.969
-450.688
-462.929
-474.322
-484.184
-491.459
-495.367
-499.305
-499.939
-501.269
-91.6686
-91.5415
-94.1339
-98.0028
-102.169
-108.034
-114.415
-121.858
-129.966
-138.795
-148.436
-159.086
-170.287
-181.823
-194.017
-206.581
-219.438
-232.345
-245.237
-257.903
-270.266
-282.22
-293.58
-304.186
-313.917
-322.711
-330.636
-337.847
-344.442
-350.53
-356.347
-362.274
-368.637
-375.735
-383.641
-392.391
-401.999
-412.343
-423.311
-434.719
-445.86
-456.279
-466.235
-475.116
-481.858
-485.785
-489.377
-491.163
-492.171
-492.751
-96.2538
-96.4017
-99.4693
-103.341
-108.218
-114.533
-121.559
-129.954
-139.222
-149.276
-160.108
-171.657
-184.26
-197.708
-211.58
-225.947
-240.722
-255.709
-270.529
-285.102
-299.189
-312.705
-325.443
-337.154
-347.691
-356.898
-364.724
-371.221
-376.487
-380.748
-384.451
-387.965
-391.709
-396.046
-401.384
-407.931
-415.595
-424.33
-434.102
-444.133
-453.48
-462.459
-470.564
-476.658
-480.211
-482.202
-483.893
-485.445
-486.609
-486.923
-98.0453
-98.6758
-103.145
-106.714
-112.194
-118.971
-126.478
-135.438
-145.7
-156.933
-169.044
-182.273
-196.364
-211.267
-226.932
-243.326
-260.178
-277.283
-294.435
-311.311
-327.629
-343.149
-357.641
-370.816
-382.448
-392.257
-400.093
-406.027
-410.237
-412.856
-414.172
-414.68
-415.053
-416.084
-418.339
-422.106
-427.648
-435.166
-443.945
-452.602
-461.263
-469.367
-475.246
-478.323
-479.286
-480.202
-480.768
-482.231
-483.408
-483.774
-97.1976
-99.1978
-103.462
-108.146
-114.108
-121.393
-129.456
-138.723
-149.498
-161.739
-175.057
-189.544
-205.258
-221.927
-239.566
-258.037
-277.209
-296.795
-316.486
-336.007
-354.992
-373.043
-389.791
-404.991
-418.298
-429.366
-437.931
-443.83
-446.983
-447.592
-446.219
-443.423
-439.966
-436.738
-434.753
-434.989
-437.934
-443.66
-451.039
-459.909
-469.276
-476.422
-480.122
-480.772
-480.631
-480.037
-480.285
-481.167
-481.931
-482.359
-94.02
-97.5661
-101.72
-107.153
-113.528
-121.028
-129.667
-139.948
-151.014
-163.519
-178.126
-193.946
-210.888
-229.234
-248.892
-269.649
-291.233
-313.51
-336.14
-358.73
-380.857
-402.028
-421.782
-439.701
-455.367
-468.303
-478.038
-484.266
-486.996
-486.369
-482.494
-475.901
-467.537
-458.831
-451.403
-446.425
-444.749
-447.63
-455.067
-465.896
-476.118
-482.769
-485.207
-485.265
-483.79
-482.457
-481.343
-480.605
-480.418
-480.704
-90.071
-94.6749
-98.3843
-104.003
-110.479
-118.307
-127.353
-138.065
-149.917
-162.829
-177.828
-194.583
-212.925
-233.046
-254.701
-277.554
-301.699
-326.883
-352.708
-378.79
-404.593
-429.542
-453.055
-474.512
-493.299
-509.009
-521.073
-528.846
-531.932
-530.214
-523.784
-513.265
-499.726
-484.472
-469.345
-456.772
-448.478
-447.174
-453.912
-466.108
-478.985
-486.801
-490.069
-489.396
-487.32
-484.38
-481.437
-479.002
-477.729
-477.387
-85.6404
-91.4288
-93.6967
-99.1072
-105.293
-113.348
-122.361
-133.08
-145.361
-159.504
-174.987
-192.051
-211.536
-232.951
-256.264
-281.432
-308.153
-336.32
-365.553
-395.439
-425.402
-454.801
-482.877
-508.818
-531.875
-551.428
-566.692
-576.841
-581.326
-579.776
-571.915
-558.04
-538.797
-515.576
-490.995
-467.808
-449.017
-439.413
-443.105
-457.81
-475.074
-486.366
-490.722
-490.115
-487.529
-483.551
-479.216
-475.435
-473.001
-471.795
-79.4796
-85.6566
-87.1806
-93.5074
-98.5638
-106.684
-115.436
-125.969
-138.354
-152.516
-168.457
-186.433
-206.794
-229.156
-253.831
-280.882
-310.188
-341.329
-374.075
-408.001
-442.53
-476.937
-510.343
-541.79
-570.247
-594.775
-614.583
-628.74
-636.207
-636.142
-627.921
-611.336
-586.901
-555.963
-520.238
-482.344
-447.478
-425.797
-423.595
-437.494
-458.667
-477.328
-484.92
-486.865
-485.704
-482.427
-477.689
-472.806
-469.295
-467.023
-69.7862
-78.1603
-79.5156
-86.3664
-90.8201
-98.8281
-106.994
-117.412
-129.246
-143.234
-159.411
-177.843
-198.432
-221.366
-247.436
-276.222
-307.577
-341.53
-377.769
-415.846
-455.224
-495.129
-534.593
-572.452
-607.503
-638.535
-664.405
-683.865
-695.59
-698.627
-692.14
-675.141
-647.164
-608.651
-560.757
-506.663
-452.784
-412.615
-397.078
-406.423
-432.738
-458.648
-478.249
-488.929
-491.586
-488.711
-483.384
-477.367
-472.52
-469.414
-61.4586
-69.0552
-70.6243
-77.6661
-82.5346
-90.2514
-97.7269
-107.81
-118.662
-132.217
-147.979
-166.236
-187.056
-210.696
-237.239
-267.074
-300.304
-336.754
-376.285
-418.484
-462.824
-508.533
-554.546
-599.672
-642.507
-681.492
-715.008
-741.586
-759.752
-768.319
-765.544
-750.145
-720.991
-677.253
-619.784
-549.331
-471.941
-409.894
-379.665
-381.164
-411.393
-446.002
-476.049
-495.606
-501.883
-500.406
-494.268
-486.993
-481.694
-479.099
-54.5116
-60.9595
-63.6234
-69.0852
-73.6919
-81.2113
-87.9932
-97.7854
-107.984
-120.513
-135.223
-152.76
-173.291
-197.012
-224.112
-254.474
-288.777
-327.172
-369.485
-415.613
-464.943
-516.626
-569.604
-622.622
-674.239
-722.632
-765.619
-801.202
-827.596
-843.48
-846.943
-835.974
-809.395
-764.648
-699.055
-611.093
-519.207
-437.401
-387.827
-375.419
-401.756
-441.871
-475.777
-497.501
-504.242
-503.372
-498.259
-492.244
-488.473
-487.023
-50.7828
-52.869
-57.6655
-59.8937
-65.3088
-72.4925
-78.5334
-87.5178
-96.8455
-108.659
-122.299
-138.944
-158.455
-181.477
-208.22
-238.973
-273.935
-313.45
-357.757
-407.334
-461.42
-519.091
-579.263
-640.754
-702.083
-761.005
-815.004
-861.517
-898.285
-924.386
-936.983
-933.311
-912.516
-868.561
-796.312
-702.597
-604.923
-516.927
-453.538
-430.802
-435.108
-458.107
-480.633
-494.755
-499.165
-497.068
-493.722
-490.282
-489.196
-489.687
-64.3095
-44.8284
-52.5451
-51.0181
-58.0858
-64.0783
-69.9889
-77.6341
-85.9227
-97.5154
-110.136
-125.494
-143.902
-165.825
-192.124
-222.475
-257.408
-297.614
-343.137
-395.272
-453.375
-516.542
-583.907
-654.184
-725.806
-795.388
-860.642
-920.279
-970.374
-1008.18
-1032.53
-1038.11
-1022.03
-984.53
-913.819
-824.467
-725.448
-644.167
-584.125
-542.763
-521.534
-512.955
-512.009
-509.337
-502.697
-495.161
-489.054
-486.776
-487.556
-489.467
63.8926
59.1908
56.7988
55.3095
54.5645
54.2578
54.2321
54.5112
55.1491
56.0611
57.2278
58.7179
60.6055
62.8274
65.4326
68.4744
71.8493
75.6226
79.7725
84.2681
89.1318
94.3425
99.8747
105.722
111.782
117.946
124.11
130.382
136.736
142.904
148.629
153.828
158.369
162.039
164.57
165.678
165
162.094
156.592
148.068
136.011
119.907
99.0542
72.7772
40.4386
1.16962
-45.1389
-99.0795
-164.265
-231.175
60.6279
55.7187
53.8557
52.1439
51.0296
50.4188
50.1112
50.099
50.42
51.0013
51.8785
53.0351
54.5211
56.3171
58.5166
61.2288
64.1746
67.4674
71.063
74.9442
79.1495
83.634
88.3784
93.3505
98.4818
103.695
108.819
113.639
118.338
122.945
127.069
130.412
132.908
134.381
134.519
133.016
129.511
123.558
114.753
102.669
86.7716
66.5872
41.2959
10.2949
-27.0511
-71.6316
-123.542
-182.919
-251.995
-321.518
56.1559
50.8781
49.8023
47.9658
46.6548
45.8182
45.2765
45.0273
45.1134
45.4706
46.1215
47.079
48.3313
49.8843
51.6707
53.7536
56.3052
59.1069
62.1904
65.5254
69.0796
72.8623
76.8112
80.8802
85.0133
89.1145
93.1177
96.7996
100.066
102.969
105.248
106.626
106.975
106.089
103.614
99.2825
92.7568
83.5614
71.298
55.5151
35.663
11.2046
-18.4621
-53.9439
-95.8654
-145.065
-201.699
-265.084
-335.203
-402.977
50.8046
45.1707
44.7623
42.673
41.4208
40.4688
39.7173
39.2433
39.1194
39.2901
39.7461
40.4276
41.3568
42.5981
44.1853
45.875
47.8621
50.148
52.7093
55.4593
58.3754
61.4284
64.5539
67.6986
70.7983
73.8201
76.6143
78.8973
80.628
81.8173
82.2783
81.6645
79.7823
76.439
71.3134
64.0827
54.4332
41.9559
26.2081
6.73596
-16.9661
-45.4143
-79.0648
-118.45
-164.122
-216.84
-276.705
-342.234
-411.822
-475.65
44.6947
38.8687
38.8188
36.3129
35.0954
34.0315
33.1526
32.5289
32.2224
32.1819
32.4305
32.9106
33.6105
34.5207
35.5566
36.9312
38.4501
40.1662
42.0924
44.1853
46.3842
48.6496
50.8832
53.0306
55.0012
56.735
58.2134
59.2295
59.5135
58.9592
57.4476
54.7779
50.7053
44.9405
37.179
27.1422
14.4971
-1.15697
-20.1993
-43.0462
-70.1682
-101.996
-138.877
-181.219
-229.473
-284.268
-345.581
-411.621
-479.538
-537.926
38.0187
31.8235
31.8113
28.965
27.7459
26.5411
25.5322
24.7974
24.2778
23.9855
23.9269
24.0846
24.4897
25.0847
25.8569
26.6118
27.5726
28.6656
29.8728
31.1952
32.5824
33.9542
35.2297
36.3457
37.1924
37.7116
37.7711
37.2382
35.9719
33.7829
30.4382
25.7312
19.4725
11.4004
1.18996
-11.4646
-26.8614
-45.323
-67.207
-92.8757
-122.685
-156.976
-196.041
-240.176
-289.681
-345.027
-406.309
-471.656
-536.645
-588.045
30.3882
24.0117
23.854
20.6171
19.3724
18.0352
16.8779
15.9561
15.2512
14.7185
14.359
14.1397
14.0473
14.0594
14.2919
14.6109
14.941
15.3459
15.7865
16.2622
16.72
17.1063
17.3404
17.337
16.9796
16.1721
14.9055
12.9752
10.185
6.29864
1.11055
-5.51519
-13.7998
-24.0213
-36.4507
-51.3518
-69.0144
-89.7551
-113.832
-141.517
-173.114
-208.874
-248.994
-293.688
-343.2
-397.892
-457.698
-520.851
-581.631
-624.471
21.7358
15.4886
15.0764
11.5531
10.1308
8.5635
7.2028
6.02902
4.99139
4.17797
3.35581
2.65199
2.05685
1.54902
1.02025
0.614657
0.308825
-0.0170789
-0.38068
-0.799239
-1.33451
-1.99775
-2.86753
-4.00353
-5.51704
-7.53377
-10.2169
-13.6717
-18.0348
-23.4649
-30.2316
-38.5979
-48.7136
-60.7685
-75.0225
-91.7277
-111.127
-133.444
-158.92
-187.779
-220.206
-256.372
-296.428
-340.532
-388.898
-441.906
-499.261
-558.9
-614.227
-647.519
11.9869
6.00503
5.32963
1.71571
0.124928
-1.7446
-3.36413
-4.82084
-6.20513
-7.54538
-8.8282
-10.0784
-11.3704
-12.6352
-13.7864
-14.9321
-16.152
-17.3434
-18.5906
-19.9854
-21.5212
-23.2767
-25.2717
-27.5917
-30.3444
-33.6413
-37.5916
-42.3353
-48.0624
-54.9909
-63.2819
-73.0749
-84.6067
-98.0965
-113.725
-131.673
-152.132
-175.33
-201.425
-230.558
-262.891
-298.535
-337.561
-380.074
-426.273
-476.59
-530.784
-585.835
-634.517
-658.22
0.781224
-4.67202
-5.53763
-8.9791
-10.6284
-12.8441
-14.841
-16.6774
-18.4991
-20.3563
-22.2848
-24.2334
-26.1806
-28.1438
-30.2262
-32.2723
-34.3792
-36.5625
-38.8397
-41.2228
-43.8199
-46.6365
-49.7383
-53.1699
-57.0287
-61.4588
-66.5921
-72.6255
-79.6393
-87.7347
-97.1447
-108.097
-120.711
-135.141
-151.575
-170.177
-191.1
-214.457
-240.389
-269.031
-300.451
-334.702
-371.83
-411.905
-455.087
-501.686
-551.674
-601.931
-644.554
-661.114
-11.5758
-16.212
-17.1865
-20.364
-22.038
-24.5567
-26.965
-29.3492
-31.7521
-34.2256
-36.8089
-39.481
-42.3051
-45.1854
-48.0614
-51.1319
-54.2271
-57.4681
-60.7975
-64.2678
-67.8959
-71.7623
-75.9176
-80.4208
-85.3645
-90.8726
-97.0509
-104.022
-111.952
-121.016
-131.321
-142.969
-156.165
-171.074
-187.813
-206.484
-227.186
-250.065
-275.193
-302.611
-332.384
-364.547
-399.087
-435.974
-475.273
-517.524
-562.199
-606.966
-644.584
-658.358
-24.3867
-28.2237
-29.2525
-32.289
-34.0724
-36.872
-39.6232
-42.6196
-45.7776
-48.9882
-52.3377
-55.8642
-59.4245
-63.2592
-67.322
-71.3645
-75.5534
-79.8873
-84.3124
-88.8614
-93.5612
-98.4568
-103.6
-109.07
-114.915
-121.249
-128.214
-135.958
-144.577
-154.164
-164.889
-176.923
-190.332
-205.22
-221.714
-239.916
-259.918
-281.74
-305.433
-331.068
-358.634
-388.076
-419.363
-452.465
-487.341
-524.357
-562.268
-599.056
-628.519
-642.128
-37.3006
-40.5501
-41.5158
-44.5271
-46.6389
-49.7814
-52.8697
-56.3236
-60.077
-64.2511
-68.5453
-72.9704
-77.6996
-82.3915
-87.3198
-92.6246
-97.9381
-103.394
-108.988
-114.666
-120.432
-126.315
-132.397
-138.728
-145.381
-152.437
-159.994
-168.161
-177.058
-186.85
-197.663
-209.552
-222.664
-237.112
-252.956
-270.242
-288.994
-309.289
-331.14
-354.503
-379.356
-405.641
-433.217
-461.898
-492.068
-522.966
-552.801
-578.05
-593.793
-605.202
-50.0766
-52.7551
-53.6464
-56.7677
-59.2523
-62.7819
-66.4944
-70.5308
-74.8815
-79.6772
-84.9742
-90.47
-96.2208
-102.407
-108.497
-114.746
-121.306
-127.91
-134.619
-141.434
-148.259
-155.155
-162.118
-169.192
-176.433
-183.931
-191.783
-200.113
-209.054
-218.665
-229.092
-240.517
-252.991
-266.573
-281.319
-297.274
-314.499
-332.937
-352.54
-373.316
-395.219
-418.065
-441.54
-465.685
-490.322
-514.37
-536.005
-551.529
-557.05
-562.772
-62.3731
-64.47
-65.3204
-68.756
-71.4631
-75.4324
-79.5651
-84.3524
-89.7726
-95.3973
-101.444
-108.12
-114.989
-122.108
-129.734
-137.339
-145.049
-152.89
-160.897
-168.814
-176.753
-184.625
-192.429
-200.175
-207.921
-215.744
-223.727
-231.946
-240.484
-249.583
-259.366
-269.869
-281.237
-293.578
-306.944
-321.333
-336.683
-353.005
-370.269
-388.34
-407.096
-426.434
-446.126
-465.96
-485.13
-502.655
-516.916
-526.143
-532.196
-534.45
-73.4811
-75.047
-76.0882
-79.7379
-82.7709
-87.399
-92.125
-97.5013
-103.712
-110.623
-117.737
-125.315
-133.571
-142.099
-150.842
-159.942
-169.066
-178.222
-187.421
-196.63
-205.734
-214.61
-223.254
-231.651
-239.805
-247.747
-255.57
-263.428
-271.449
-279.669
-288.293
-297.559
-307.567
-318.399
-330.082
-342.617
-356.037
-370.239
-385.084
-400.491
-416.372
-432.534
-448.778
-464.628
-479.339
-492.054
-501.367
-506.058
-511.317
-513.061
-82.9216
-83.6342
-85.5067
-89.1869
-92.5635
-97.8666
-103.389
-109.843
-116.716
-124.351
-132.941
-141.86
-151.075
-160.977
-171.31
-181.91
-192.627
-203.375
-214.009
-224.533
-234.854
-244.869
-254.458
-263.556
-272.114
-280.173
-287.818
-295.098
-302.125
-309.188
-316.489
-324.147
-332.371
-341.322
-351.117
-361.781
-373.173
-385.212
-397.85
-410.971
-424.359
-437.672
-450.836
-463.556
-474.938
-483.689
-488.864
-493.225
-495.182
-497.205
-90.4703
-90.2278
-92.8087
-96.6083
-100.723
-106.494
-112.796
-120.129
-128.115
-136.804
-146.275
-156.683
-167.661
-178.949
-190.745
-202.952
-215.437
-227.863
-240.218
-252.314
-264.064
-275.366
-286.033
-295.93
-304.96
-313.097
-320.394
-327.007
-333.094
-338.741
-344.198
-349.859
-355.997
-362.861
-370.565
-379.108
-388.521
-398.692
-409.436
-420.631
-431.939
-442.966
-453.607
-463.584
-472.096
-478.035
-481.057
-483.584
-485.152
-486.466
-95.063
-95.1437
-98.1647
-101.997
-106.829
-113.069
-120.03
-128.319
-137.465
-147.364
-158.025
-169.398
-181.743
-194.935
-208.517
-222.438
-236.803
-251.322
-265.605
-279.584
-293.036
-305.855
-317.866
-328.832
-338.611
-347.084
-354.239
-360.159
-364.94
-368.865
-372.367
-375.713
-379.324
-383.552
-388.72
-395.07
-402.528
-410.937
-420.174
-429.971
-439.619
-448.69
-457.127
-464.505
-470.065
-473.44
-476.567
-477.534
-478.768
-479.431
-96.8713
-97.4666
-101.893
-105.423
-110.877
-117.551
-125.004
-133.894
-144.037
-155.133
-167.096
-180.157
-194.02
-208.605
-223.979
-240.025
-256.412
-273.024
-289.624
-305.884
-321.518
-336.311
-350.035
-362.414
-373.231
-382.26
-389.366
-394.699
-398.447
-400.72
-401.812
-402.294
-402.755
-403.883
-406.191
-409.872
-415.093
-421.938
-430.266
-438.971
-447.17
-454.957
-461.464
-465.949
-468.303
-470.479
-471.947
-473.199
-474.309
-474.729
-96.0316
-98.0186
-102.284
-106.925
-112.864
-120.06
-128.059
-137.253
-147.946
-160.077
-173.266
-187.559
-203.063
-219.486
-236.796
-254.922
-273.637
-292.702
-311.812
-330.687
-348.95
-366.219
-382.139
-396.478
-408.894
-419.093
-426.874
-432.057
-434.653
-434.978
-433.603
-430.931
-427.76
-424.931
-423.232
-423.496
-426.142
-431.361
-438.513
-446.312
-454.569
-461.776
-466.198
-467.715
-468.081
-468.385
-469.284
-470.503
-471.594
-472.032
-92.9535
-96.412
-100.617
-106.001
-112.359
-119.812
-128.39
-138.623
-149.546
-161.975
-176.468
-192.116
-208.859
-226.967
-246.336
-266.695
-287.859
-309.615
-331.639
-353.544
-374.903
-395.233
-414.096
-431.067
-445.731
-457.682
-466.519
-471.942
-474.056
-473.114
-469.156
-462.854
-455.1
-447.166
-440.588
-436.352
-435.025
-437.48
-443.42
-452.06
-461.231
-467.904
-470.899
-470.886
-469.9
-469.098
-469.062
-469.545
-470.169
-470.668
-89.1636
-93.6041
-97.3209
-102.903
-109.385
-117.17
-126.171
-136.803
-148.569
-161.459
-176.314
-192.912
-211.094
-230.999
-252.351
-274.845
-298.549
-323.209
-348.418
-373.767
-398.746
-422.775
-445.299
-465.715
-483.399
-497.968
-508.928
-515.741
-518.082
-515.907
-509.486
-499.456
-486.791
-472.877
-459.341
-448.282
-440.914
-439.66
-444.734
-454.378
-464.829
-472.111
-475.25
-475.572
-473.842
-471.942
-470.175
-468.915
-468.335
-468.468
-84.7633
-90.4286
-92.7289
-98.0636
-104.269
-112.282
-121.262
-131.919
-144.196
-158.251
-173.572
-190.545
-209.902
-231.09
-254.147
-278.964
-305.257
-332.908
-361.508
-390.629
-419.71
-448.09
-475.048
-499.813
-521.65
-539.912
-553.88
-562.857
-566.398
-564.186
-556.226
-542.878
-524.795
-503.283
-481.01
-461.055
-445.167
-436.887
-438.754
-449.794
-463.299
-472.671
-477.571
-478.079
-476.056
-472.94
-469.514
-466.655
-465.011
-464.516
-78.6347
-84.7566
-86.332
-92.5275
-97.6175
-105.678
-114.438
-124.941
-137.258
-151.339
-167.242
-185.141
-205.3
-227.507
-251.944
-278.678
-307.575
-338.188
-370.293
-403.441
-437.043
-470.356
-502.532
-532.647
-559.717
-582.778
-601.051
-613.778
-619.949
-618.951
-610.352
-594.15
-570.968
-542.265
-509.895
-476.905
-447.154
-427.781
-424.918
-435.845
-453.366
-466.495
-473.572
-475.951
-474.489
-470.954
-466.75
-462.88
-460.358
-458.915
-69.1579
-77.3075
-78.6653
-85.4897
-89.9739
-97.8802
-106.106
-116.43
-128.243
-142.229
-158.384
-176.703
-197.102
-219.948
-245.761
-274.282
-305.27
-338.701
-374.282
-411.565
-449.966
-488.695
-526.794
-563.153
-596.605
-625.933
-650.049
-667.803
-677.845
-679.561
-672.368
-655.447
-628.629
-592.424
-548.52
-500.206
-452.929
-417.898
-404.177
-411.618
-431.699
-452.725
-465.282
-472.605
-474.563
-472.376
-468.077
-463.273
-459.769
-457.469
-60.8071
-68.3695
-69.8344
-76.8701
-81.7487
-89.3935
-96.9248
-106.891
-117.816
-131.297
-146.999
-165.183
-185.951
-209.487
-235.77
-265.394
-298.267
-334.255
-373.155
-414.529
-457.854
-502.319
-546.847
-590.279
-631.281
-668.35
-699.913
-724.338
-740.467
-747.186
-743.085
-727.153
-698.41
-656.626
-603.256
-539.985
-471.598
-413.394
-384.491
-385.28
-406.561
-438.833
-463.4
-477.842
-482.801
-480.676
-475.658
-469.794
-464.995
-461.917
-53.8424
-60.3143
-62.9191
-68.3513
-72.9409
-80.4341
-87.2411
-96.9682
-107.208
-119.646
-134.383
-151.872
-172.33
-195.93
-222.844
-253.023
-286.976
-324.971
-366.719
-412.023
-460.295
-510.682
-562.096
-613.241
-662.746
-708.915
-749.591
-782.688
-806.605
-819.925
-821.309
-808.997
-782.611
-740.147
-678.504
-598.649
-511.001
-435.119
-386.481
-371.073
-387.531
-425.604
-459.627
-481.359
-490.68
-489.54
-483.82
-477.677
-473.104
-470.97
-50.1046
-52.2812
-57.0052
-59.2468
-64.5956
-71.7794
-77.8263
-86.7912
-96.1325
-107.903
-121.578
-138.186
-157.629
-180.525
-207.176
-237.758
-272.329
-311.485
-355.299
-404.101
-457.124
-513.436
-571.93
-631.381
-690.298
-746.605
-797.877
-841.7
-875.644
-898.36
-908.159
-902.132
-879.733
-841.844
-769.448
-678.672
-579.471
-495.453
-430.922
-404.236
-409.036
-431.788
-458.597
-478.142
-486.738
-486.332
-483.03
-478.925
-476.346
-475.814
-63.6044
-44.2766
-51.959
-50.4506
-57.4176
-63.4142
-69.3375
-77.0377
-85.3186
-96.8589
-109.468
-124.776
-143.166
-165.038
-191.236
-221.374
-255.985
-295.795
-340.887
-392.292
-449.409
-511.197
-576.783
-644.85
-713.791
-780.466
-842.634
-898.834
-945.694
-979.779
-999.536
-1003.43
-983.729
-947.46
-880.242
-786.585
-691.872
-600.559
-533.032
-491.299
-474.052
-473.839
-481.612
-486.677
-486.463
-482.776
-478.582
-475.799
-475.684
-476.804
-54.2706
-35.8759
-44.3108
-43.8035
-50.7565
-55.3959
-62.2773
-69.1624
-76.99
-87.664
-99.5505
-113.795
-131.355
-152.484
-177.227
-206.745
-242.187
-283.102
-330.023
-383.914
-445.194
-513.862
-588.817
-668.145
-748.998
-828.692
-904.432
-973.772
-1034.47
-1083.1
-1117.65
-1133.83
-1124.74
-1071.15
-995.486
-905.398
-813.176
-733.936
-668.995
-615.84
-577.663
-550.575
-529.84
-512.206
-496.006
-482.493
-474.496
-473.084
-474.962
-476.79
-43.2434
-37.3671
-41.5426
-44.6823
-48.4759
-52.4886
-58.0786
-65.0312
-73.038
-83.0397
-94.8953
-109.324
-127.113
-149.535
-176.249
-208.582
-247.197
-292.07
-344.448
-405.429
-475.363
-554.201
-640.067
-732.069
-827.208
-921.111
-1009.8
-1090.53
-1159.47
-1215.14
-1248
-1250.55
-1217
-1160.5
-1085.11
-1001.18
-915.324
-838.507
-773.044
-716.987
-668.048
-625.026
-586.317
-551.202
-519.49
-494.52
-479.467
-474.962
-477.483
-479.68
-35.1376
-36.878
-39.0362
-42.6592
-46.3116
-50.2342
-55.7079
-62.986
-71.5087
-81.3009
-93.8851
-109.559
-129.636
-155.278
-186.381
-223.095
-266.454
-318.75
-380.996
-453.029
-534.417
-625.269
-725.716
-833.722
-944.263
-1049.74
-1147.22
-1234.76
-1309.55
-1358.33
-1373.91
-1357.69
-1317.19
-1256.75
-1183.26
-1103.51
-1025.55
-949.376
-877.561
-810.995
-749.724
-693.336
-641.549
-594.444
-552.675
-518.049
-493.935
-482.395
-483.107
-486.433
-29.7791
-32.9597
-35.5188
-38.7991
-42.5735
-46.6424
-52.2233
-59.8761
-69.0146
-79.8348
-93.3894
-110.82
-133.573
-162.269
-197.289
-239.65
-290.73
-352.581
-424.927
-508.749
-605.573
-715.609
-836.403
-961.999
-1084.52
-1199.93
-1306.26
-1401.77
-1470.89
-1502.47
-1503.71
-1477.58
-1430.38
-1366.38
-1292.59
-1212.63
-1130.19
-1047.63
-967.641
-891.325
-819.379
-752.45
-691.093
-635.837
-587.582
-547.173
-516.266
-497.204
-490.836
-497.535
-24.9004
-27.3708
-30.1469
-33.1638
-36.8101
-41.23
-46.5198
-53.9051
-63.4398
-75.3605
-90.0793
-109.289
-134.058
-165.77
-205.655
-254.797
-313.884
-384.458
-468.735
-569.95
-688.863
-822.026
-963.203
-1104.53
-1240.89
-1369.23
-1486.3
-1576.41
-1627.57
-1646.49
-1635.44
-1599.99
-1544.34
-1475.4
-1395.12
-1308.94
-1219.07
-1128.75
-1040.05
-954.721
-874.07
-799.011
-730.672
-669.961
-617.631
-574.201
-539.914
-515.889
-505.533
-514.124
-19.3339
-21.3589
-23.2763
-25.9123
-29.1236
-32.8193
-37.5266
-44.7119
-54.5335
-66.8235
-82.4267
-102.823
-129.682
-164.864
-209.885
-265.235
-332.131
-414.074
-515.796
-639.994
-783.907
-940.534
-1101.11
-1260.4
-1413.95
-1553.66
-1665.66
-1737.97
-1774.93
-1779.84
-1756.5
-1709.72
-1645.23
-1567.11
-1478.57
-1383.35
-1285.59
-1187.12
-1090.64
-997.8
-910.192
-829.254
-756.112
-691.831
-637.233
-592.514
-557.62
-533.151
-522.171
-523.823
-12.8548
-14.1661
-15.2338
-16.5225
-18.7572
-21.9227
-26.3241
-32.7145
-41.7709
-53.4266
-68.925
-90.3277
-119.284
-158.066
-207.584
-269.623
-347.601
-445.964
-569.547
-718.94
-888.783
-1069.27
-1251.95
-1430.59
-1595.06
-1727.19
-1821.6
-1879.05
-1901.18
-1891.56
-1855.43
-1797.33
-1721.5
-1632.84
-1535.09
-1431.58
-1325.78
-1220.25
-1116.98
-1018.07
-925.186
-839.823
-763.486
-697.111
-641.444
-596.818
-563.026
-540.206
-528.909
-526.894
-4.88461
-5.09597
-5.45708
-5.59458
-6.53764
-8.63976
-11.8337
-16.3058
-23.101
-33.406
-48.6212
-71.5917
-102.388
-142.769
-196.997
-268.454
-361.539
-480.343
-628.49
-804.769
-1002.08
-1207.97
-1412.65
-1599.48
-1751.05
-1867.56
-1946.48
-1988.6
-1995.81
-1972.77
-1923.24
-1852.82
-1766.21
-1668.04
-1562.03
-1451.11
-1338.61
-1226.94
-1118.29
-1014.54
-917.588
-829.107
-750.461
-682.75
-626.668
-582.526
-550.165
-529.282
-519.884
-518.782
4.07369
5.18457
6.41471
7.38478
8.39687
8.82858
8.27961
6.49366
1.63012
-8.13462
-22.7715
-44.3864
-75.4578
-118.153
-177.828
-260.459
-371.602
-513.964
-688.745
-893.85
-1118.59
-1344.15
-1551.64
-1726.32
-1863.97
-1965.93
-2030.16
-2057.58
-2050.64
-2015.13
-1954.1
-1872.79
-1778.27
-1672.49
-1559.4
-1442.47
-1324.45
-1207.95
-1094.97
-987.587
-887.685
-796.88
-716.693
-648.136
-591.87
-548.155
-516.771
-497.275
-489.465
-489.38
14.2778
16.9408
20.3733
23.9504
27.7865
31.2294
32.6631
32.896
31.4137
25.2479
12.9153
-6.73947
-36.693
-80.5224
-144.955
-238.425
-367.682
-536.457
-740.644
-969.729
-1209.66
-1437.38
-1636.36
-1799.45
-1923.52
-2013.04
-2066.29
-2080.8
-2063.61
-2016.98
-1947.71
-1860.35
-1758.93
-1647.47
-1529.49
-1407.95
-1285.82
-1165.53
-1049.38
-939.375
-837.353
-745.078
-663.899
-594.791
-538.393
-494.857
-463.906
-444.812
-437.2
-437.214
26.1918
31.2865
37.1231
42.924
48.6749
55.5414
61.8025
65.8319
68.0983
67.4482
60.9049
46.5118
20.4591
-23.2325
-93.0228
-198.253
-345.378
-532.8
-754.13
-998.57
-1246.14
-1468.96
-1659.49
-1813.91
-1928.41
-2008.17
-2052
-2058.76
-2035.01
-1983.67
-1909.81
-1818.3
-1713.28
-1598.48
-1477.12
-1352.43
-1227.26
-1104.3
-985.907
-874.138
-770.954
-677.978
-596.503
-527.437
-471.2
-427.733
-396.602
-377.173
-368.781
-367.63
38.5414
45.179
53.6421
63.2366
72.5553
82.6168
93.957
104.574
114.282
122.388
125.246
118.953
97.6719
53.5457
-22.267
-135.776
-292.444
-490.85
-721.859
-971.728
-1220.35
-1440.58
-1622.39
-1771.18
-1881.85
-1956.25
-1996.84
-2002.72
-1977.34
-1924.85
-1849.76
-1756.8
-1650.1
-1533.25
-1409.78
-1282.98
-1155.88
-1031.27
-911.627
-799.195
-695.869
-603.178
-522.276
-453.844
-398.149
-355.045
-324.052
-304.311
-294.834
-292.02
49.7936
58.5044
69.153
81.8612
96.407
112.483
130.731
150.37
170.54
189.875
204.336
207.5
189.406
144.838
68.374
-50.0221
-210.495
-412.439
-643.954
-894.541
-1139.16
-1357.04
-1540.75
-1690.7
-1803.2
-1880.39
-1922.1
-1929.11
-1904.84
-1853.57
-1779.56
-1686.83
-1579.41
-1461.58
-1337.17
-1209.5
-1081.66
-956.559
-836.86
-724.852
-622.389
-530.912
-451.413
-384.453
-330.16
-288.203
-257.853
-238.105
-227.807
-223.864
58.3502
70.7787
84.8362
101.643
121.717
144.958
171.636
201.72
232.539
260.159
280.398
288.787
278.061
237.591
161.59
41.2679
-117.582
-320.495
-550.038
-789.389
-1032.34
-1255.82
-1447.52
-1604.44
-1724.92
-1807.07
-1851.57
-1860.85
-1838.44
-1788.48
-1715.2
-1622.93
-1516.35
-1399.35
-1275.28
-1147.57
-1019.68
-894.827
-775.793
-664.849
-563.8
-473.975
-396.255
-331.055
-278.353
-237.696
-208.305
-189.042
-178.456
-173.775
67.5018
81.2863
97.8799
117.692
141.123
168.261
199.15
233.017
267.663
299.885
325.963
337.832
327.441
288.595
213.833
93.9633
-65.9013
-261.369
-486.114
-723.111
-960.614
-1184.79
-1381.4
-1542.93
-1666.69
-1752.4
-1800.89
-1814.27
-1795.78
-1749.25
-1678.79
-1588.7
-1483.27
-1366.36
-1241.79
-1113.53
-985.368
-860.599
-741.979
-631.742
-531.622
-442.853
-366.223
-302.057
-250.253
-210.308
-181.375
-162.237
-151.419
-146.282
67.3797
81.1126
97.7233
117.734
141.455
168.818
199.74
233.686
268.225
300.252
326.155
337.841
327.522
288.196
213.548
92.4374
-68.5105
-263.442
-488.945
-727.863
-965.524
-1189.18
-1385.52
-1547.31
-1671.08
-1756.63
-1804.84
-1817.92
-1799.1
-1752.13
-1681.23
-1590.8
-1485.08
-1367.88
-1242.94
-1114.24
-985.621
-860.451
-741.519
-631.042
-530.723
-441.8
-365.018
-300.646
-248.501
-207.976
-178.14
-157.798
-145.69
-139.503
58.5778
70.8594
84.8719
101.911
122.121
145.31
171.952
202.068
232.901
260.498
280.633
289.041
278.175
237.302
160.698
37.6253
-123.082
-325.132
-557.524
-800.596
-1043.16
-1267.08
-1459.54
-1616.61
-1737.14
-1819.04
-1863.01
-1871.5
-1848.03
-1796.81
-1722.37
-1629.16
-1521.71
-1403.7
-1278.45
-1149.43
-1020.22
-894.155
-774.077
-662.265
-560.49
-470.033
-391.691
-325.78
-272.135
-230.151
-198.912
-177.312
-164.37
-157.728
49.4948
58.4981
69.3311
82.0533
96.6665
112.857
131.116
150.617
170.865
190.153
204.442
207.606
189.54
144.71
67.1944
-53.0738
-215.406
-418.661
-653.725
-906.533
-1153.71
-1374.26
-1558.81
-1708.9
-1821.85
-1899.27
-1940.54
-1946.69
-1921.34
-1868.8
-1793.17
-1698.69
-1589.46
-1469.72
-1343.3
-1213.53
-1083.56
-956.407
-834.829
-721.155
-617.241
-524.477
-443.787
-375.613
-319.914
-276.205
-243.709
-221.44
-208.386
-201.999
38.3219
45.1302
53.7618
63.2089
72.5513
83.0082
94.3234
104.703
114.473
122.518
125.283
118.926
97.5579
53.0749
-23.5796
-138.45
-296.803
-496.973
-730.759
-984.199
-1237.15
-1460.25
-1643.96
-1794.78
-1906.86
-1981.03
-2021.21
-2026.3
-1999.72
-1945.93
-1869.35
-1774.59
-1665.82
-1546.68
-1420.76
-1291.32
-1161.46
-1034.09
-911.8
-796.925
-691.392
-596.725
-514.016
-443.882
-386.488
-341.525
-308.36
-286.092
-273.85
-268.473
25.9681
31.1667
37.0337
42.8768
48.8356
55.7276
61.835
65.9692
68.2809
67.5813
61.0552
46.4616
20.2772
-23.6309
-94.0649
-200.378
-348.88
-538.276
-762.457
-1010.63
-1262.88
-1490.3
-1683.66
-1840.81
-1958.38
-2038.49
-2081.69
-2087.76
-2062.86
-2010.37
-1935.1
-1841.76
-1734.63
-1617.49
-1493.57
-1366.1
-1237.93
-1111.86
-990.385
-875.712
-769.837
-674.418
-590.729
-519.572
-461.326
-415.926
-382.891
-361.416
-350.547
-346.296
13.9823
16.6789
20.1333
23.8511
27.8512
31.1664
32.5992
33.0497
31.4926
25.338
13.06
-6.77485
-36.8469
-80.9052
-145.723
-239.889
-370.755
-542.102
-748.974
-981.706
-1226.33
-1459.47
-1662.9
-1829.82
-1957.39
-2048.28
-2101.42
-2115.35
-2097.19
-2049.49
-1978.77
-1889.49
-1785.94
-1672.23
-1551.78
-1427.47
-1302.31
-1178.84
-1059.5
-946.412
-841.519
-746.595
-663.046
-591.852
-533.517
-488.13
-455.372
-434.595
-425.469
-423.186
3.78442
4.87854
5.99178
7.10896
8.29403
8.60301
8.06266
6.41346
1.59208
-8.08814
-22.8085
-44.5819
-75.7131
-118.581
-178.569
-261.763
-374.24
-518.786
-696.41
-906.325
-1136.09
-1366.57
-1579.26
-1758.83
-1900.67
-2005.21
-2069.87
-2096.91
-2089.27
-2052.98
-1990.94
-1907.8
-1811.13
-1703.18
-1587.74
-1468.19
-1347.28
-1227.67
-1111.56
-1001.12
-898.307
-804.857
-722.302
-651.707
-593.731
-548.57
-516.004
-495.418
-486.599
-486.163
-5.25492
-5.54759
-5.84113
-5.81384
-6.84049
-9.07537
-12.1345
-16.4904
-23.2664
-33.5402
-48.8718
-71.7791
-102.6
-143.237
-197.787
-269.752
-363.888
-484.445
-635.111
-815.046
-1017.02
-1229
-1440.04
-1632.47
-1789.17
-1909.11
-1989.4
-2031.65
-2038.74
-2015.43
-1964.65
-1892.97
-1804.79
-1704.66
-1596.38
-1482.97
-1367.93
-1253.41
-1141.78
-1035.08
-935.292
-844.185
-763.253
-693.68
-636.135
-590.959
-558.024
-536.583
-527.703
-526.561
-13.2983
-14.6557
-15.673
-16.8727
-19.1502
-22.3772
-26.6826
-33.0537
-42.039
-53.6627
-69.2031
-90.606
-119.614
-158.522
-208.381
-270.928
-349.766
-449.478
-574.857
-726.884
-900.829
-1087.41
-1276.79
-1462.17
-1632.34
-1768.41
-1865.62
-1924.16
-1947.31
-1937.69
-1901.11
-1842.33
-1765.11
-1674.69
-1575.11
-1469.56
-1361.39
-1253.33
-1147.37
-1045.65
-950.021
-862.141
-783.568
-715.393
-658.389
-612.871
-578.934
-556.336
-545.371
-542.659
-19.8231
-21.8767
-23.767
-26.3453
-29.6217
-33.3753
-37.9957
-45.1062
-54.8916
-67.1791
-82.8089
-103.283
-130.122
-165.426
-210.69
-266.42
-334.005
-416.936
-520.011
-646.339
-793.67
-955.384
-1122.08
-1287.71
-1447.56
-1593.2
-1708.57
-1783.42
-1822.54
-1828.07
-1804.67
-1757.88
-1692.64
-1613.51
-1523.63
-1426.89
-1327.12
-1226.5
-1127.55
-1032.07
-941.835
-858.381
-783.025
-716.959
-660.889
-615.178
-579.828
-555.336
-543.189
-541.571
-25.427
-27.9227
-30.6486
-33.6323
-37.3534
-41.7773
-47.0706
-54.4688
-63.9451
-75.8223
-90.5858
-109.787
-134.597
-166.445
-206.458
-255.837
-315.333
-386.613
-471.96
-574.944
-696.571
-833.803
-980.23
-1127.26
-1269.63
-1404.35
-1526.92
-1620.59
-1674.73
-1694.58
-1684
-1648.89
-1593.79
-1524.55
-1443.89
-1356.86
-1265.65
-1173.69
-1082.86
-995.071
-911.764
-834.09
-763.343
-700.453
-646.303
-601.231
-565.525
-540.314
-529.826
-534.915
-30.3543
-33.5095
-36.0208
-39.2706
-43.0881
-47.3216
-52.8658
-60.5893
-69.6581
-80.4005
-93.9634
-111.349
-134.14
-162.915
-198.066
-240.591
-291.877
-354.203
-427.425
-512.547
-611.387
-724.674
-849.835
-980.466
-1108.29
-1229.38
-1341.86
-1443.04
-1515.06
-1547.29
-1549.76
-1524.81
-1479.18
-1415.61
-1342.65
-1263.06
-1180.17
-1096.84
-1015.1
-936.553
-861.851
-792.075
-727.768
-669.932
-619.252
-576.601
-542.953
-520.312
-511.292
-521.849
-35.6648
-37.4216
-39.574
-43.193
-46.9193
-50.7972
-56.2692
-63.6983
-72.2022
-81.9554
-94.5239
-110.149
-130.248
-155.931
-187.088
-223.866
-267.455
-320.194
-383.094
-455.993
-538.844
-632.108
-736.046
-848.211
-963.232
-1073.78
-1176.37
-1269.2
-1348.7
-1400.83
-1416.7
-1402.62
-1363.58
-1305.06
-1232.9
-1154.89
-1077.39
-1001.16
-928.289
-859.882
-795.848
-736.081
-680.66
-630.046
-584.884
-546.556
-518.008
-502.25
-499
-504.506
-43.8697
-37.9241
-42.0694
-45.1689
-48.9874
-52.9441
-58.651
-65.5007
-73.5289
-83.5952
-95.4695
-109.915
-127.758
-150.214
-177.06
-209.527
-248.337
-293.543
-346.483
-408.15
-479.058
-559.61
-648.08
-743.1
-841.813
-940.172
-1033.57
-1118.31
-1192.22
-1254.26
-1290.19
-1292.89
-1259.77
-1203.96
-1130.06
-1048.71
-965.747
-890.168
-824.726
-767.55
-715.936
-669.095
-625.847
-585.773
-549.325
-518.476
-498.408
-490.354
-492.836
-495.879
-54.8901
-36.4344
-44.8154
-44.3155
-51.3215
-55.9891
-62.8559
-69.4853
-77.3254
-88.1799
-100.155
-114.455
-132.024
-153.154
-178.042
-207.79
-243.505
-284.773
-332.178
-386.66
-448.74
-518.786
-595.757
-677.48
-761.275
-844.542
-924.035
-996.895
-1061.78
-1115.41
-1157.01
-1177.7
-1162.17
-1107.67
-1036.15
-946.108
-857.673
-781.806
-718.319
-666.427
-626.638
-594.926
-568.197
-542.488
-519.347
-500.41
-488.271
-485.662
-488.289
-490.614
63.9966
60.4394
58.6803
57.8374
57.5201
57.5478
57.9063
58.5835
59.6198
60.9625
62.5785
64.5289
66.8299
69.474
72.4768
75.8476
79.7181
84.0774
88.8742
94.0808
99.6709
105.648
111.998
118.707
125.691
132.903
140.41
148.091
155.746
163.217
170.469
177.379
183.745
189.377
194.056
197.503
199.364
199.273
196.841
191.631
183.178
170.973
154.425
132.881
105.699
72.1723
31.7723
-16.4923
-74.4616
-132.505
62.6354
61.5057
60.9794
60.9279
61.1845
61.7134
62.5419
63.6894
65.1671
66.9285
69.0089
71.4486
74.2433
77.4188
80.9806
84.9705
89.4911
94.5338
100.082
106.081
112.507
119.344
126.601
134.256
142.254
150.589
159.211
168.046
176.994
185.917
194.704
203.225
211.344
218.887
225.629
231.329
235.695
238.378
238.98
237.068
232.197
223.894
211.642
194.851
172.905
145.138
110.881
69.1946
18.9975
-30.5325
63.017
63.374
63.8793
64.5576
65.4223
66.4721
67.7826
69.376
71.257
73.4417
75.9813
78.9548
82.3225
86.1023
90.313
94.9986
100.22
105.993
112.318
119.171
126.513
134.309
142.566
151.256
160.353
169.811
179.59
189.663
199.955
210.359
220.749
230.974
240.888
250.328
259.131
267.106
273.983
279.432
283.073
284.488
283.251
278.921
271.027
259.032
242.377
220.438
192.566
158.174
116.563
76.5096
65.0357
66.1342
67.3816
68.7105
70.1564
71.7368
73.5223
75.5693
77.863
80.501
83.4995
86.9949
90.9662
95.4083
100.319
105.733
111.684
118.205
125.312
133.019
141.308
150.137
159.469
169.267
179.497
190.117
201.116
212.497
224.212
236.178
248.249
260.258
272.038
283.455
294.392
304.69
314.119
322.38
329.098
333.858
336.248
335.857
332.261
324.986
313.53
297.319
275.843
248.554
214.877
184.498
68.2277
69.7218
71.4664
73.3599
75.3634
77.4726
79.6787
82.1662
84.8911
87.977
91.4735
95.5029
100.112
105.251
110.874
117.023
123.732
131.041
138.961
147.542
156.796
166.692
177.155
188.11
199.505
211.322
223.594
236.34
249.546
263.123
276.921
290.762
304.478
317.948
331.077
343.746
355.771
366.869
376.661
384.749
390.749
394.291
394.979
392.378
386.029
375.451
360.177
339.808
314.027
291.759
72.2911
74.0745
76.1466
78.4528
80.9246
83.514
86.1964
89.1157
92.3046
95.8103
99.8219
104.407
109.655
115.488
121.841
128.744
136.253
144.386
153.161
162.637
172.858
183.82
195.425
207.562
220.15
233.208
246.798
260.962
275.699
290.914
306.467
322.175
337.881
353.466
368.842
383.929
398.566
412.474
425.291
436.637
446.143
453.442
458.167
459.935
458.351
452.955
443.347
429.116
410.005
394.628
77.0839
79.0302
81.3468
83.9498
86.7808
89.7688
92.9159
96.2574
99.9311
103.919
108.436
113.591
119.46
125.967
133.056
140.722
149.049
158.019
167.653
178.009
189.184
201.194
213.941
227.272
241.094
255.434
270.366
285.966
302.231
319.089
336.395
353.974
371.674
389.376
407.002
424.48
441.659
458.274
473.985
488.43
501.25
512.115
520.711
526.684
529.617
529.066
524.631
516.003
503.135
493.254
82.4927
84.4516
86.863
89.6589
92.7953
96.1468
99.7125
103.5
107.614
112.102
117.109
122.844
129.361
136.553
144.362
152.805
161.929
171.726
182.199
193.425
205.542
218.591
232.471
246.992
262.05
277.659
293.919
310.923
328.692
347.16
366.184
385.602
405.258
425.038
444.865
464.656
484.265
503.455
521.908
539.273
555.204
569.384
581.484
591.128
597.922
601.419
601.256
597.137
589.054
583.323
88.2328
90.095
92.5344
95.4498
98.7916
102.456
106.389
110.62
115.179
120.172
125.7
131.984
139.084
146.926
155.418
164.609
174.501
185.095
196.383
208.474
221.515
235.567
250.514
266.162
282.394
299.226
316.773
335.139
354.359
374.373
395.048
416.224
437.745
459.49
481.365
503.287
525.127
546.664
567.599
587.585
606.286
623.39
638.577
651.531
661.844
669.036
672.741
672.767
669.227
666.733
93.9993
95.7215
98.0966
101.087
104.608
108.527
112.767
117.391
122.396
127.842
133.883
140.713
148.375
156.819
165.965
175.828
186.439
197.775
209.848
222.773
236.696
251.672
267.592
284.281
301.62
319.629
338.409
358.062
378.635
400.077
422.269
445.05
468.258
491.759
515.466
539.306
563.16
586.82
609.994
632.352
653.568
673.315
691.245
706.928
719.854
729.622
736.027
738.936
738.491
738.207
99.4768
101.037
103.352
106.352
109.954
114.073
118.629
123.608
129.012
134.875
141.381
148.71
156.89
165.846
175.557
186.033
197.297
209.32
222.123
235.803
250.503
266.277
283.048
300.661
319.006
338.074
357.947
378.727
400.467
423.143
446.654
470.838
495.525
520.579
545.917
571.465
597.1
622.609
647.693
672.008
695.192
716.878
736.69
754.242
769.23
781.512
790.899
797.068
799.936
801.724
104.369
105.757
107.965
110.953
114.648
118.932
123.705
128.955
134.701
140.975
147.908
155.64
164.245
173.656
183.836
194.83
206.645
219.262
232.688
247.015
262.375
278.834
296.341
314.761
333.975
353.955
374.757
396.48
419.196
442.91
467.535
492.915
518.875
545.268
571.997
598.972
626.057
653.019
679.548
705.283
729.864
752.952
774.249
793.502
810.461
824.704
835.594
842.791
846.516
848.623
108.344
109.576
111.699
114.678
118.425
122.794
127.72
133.218
139.276
145.868
153.104
161.158
170.087
179.854
190.425
201.82
214.068
227.157
241.078
255.917
271.799
288.795
306.868
325.902
345.779
366.446
387.945
410.369
433.81
458.302
483.776
510.072
536.993
564.379
592.116
620.105
648.198
676.162
703.684
730.411
755.995
780.118
802.468
822.715
840.51
855.63
868.105
878.076
885.065
889.619
111.16
112.27
114.327
117.255
121.013
125.477
130.538
136.19
142.421
149.236
156.705
164.977
174.145
184.165
194.988
206.644
219.181
232.585
246.854
262.052
278.288
295.64
314.09
333.538
353.86
374.993
396.958
419.845
443.762
468.774
494.821
521.731
549.291
577.323
605.706
634.335
663.066
691.674
719.855
747.271
773.584
798.478
821.665
842.876
861.85
878.188
891.317
900.532
905.823
908.803
112.627
113.654
115.659
118.562
122.315
126.814
131.938
137.656
143.996
150.941
158.53
166.911
176.176
186.297
197.243
209.039
221.716
235.285
249.738
265.113
281.508
299.012
317.626
337.258
357.788
379.138
401.311
424.393
448.51
473.744
500.036
527.205
555.026
583.311
611.935
640.793
669.745
698.571
726.978
754.635
781.206
806.362
829.758
851.014
869.732
885.567
898.237
907.52
913.347
916.769
112.562
113.586
115.591
118.5
122.256
126.751
131.862
137.576
143.913
150.854
158.439
166.806
176.062
186.18
197.107
208.88
221.544
235.096
249.523
264.872
281.24
298.712
317.289
336.881
357.366
378.663
400.775
423.787
447.828
472.98
499.183
526.25
553.957
582.114
610.594
639.292
668.067
696.703
724.907
752.351
778.702
803.631
826.78
847.732
866.014
881.268
893.317
902.156
907.753
910.985
110.978
112.081
114.142
117.073
120.82
125.276
130.316
135.952
142.175
148.963
156.42
164.678
173.81
183.793
194.583
206.191
218.669
232.015
246.217
261.341
277.498
294.757
313.098
332.424
352.612
373.589
395.373
418.055
441.746
466.512
492.291
518.903
546.126
573.78
601.738
629.894
658.101
686.136
713.701
740.461
766.085
790.26
812.685
833.066
851.096
866.315
878.044
885.53
889.08
890.637
108.045
109.274
111.393
114.365
118.105
122.46
127.366
132.835
138.863
145.435
152.634
160.652
169.544
179.252
189.754
201.079
213.239
226.227
240.046
254.766
270.512
287.356
305.259
324.097
343.753
364.169
385.375
407.469
430.543
454.631
479.662
505.468
531.844
558.616
585.665
612.887
640.129
667.153
693.642
719.246
743.621
766.456
787.449
806.267
822.549
836.027
846.678
854.465
858.926
861.307
103.953
105.343
107.545
110.522
114.219
118.481
123.219
128.441
134.152
140.376
147.272
154.962
163.49
172.835
182.929
193.818
205.523
218.009
231.287
245.455
260.635
276.892
294.17
312.33
331.245
350.888
371.302
392.581
414.802
437.969
461.988
486.694
511.905
537.463
563.261
589.201
615.137
640.828
665.95
690.133
713.016
734.261
753.585
770.729
785.418
797.195
805.527
810.183
811.319
811.374
98.9544
100.521
102.831
105.816
109.417
113.507
118.039
122.978
128.323
134.142
140.6
147.851
155.962
164.827
174.431
184.787
195.912
207.775
220.399
233.884
248.366
263.893
280.387
297.687
315.668
334.32
353.724
373.967
395.102
417.106
439.869
463.214
486.963
510.976
535.157
559.421
583.635
607.572
630.919
653.31
674.366
693.71
710.962
725.796
737.977
747.33
753.547
756.257
755.421
754.108
93.3846
95.1213
97.484
100.46
103.971
107.866
112.077
116.645
121.605
126.99
132.955
139.71
147.302
155.623
164.65
174.379
184.826
195.977
207.849
220.548
234.222
248.922
264.528
280.853
297.779
315.308
333.541
352.582
372.463
393.129
414.452
436.26
458.372
480.653
503.006
525.344
547.529
569.335
590.456
610.55
629.277
646.293
661.224
673.615
683.042
689.173
691.797
690.752
686.065
682.02
87.5406
89.4268
91.8445
94.7338
98.0576
101.717
105.596
109.786
114.29
119.209
124.667
130.868
137.855
145.583
153.953
162.99
172.706
183.098
194.161
206.004
218.774
232.526
247.124
262.377
278.147
294.452
311.396
329.085
347.545
366.703
386.414
406.504
426.805
447.182
467.541
487.784
507.756
527.208
545.811
563.214
579.076
593.08
604.915
614.219
620.522
623.416
622.581
617.84
609.316
602.119
81.7619
83.7052
86.1009
88.8661
91.9883
95.3274
98.8371
102.593
106.627
111.057
115.986
121.624
128.012
135.103
142.762
151.045
159.985
169.572
179.801
190.763
202.592
215.321
228.838
242.931
257.498
272.541
288.159
304.439
321.395
338.95
356.943
375.189
393.524
411.827
430.015
447.989
465.571
482.494
498.409
512.937
525.736
536.471
544.8
550.357
552.711
551.389
546.088
536.517
522.591
511.12
76.3248
78.2136
80.5153
83.0952
85.9227
88.8723
91.9848
95.2697
98.8767
102.811
107.221
112.279
118.036
124.417
131.351
138.857
146.99
155.744
165.119
175.205
186.089
197.768
210.132
223.018
236.328
250.075
264.336
279.182
294.601
310.505
326.731
343.087
359.397
375.54
391.445
407.018
422.056
436.255
449.26
460.677
470.131
477.295
481.827
483.334
481.389
475.541
465.351
450.526
431.017
413.905
71.4616
73.2121
75.2637
77.5546
80.0175
82.5561
85.2172
88.0508
91.2072
94.6249
98.5387
103.028
108.163
113.856
120.068
126.795
134.109
142.011
150.535
159.74
169.665
180.287
191.501
203.185
215.244
227.699
240.598
253.993
267.863
282.102
296.546
310.994
325.277
339.262
352.867
365.992
378.424
389.824
399.801
407.969
413.93
417.295
417.692
414.721
407.93
396.827
381.025
360.041
333.612
309.978
67.3383
68.822
70.5426
72.4327
74.3994
76.4753
78.6438
81.0565
83.742
86.7211
90.1457
94.0637
98.5621
103.563
109.038
115.011
121.525
128.597
136.287
144.596
153.545
163.092
173.165
183.663
194.522
205.729
217.309
229.275
241.607
254.198
266.877
279.443
291.722
303.594
314.938
325.611
335.39
343.934
350.82
355.627
357.972
357.455
353.634
346.054
334.24
317.663
295.805
268.306
235.021
204.038
64.1075
65.1968
66.43
67.7483
69.1539
70.7125
72.4325
74.4355
76.6545
79.2082
82.1296
85.5039
89.367
93.6738
98.4322
103.68
109.436
115.74
122.613
130.05
138.027
146.513
155.448
164.79
174.485
184.495
194.806
205.403
216.242
227.221
238.175
248.919
259.273
269.104
278.27
286.566
293.727
299.413
303.204
304.649
303.316
298.79
290.616
278.265
261.191
238.814
210.628
175.994
134.572
95.2809
62.0627
62.4124
62.9073
63.5634
64.399
65.4116
66.6627
68.2164
70.0108
72.1361
74.5798
77.4376
80.6926
84.3371
88.4021
92.9317
97.9635
103.532
109.615
116.199
123.224
130.682
138.534
146.766
155.341
164.204
173.303
182.593
192.006
201.431
210.719
219.71
228.234
236.106
243.148
249.133
253.749
256.631
257.354
255.468
250.525
242.063
229.575
212.489
190.206
162.056
127.396
85.6283
36.3992
-12.7199
61.6654
60.5362
59.9949
59.9142
60.1373
60.6258
61.4102
62.5066
63.9121
65.6214
67.5964
69.9302
72.6084
75.6534
79.0713
82.9102
87.2584
92.0919
97.3953
103.124
109.234
115.714
122.568
129.759
137.254
145.009
152.973
161.033
169.09
177.032
184.737
192.06
198.835
204.854
209.852
213.569
215.693
215.845
213.577
208.408
199.879
187.518
170.774
148.995
121.509
87.62
46.6862
-2.31334
-60.0798
-118.489
63.043
59.4514
57.6804
56.8062
56.4524
56.4461
56.7653
57.3843
58.3601
59.6476
61.1605
63.0111
65.1975
67.724
70.5776
73.8016
77.5049
81.6643
86.2092
91.1404
96.4167
102.019
107.967
114.216
120.694
127.348
134.24
141.176
147.925
154.408
160.592
166.293
171.313
175.46
178.458
179.955
179.589
177.007
171.782
163.415
151.409
135.234
114.323
88.0311
55.5244
16.062
-30.8572
-86.2286
-150.993
-217.866
-16.4364
-30.7737
-26.7659
-24.9319
-21.5304
-16.2761
-10.7955
-3.94274
4.10311
12.8503
22.3247
33.0711
42.5744
47.0439
55.3724
55.2713
47.2332
42.1578
32.8875
22.0593
12.5241
3.76317
-4.32564
-11.2377
-16.6961
-21.9646
-25.5016
-27.1514
-31.2898
-16.86
-6.56705
-21.1752
-18.9398
-20.1584
-17.3983
-13.1261
-8.39654
-2.55409
4.37781
11.7577
19.3301
27.8455
35.6545
38.4539
44.774
44.6566
38.5371
35.3229
27.7303
19.0619
11.4459
4.0414
-2.9366
-8.82212
-13.5374
-17.7847
-20.6614
-19.2731
-21.5344
-6.88199
-11.9643
-15.5574
-13.4802
-15.9863
-13.2169
-9.95384
-5.89316
-0.987872
4.84692
11.0189
17.1699
23.5915
29.671
32.2571
36.3304
36.2141
32.2936
29.4286
23.4809
16.9292
10.7446
4.55025
-1.33014
-6.26642
-10.3472
-13.5889
-16.4235
-13.8266
-15.9102
-12.2128
-14.0312
-12.5797
-10.2617
-12.3302
-9.37288
-7.01526
-3.52891
0.590264
5.42808
10.5002
15.4571
20.3619
24.9708
27.2352
29.8428
29.7442
27.2595
24.7751
20.2376
15.2496
10.2638
5.17084
0.286554
-3.85635
-7.36599
-9.7235
-12.7275
-10.6316
-13.0378
-14.5029
-12.1726
-11.2502
-8.71405
-9.27899
-6.26047
-4.6282
-1.56757
1.90629
5.86815
9.95638
13.8924
17.7508
21.2498
23.0099
24.8648
24.7907
23.0271
21.09
17.6297
13.7142
9.74563
5.63988
1.6362
-1.86314
-4.94271
-6.58206
-9.646
-9.06592
-11.6982
-12.6351
-9.67615
-10.1534
-7.79363
-7.15811
-4.12874
-2.92992
-0.134057
2.75266
5.98338
9.27007
12.4142
15.4694
18.1163
19.5138
20.8794
20.8155
19.5156
17.9909
15.3612
12.2606
9.08235
5.77657
2.51347
-0.396959
-3.21308
-4.41482
-7.48413
-8.09503
-10.5057
-9.95385
-7.5218
-8.48538
-6.64914
-5.84514
-2.9525
-1.89106
0.769686
3.11987
5.74553
8.41957
10.9966
13.4271
15.447
16.6336
17.6092
17.565
16.6162
15.3486
13.3264
10.858
8.25338
5.56165
2.90793
0.540491
-2.13813
-3.20114
-6.12152
-6.89331
-8.72706
-7.73889
-5.73018
-6.37591
-5.04474
-4.94648
-2.36349
-1.38708
1.1343
3.02142
5.19638
7.42269
9.53892
11.5136
13.1367
14.1734
14.8899
14.8573
14.1428
13.0542
11.4158
9.41207
7.27058
5.03051
2.83457
0.930015
-1.60572
-2.57911
-5.1793
-5.23103
-6.57476
-5.91853
-4.35485
-4.57762
-3.45435
-4.02919
-1.82873
-1.14983
1.12484
2.60519
4.50134
6.38111
8.1174
9.75138
11.0879
11.9747
12.5338
12.5096
11.9429
11.0187
9.66087
8.00463
6.24126
4.34666
2.43975
0.939978
-1.34845
-2.01797
-4.23699
-3.61515
-4.73295
-4.50237
-3.46367
-3.44683
-2.41044
-2.88894
-1.07212
-0.837192
1.1338
2.22617
3.91447
5.46898
6.90388
8.26122
9.32925
10.0641
10.5062
10.4877
10.0327
9.27259
8.17836
6.80017
5.34748
3.77436
2.08086
0.972035
-1.01357
-1.25523
-3.09163
-2.55345
-3.6552
-3.65347
-2.98361
-2.7882
-1.86202
-1.86679
-0.336169
-0.34923
1.34911
2.0849
3.55049
4.75782
5.9136
7.00896
7.86361
8.49088
8.83935
8.82326
8.45529
7.8057
6.93542
5.81556
4.65802
3.42965
1.96127
1.21038
-0.495797
-0.537306
-2.03191
-2.04151
-3.02421
-3.18623
-2.45282
-2.28758
-1.48702
-1.31038
0.103542
0.068981
1.55645
2.02748
3.27277
4.17844
5.11321
5.9314
6.63841
7.14584
7.40441
7.39023
7.11402
6.5813
5.86798
5.02738
4.09309
3.174
1.92357
1.44398
-0.0258012
-0.160758
-1.42989
-1.66006
-2.48956
-2.66143
-1.77928
-1.74452
-1.13934
-0.983104
0.0963325
0.3284
1.47754
1.90018
2.91652
3.59489
4.39331
5.07811
5.60003
5.95427
6.12678
6.11949
5.94162
5.56002
5.01995
4.34173
3.52474
2.83575
1.80755
1.39723
0.175127
-0.101563
-1.13999
-1.29301
-1.92174
-1.9581
-1.18836
-1.19596
-0.80159
-0.698218
-0.0483236
0.345147
1.2859
1.72654
2.46695
3.15294
3.68837
4.29152
4.68141
4.93972
5.07001
5.06966
4.93512
4.65728
4.25909
3.64348
3.07246
2.39178
1.63143
1.16938
0.239806
-0.201052
-0.842247
-0.929604
-1.33771
-1.30072
-0.797025
-0.755982
-0.508862
-0.378349
0.00545355
0.384119
1.03023
1.48623
1.97279
2.58613
3.10657
3.51718
3.83668
4.05203
4.17198
4.16452
4.03776
3.81207
3.48278
3.04478
2.54727
1.916
1.40785
0.950021
0.285778
-0.0950572
-0.488349
-0.602335
-0.85698
-0.885891
-0.554665
-0.490122
-0.307624
-0.0963354
0.162669
0.449179
0.863222
1.2034
1.68693
2.0041
2.45725
2.77256
3.02315
3.21907
3.31047
3.305
3.20508
3.00078
2.75072
2.43217
1.96986
1.63213
1.14715
0.797146
0.369498
0.0811547
-0.177744
-0.373623
-0.565287
-0.632684
-0.425852
-0.243652
-0.229721
-0.00337048
0.230184
0.440935
0.689966
0.962421
1.27316
1.63088
1.87057
2.10252
2.25442
2.41646
2.47511
2.47193
2.40019
2.23849
2.07915
1.8399
1.58376
1.22685
0.922753
0.648007
0.377707
0.17418
-0.0726764
-0.27741
-0.307125
-0.472723
-0.344942
-0.0983308
-0.134412
0.120056
0.152128
0.347939
0.48137
0.735449
0.870117
1.15811
1.29871
1.49248
1.57227
1.65586
1.69699
1.69735
1.64176
1.5707
1.46985
1.27543
1.12043
0.82978
0.709768
0.445017
0.306195
0.114411
0.0585895
-0.157946
-0.148005
-0.34759
-0.269387
0.0235122
0.0525467
0.0223262
0.0729607
0.245325
0.271641
0.400854
0.500822
0.694232
0.761212
0.910489
0.904189
0.971601
1.00137
1.00267
0.962329
0.907936
0.897089
0.760612
0.66636
0.478853
0.374319
0.238827
0.228862
0.0544658
-0.00460134
0.0321635
0.00408701
-0.285141
-0.20825
-0.126718
-0.100855
-0.0579775
0.0946854
0.197228
0.102629
0.140133
0.181335
0.21167
0.177816
0.268772
0.303224
0.356549
0.349299
0.349293
0.349036
0.30025
0.264133
0.18043
0.210478
0.174571
0.12336
0.0899992
0.201104
0.0852158
-0.0635369
-0.103228
-0.116478
-0.20209
)
;

boundaryField
{
    INLET
    {
        type            zeroGradient;
    }
    OUTLET
    {
        type            fixedValue;
        value           uniform 0;
    }
    WALL
    {
        type            zeroGradient;
    }
    CYLINDER
    {
        type            zeroGradient;
    }
    frontAndBackPlanes
    {
        type            empty;
    }
}


// ************************************************************************* //
