/*--------------------------------*- C++ -*----------------------------------*\
| =========                 |                                                 |
| \\      /  F ield         | OpenFOAM: The Open Source CFD Toolbox           |
|  \\    /   O peration     | Version:  v1912                                 |
|   \\  /    A nd           | Website:  www.openfoam.com                      |
|    \\/     M anipulation  |                                                 |
\*---------------------------------------------------------------------------*/
FoamFile
{
    version     2.0;
    format      ascii;
    class       volScalarField;
    location    "0.29";
    object      p;
}
// * * * * * * * * * * * * * * * * * * * * * * * * * * * * * * * * * * * * * //

dimensions      [0 2 -2 0 0 0 0];


internalField   nonuniform List<scalar> 
6600
(
78.1853
73.5358
71.3052
69.9052
69.1668
68.8797
68.7528
68.8828
69.4123
70.3027
71.5071
73.0102
74.8081
76.93
79.3857
82.0848
85.0524
88.3141
91.8664
95.4773
99.3677
103.848
108.364
112.763
117.163
121.715
126.271
130.735
134.989
138.953
142.525
145.548
147.944
149.506
149.952
148.935
146.139
141.257
133.942
123.762
110.213
92.7684
70.9507
43.9308
11.1209
-28.2692
-74.4075
-128.05
-191.397
-257.915
75.0626
70.0657
68.3423
66.6598
65.5204
64.8438
64.4526
64.3641
64.6195
65.1909
66.0779
67.2687
68.7388
70.4843
72.5452
74.8353
77.3429
80.0811
83.1166
86.3461
89.4292
92.7709
96.4123
100.068
103.551
106.939
110.259
113.39
116.171
118.505
120.319
121.394
121.577
120.773
118.732
115.018
109.294
101.242
90.526
76.7082
59.2488
37.577
11.3709
-20.4052
-58.1811
-102.792
-154.48
-213.339
-280.321
-348.912
70.5124
65.2732
64.1669
62.3021
60.9993
60.0715
59.4376
59.1689
59.2249
59.5844
60.2238
61.1364
62.3267
63.7889
65.488
67.3903
69.4775
71.7387
74.1586
76.7362
79.389
82.0027
84.6196
87.1556
89.6037
91.8766
93.9037
95.5761
96.7651
97.3638
97.2713
96.2903
94.1635
90.7701
85.9808
79.3076
70.4599
59.0815
44.8096
27.1946
5.73331
-20.1305
-50.8756
-87.1374
-129.443
-178.587
-234.831
-297.421
-365.525
-432.212
65.1492
59.5468
58.9582
56.8283
55.4782
54.4514
53.6681
53.2433
53.1657
53.3728
53.869
54.6344
55.6282
56.7812
58.1861
59.753
61.4339
63.2158
65.1308
67.1489
68.9407
70.6523
72.3135
73.8498
75.1292
76.1047
76.7172
76.8458
76.334
75.0753
72.9449
69.7569
65.2712
59.2822
51.5614
41.8105
29.7263
14.9431
-2.9206
-24.2988
-49.6723
-79.5359
-114.348
-154.548
-200.622
-253.288
-312.698
-377.318
-444.988
-507.673
59.0506
53.1156
52.8095
50.3448
49.0171
47.9581
47.1455
46.6451
46.4663
46.5838
46.9348
47.5237
48.3498
49.3143
50.3605
51.549
52.7925
54.0048
55.1392
56.3763
57.5514
58.4532
59.0699
59.4036
59.4394
59.0645
58.1784
56.657
54.37
51.1782
46.9405
41.4798
34.5545
25.9315
15.383
2.62535
-12.6368
-30.7336
-52.0373
-76.9502
-105.868
-139.223
-177.377
-220.633
-269.374
-324.17
-385.079
-450.361
-516.506
-573.659
52.2199
45.9523
45.8143
42.9195
41.676
40.5584
39.7172
39.1776
38.9177
38.9086
39.1298
39.5301
40.0739
40.7445
41.4237
42.1473
42.8694
43.5082
44.0476
44.413
44.5887
44.5144
44.1295
43.3133
42.0237
40.2204
37.7848
34.5741
30.4611
25.3243
18.984
11.2403
1.89613
-9.28066
-22.5237
-38.1043
-56.3047
-77.4232
-101.774
-129.694
-161.527
-197.578
-238.11
-283.365
-333.574
-389.145
-450.263
-515.088
-578.477
-628.477
44.478
37.9153
37.8044
34.7311
33.4883
32.3119
31.4329
30.7943
30.4336
30.2642
30.2405
30.3417
30.5135
30.7682
31.0262
31.2107
31.3274
31.2853
30.9805
30.5306
29.7948
28.7053
27.1788
25.1586
22.5783
19.3177
15.2803
10.3668
4.44231
-2.65241
-11.0774
-21.0102
-32.6487
-46.1896
-61.885
-79.9891
-100.742
-124.393
-151.21
-181.464
-215.389
-253.227
-295.145
-341.291
-391.857
-447.145
-507.104
-570.061
-629.736
-671.214
35.9145
29.2937
28.764
25.6752
24.4654
23.2066
22.1819
21.4308
20.8548
20.4394
20.1373
19.8733
19.6092
19.3341
19.0283
18.5886
18.0097
17.2393
16.1908
14.8054
13.0382
10.8194
8.15802
4.8885
0.923441
-3.79242
-9.3766
-15.9565
-23.6687
-32.6279
-43.0005
-54.9645
-68.6989
-84.3878
-102.22
-122.421
-145.211
-170.803
-199.392
-231.177
-266.341
-305.011
-347.309
-393.335
-443.237
-497.338
-555.353
-615.333
-670.16
-702.469
25.5054
19.6183
18.8582
15.8236
14.6106
13.2672
12.098
11.1224
10.3192
9.57668
8.85692
8.14374
7.39481
6.56731
5.62093
4.49111
3.14541
1.55844
-0.42689
-2.81349
-5.54795
-8.81334
-12.7062
-17.2544
-22.5636
-28.766
-35.9139
-44.1215
-53.5115
-64.2243
-76.4004
-90.175
-105.704
-123.158
-142.719
-164.548
-188.817
-215.689
-245.321
-277.853
-313.391
-352.055
-393.874
-438.904
-487.276
-539.345
-594.833
-650.894
-700.05
-723.979
14.0823
8.86381
8.0345
5.09463
3.8389
2.35686
1.03508
-0.145766
-1.26866
-2.34338
-3.44313
-4.63916
-5.92255
-7.36503
-8.99833
-10.8612
-13.0156
-15.465
-18.276
-21.6129
-25.5354
-30.002
-35.0811
-40.9283
-47.6118
-55.1753
-63.7735
-73.5021
-84.4598
-96.7379
-110.456
-125.763
-142.791
-161.656
-182.49
-205.432
-230.607
-258.141
-288.142
-320.708
-355.912
-393.778
-434.359
-477.679
-523.823
-572.962
-625.082
-676.952
-720.646
-738.383
1.20376
-3.09416
-3.75357
-6.50517
-7.80447
-9.39515
-10.8308
-12.2689
-13.6273
-15.1151
-16.6882
-18.3567
-20.2067
-22.2376
-24.5171
-27.0997
-30.0481
-33.4121
-37.2519
-41.5758
-46.4303
-51.984
-58.3396
-65.4172
-73.3582
-82.2966
-92.271
-103.365
-115.679
-129.306
-144.353
-160.899
-179.053
-198.927
-220.601
-244.173
-269.736
-297.363
-327.133
-359.097
-393.294
-429.776
-468.48
-509.381
-552.6
-598.436
-646.221
-693.276
-731.855
-745.934
-12.3355
-16.1135
-16.5387
-18.9621
-20.2227
-21.9491
-23.5392
-25.1085
-26.8476
-28.6182
-30.5595
-32.7155
-35.0701
-37.7083
-40.6583
-43.9528
-47.6558
-51.8068
-56.4962
-61.8281
-67.8285
-74.4553
-81.8204
-90.1134
-99.3276
-109.468
-120.636
-132.944
-146.446
-161.2
-177.269
-194.747
-213.697
-234.189
-256.299
-280.071
-305.566
-332.828
-361.868
-392.741
-425.449
-459.949
-496.275
-534.331
-573.927
-615.638
-657.789
-697.823
-728.67
-741.103
-26.2446
-29.6074
-29.9724
-32.1756
-33.3422
-35.0603
-36.8355
-38.6184
-40.5292
-42.6853
-45.0425
-47.6063
-50.4667
-53.6247
-57.1341
-61.0721
-65.4871
-70.4336
-75.9753
-82.1542
-89.0009
-96.6569
-105.169
-114.472
-124.679
-135.914
-148.198
-161.526
-175.977
-191.615
-208.49
-226.635
-246.097
-266.913
-289.107
-312.718
-337.76
-364.26
-392.227
-421.593
-452.353
-484.505
-517.9
-552.385
-588.243
-624.681
-659.654
-689.446
-708.058
-717.809
-41.0236
-43.4971
-43.7448
-45.6982
-46.9152
-48.73
-50.5124
-52.5744
-54.7208
-57.0891
-59.7327
-62.6585
-65.9069
-69.5375
-73.5961
-78.1169
-83.153
-88.7455
-95.0146
-102.023
-109.779
-118.266
-127.566
-137.805
-149.042
-161.209
-174.34
-188.543
-203.811
-220.142
-237.577
-256.132
-275.824
-296.684
-318.719
-341.9
-366.236
-391.722
-418.293
-445.919
-474.48
-503.851
-534.029
-564.794
-596.166
-626.5
-653.632
-673.295
-681.069
-686.749
-56.1685
-57.9969
-57.8977
-59.5975
-60.6681
-62.4648
-64.387
-66.519
-68.9386
-71.6165
-74.5305
-77.7784
-81.3799
-85.3759
-89.8035
-94.7645
-100.304
-106.462
-113.295
-120.907
-129.346
-138.611
-148.765
-159.847
-171.798
-184.73
-198.666
-213.566
-229.453
-246.342
-264.207
-283.048
-302.831
-323.543
-345.206
-367.794
-391.23
-415.495
-440.597
-466.356
-492.625
-519.246
-545.921
-573.123
-599.562
-623.664
-643.828
-657.377
-663.442
-665.26
-71.1325
-71.7758
-71.817
-73.4108
-74.5428
-76.3848
-78.379
-80.6143
-83.1112
-85.9024
-89.0417
-92.4709
-96.2733
-100.518
-105.271
-110.568
-116.473
-123.024
-130.315
-138.501
-147.5
-157.338
-168.052
-179.747
-192.481
-206.163
-220.767
-236.305
-252.729
-270.023
-288.183
-307.169
-326.952
-347.478
-368.711
-390.631
-413.169
-436.247
-459.754
-483.668
-507.768
-531.745
-555.673
-579.305
-601.546
-621.206
-636.113
-644.185
-650.319
-650.804
-86.1538
-85.9517
-85.58
-86.8738
-87.9654
-89.8799
-91.9518
-94.3163
-96.9959
-99.9522
-103.193
-106.782
-110.745
-115.092
-119.935
-125.362
-131.448
-138.248
-145.751
-154.135
-163.574
-173.896
-185.236
-197.637
-210.931
-225.144
-240.316
-256.414
-273.389
-291.156
-309.655
-328.815
-348.567
-368.866
-389.673
-410.951
-432.624
-454.549
-476.717
-498.954
-521.178
-543.248
-565.072
-585.73
-604.548
-620.309
-631.303
-636.687
-638.948
-639.955
-99.9227
-99.2228
-98.9212
-100.119
-101.181
-103.173
-105.313
-107.721
-110.446
-113.473
-116.773
-120.329
-124.192
-128.509
-133.345
-138.743
-144.823
-151.681
-159.353
-167.983
-177.604
-188.212
-199.882
-212.657
-226.466
-241.357
-257.225
-273.91
-291.397
-309.618
-328.454
-347.862
-367.733
-387.951
-408.469
-429.247
-450.217
-471.302
-492.287
-513.271
-534.015
-554.64
-574.465
-592.758
-608.685
-620.715
-627.284
-631.69
-632.185
-633.043
-112.808
-111.106
-111.097
-112.372
-113.587
-115.711
-118.025
-120.631
-123.494
-126.58
-129.871
-133.405
-137.212
-141.311
-145.856
-150.96
-156.751
-163.342
-170.82
-179.229
-188.745
-199.643
-211.764
-224.945
-239.261
-254.703
-271.076
-288.452
-306.65
-325.539
-344.989
-364.809
-384.937
-405.269
-425.657
-446.114
-466.595
-486.966
-507.245
-527.183
-546.754
-565.698
-583.73
-599.989
-612.828
-620.81
-625.685
-627.26
-628.037
-628.421
-124.205
-122.37
-122.397
-123.727
-125.267
-127.657
-130.224
-133.068
-136.102
-139.261
-142.49
-145.829
-149.327
-153.056
-157.185
-161.802
-167.071
-173.153
-180.204
-188.405
-197.942
-208.54
-220.427
-233.963
-248.74
-264.716
-281.862
-300.096
-319.211
-338.913
-359.091
-379.604
-400.24
-420.902
-441.491
-461.817
-482.048
-502.158
-521.844
-541.042
-559.429
-576.777
-593.012
-607.022
-616.829
-621.695
-623.935
-624.675
-625.237
-625.386
-132.921
-131.499
-132.452
-134.099
-135.888
-138.673
-141.648
-144.862
-148.186
-151.529
-154.839
-158.144
-161.408
-164.735
-168.216
-172.074
-176.506
-181.728
-187.927
-195.253
-203.885
-214.207
-226.175
-239.801
-254.769
-271.322
-289.41
-308.552
-328.644
-349.594
-370.981
-392.533
-414.077
-435.412
-456.453
-477.136
-497.13
-516.892
-536.318
-554.659
-571.858
-587.891
-601.991
-612.636
-618.871
-622.146
-622.59
-623.097
-623.471
-623.563
-139.238
-138.162
-140.497
-142.859
-145.424
-148.858
-152.389
-156.256
-159.986
-163.609
-167.103
-170.331
-173.285
-176.053
-178.741
-181.657
-184.996
-189.037
-194.065
-200.371
-208.297
-217.761
-228.96
-241.998
-257.128
-274.218
-293.171
-313.722
-335.318
-357.64
-380.468
-403.479
-426.329
-448.774
-470.599
-491.662
-512.111
-531.75
-550.429
-567.828
-584.094
-598.53
-609.613
-616.499
-620.264
-621.476
-621.894
-622.265
-622.54
-622.676
-143.883
-144.042
-146.78
-149.806
-153.359
-157.799
-162.17
-166.741
-171.305
-175.528
-179.35
-182.793
-185.714
-188.074
-190.043
-191.897
-193.895
-196.391
-199.774
-204.406
-210.558
-218.605
-229.018
-241.676
-256.859
-274.063
-293.477
-315.062
-338.322
-362.663
-387.577
-412.553
-437.199
-461.165
-484.229
-506.401
-527.334
-546.727
-564.566
-581.1
-595.922
-607.93
-616.009
-620.212
-621.85
-622.274
-622.238
-622.174
-622.126
-622.18
-145.036
-147.381
-150.787
-154.945
-159.686
-165.307
-171.054
-176.843
-182.464
-187.54
-191.972
-195.71
-198.71
-200.813
-202.035
-202.631
-203.081
-203.735
-205.054
-207.551
-211.774
-218.436
-227.125
-238.395
-252.718
-270.313
-290.456
-313.066
-338.031
-364.497
-391.768
-419.295
-446.432
-472.663
-497.549
-520.931
-542.601
-562.164
-579.43
-594.811
-607.415
-616.228
-621.624
-624.058
-624.372
-623.981
-623.182
-622.185
-621.555
-621.259
-142.063
-147.433
-151.713
-157.508
-163.784
-171.065
-178.189
-185.464
-192.58
-199.07
-204.708
-209.144
-212.679
-214.881
-215.72
-215.374
-214.283
-212.898
-211.778
-211.596
-213.016
-216.658
-223.297
-233.164
-246.336
-263.388
-283.585
-307.084
-333.628
-362.567
-392.96
-423.706
-454.044
-483.075
-510.478
-536.126
-559.071
-578.725
-595.586
-608.921
-617.939
-623.658
-626.411
-627.03
-626.238
-624.838
-623.109
-621.463
-620.288
-619.493
-135.637
-144.193
-149.563
-157.334
-165.289
-174.331
-183.236
-192.477
-201.516
-210.149
-217.683
-223.671
-227.874
-230.505
-231.18
-229.976
-227.26
-223.665
-219.795
-216.45
-214.543
-215.038
-218.564
-225.54
-236.799
-252.585
-272.822
-297.194
-325.26
-356.737
-390.37
-424.97
-459.228
-492.257
-522.912
-550.968
-576.001
-596.595
-612.329
-621.723
-626.728
-628.903
-629.382
-628.598
-626.984
-624.779
-622.417
-620.056
-618.331
-617.219
-128.236
-137.997
-145.004
-154.398
-164.019
-174.702
-185.61
-197.312
-208.604
-219.43
-229.462
-237.906
-243.732
-247.58
-248.836
-247.446
-243.651
-238.047
-231.325
-224.445
-218.432
-214.375
-213.663
-217.472
-225.873
-239.404
-258.333
-282.51
-311.644
-345.533
-383.141
-422.667
-462.113
-500.248
-535.628
-566.919
-594.622
-615.896
-627.767
-632.303
-632.606
-631.826
-630.893
-629.622
-627.767
-625.531
-622.928
-620.214
-618.262
-616.966
-121.072
-130.132
-138.563
-148.998
-159.821
-172.228
-185.312
-199.34
-213.087
-226.583
-239.618
-251.378
-260.646
-266.169
-268.665
-267.636
-263.088
-255.673
-246.09
-235.384
-224.899
-216.281
-210.746
-209.229
-213.035
-223.357
-240.262
-263.56
-293.514
-329.376
-370.717
-415.505
-461.268
-505.715
-548.084
-583.655
-613.894
-633.183
-640.391
-639.767
-636.601
-633.976
-632.269
-630.95
-629.562
-627.805
-625.197
-622.225
-620.135
-618.91
-118.341
-121.038
-130.414
-141.573
-153.236
-167.035
-182.004
-198.033
-214.255
-230.678
-247.252
-263.043
-276.227
-284.854
-289.673
-290.089
-286.016
-277.975
-266.589
-252.105
-236.274
-221.156
-209.207
-201.634
-200.15
-206.006
-219.525
-240.533
-269.869
-307.676
-352.763
-403.612
-457.406
-512.514
-565.174
-608.348
-634.538
-648.04
-649.963
-645.552
-640.333
-636.504
-634.084
-632.585
-631.476
-629.853
-627.364
-624.536
-622.61
-621.666
-134.883
-115.194
-122.99
-133.492
-145.606
-160.444
-176.614
-193.982
-212.549
-231.231
-252.077
-272.08
-289.48
-302.903
-310.972
-313.572
-311.248
-303.629
-291.027
-273.771
-252.909
-231.555
-212.164
-197.2
-188.337
-187.541
-196.422
-215.11
-243.624
-282.8
-331.512
-388.34
-450.357
-514.566
-575.2
-625.787
-651.299
-659.099
-656.475
-650.116
-643.881
-638.939
-635.508
-633.603
-632.387
-630.776
-628.394
-625.661
-624.074
-623.55
74.3666
69.6594
67.3347
66.064
65.566
65.4304
65.454
65.7798
66.5686
67.7676
69.3685
71.3769
73.7713
76.54
79.6896
83.2305
87.1852
91.5306
96.2442
101.325
106.741
112.442
118.356
124.404
130.588
136.891
143.234
149.447
155.347
160.864
165.875
170.234
173.729
176.146
177.202
176.557
173.868
168.793
160.966
149.916
135.124
116.054
92.1613
62.5597
26.7328
-16.0971
-66.1008
-124.328
-193.02
-261.219
71.1898
66.0321
64.3764
62.7696
61.8025
61.2543
61.0178
61.1448
61.6849
62.6395
64.004
65.7328
67.8275
70.2809
73.0933
76.2669
79.8149
83.7166
87.9572
92.5093
97.3395
102.415
107.684
112.989
118.183
123.344
128.557
133.65
138.299
142.416
145.886
148.524
150.159
150.584
149.454
146.415
141.138
133.277
122.459
108.201
89.9562
67.1997
39.2676
5.49116
-34.7229
-82.1425
-136.908
-199.424
-270.962
-340.157
66.5601
61.0724
60.1629
58.2553
57.0775
56.2629
55.8265
55.8162
56.2088
56.9701
58.1361
59.6555
61.519
63.7329
66.2886
69.1679
72.3752
75.8874
79.6858
83.7415
88.0069
92.4327
96.9704
101.495
105.905
110.157
114.242
118.043
121.321
123.929
125.752
126.582
126.202
124.407
120.889
115.28
107.239
96.4133
82.4284
64.8226
43.0411
16.5328
-15.2297
-52.8316
-96.8588
-148.012
-206.447
-271.66
-343.041
-409.173
60.7815
55.1948
54.7485
52.4662
51.2404
50.2894
49.7235
49.5921
49.8617
50.5076
51.516
52.8517
54.5314
56.5465
58.8675
61.4811
64.3787
67.5262
70.8923
74.4466
78.1351
81.9033
85.7327
89.5488
93.123
96.3255
99.171
101.61
103.471
104.543
104.645
103.578
101.124
97.0309
91.0047
82.7229
71.8564
58.0443
40.9026
19.9977
-5.16933
-35.0981
-70.1747
-110.894
-157.775
-211.441
-271.94
-337.826
-407.19
-467.977
54.5086
48.3225
48.103
45.5994
44.3082
43.3078
42.6445
42.4037
42.5649
43.0652
43.9077
45.0699
46.5593
48.3467
50.4082
52.732
55.2881
58.0392
60.9496
63.9792
67.0545
70.1083
73.0728
75.9155
78.5881
80.9296
82.7534
83.8645
84.1489
83.5364
81.8627
78.8832
74.3364
67.9648
59.4917
48.6144
35.0214
18.371
-1.6938
-25.5464
-53.593
-86.2125
-123.739
-166.58
-215.106
-269.745
-330.462
-395.607
-461.709
-515.387
47.6576
40.7426
40.3987
37.5888
36.2461
35.1959
34.4848
34.1156
34.1225
34.4718
35.1293
36.0842
37.3268
38.8298
40.575
42.5449
44.6981
46.9895
49.381
51.831
54.2595
56.5984
58.8156
60.7896
62.3563
63.4542
64.0053
63.8798
62.8412
60.6658
57.2125
52.2987
45.6972
37.1558
26.3845
13.1191
-2.90622
-21.9944
-44.4628
-70.6226
-100.771
-135.193
-174.128
-217.877
-266.726
-320.949
-380.453
-443.451
-504.892
-550.023
39.1631
32.2119
31.6197
28.5245
27.1633
26.0324
25.1951
24.7121
24.5543
24.6906
25.124
25.8108
26.7388
27.8911
29.2499
30.7842
32.4485
34.208
36.0125
37.8131
39.5327
41.0902
42.4065
43.4026
43.991
44.0601
43.443
41.9017
39.3324
35.6241
30.5456
23.8722
15.3894
4.87698
-7.88521
-23.1443
-41.1378
-62.1112
-86.3134
-113.974
-145.309
-180.494
-219.709
-263.175
-311.129
-363.847
-420.881
-480.349
-536.245
-571.631
29.2583
22.4293
21.6294
18.3806
17.0152
15.7605
14.7744
14.1035
13.7443
13.6461
13.7721
14.1233
14.676
15.4154
16.3105
17.3264
18.429
19.5879
20.7475
21.85
22.8299
23.6145
24.1447
24.2653
23.7831
22.583
20.6459
17.8925
14.0448
8.87078
2.24135
-6.03544
-16.1387
-28.2481
-42.5927
-59.3597
-78.7367
-100.914
-126.072
-154.376
-185.967
-220.966
-259.454
-301.551
-347.466
-397.602
-451.646
-506.742
-556.042
-581.723
17.4278
11.3133
10.4651
7.11402
5.75528
4.32914
3.16696
2.32627
1.69834
1.26714
1.0354
0.977872
1.08053
1.32874
1.6899
2.14367
2.65076
3.16104
3.62838
4.00029
4.20708
4.1569
3.74392
2.88376
1.48429
-0.575271
-3.53513
-7.60796
-12.8308
-19.2914
-27.2052
-36.7508
-48.1123
-61.4484
-76.8919
-94.6024
-114.728
-137.412
-162.779
-190.926
-221.931
-255.835
-292.684
-332.572
-375.626
-422.149
-472.37
-522.82
-565.806
-583.338
4.3655
-1.1854
-2.01061
-5.22587
-6.65258
-8.23274
-9.58913
-10.7608
-11.7182
-12.5097
-13.153
-13.6718
-14.0848
-14.3908
-14.6225
-14.7937
-14.9342
-15.0925
-15.3218
-15.6752
-16.2201
-17.0337
-18.195
-19.8581
-22.2386
-25.4453
-29.4804
-34.4418
-40.5851
-48.0966
-57.0566
-67.5971
-79.8297
-93.8858
-109.916
-128.021
-148.302
-170.843
-195.71
-222.963
-252.63
-284.736
-319.252
-356.163
-395.607
-438.068
-483.106
-528.299
-566.583
-580.398
-9.70505
-14.8887
-15.5789
-18.7044
-20.1378
-22.0075
-23.6312
-25.0771
-26.4446
-27.6886
-28.8375
-29.8932
-30.8543
-31.7713
-32.6419
-33.4524
-34.2554
-35.0934
-36.0115
-37.0678
-38.3398
-39.9172
-41.9157
-44.424
-47.4969
-51.2695
-55.982
-61.8341
-68.8398
-77.0533
-86.6457
-97.7422
-110.444
-124.835
-140.987
-158.97
-178.839
-200.652
-224.441
-250.213
-277.961
-307.633
-339.193
-372.599
-407.76
-445.305
-483.987
-521.898
-553.223
-567.165
-24.9978
-29.4547
-30.1231
-33.2065
-34.7505
-36.8423
-38.7855
-40.6228
-42.4127
-44.1777
-45.9197
-47.5774
-49.1457
-50.7114
-52.2541
-53.7468
-55.2233
-56.7245
-58.2975
-59.9984
-61.8872
-64.0468
-66.5542
-69.5925
-73.352
-77.9112
-83.2677
-89.5021
-96.8566
-105.484
-115.416
-126.726
-139.487
-153.754
-169.58
-186.993
-206.024
-226.662
-248.886
-272.677
-297.989
-324.788
-352.948
-382.247
-412.929
-444.471
-475.365
-502.519
-520.65
-532.774
-41.0397
-45.0812
-45.6025
-48.5113
-50.1515
-52.5717
-54.8483
-57.1378
-59.448
-61.8052
-64.1642
-66.5228
-68.8173
-71.0282
-73.2694
-75.4809
-77.6399
-79.7833
-81.961
-84.2286
-86.663
-89.3518
-92.4101
-95.9178
-99.932
-104.562
-110.07
-116.635
-124.226
-132.894
-142.789
-153.973
-166.458
-180.283
-195.462
-211.972
-229.781
-248.87
-269.201
-290.704
-313.314
-336.891
-361.219
-386.244
-411.663
-436.44
-458.932
-475.496
-481.7
-488.06
-57.6555
-60.9533
-61.5066
-64.4497
-66.2544
-68.9579
-71.6979
-74.5774
-77.5319
-80.5608
-83.6201
-86.724
-89.7888
-92.6972
-95.5728
-98.493
-101.328
-104.081
-106.797
-109.534
-112.352
-115.324
-118.547
-122.178
-126.392
-131.289
-136.836
-143.144
-150.472
-158.943
-168.534
-179.288
-191.238
-204.346
-218.58
-233.912
-250.305
-267.675
-285.918
-304.96
-324.659
-344.886
-365.44
-386.218
-406.253
-424.362
-439.086
-448.62
-454.335
-456.601
-74.5258
-76.8969
-77.4918
-80.4101
-82.4897
-85.7122
-88.923
-92.3659
-96.047
-99.861
-103.759
-107.676
-111.596
-115.418
-118.982
-122.556
-126.042
-129.387
-132.602
-135.742
-138.858
-142.041
-145.409
-149.065
-153.041
-157.431
-162.535
-168.558
-175.474
-183.353
-192.351
-202.469
-213.645
-225.871
-239.082
-253.171
-268.03
-283.57
-299.711
-316.326
-333.336
-350.526
-367.562
-384.069
-399.492
-412.683
-422.142
-426.816
-432.372
-433.905
-90.8173
-92.2653
-93.026
-96.138
-98.5397
-102.231
-106.117
-110.307
-114.797
-119.499
-124.328
-129.185
-134.053
-138.851
-143.352
-147.572
-151.717
-155.606
-159.269
-162.701
-165.962
-169.115
-172.238
-175.504
-179.128
-183.233
-187.806
-192.968
-199.004
-206.096
-214.253
-223.507
-233.851
-245.14
-257.242
-270.052
-283.468
-297.36
-311.566
-326.025
-340.59
-354.961
-368.971
-382.338
-394.237
-403.309
-408.589
-412.657
-414.725
-416.787
-105.929
-106.656
-107.615
-110.89
-113.744
-118.184
-122.744
-127.789
-133.24
-138.952
-144.824
-150.74
-156.652
-162.519
-168.145
-173.232
-178.109
-182.617
-186.722
-190.434
-193.789
-196.835
-199.702
-202.518
-205.395
-208.447
-211.914
-216.121
-221.17
-227.13
-234.209
-242.477
-251.83
-262.184
-273.36
-285.137
-297.324
-309.759
-322.385
-335.075
-347.573
-359.564
-371.013
-381.65
-390.655
-396.845
-399.905
-402.545
-404.001
-405.36
-119.279
-119.134
-120.68
-124.353
-127.692
-132.91
-138.37
-144.481
-151.082
-158.042
-165.197
-172.391
-179.471
-186.418
-193.197
-199.475
-205.154
-210.375
-214.96
-218.94
-222.29
-225.069
-227.361
-229.343
-231.256
-233.367
-235.779
-238.554
-242.012
-246.54
-252.282
-259.345
-267.783
-277.355
-287.755
-298.716
-309.987
-321.455
-332.983
-344.371
-355.044
-364.77
-373.875
-381.862
-387.91
-391.585
-394.731
-395.81
-396.997
-397.641
-129.888
-129.56
-131.569
-135.663
-139.85
-146.069
-152.462
-159.747
-167.646
-175.956
-184.533
-193.266
-201.923
-210.318
-218.392
-225.923
-232.61
-238.747
-243.993
-248.346
-251.771
-254.291
-256.034
-257.192
-257.992
-258.539
-259.077
-260.107
-261.927
-264.66
-268.679
-274.305
-281.58
-290.397
-300.376
-311.026
-322.001
-333.005
-343.907
-354.132
-363.009
-371.141
-377.871
-382.503
-385.184
-387.634
-389.399
-390.812
-391.929
-392.308
-136.799
-137.209
-139.927
-144.701
-149.614
-156.958
-164.43
-173.115
-182.514
-192.412
-202.675
-213.149
-223.613
-233.81
-243.558
-252.678
-260.792
-267.881
-273.924
-278.765
-282.353
-284.682
-285.794
-285.815
-285.088
-284.032
-282.954
-281.902
-281.284
-281.7
-283.573
-287.266
-293.183
-301.275
-311.086
-321.989
-333.272
-344.686
-355.456
-364.491
-372.431
-378.938
-382.597
-383.479
-383.589
-384.201
-385.686
-387.531
-388.836
-389.282
-139.978
-141.83
-145.169
-150.78
-156.795
-165.246
-173.864
-184.046
-195.022
-206.619
-218.725
-231.154
-243.68
-256
-267.838
-278.979
-288.956
-297.446
-304.769
-310.453
-314.458
-316.777
-317.383
-316.451
-314.298
-311.249
-307.562
-303.824
-300.633
-298.321
-297.387
-298.534
-302.366
-309.289
-319.068
-330.8
-343.871
-356.72
-367.344
-376.299
-383.627
-387.561
-387.985
-386.364
-384.742
-384.143
-384.854
-386.361
-387.6
-388.277
-139.013
-143.101
-147.328
-153.891
-160.957
-170.684
-180.453
-192.179
-204.814
-218.305
-232.534
-247.21
-262.082
-276.831
-291.12
-304.682
-317.084
-327.742
-336.627
-343.478
-348.247
-350.795
-351.072
-349.159
-345.28
-340.055
-334.008
-327.476
-320.824
-314.896
-310.504
-308.29
-309.083
-313.855
-323.184
-336.706
-352.471
-367.304
-380.04
-390.164
-395.917
-396.883
-394.931
-392.136
-389.62
-387.89
-386.848
-386.605
-386.936
-387.612
-134.701
-141.211
-146.114
-153.853
-162.19
-172.735
-183.97
-197.18
-211.459
-226.908
-243.322
-260.413
-277.929
-295.529
-312.733
-329.185
-344.511
-357.962
-368.988
-377.829
-384.018
-387.305
-387.662
-385.114
-379.945
-372.539
-363.309
-352.976
-342.47
-332.449
-323.611
-316.941
-313.443
-314.481
-322.066
-336.37
-355.839
-376.591
-394.599
-405.076
-407.768
-406.393
-403.453
-399.898
-396.336
-392.654
-389.166
-386.436
-385.066
-385.255
-127.906
-136.159
-141.79
-150.78
-160.133
-171.534
-184.198
-198.674
-214.52
-231.935
-250.648
-270.431
-290.866
-311.591
-332.204
-352.113
-370.879
-387.828
-402.13
-413.624
-421.757
-426.388
-427.332
-424.468
-417.922
-408.208
-396.201
-382.39
-367.269
-351.882
-337.492
-325.128
-315.699
-311.147
-314.259
-327.88
-351.663
-380.739
-406.564
-418.801
-418.848
-415.445
-411.109
-406.279
-400.655
-394.702
-388.62
-383.158
-379.972
-379.172
-118.89
-128.899
-134.68
-144.646
-154.849
-167.107
-180.893
-196.632
-214.05
-233.31
-254.159
-276.371
-299.803
-324.019
-348.408
-372.398
-395.348
-416.555
-434.995
-449.832
-461.065
-468.1
-470.574
-468.235
-461.123
-449.606
-434.33
-416.066
-395.811
-374.841
-353.992
-334.259
-317.175
-304.721
-300.154
-309.319
-334.111
-372.479
-411.864
-430.635
-429.18
-421.642
-416.185
-409.303
-401.517
-393.327
-384.887
-377.151
-372.034
-369.587
-108.134
-119.537
-125.545
-136.166
-146.796
-159.75
-174.301
-191.05
-209.774
-230.659
-253.627
-278.49
-304.869
-332.515
-360.97
-389.483
-417.258
-443.491
-467.095
-486.787
-502.047
-512.323
-517.293
-516.346
-509.264
-496.17
-478.083
-456.071
-430.753
-403.246
-375.005
-347.162
-320.751
-297.585
-281.937
-281.329
-303.022
-345.257
-396.514
-427.92
-435.402
-427.212
-421.595
-415.369
-407.078
-396.75
-385.17
-374.234
-366.602
-362.324
-97.0484
-108.658
-115.021
-125.847
-136.579
-149.759
-164.72
-182.139
-201.819
-224.124
-248.85
-276
-305.453
-336.632
-369.141
-402.405
-435.565
-467.6
-497.285
-522.997
-543.446
-558.402
-567.065
-569.015
-563.501
-550.349
-529.98
-503.448
-472.242
-438.231
-402.599
-366.001
-328.721
-292.385
-261.952
-247.5
-258.618
-295.551
-350.941
-399.615
-425.045
-435.595
-438.495
-434.615
-426.13
-414.338
-399.592
-384.743
-373.866
-367.422
-87.1319
-96.8848
-103.991
-114.482
-125.031
-138.195
-153.088
-170.65
-190.734
-213.82
-240.136
-269.408
-301.456
-336.077
-372.69
-410.825
-449.704
-488.162
-524.749
-557.702
-585.126
-606.132
-619.858
-625.996
-623.346
-610.897
-588.771
-559.078
-523.094
-482.166
-438.261
-392.408
-344.459
-293.905
-248.302
-214.745
-209.779
-235.887
-284.413
-354.94
-411.98
-448.632
-465.621
-466.435
-458.706
-445.282
-427.807
-408.884
-394.609
-386.94
-83.2176
-84.6234
-93.0827
-102.568
-112.721
-125.472
-139.965
-157.265
-177.286
-200.732
-227.724
-258.68
-293.152
-330.66
-371.104
-414.074
-458.997
-504.534
-548.599
-589.709
-625.293
-654.115
-674.905
-686.565
-688.664
-679.412
-657.988
-625.351
-583.361
-535.167
-483.008
-428.875
-371.321
-306.715
-248.089
-201.426
-183.567
-199.144
-242.053
-314.4
-392.182
-451.451
-478.577
-486.023
-485.111
-474.607
-457.312
-437.563
-422.059
-414.452
-98.1707
-75.922
-82.8746
-91.3136
-101.231
-113.407
-127.22
-143.864
-163.36
-186.664
-214.276
-245.863
-281.804
-321.947
-365.888
-413.116
-463.965
-516.552
-567.819
-617.402
-661.974
-700.092
-730.28
-750.252
-758.924
-753.768
-733.274
-698.493
-653.409
-599.688
-538.888
-475.047
-409.438
-340.793
-270.058
-217.214
-180.783
-186.653
-229.144
-301.14
-382.876
-447.498
-475.484
-483.157
-487.47
-483.512
-470.738
-453.374
-440.593
-435.076
-80.1258
-63.398
-71.3828
-80.6654
-90.9164
-102.459
-115.912
-132.274
-151.61
-174.69
-202.103
-234.169
-271.752
-314.989
-363.488
-416.58
-473.675
-534.671
-596.871
-657.302
-713.626
-761.962
-801.485
-828.397
-842.292
-840.575
-821.574
-786.437
-738.368
-674.916
-605.347
-535.705
-454.151
-374.602
-305.367
-254.765
-229.544
-234.285
-267.841
-324.772
-395.369
-448.403
-471.792
-477.362
-478.31
-474.162
-465.196
-453.836
-446.882
-444.732
-66.6646
-63.5787
-68.2499
-75.7493
-85.8901
-97.7375
-112.254
-129.682
-150.398
-175.651
-206.07
-242.62
-285.329
-334.265
-389.488
-451.379
-518.233
-589.843
-663.381
-732.991
-797.701
-853.014
-898.022
-930.66
-945.496
-938.582
-906.552
-854.11
-786.309
-713.287
-629.635
-539.243
-455.424
-382.904
-325.459
-287.358
-277.551
-288.083
-319.189
-365.293
-416.665
-451.631
-466.05
-467.356
-464.516
-458.785
-451.769
-447.134
-445.763
-446.637
-57.4609
-62.7397
-68.0034
-75.57
-85.7505
-98.5953
-114.915
-134.623
-158.835
-188.947
-225.202
-268.471
-318.717
-376.296
-442.147
-516.687
-596.918
-678.416
-760.754
-840.587
-912.998
-976.141
-1026.06
-1058.91
-1063.92
-1038.06
-982.941
-910.18
-820.248
-727.858
-637.581
-553.598
-476.77
-414.06
-369.397
-342.414
-335.435
-344.702
-366.321
-396.951
-428.246
-449.25
-457.039
-454.713
-449.088
-444.231
-441.991
-442.499
-443.884
-446.083
-50.9167
-57.9471
-64.6751
-73.1569
-84.1707
-98.4853
-116.972
-140.464
-169.842
-206.148
-249.875
-301.375
-361.491
-431.857
-512.388
-601.21
-695.288
-791.907
-889.15
-983.311
-1066.04
-1135.59
-1185.03
-1206.52
-1187.86
-1136.5
-1052.06
-957.349
-858.657
-761.842
-670.175
-587.614
-518.363
-461.862
-422.596
-400.195
-392.416
-397.071
-409.854
-426.712
-442.074
-450.711
-451.631
-446.556
-440.26
-436.848
-437.16
-440.313
-442.952
-444.327
-42.9102
-49.7985
-57.6293
-67.3195
-79.8076
-96.403
-117.565
-144.83
-179.957
-222.626
-274.265
-336.15
-410.079
-495.508
-591.965
-699.066
-815.314
-936.324
-1055.29
-1162.96
-1254.38
-1323.03
-1359.46
-1357.79
-1309.27
-1227.57
-1129.28
-1022.25
-916.919
-813.385
-721.075
-639.105
-571.899
-519.287
-481.421
-458.381
-446.753
-444.136
-447.197
-452.386
-456.198
-456.3
-452.133
-445.239
-439.112
-436.7
-437.984
-441.082
-443.444
-444.14
-34.1728
-40.5263
-48.4131
-58.7572
-72.5116
-91.015
-115.206
-146.518
-187.296
-238.299
-300.749
-375.52
-463.385
-565.383
-684.057
-820.809
-970.575
-1120.46
-1256.3
-1373.24
-1466.35
-1524.85
-1539.72
-1511.02
-1444.85
-1344.37
-1230.49
-1109.79
-992.19
-882.191
-783.963
-702.084
-634.177
-581.234
-541.489
-514.105
-496.747
-486.371
-480.65
-476.441
-471.856
-465.816
-458.448
-450.632
-444.257
-441.358
-442.179
-444.536
-446.514
-447.203
-23.0186
-28.3368
-35.735
-46.2543
-61.3103
-81.8958
-109.153
-145.577
-193.056
-252.676
-326.218
-416.168
-523.814
-651.986
-805.039
-981.669
-1166.75
-1339.95
-1488.92
-1613.11
-1702.95
-1745.38
-1746.63
-1701.56
-1615.7
-1495.93
-1361.61
-1221.79
-1086.19
-964.492
-858.17
-771.362
-700.702
-643.584
-599.063
-565.475
-541.065
-523.326
-509.882
-498.629
-488.316
-478.453
-469.052
-460.493
-453.612
-449.415
-448.426
-450.249
-451.738
-453.041
-8.35676
-11.7829
-17.5542
-27.2097
-42.3479
-64.8291
-96.0913
-138.272
-194.173
-266.828
-357.072
-465.759
-599.255
-765.621
-964.45
-1182.51
-1400.42
-1596.42
-1762.19
-1893.76
-1977.24
-2010.05
-1994.05
-1933.6
-1832.61
-1695.12
-1525.19
-1353.5
-1195.2
-1055.62
-938.424
-842.741
-765.607
-702.122
-650.925
-610.865
-579.801
-555.72
-536.293
-519.796
-505.47
-493.033
-482.368
-473.346
-465.965
-460.577
-457.758
-457.657
-459.32
-461.408
11.7806
10.4905
5.59511
-4.35358
-20.58
-45.4718
-81.5919
-130.928
-196.148
-280.96
-388.61
-526.481
-703.368
-919.375
-1165.82
-1426.24
-1676.97
-1900.62
-2086.41
-2215.64
-2284.53
-2301.46
-2266.34
-2185.75
-2059.31
-1886.81
-1686.22
-1487.13
-1305.04
-1147.94
-1016.37
-910.123
-823.851
-753.124
-695.47
-649.498
-612.929
-583.752
-559.762
-539.712
-522.794
-508.742
-497.212
-487.853
-480.324
-474.458
-470.428
-468.678
-470.335
-472.637
35.9904
36.4586
33.2095
24.2834
7.46511
-19.6377
-60.2354
-117.155
-195.214
-300.713
-438.195
-611.822
-832.449
-1102.03
-1403.48
-1710.3
-1994.73
-2239.04
-2423.37
-2526.42
-2558.07
-2539.73
-2480.56
-2380.03
-2234.04
-2042.33
-1823.17
-1603.82
-1403.67
-1229.13
-1083.81
-966.552
-871.988
-794.81
-732.145
-681.597
-640.812
-607.712
-580.529
-557.947
-539.381
-524.337
-512.396
-503.017
-495.678
-490.007
-485.953
-483.835
-484.084
-486.841
63.8689
66.6689
65.7848
57.8914
40.5596
10.8831
-34.9458
-99.1402
-188.915
-316.345
-492.043
-713.561
-992.454
-1319.87
-1671.34
-2013.59
-2309.77
-2534.89
-2675.46
-2737.8
-2736.06
-2688.97
-2609.4
-2496.03
-2342.82
-2145.82
-1921.6
-1691.32
-1477.11
-1288.91
-1132.93
-1008.02
-907.858
-826.597
-760.535
-706.516
-662.599
-626.767
-597.463
-573.521
-554.094
-538.669
-526.705
-517.637
-510.886
-505.979
-502.7
-500.983
-500.873
-504.65
92.4747
103.001
108.301
103.616
88.036
57.4375
6.67244
-69.9635
-178.115
-334.398
-553.285
-821.068
-1138.46
-1513.78
-1903.85
-2253.42
-2532.71
-2725.04
-2826.13
-2852.11
-2822.2
-2754.68
-2661.86
-2543.05
-2389.07
-2196.11
-1972.85
-1737.92
-1514.46
-1319.89
-1160.47
-1032.86
-930.787
-847.875
-779.729
-723.708
-677.854
-640.627
-610.412
-585.889
-566.258
-550.916
-539.31
-530.817
-524.825
-520.846
-518.591
-517.896
-518.707
-521.545
132.187
142.8
150.25
150.074
140.537
110.915
56.9714
-25.069
-147.893
-330.618
-587.212
-908.058
-1276.63
-1678.85
-2078.73
-2415.35
-2663
-2821.48
-2889.3
-2886.35
-2836.27
-2756.53
-2655.7
-2534.79
-2384.36
-2194.7
-1972.86
-1735.82
-1512.68
-1322.18
-1166.73
-1041.54
-940.945
-858.393
-790.024
-733.487
-687.307
-649.895
-619.632
-595.245
-575.854
-560.889
-549.802
-541.999
-536.815
-533.758
-532.419
-532.641
-533.976
-535.798
148.1
175.092
195.004
207.639
197.32
155.657
95.9821
0.377057
-143.254
-352.317
-631.312
-970.962
-1350.19
-1751.63
-2147.16
-2464.36
-2677.43
-2801.83
-2846.76
-2832.58
-2774.69
-2695.23
-2597.85
-2479.74
-2327.38
-2136.38
-1915.48
-1686.62
-1476.65
-1299.51
-1154.22
-1036.39
-939.558
-859.352
-792.529
-737.317
-692.168
-655.504
-625.784
-601.795
-582.833
-568.361
-557.811
-550.565
-545.988
-543.577
-542.997
-543.831
-545.53
-546.9
124.469
129.009
133.501
137.459
133.105
123.349
96.8935
-4.37817
-152.217
-364.047
-654.923
-997.672
-1359.63
-1722.29
-2075.13
-2353.04
-2540.09
-2649.78
-2691.72
-2679.29
-2649.56
-2583.98
-2491.98
-2369.45
-2208.09
-2015.09
-1805.77
-1599.5
-1413.46
-1256.81
-1127.17
-1019.14
-928.381
-852.125
-788.593
-736.01
-692.775
-657.388
-628.518
-605.257
-587.009
-573.215
-563.25
-556.474
-552.308
-550.286
-550.059
-551.352
-553.557
-554.707
86.0399
76.0859
61.7093
44.1503
25.2108
-5.18646
-49.4492
-132.46
-247.934
-423.297
-676.739
-978.226
-1302.68
-1627.99
-1932.57
-2183.29
-2366.97
-2485.63
-2543.17
-2548.17
-2498.2
-2423.41
-2320.36
-2183.61
-2020.04
-1840.9
-1659.46
-1487.11
-1333.22
-1200.24
-1087.25
-990.373
-907.607
-837.491
-778.723
-729.771
-689.078
-655.486
-628.039
-606.004
-588.814
-575.895
-566.602
-560.303
-556.459
-554.645
-554.544
-555.906
-558.244
-559.433
35.6744
10.8917
-20.86
-59.2406
-101.992
-155.416
-205.051
-303.133
-429.922
-571.369
-752.889
-976.041
-1222.76
-1479.56
-1727.52
-1941.97
-2104.94
-2210.64
-2261.58
-2263.68
-2221.88
-2146.22
-2039.56
-1914.82
-1778.91
-1636.48
-1495.55
-1361.9
-1239.5
-1130.59
-1034.84
-951.409
-879.056
-817.03
-764.388
-719.854
-682.422
-651.364
-625.995
-605.666
-589.829
-577.903
-569.253
-563.297
-559.577
-557.753
-557.567
-558.805
-561.016
-561.816
-8.14316
-38.0011
-88.191
-147.716
-217.271
-299.946
-400.513
-519.48
-627.473
-735.288
-861.142
-996.208
-1145.62
-1299.8
-1456.11
-1598.83
-1712.89
-1790.62
-1831.53
-1839.05
-1821.13
-1774.31
-1706.79
-1622.66
-1526.67
-1425.57
-1324.79
-1227.71
-1135.8
-1051.26
-975.145
-907.174
-846.719
-793.758
-747.966
-708.621
-675.216
-647.375
-624.551
-606.152
-591.667
-580.601
-572.418
-566.642
-562.902
-560.911
-560.438
-561.301
-563.003
-563.321
-42.7899
-74.0763
-125.716
-198.923
-286.669
-394.887
-530.089
-675.246
-807.589
-920.006
-987.788
-1036.71
-1082.29
-1135.49
-1203.35
-1276.89
-1343.5
-1394.59
-1426.64
-1439.46
-1435.18
-1413.94
-1378.16
-1329.28
-1271.23
-1209.6
-1147.41
-1085.05
-1023.51
-964.546
-909.581
-858.323
-810.928
-768.149
-730.243
-697.041
-668.401
-644.229
-624.141
-607.658
-594.441
-584.138
-576.346
-570.697
-566.903
-564.73
-563.987
-564.496
-565.696
-565.609
-64.4414
-96.7222
-146.106
-215.015
-302.247
-415.037
-556.094
-728.235
-899.228
-1029.5
-1106.18
-1120.94
-1059.59
-1010.86
-1002.1
-1012.66
-1029.57
-1048.15
-1061.52
-1069.33
-1072.68
-1071.17
-1060.49
-1041.32
-1017.12
-991.404
-965.096
-936.274
-904.313
-871.351
-838.384
-805.116
-772.191
-741.055
-712.375
-686.147
-662.703
-642.345
-624.961
-610.355
-598.37
-588.788
-581.344
-575.8
-571.959
-569.644
-568.697
-568.922
-569.703
-569.327
-80.8917
-109.758
-151.536
-210.564
-288.515
-386.848
-510.205
-663.672
-839.683
-1017.92
-1140.03
-1148.19
-1076.72
-970.102
-881.35
-819.225
-782.753
-760.052
-742.931
-735.868
-738.964
-749.48
-761.666
-764.591
-768.646
-775.156
-781.941
-784.118
-781.577
-776.049
-767.009
-753.372
-736.358
-717.844
-698.556
-679.09
-660.507
-643.528
-628.403
-615.24
-604.103
-594.942
-587.65
-582.121
-578.226
-575.803
-574.678
-574.626
-575.035
-574.381
-89.4008
-115.5
-150.787
-197.722
-260.493
-341.342
-441.628
-568.809
-716.1
-876.065
-1017.72
-1103.99
-1074.65
-964.327
-839.227
-743.604
-661.457
-576.594
-509.825
-474.005
-463.278
-469.04
-480.797
-503.009
-531.2
-566.572
-602.886
-634.651
-662.418
-685.462
-700.792
-706.631
-705.117
-698.419
-687.639
-674.258
-660.073
-646.219
-633.137
-621.154
-610.626
-601.751
-594.593
-589.116
-585.214
-582.731
-581.461
-581.146
-581.201
-580.333
-93.8845
-117.132
-147.653
-186.665
-234.946
-294.37
-374.63
-477.153
-593.222
-717.884
-839.497
-937.892
-979.26
-947.956
-847.176
-735.379
-627.689
-513.011
-400.056
-327.528
-296.5
-283.087
-281.586
-299.24
-339.147
-390.633
-446.004
-501.033
-554.665
-602.647
-639.97
-663.952
-676.989
-681.359
-678.707
-671.151
-660.991
-649.778
-638.35
-627.326
-617.254
-608.571
-601.492
-596.038
-592.126
-589.628
-588.341
-587.952
-587.819
-586.794
-96.5954
-116.34
-142.491
-176.406
-216.516
-261.5
-317.62
-392.729
-488.918
-584.874
-678.895
-760.312
-815.751
-826.349
-803.843
-741.655
-634.3
-513.099
-388.01
-294.923
-235.78
-192.113
-168.253
-179.268
-206.558
-256.485
-318.407
-386.599
-458.237
-525.702
-582.32
-624.629
-651.659
-665.909
-670.427
-667.991
-661.492
-652.951
-643.453
-633.775
-624.52
-616.145
-608.986
-603.264
-599.097
-596.495
-595.263
-594.957
-594.858
-593.786
-97.9131
-115.379
-136.889
-164.512
-198.266
-236.798
-279.736
-333.161
-397.855
-474.942
-551.015
-615.128
-665.868
-692.604
-695.345
-668.989
-610.51
-514.996
-405.409
-312.234
-231.99
-170.482
-135.521
-116.487
-125.635
-163.202
-219.933
-289.936
-369.36
-451.13
-525.302
-585.225
-626.914
-651.688
-663.145
-665.236
-661.887
-655.667
-647.827
-639.263
-630.679
-622.668
-615.677
-609.995
-605.795
-603.187
-602.063
-601.883
-601.966
-600.957
-97.9552
-113.77
-131.75
-153.485
-179.899
-212.312
-249.662
-291.725
-339.186
-393.988
-449.05
-502.273
-543.293
-571.556
-583.644
-576.518
-543.949
-485.051
-409.872
-329.156
-250.89
-184.017
-133.883
-101.25
-92.5007
-110.664
-152.827
-214.703
-292.273
-379.445
-466.471
-543.123
-601.964
-638.854
-657.656
-663.309
-662.11
-657.646
-651.172
-643.718
-635.946
-628.458
-621.767
-616.231
-612.048
-609.396
-608.296
-608.148
-608.705
-607.814
-98.3627
-110.76
-124.962
-143.558
-165.181
-189.888
-219.085
-254.413
-295.09
-336.791
-381.112
-421.715
-453.35
-476.227
-489.4
-491.437
-475.905
-442.322
-393.26
-332.873
-268.826
-208.437
-158.017
-120.715
-100.272
-101.503
-126.487
-172.652
-238.683
-319.212
-408.402
-498.06
-573.503
-625.325
-654.219
-663.522
-662.993
-659.494
-653.767
-647.095
-640.08
-633.229
-627.019
-621.811
-617.813
-615.078
-613.854
-613.917
-614.186
-613.92
-98.7276
-107.806
-117.605
-132.25
-151.042
-172.249
-195.768
-222.041
-252.893
-290.559
-327.781
-361.422
-391.015
-412.782
-424.657
-427.211
-419.691
-399.68
-367.613
-326.521
-279.445
-232.022
-190.494
-156.701
-134.131
-126.777
-137.104
-164.279
-208.71
-273.685
-356.851
-449.593
-533.979
-603.589
-648.334
-666.219
-664.804
-661.677
-655.984
-649.521
-642.894
-636.663
-631.172
-626.728
-623.26
-620.602
-618.845
-618.521
-618.673
-618.777
-101.841
-104.484
-112.701
-124.899
-140.139
-157.973
-179.214
-201.834
-226.028
-254.397
-284.783
-316.073
-342.705
-364.641
-378.645
-383.743
-380.001
-367.026
-345.062
-316.086
-280.697
-243.325
-209.159
-180.846
-160.995
-152.769
-158.01
-177.324
-210.515
-259.288
-321.527
-394.095
-479.543
-568.656
-631.216
-662.933
-669.908
-665.228
-658.474
-651.451
-644.764
-638.935
-634.217
-630.745
-628.03
-625.594
-623.502
-622.184
-621.927
-622.143
-113.451
-103.134
-113.559
-125.299
-138.707
-154.242
-171.899
-191.67
-213.519
-235.937
-260.498
-285.776
-309.066
-328.203
-340.918
-346.942
-345.325
-336.758
-321.132
-299.788
-273.263
-244.2
-216.344
-192.993
-176.417
-169.438
-174.424
-191.655
-220.034
-260.701
-313.247
-375.483
-446.834
-520.366
-597.291
-653.319
-672.8
-668.391
-660.706
-652.784
-645.855
-640.295
-636.212
-633.165
-631.188
-629.111
-626.944
-624.829
-623.926
-623.807
74.5708
71.0971
69.427
68.7584
68.7223
68.9501
69.3182
70.0069
71.0996
72.6145
74.577
76.9726
79.7862
82.9985
86.6166
90.6496
95.1118
99.9923
105.267
110.94
116.977
123.329
129.988
136.987
144.231
151.517
158.75
165.934
173.011
179.807
186.21
192.1
197.27
201.485
204.478
205.95
205.598
203.098
198.055
190.006
178.485
162.967
142.927
117.641
86.4924
48.8211
4.07687
-48.935
-111.139
-172.479
73.2597
72.2639
71.9135
72.1032
72.7283
73.5798
74.5838
75.811
77.3768
79.3492
81.7549
84.5897
87.8507
91.5457
95.664
100.239
105.274
110.733
116.618
122.928
129.622
136.698
144.158
151.967
160.025
168.23
176.5
184.774
192.959
200.969
208.723
216.075
222.832
228.77
233.655
237.228
239.212
239.276
237.019
231.996
223.764
211.868
195.786
174.908
148.639
116.341
77.333
30.4896
-24.8555
-78.1301
73.858
74.2771
74.9826
76.0236
77.3399
78.8388
80.4284
82.1557
84.1742
86.5867
89.4387
92.7307
96.4808
100.714
105.414
110.608
116.277
122.386
128.954
135.971
143.417
151.304
159.608
168.272
177.231
186.42
195.759
205.171
214.573
223.899
233.047
241.873
250.214
257.895
264.718
270.445
274.798
277.448
278.013
276.089
271.262
263.097
251.118
234.808
213.617
186.906
154.007
114.281
67.3797
23.1166
76.1034
77.2183
78.6312
80.4161
82.4093
84.503
86.641
88.874
91.3432
94.192
97.4926
101.276
105.555
110.355
115.679
121.509
127.822
134.619
141.907
149.676
157.939
166.679
175.866
185.448
195.39
205.63
216.099
226.721
237.434
248.157
258.772
269.151
279.176
288.713
297.575
305.533
312.321
317.623
321.078
322.309
320.936
316.568
308.791
297.125
281.043
259.969
233.4
200.68
161.445
126.778
79.5303
81.0051
82.8798
85.2246
87.8683
90.5447
93.1831
95.8753
98.7885
102.093
105.877
110.194
115.048
120.433
126.363
132.827
139.808
147.322
155.365
163.94
173.054
182.679
192.787
203.351
214.333
225.674
237.327
249.227
261.313
273.489
285.647
297.689
309.518
321.004
331.975
342.226
351.507
359.507
365.895
370.345
372.522
372.06
368.548
361.536
350.56
335.119
314.745
289.135
258.148
231.718
83.8517
85.5335
87.7392
90.5161
93.6733
96.8723
99.9789
103.112
106.475
110.25
114.559
119.427
124.852
130.826
137.36
144.459
152.135
160.394
169.229
178.643
188.627
199.16
210.226
221.812
233.863
246.358
259.246
272.474
285.97
299.651
313.435
327.239
340.958
354.463
367.608
380.206
392.009
402.733
412.092
419.789
425.484
428.819
429.432
426.91
420.806
410.674
396.199
376.931
352.728
333.478
88.8925
90.7068
93.1542
96.2196
99.741
103.381
106.933
110.5
114.322
118.583
123.401
128.803
134.788
141.35
148.504
156.262
164.654
173.666
183.298
193.55
204.4
215.851
227.901
240.516
253.676
267.356
281.509
296.084
311.023
326.258
341.723
357.33
372.967
388.518
403.853
418.789
433.096
446.527
458.822
469.678
478.789
485.851
490.491
492.271
490.775
485.657
476.587
463.37
446.084
432.908
94.529
96.423
98.965
102.18
105.947
109.924
113.885
117.896
122.171
126.922
132.24
138.173
144.712
151.867
159.643
168.071
177.154
186.904
197.317
208.386
220.112
232.497
245.531
259.189
273.471
288.335
303.75
319.68
336.074
352.88
370.025
387.416
404.953
422.535
440.034
457.278
474.062
490.159
505.304
519.216
531.614
542.151
550.417
556.016
558.611
557.872
553.566
545.346
533.192
524.632
100.582
102.426
104.92
108.186
112.1
116.345
120.675
125.119
129.852
135.074
140.882
147.319
154.391
162.103
170.473
179.523
189.271
199.729
210.9
222.779
235.366
248.663
262.651
277.342
292.707
308.731
325.39
342.652
360.476
378.804
397.562
416.669
436.04
455.581
475.168
494.639
513.8
532.417
550.229
566.966
582.32
595.931
607.452
616.555
622.909
626.227
626.209
622.669
615.772
611.054
106.7
108.348
110.741
114.024
118.021
122.455
127.098
131.928
137.111
142.778
149.054
155.96
163.524
171.758
180.68
190.324
200.712
211.853
223.753
236.405
249.811
263.965
278.878
294.54
310.945
328.08
345.923
364.443
383.597
403.332
423.586
444.296
465.391
486.783
508.348
529.924
551.311
572.273
592.551
611.853
629.844
646.18
660.536
672.591
682.075
688.664
692.036
691.883
688.302
686.08
112.481
113.916
116.197
119.441
123.477
128.045
132.938
138.114
143.681
149.764
156.457
163.793
171.804
180.505
189.935
200.117
211.078
222.831
235.375
248.714
262.847
277.777
293.514
310.055
327.4
345.533
364.436
384.078
404.425
425.438
447.069
469.265
491.959
515.061
538.434
561.902
585.252
608.24
630.588
651.987
672.112
690.661
707.352
721.961
734.261
743.926
750.526
753.771
753.785
753.664
117.615
118.864
121.019
124.189
128.226
132.885
137.958
143.406
149.298
155.744
162.8
170.513
178.9
187.996
197.846
208.482
219.929
232.2
245.298
259.231
273.999
289.612
306.074
323.389
341.554
360.56
380.388
401.015
422.414
444.551
467.397
490.909
515.009
539.58
564.464
589.471
614.385
638.964
662.951
686.077
708.081
728.704
747.685
764.696
779.321
791.037
799.413
804.256
805.794
806.584
121.774
122.889
124.945
128.042
132.038
136.724
141.915
147.57
153.726
160.457
167.806
175.805
184.478
193.881
204.059
215.052
226.884
239.562
253.099
267.497
282.768
298.915
315.945
333.86
352.66
372.337
392.879
414.268
436.484
459.51
483.325
507.876
533.071
558.775
584.821
611.02
637.161
663.021
688.368
712.967
736.558
758.842
779.451
797.953
813.911
827.074
837.458
845.01
849.489
852.277
124.728
125.724
127.733
130.756
134.687
139.352
144.614
150.409
156.754
163.68
171.216
179.394
188.259
197.866
208.266
219.5
231.583
244.534
258.359
273.073
288.682
305.193
322.611
340.939
360.177
380.32
401.358
423.281
446.087
469.77
494.304
519.623
545.623
572.164
599.082
626.192
653.297
680.18
706.608
732.319
757.024
780.404
802.125
821.871
839.318
854.014
865.255
872.425
875.976
877.856
126.289
127.256
129.231
132.176
136.003
140.607
145.887
151.774
158.231
165.254
172.863
181.102
190.037
199.728
210.226
221.562
233.758
246.829
260.788
275.647
291.415
308.099
325.705
344.236
363.691
384.064
405.35
427.551
450.675
474.718
499.647
525.39
551.837
578.848
606.26
633.89
661.542
688.994
716.004
742.299
767.571
791.481
813.657
833.704
851.225
865.945
877.78
886.829
892.931
896.711
126.355
127.325
129.327
132.229
135.936
140.446
145.701
151.607
158.085
165.094
172.654
180.832
189.713
199.364
209.825
221.124
233.28
246.31
260.228
275.045
290.776
307.428
325.01
343.524
362.966
383.334
404.623
426.838
449.99
474.076
499.064
524.883
551.423
578.547
606.09
633.867
661.674
689.283
716.444
742.878
768.284
792.339
814.706
835.05
853.068
868.481
881.015
890.37
896.323
899.858
124.86
125.973
127.993
130.837
134.475
138.886
144.068
149.929
156.333
163.21
170.596
178.595
187.301
196.782
207.075
218.197
230.165
242.991
256.693
271.284
286.78
303.193
320.535
338.805
358.005
378.131
399.176
421.138
444.023
467.829
492.532
518.068
544.334
571.192
598.48
626.008
653.569
680.928
707.828
733.987
759.11
782.903
805.087
825.383
843.475
858.952
871.309
880.011
884.98
887.682
122.036
123.309
125.381
128.177
131.72
136.03
141.108
146.836
153.054
159.693
166.812
174.527
182.949
192.14
202.134
212.945
224.582
237.053
250.373
264.561
279.635
295.61
312.499
330.307
349.034
368.677
389.228
410.678
433.017
456.236
480.317
505.209
530.818
557.012
583.631
610.486
637.368
664.042
690.247
715.695
740.072
763.048
784.286
803.456
820.268
834.554
846.298
855.545
861.829
865.598
118.055
119.494
121.662
124.445
127.869
132.043
136.965
142.483
148.432
154.751
161.522
168.867
176.898
185.685
195.264
205.637
216.809
228.783
241.575
255.202
269.69
285.053
301.302
318.446
336.486
355.421
375.242
395.934
417.48
439.857
463.045
486.998
511.638
536.844
562.461
588.307
614.174
639.83
665.02
689.456
712.826
734.791
755.007
773.155
788.942
802.025
811.938
818.326
821.256
822.455
113.205
114.82
117.08
119.818
123.147
127.194
131.903
137.121
142.693
148.612
154.959
161.851
169.414
177.722
186.796
196.642
207.242
218.603
230.742
243.684
257.444
272.044
287.488
303.786
320.94
338.946
357.796
377.477
397.965
419.235
441.245
463.948
487.278
511.131
535.364
559.801
584.241
608.462
632.216
655.23
677.193
697.757
716.529
733.091
747.056
758.179
766.291
771.23
772.969
773.612
107.786
109.58
111.899
114.601
117.824
121.659
126.079
130.926
136.101
141.581
147.446
153.839
160.874
168.634
177.14
186.37
196.309
206.963
218.349
230.496
243.423
257.144
271.666
286.995
303.128
320.066
337.797
356.304
375.561
395.532
416.175
437.434
459.244
481.503
504.078
526.788
549.435
571.794
593.627
614.673
634.645
653.214
670.024
684.646
696.563
705.304
710.608
712.33
710.567
708.81
102.04
104.032
106.434
109.084
112.109
115.651
119.714
124.183
128.94
133.952
139.311
145.155
151.629
158.798
166.677
175.234
184.453
194.33
204.892
216.159
228.157
240.892
254.374
268.605
283.587
299.309
315.764
332.931
350.785
369.29
388.396
408.044
428.156
448.639
469.356
490.132
510.749
530.969
550.538
569.191
586.642
602.563
616.592
628.399
637.611
643.746
646.371
645.271
640.531
636.341
96.1533
98.3242
100.857
103.47
106.28
109.474
113.112
117.136
121.429
125.964
130.8
136.096
141.985
148.537
155.753
163.605
172.067
181.144
190.858
201.223
212.254
223.967
236.362
249.443
263.204
277.639
292.725
308.443
324.761
341.644
359.04
376.889
395.108
413.608
432.259
450.888
469.268
487.139
504.231
520.252
534.912
547.907
558.859
567.347
573.018
575.481
574.312
569.117
559.773
552.024
90.6985
92.851
95.3556
97.885
100.494
103.328
106.494
110.01
113.815
117.854
122.182
126.937
132.239
138.162
144.694
151.805
159.487
167.737
176.572
186.006
196.05
206.71
217.993
229.894
242.408
255.519
269.205
283.434
298.17
313.367
328.97
344.912
361.112
377.472
393.876
410.152
426.076
441.368
455.733
468.863
480.428
490.119
497.615
502.507
504.337
502.715
497.257
487.602
473.568
461.195
86.0047
87.9158
90.21
92.5425
94.8899
97.3385
100.023
103.016
106.301
109.835
113.667
117.895
122.634
127.933
133.782
140.169
147.075
154.508
162.472
170.98
180.033
189.634
199.792
210.5
221.743
233.505
245.763
258.481
271.616
285.111
298.904
312.914
327.053
341.22
355.291
369.096
382.418
394.977
406.448
416.506
424.801
430.954
434.61
435.388
432.837
426.465
415.889
400.71
380.584
362.624
82.1326
83.6995
85.5934
87.5766
89.5797
91.6262
93.8451
96.3108
99.0418
102.052
105.392
109.118
113.309
117.988
123.171
128.843
134.994
141.632
148.756
156.363
164.452
173.027
182.084
191.622
201.616
212.042
222.868
234.068
245.592
257.383
269.363
281.447
293.531
305.501
317.215
328.495
339.11
348.795
357.228
364.041
368.878
371.34
371.006
367.451
360.226
348.823
332.749
311.641
285.271
260.766
79.1624
80.2715
81.6117
83.0589
84.5858
86.232
88.0168
89.961
92.13
94.625
97.491
100.746
104.404
108.491
113.026
118.01
123.444
129.314
135.632
142.374
149.538
157.111
165.103
173.511
182.308
191.45
200.898
210.613
220.558
230.666
240.864
251.053
261.123
270.94
280.334
289.104
297.008
303.764
309.06
312.53
313.76
312.33
307.788
299.652
287.419
270.532
248.495
220.795
186.968
154.871
77.3137
77.6753
78.2372
79.0175
79.9918
81.1921
82.5095
83.9066
85.547
87.5816
90.0113
92.8173
95.9749
99.4981
103.412
107.744
112.495
117.651
123.195
129.148
135.453
142.087
149.045
156.35
163.981
171.888
180.023
188.325
196.749
205.229
213.694
222.036
230.132
237.833
244.953
251.262
256.489
260.337
262.471
262.53
260.111
254.737
245.913
233.12
215.821
193.388
165.179
130.67
89.4003
48.2144
77.0036
75.9052
75.4135
75.4583
75.8847
76.5305
77.2757
78.1747
79.3844
80.9998
83.0093
85.3726
88.0603
91.0671
94.4057
98.1198
102.223
106.678
111.461
116.635
122.222
128.045
134.072
140.314
146.804
153.526
160.408
167.371
174.353
181.291
188.09
194.665
200.855
206.493
211.371
215.244
217.828
218.801
217.81
214.448
208.305
198.93
185.765
168.214
145.7
117.597
83.232
41.7251
-7.73788
-57.8567
78.3542
74.8571
73.1578
72.4268
72.2525
72.3269
72.5157
72.968
73.8001
75.0106
76.5974
78.5395
80.8037
83.3932
86.2476
89.416
92.9112
96.7293
100.81
105.136
110.028
115.159
120.343
125.589
131.035
136.67
142.355
148.023
153.634
159.102
164.285
169.087
173.41
177.051
179.732
181.17
181.08
179.153
175.027
168.273
158.436
145.046
127.564
105.301
77.6187
43.8612
3.48044
-44.4625
-101.169
-159.51
-37.3903
-48.3712
-46.5154
-42.9704
-35.7494
-27.899
-18.1093
-4.85003
13.4451
33.3026
60.5377
79.7794
117.492
123.202
113.758
88.9069
48.6045
9.79006
-18.3913
-40.1383
-57.4877
-68.191
-75.0134
-79.7467
-82.5158
-83.5338
-85.1234
-85.0393
-81.8504
-73.9525
-21.5721
-34.3364
-35.404
-34.6657
-28.9037
-21.8595
-13.2659
-1.59095
15.3288
30.2937
54.0369
66.133
94.8281
102.64
100.254
83.7531
51.5864
20.4616
-2.34155
-21.9813
-38.821
-50.8561
-59.2842
-64.7928
-68.6625
-70.6737
-72.4474
-71.6173
-66.9849
-56.1694
-22.1105
-25.7653
-26.1929
-26.4827
-22.0471
-15.898
-8.06853
1.59473
16.422
28.4935
46.3296
55.2786
70.3952
82.5645
85.2733
73.6022
49.0527
25.1666
7.02252
-9.69704
-24.8571
-37.731
-46.5319
-52.3401
-57.0328
-59.8562
-61.4775
-60.6557
-58.0819
-54.0644
-22.7889
-21.51
-19.5593
-19.4353
-15.6195
-10.3689
-3.26839
4.39427
16.6937
26.2529
38.8172
45.6991
49.5006
62.7676
69.063
61.3295
44.1072
26.5694
12.1524
-1.67777
-14.3378
-27.1644
-35.7091
-41.9335
-47.0731
-50.4798
-52.1546
-51.9393
-52.3916
-52.7209
-21.2678
-18.7887
-15.4993
-14.1171
-10.412
-5.94914
0.0938877
5.92367
15.8279
22.6355
31.9337
36.2939
33.2846
45.3937
54.1183
49.4212
38.2286
25.9892
14.556
3.65648
-6.74675
-18.5405
-26.5304
-33.0218
-38.2053
-42.0457
-44.0755
-45.0268
-47.2877
-49.3068
-17.7742
-16.1234
-12.742
-10.6222
-6.88019
-3.01644
1.89811
6.47483
14.4977
17.7076
26.1274
27.2374
22.8435
30.2113
40.2878
41.376
32.6068
24.2426
15.453
7.14743
-1.88167
-12.0568
-19.2151
-25.4805
-30.4575
-34.6042
-37.2081
-39.2179
-42.0447
-43.7776
-13.7397
-13.228
-10.4492
-8.25928
-5.01433
-1.675
2.60461
6.59535
12.6185
15.0157
20.7125
19.4968
17.0187
17.1858
28.1036
36.4787
27.2462
22.1881
15.3099
9.15073
0.896598
-7.58989
-13.9194
-19.4884
-24.1208
-28.449
-31.5353
-34.0854
-36.7723
-37.6303
-10.0964
-10.3083
-8.34905
-6.3683
-3.6121
-0.637334
2.90905
6.45458
10.7436
12.763
16.341
15.1098
13.7831
8.35157
18.947
31.225
22.2366
19.9474
14.0174
9.73769
2.31572
-4.62504
-10.3261
-15.1422
-19.4334
-23.7028
-26.8564
-29.4572
-31.74
-31.8405
-7.14882
-7.44874
-6.27911
-4.68461
-2.34135
0.382678
3.10306
6.00636
9.04932
10.8613
13.2996
12.2862
10.773
6.79719
12.1363
24.4986
18.4598
17.3201
12.1121
9.25727
2.8902
-2.78798
-7.89532
-12.0541
-16.1116
-20.0806
-22.9407
-25.2155
-26.9278
-26.8363
-4.87143
-5.13513
-4.39751
-3.21564
-1.32918
0.933207
3.06641
5.39873
7.65782
9.30783
10.9786
10.6645
9.25723
7.2276
7.78611
18.1186
16.4365
14.73
10.5965
8.44228
3.03191
-1.81253
-6.24341
-9.78535
-13.5282
-17.0289
-19.5545
-21.4069
-22.7041
-22.6444
-3.25502
-3.35103
-2.82909
-2.07168
-0.649844
1.12813
2.87109
4.75161
6.53847
8.02931
9.10791
9.57065
8.13715
7.64126
5.97365
13.6384
15.7424
12.5357
9.58527
7.60569
3.11571
-1.21965
-5.02986
-8.07776
-11.3626
-14.3109
-16.5044
-17.9324
-19.0556
-19.2137
-2.25222
-2.09496
-1.64928
-1.22656
-0.215317
1.13734
2.67379
4.16347
5.63886
6.95301
7.70087
8.61409
7.31254
8.0306
6.14201
10.3482
14.7728
10.9771
8.85192
6.75456
3.10934
-0.716829
-3.93017
-6.69603
-9.59005
-12.0171
-13.8218
-14.8392
-15.8578
-16.3004
-1.5774
-1.35225
-0.862153
-0.588695
0.136292
1.11914
2.50817
3.62974
4.86927
6.00824
6.61057
7.63344
6.94925
7.6091
6.35252
8.85356
13.1282
9.66051
7.93417
5.92223
2.97312
-0.230875
-2.87551
-5.42448
-7.92714
-9.96191
-11.4928
-12.2885
-13.2619
-13.7207
-1.18207
-0.84394
-0.335203
-0.0253907
0.556505
1.23565
2.32324
3.05375
4.05769
5.14045
5.64652
6.66812
6.28746
6.29598
7.42246
7.61373
11.1422
8.22899
6.86822
5.02862
2.66821
0.0102723
-2.16119
-4.35047
-6.34765
-7.98664
-9.33843
-10.1282
-11.0275
-11.5347
-0.864449
-0.614159
-0.0918302
0.2931
0.839903
1.30375
2.12962
2.61312
3.42614
4.45573
4.82807
5.77723
5.63442
6.02748
8.19472
6.9849
9.00718
6.87031
5.79958
4.24809
2.31863
0.105337
-1.7361
-3.51449
-4.98519
-6.24818
-7.46684
-8.26178
-9.10314
-9.48738
-0.547634
-0.442798
0.0100939
0.313518
0.790369
1.17639
1.88323
2.28539
2.91486
3.80957
4.14596
4.84935
5.18313
5.74046
7.57387
6.30178
6.92405
5.53354
4.74883
3.54731
1.99603
0.274273
-1.2728
-2.73787
-3.9142
-4.92306
-6.00232
-6.67876
-7.39109
-7.55895
-0.49034
-0.540707
-0.210831
0.0786735
0.631011
1.00652
1.59592
1.96765
2.43695
3.13776
3.37624
3.83566
4.27418
4.55251
6.49572
5.1266
5.00241
3.90421
3.71788
2.77516
1.59085
0.321967
-0.805306
-1.94441
-2.95058
-3.78412
-4.71149
-5.18083
-5.7886
-5.81096
-0.36602
-0.681192
-0.416633
-0.143731
0.420757
0.783668
1.31542
1.68701
1.88511
2.36519
2.57412
2.72911
3.13103
3.01274
5.1447
4.12713
3.26662
2.77857
2.55097
1.94695
1.12758
0.292737
-0.44827
-1.22607
-1.99531
-2.67522
-3.36251
-3.63527
-4.17573
-4.08035
-0.080081
-0.240685
-0.163488
-0.146165
0.222294
0.475294
0.804719
1.09952
1.15173
1.33835
1.65786
1.4523
2.23471
2.21471
3.55066
2.78845
1.39489
1.41284
1.3338
1.16287
0.745472
0.122309
-0.280006
-0.72535
-1.19189
-1.58944
-1.97665
-2.08758
-2.40082
-2.33122
-0.182958
-0.0628955
-0.0192248
-0.0803795
0.0175995
0.0274832
0.144476
0.231235
0.19405
0.241871
0.558682
0.338558
0.710791
0.277739
0.837557
1.38859
1.33964
1.19355
0.831723
0.488236
0.429626
0.124514
-0.0408313
-0.200762
-0.350632
-0.468994
-0.631545
-0.596478
-0.741498
-0.86551
)
;

boundaryField
{
    INLET
    {
        type            zeroGradient;
    }
    OUTLET
    {
        type            fixedValue;
        value           uniform 0;
    }
    WALL
    {
        type            zeroGradient;
    }
    CYLINDER
    {
        type            zeroGradient;
    }
    frontAndBackPlanes
    {
        type            empty;
    }
}


// ************************************************************************* //
