/*--------------------------------*- C++ -*----------------------------------*\
| =========                 |                                                 |
| \\      /  F ield         | OpenFOAM: The Open Source CFD Toolbox           |
|  \\    /   O peration     | Version:  v1912                                 |
|   \\  /    A nd           | Website:  www.openfoam.com                      |
|    \\/     M anipulation  |                                                 |
\*---------------------------------------------------------------------------*/
FoamFile
{
    version     2.0;
    format      ascii;
    class       volScalarField;
    location    "0.22";
    object      p;
}
// * * * * * * * * * * * * * * * * * * * * * * * * * * * * * * * * * * * * * //

dimensions      [0 2 -2 0 0 0 0];


internalField   nonuniform List<scalar> 
6600
(
48.6496
43.6563
41.1879
39.7227
39.0301
38.7612
38.8746
39.345
40.1595
41.3155
42.9276
45.0239
47.5058
50.4101
53.7348
57.4682
61.6414
66.246
71.2808
76.7403
82.5952
88.7882
95.234
101.924
108.929
116.069
123.188
130.187
136.969
143.401
149.34
154.641
159.091
162.408
164.331
164.527
162.609
158.221
151.022
140.487
126.157
107.482
83.8787
54.6525
19.142
-23.4096
-73.1652
-131.153
-198.344
-265.972
44.9882
39.6283
37.6079
35.7389
34.6249
33.9056
33.5956
33.7522
34.2901
35.2589
36.5831
38.3001
40.4509
43.0032
45.943
49.2664
53.0001
57.1282
61.6433
66.5371
71.7811
77.3305
83.1276
88.9954
94.9355
101.025
107.078
112.871
118.377
123.483
127.938
131.564
134.181
135.52
135.316
133.225
128.863
121.865
111.847
98.3381
80.8413
58.8013
31.6485
-1.27606
-40.6084
-87.0889
-140.833
-202.204
-271.311
-338.618
39.8647
33.9565
32.7754
30.5419
29.186
28.2525
27.6601
27.5068
27.7883
28.5111
29.6645
31.1455
32.9993
35.26
37.8885
40.8878
44.2603
47.982
52.0405
56.4168
61.0749
65.9718
71.0371
76.1542
81.2646
86.3309
91.2453
95.8479
100.019
103.612
106.428
108.263
108.909
108.102
105.57
101.001
94.01
84.2222
71.2431
54.6293
33.8917
8.51947
-21.9919
-58.2159
-100.733
-150.216
-206.827
-269.828
-337.867
-401.046
33.7123
27.2441
26.6343
24.0944
22.5906
21.4676
20.7277
20.3782
20.4841
21.0001
21.8887
23.1855
24.8356
26.8383
29.1934
31.8971
34.9289
38.2633
41.8792
45.7431
49.8106
54.0471
58.4319
62.7811
66.9639
70.9873
74.7556
78.0738
80.8209
82.8741
84.0108
83.9934
82.6025
79.5873
74.6777
67.5625
57.8922
45.296
29.3827
9.75322
-14.0169
-42.3739
-75.7392
-114.562
-159.294
-210.503
-268.184
-330.922
-396.086
-452.737
26.5573
19.6489
19.1901
16.3502
14.8288
13.5996
12.7182
12.2652
12.153
12.4476
13.166
14.2158
15.6079
17.3449
19.4066
21.7729
24.4246
27.3359
30.4693
33.7806
37.218
40.7291
44.2619
47.7452
51.051
54.0612
56.6657
58.7218
60.0704
60.5463
59.9637
58.098
54.7149
49.5508
42.3375
32.7932
20.5824
5.36466
-13.1926
-35.4427
-61.7315
-92.3937
-127.741
-168.114
-213.843
-265.27
-322.379
-383.475
-444.238
-492.62
18.5836
11.0732
10.4976
7.35464
5.71746
4.33891
3.39336
2.84503
2.62376
2.69808
3.10936
3.89681
5.00115
6.39905
8.09148
10.043
12.24
14.6482
17.2233
19.918
22.6801
25.451
28.1954
30.7794
33.0677
35.0041
36.4501
37.224
37.1762
36.1465
33.9353
30.3161
25.0506
17.8911
8.58539
-3.14394
-17.5681
-34.9716
-55.6471
-79.8649
-107.877
-139.92
-176.205
-216.958
-262.419
-312.812
-367.768
-425.72
-481.159
-519.879
9.03357
1.33707
0.509089
-2.87742
-4.52289
-6.05327
-7.19292
-7.9094
-8.34778
-8.45777
-8.30732
-7.87952
-7.17071
-6.1863
-4.96027
-3.51265
-1.86652
-0.0529236
1.88354
3.88914
5.9119
7.88533
9.73691
11.393
12.7296
13.6234
13.921
13.4629
12.0943
9.6307
5.8785
0.639045
-6.30464
-15.1999
-26.2801
-39.7604
-55.883
-74.8796
-96.9586
-122.324
-151.149
-183.567
-219.68
-259.621
-303.583
-351.821
-403.917
-457.793
-506.902
-535.422
-2.0372
-9.67048
-10.6934
-14.3796
-16.0514
-17.6449
-18.9891
-19.9721
-20.6569
-21.1659
-21.3733
-21.3268
-21.0697
-20.6066
-19.9356
-19.0918
-18.0828
-16.942
-15.717
-14.455
-13.2097
-12.0356
-11.0012
-10.2569
-9.93868
-10.1055
-10.9025
-12.5291
-15.1431
-18.887
-23.9542
-30.5582
-38.9015
-49.1759
-61.5718
-76.2948
-93.5142
-113.393
-136.095
-161.752
-190.459
-222.273
-257.232
-295.393
-336.874
-381.959
-430.551
-479.829
-522.461
-541.906
-15.1468
-22.1337
-23.2512
-27.0222
-28.7809
-30.5291
-32.0773
-33.4626
-34.5065
-35.3262
-35.9714
-36.4675
-36.7763
-36.9025
-36.8785
-36.712
-36.4108
-36.0178
-35.5577
-35.0802
-34.65
-34.3278
-34.1902
-34.3329
-34.8769
-35.9715
-37.7833
-40.4403
-44.0803
-48.8961
-55.0679
-62.7482
-72.0976
-83.2993
-96.5165
-111.881
-129.534
-149.595
-172.154
-197.284
-225.035
-255.409
-288.368
-323.907
-362.134
-403.349
-447.626
-492.239
-529.805
-543.511
-29.6412
-35.8442
-37.0635
-40.8239
-42.6684
-44.7923
-46.6008
-48.24
-49.771
-51.0863
-52.3126
-53.3588
-54.302
-55.1315
-55.836
-56.4132
-56.8938
-57.2894
-57.6214
-57.9415
-58.3092
-58.7715
-59.399
-60.3514
-61.766
-63.7267
-66.3575
-69.8382
-74.3231
-79.9301
-86.8123
-95.1456
-105.081
-116.74
-130.229
-145.671
-163.149
-182.724
-204.453
-228.364
-254.449
-282.671
-312.984
-345.324
-379.65
-416.542
-455.372
-494.279
-527.158
-539.925
-45.263
-50.9945
-52.0698
-55.7095
-57.6907
-60.0518
-62.2902
-64.3098
-66.3533
-68.2908
-70.1268
-71.911
-73.6098
-75.2132
-76.7016
-78.0945
-79.3965
-80.6091
-81.7574
-82.8803
-84.0322
-85.2757
-86.6923
-88.3711
-90.4065
-92.9539
-96.1957
-100.241
-105.193
-111.227
-118.501
-127.114
-137.17
-148.781
-162.044
-177.017
-193.753
-212.286
-232.618
-254.728
-278.581
-304.114
-331.22
-359.784
-389.931
-421.662
-453.712
-484.001
-506.819
-518.94
-61.9122
-66.9882
-68.0598
-71.5472
-73.6921
-76.448
-79.0779
-81.716
-84.2434
-86.9213
-89.5664
-92.1304
-94.6553
-97.1003
-99.4565
-101.72
-103.872
-105.923
-107.884
-109.771
-111.632
-113.522
-115.51
-117.731
-120.308
-123.32
-126.873
-131.138
-136.277
-142.391
-149.588
-158
-167.736
-178.864
-191.429
-205.476
-221.022
-238.055
-256.544
-276.441
-297.662
-320.087
-343.559
-367.831
-393.477
-419.145
-443.118
-461.922
-470.64
-478.608
-79.3486
-83.7839
-84.7329
-88.2053
-90.4747
-93.6435
-96.7329
-100.009
-103.353
-106.712
-110.152
-113.688
-117.157
-120.548
-123.86
-127.041
-130.091
-133.009
-135.782
-138.419
-140.958
-143.449
-145.968
-148.596
-151.386
-154.474
-158.053
-162.23
-167.104
-172.846
-179.597
-187.44
-196.44
-206.658
-218.138
-230.887
-244.88
-260.083
-276.439
-293.85
-312.184
-331.274
-350.824
-370.935
-391.019
-409.968
-426.222
-437.275
-441.01
-443.277
-97.1901
-100.705
-101.706
-105.175
-107.796
-111.37
-115.12
-118.997
-123.184
-127.535
-131.975
-136.467
-140.957
-145.417
-149.767
-153.955
-157.966
-161.77
-165.351
-168.707
-171.845
-174.786
-177.59
-180.366
-183.223
-186.241
-189.511
-193.197
-197.484
-202.499
-208.355
-215.177
-223.055
-232.035
-242.116
-253.277
-265.486
-278.676
-292.743
-307.576
-323.018
-338.787
-354.755
-370.693
-385.853
-399.194
-409.085
-414.384
-420.766
-421.149
-114.698
-117.418
-118.51
-122.069
-124.978
-129.132
-133.53
-138.332
-143.411
-148.757
-154.322
-159.982
-165.657
-171.279
-176.776
-182.102
-187.167
-191.933
-196.376
-200.469
-204.192
-207.555
-210.609
-213.426
-216.043
-218.563
-221.195
-224.081
-227.333
-231.153
-235.728
-241.18
-247.6
-255.03
-263.479
-272.908
-283.23
-294.344
-306.157
-318.539
-331.294
-344.17
-356.934
-369.212
-380.422
-389.709
-395.947
-398.84
-401.448
-402.891
-131.308
-133.088
-134.422
-138.275
-141.65
-146.533
-151.675
-157.365
-163.562
-170.137
-176.965
-183.928
-190.941
-197.907
-204.726
-211.314
-217.571
-223.415
-228.792
-233.648
-237.943
-241.648
-244.767
-247.367
-249.57
-251.496
-253.219
-254.886
-256.758
-259.039
-261.918
-265.588
-270.194
-275.827
-282.483
-290.08
-298.522
-307.701
-317.478
-327.732
-338.258
-348.585
-358.601
-367.985
-376.158
-382.282
-385.774
-389.698
-390.165
-391.419
-146.213
-147.3
-148.925
-153.067
-157.028
-162.683
-168.865
-175.693
-183.079
-190.912
-199.134
-207.605
-216.188
-224.728
-233.082
-241.122
-248.756
-255.875
-262.35
-268.106
-273.074
-277.191
-280.452
-282.888
-284.541
-285.48
-285.917
-286.091
-286.172
-286.425
-287.153
-288.624
-291.079
-294.647
-299.346
-305.127
-311.844
-319.326
-327.47
-336.108
-344.568
-352.64
-360.562
-367.695
-373.219
-376.607
-379.61
-381.437
-382.392
-382.966
-158.917
-159.215
-161.435
-166.004
-170.721
-177.343
-184.475
-192.527
-201.322
-210.751
-220.586
-230.7
-241.004
-251.325
-261.483
-271.296
-280.591
-289.213
-296.997
-303.842
-309.636
-314.27
-317.664
-319.794
-320.768
-320.746
-319.815
-318.122
-316.015
-313.854
-311.998
-310.829
-310.654
-311.765
-314.316
-318.236
-323.359
-329.562
-336.694
-343.851
-350.53
-357.152
-363.211
-368.013
-371.15
-372.943
-374.564
-375.908
-376.941
-377.211
-168.38
-168.636
-171.453
-176.546
-181.964
-189.687
-197.964
-207.366
-217.674
-228.703
-240.302
-252.377
-264.7
-277.081
-289.328
-301.21
-312.489
-322.936
-332.402
-340.677
-347.6
-353.028
-356.849
-359.006
-359.481
-358.304
-355.667
-351.912
-347.321
-342.244
-337.163
-332.627
-329.244
-327.424
-327.39
-329.278
-333.059
-338.632
-344.93
-350.873
-356.847
-362.376
-366.33
-368.489
-369.465
-370.603
-371.321
-372.564
-373.551
-373.834
-173.491
-174.838
-178.337
-184.235
-190.466
-199.344
-208.764
-219.597
-231.549
-244.381
-257.992
-272.144
-286.697
-301.444
-316.103
-330.426
-344.112
-356.87
-368.442
-378.559
-387.017
-393.598
-398.148
-400.474
-400.516
-398.419
-394.297
-388.31
-380.805
-372.315
-363.469
-354.995
-347.568
-341.896
-338.586
-338.006
-340.366
-345.276
-351.183
-357.612
-363.861
-368.204
-369.952
-369.917
-369.719
-369.609
-370.102
-370.997
-371.781
-372.16
-174.48
-177.528
-181.836
-188.556
-195.872
-205.88
-216.385
-228.78
-242.365
-257.033
-272.677
-289.129
-306.201
-323.586
-341.023
-358.201
-374.75
-390.315
-404.519
-417.044
-427.594
-435.941
-441.8
-444.929
-445.146
-442.405
-436.748
-428.505
-418.015
-405.746
-392.363
-378.751
-366.105
-355.496
-347.818
-343.663
-343.825
-348.235
-355.559
-364.075
-370.922
-374.141
-374.482
-373.458
-372.105
-371.154
-370.561
-370.355
-370.473
-370.802
-171.165
-176.64
-181.76
-189.506
-197.897
-209.029
-220.704
-234.51
-249.686
-266.241
-284.046
-302.905
-322.602
-342.878
-363.432
-383.874
-403.798
-422.772
-440.321
-455.987
-469.365
-480.134
-487.898
-492.358
-493.183
-490.293
-483.805
-473.564
-459.912
-443.437
-424.931
-405.491
-386.31
-368.893
-355.002
-345.743
-342.584
-346.493
-355.909
-367.407
-375.92
-379.418
-379.677
-377.991
-375.86
-373.347
-370.929
-369.189
-368.26
-368.08
-164.719
-172.294
-178.073
-186.948
-196.508
-208.528
-221.444
-236.635
-253.251
-271.556
-291.411
-312.674
-335.136
-358.517
-382.473
-406.574
-430.363
-453.329
-474.905
-494.515
-511.582
-525.564
-536.156
-542.91
-545.391
-543.274
-536.345
-524.574
-508.209
-487.653
-463.65
-437.182
-409.75
-383.661
-360.811
-343.316
-334.18
-335.833
-347.711
-364.293
-377.054
-382.487
-382.652
-380.51
-377.287
-373.402
-369.362
-366.052
-364.068
-363.222
-155.184
-164.943
-171.245
-181.247
-191.799
-204.499
-218.529
-234.908
-252.878
-272.861
-294.678
-318.243
-343.412
-369.943
-397.469
-425.539
-453.63
-481.154
-507.467
-531.853
-553.565
-571.944
-586.458
-596.479
-601.411
-600.866
-594.579
-582.386
-563.953
-539.559
-509.884
-476.127
-439.812
-402.799
-367.364
-337.175
-318.442
-316.273
-329.369
-351.287
-369.448
-379.136
-381.276
-379.339
-375.596
-371.183
-366.289
-361.98
-359.135
-357.383
-143.773
-155.163
-161.838
-172.654
-183.817
-197.134
-212.089
-229.348
-248.499
-269.898
-293.458
-319.198
-346.971
-376.572
-407.714
-439.937
-472.67
-505.245
-536.921
-566.882
-594.258
-618.148
-637.68
-652.253
-661.178
-663.742
-659.346
-647.569
-628.235
-601.152
-566.749
-525.728
-479.308
-429.251
-378.788
-333.168
-300.93
-289.291
-300.194
-324.681
-351.071
-367.422
-376.431
-379.642
-378.261
-374.099
-368.684
-363.319
-359.628
-357.281
-130.82
-143.746
-150.53
-161.972
-173.3
-186.994
-202.43
-220.26
-240.278
-262.833
-287.913
-315.509
-345.65
-378.167
-412.817
-449.206
-486.765
-524.758
-562.362
-598.654
-632.605
-663.129
-689.151
-709.753
-723.992
-730.815
-729.692
-720.244
-701.684
-673.424
-635.122
-587.544
-531.904
-469.636
-402.844
-337.25
-286.69
-263.235
-267.802
-293.185
-329.458
-361.115
-380.938
-389.174
-388.77
-384.272
-377.887
-371.318
-366.435
-363.578
-118.175
-130.945
-138.131
-149.603
-160.94
-174.653
-190.157
-208.209
-228.615
-251.835
-277.963
-307.154
-339.362
-374.525
-412.471
-452.904
-495.311
-538.92
-582.818
-626.001
-667.362
-705.647
-739.528
-767.621
-788.769
-802.001
-806.316
-800.658
-784.4
-756.874
-717.257
-665.752
-602.922
-527.395
-441.677
-360.972
-295.941
-260.383
-251.682
-272.276
-312.597
-354.621
-383.286
-396.717
-399.385
-394.549
-387.667
-380.889
-376.192
-374.347
-106.95
-117.51
-125.595
-136.474
-147.526
-161.017
-176.176
-193.975
-214.32
-237.742
-264.471
-294.665
-328.417
-365.77
-406.637
-450.902
-498.045
-547.305
-597.724
-648.237
-697.667
-744.638
-787.582
-824.734
-854.65
-875.852
-887.063
-887.436
-875.824
-851.935
-815.133
-761
-690.519
-602.242
-506.524
-413.037
-339.768
-290.877
-275.159
-286.367
-316.4
-352.175
-379.08
-392.704
-395.497
-392.996
-388.439
-383.863
-381.02
-380.362
-101.635
-104.127
-113.145
-123.162
-133.899
-146.82
-161.393
-178.583
-198.443
-221.459
-248.112
-278.73
-313.447
-352.383
-395.617
-443.28
-494.913
-549.755
-606.752
-664.804
-722.802
-779.244
-832.154
-879.545
-919.786
-950.957
-971.712
-980.8
-976.369
-957.257
-924.627
-868.043
-792.139
-698.025
-599.385
-500.497
-418.554
-363.132
-335.052
-330.297
-343.08
-363.94
-381.27
-390.459
-391.645
-388.042
-384.274
-381.991
-381.359
-381.912
-115.737
-94.3921
-101.838
-110.645
-120.995
-133.35
-147.13
-163.392
-182.352
-204.806
-231.057
-261.502
-296.512
-336.423
-381.374
-431.646
-487.13
-547.061
-610.346
-675.95
-742.713
-809.036
-871.908
-929.782
-981.592
-1024.74
-1056.07
-1076.23
-1082.69
-1068.58
-1036.78
-987.124
-906.299
-815.524
-713.807
-618.909
-535.854
-471.343
-426.919
-402.539
-393.271
-393.275
-395.543
-395.273
-390.793
-385.052
-380.907
-379.628
-380.439
-381.858
62.9787
58.1158
55.6904
54.31
53.6872
53.562
53.837
54.531
55.6263
57.1287
59.1285
61.6578
64.6375
68.0934
72.0606
76.5151
81.4824
86.9671
92.9628
99.4783
106.481
113.897
121.64
129.89
138.574
147.41
156.292
165.343
174.383
183.211
191.741
199.868
207.389
214.039
219.623
223.874
226.441
226.996
225.213
220.68
212.91
201.434
185.734
165.182
139.212
107.213
68.6458
23.1465
-32.0949
-86.8686
59.4464
54.2843
52.3281
50.6053
49.5947
49.0332
48.9516
49.3695
50.22
51.5401
53.3104
55.5057
58.1903
61.3535
64.9918
69.0941
73.6814
78.7503
84.2828
90.2891
96.7489
103.661
110.837
118.147
125.822
133.818
141.762
149.608
157.415
164.994
172.099
178.613
184.361
189.088
192.563
194.548
194.669
192.583
187.971
180.421
169.395
154.419
134.977
110.46
80.2982
43.802
0.683101
-49.1294
-107.37
-163.708
54.5457
48.9084
47.7757
45.7391
44.5583
43.8227
43.5104
43.6565
44.3153
45.4433
47.0743
49.1259
51.6016
54.5493
57.9583
61.8146
66.1265
70.8747
76.041
81.6166
87.5694
93.8934
100.484
107.186
114.025
120.973
127.926
134.72
141.225
147.339
152.883
157.683
161.535
164.17
165.376
164.9
162.378
157.476
149.862
139.105
124.709
106.203
83.0995
54.8452
20.8946
-19.4092
-66.2316
-119.044
-177.693
-232.054
48.6557
42.5551
42.0098
39.676
38.4524
37.599
37.1667
37.1863
37.7115
38.7328
40.1948
42.1215
44.4837
47.281
50.5109
54.1706
58.2381
62.6951
67.5177
72.6749
78.1249
83.8882
89.9053
95.912
101.895
107.889
113.753
119.33
124.537
129.2
133.127
136.136
138.01
138.511
137.39
134.387
129.184
121.449
110.826
96.8977
79.246
57.436
31.0441
-0.380556
-37.3146
-80.3418
-129.52
-183.573
-241.089
-291.492
41.8698
35.3069
35.0406
32.4145
31.2254
30.3329
29.8306
29.8199
30.2191
31.0764
32.444
34.2223
36.4251
39.0433
42.0753
45.4943
49.2795
53.4121
57.853
62.5577
67.4586
72.5299
77.7781
83.093
88.3023
93.3265
98.1241
102.535
106.386
109.546
111.838
113.074
113.024
111.431
108.062
102.649
94.8856
84.4632
71.0452
54.2696
33.7838
9.24012
-19.7076
-53.4235
-92.2619
-136.651
-186.574
-240.55
-295.914
-340.833
34.2603
27.1638
26.8892
23.9981
22.7187
21.7189
21.2181
21.1704
21.5392
22.2792
23.4158
25.0003
27.0029
29.383
32.1333
35.2287
38.6502
42.3689
46.3468
50.5332
54.856
59.2957
63.8155
68.2749
72.5892
76.6761
80.3598
83.5409
86.099
87.8246
88.5437
88.0713
86.1833
82.6422
77.1983
69.5926
59.5545
46.8043
31.0493
11.9937
-10.6304
-37.0969
-67.6564
-102.566
-142.102
-186.565
-235.926
-288.612
-340.599
-378.727
25.1833
17.9667
17.447
14.3878
13.1217
12.0077
11.357
11.216
11.451
12.0674
13.0132
14.3279
16.006
18.0477
20.418
23.0959
26.0515
29.2649
32.6915
36.2881
39.9778
43.6889
47.4077
51.0614
54.4866
57.5811
60.233
62.2668
63.5214
63.8561
63.0888
61.0413
57.4972
52.2069
44.9598
35.5262
23.6476
9.09261
-8.36486
-28.9478
-52.8645
-80.2966
-111.412
-146.4
-185.506
-229.039
-276.647
-326.755
-374.522
-404.809
14.8736
7.56537
6.78609
3.50549
2.23584
1.11598
0.320389
-0.0415814
-0.0315878
0.271522
0.936367
1.93467
3.24841
4.84434
6.74108
8.89821
11.3048
13.9282
16.7241
19.6616
22.6727
25.7146
28.6784
31.4102
33.8982
36.0549
37.6572
38.5713
38.6733
37.7757
35.7035
32.273
27.2905
20.5732
11.9102
1.08931
-12.0811
-27.7869
-46.2089
-67.5155
-91.8402
-119.308
-150.011
-184.057
-221.662
-263.25
-308.512
-355.15
-397.691
-420.112
2.4547
-4.28754
-5.22856
-8.56497
-9.88614
-11.1197
-12.0504
-12.7559
-13.0518
-13.0339
-12.7197
-12.1628
-11.3475
-10.2513
-8.92082
-7.36136
-5.57784
-3.60892
-1.48974
0.743555
3.02276
5.26232
7.43372
9.42613
11.0656
12.261
12.9209
12.8691
11.9326
9.95918
6.78585
2.26438
-3.77822
-11.5425
-21.1771
-32.8356
-46.6928
-62.8911
-81.5547
-102.793
-126.703
-153.347
-182.767
-215.053
-250.364
-288.985
-331.077
-373.774
-410.944
-426.752
-11.5403
-17.4808
-18.5126
-21.8344
-23.2374
-24.8101
-25.9622
-26.8596
-27.5585
-27.93
-28.1281
-28.0662
-27.7818
-27.3082
-26.6142
-25.702
-24.6068
-23.3359
-21.9269
-20.4204
-18.8606
-17.2904
-15.8453
-14.6848
-13.8482
-13.4355
-13.6153
-14.513
-16.2614
-19.0249
-22.9565
-28.2183
-34.9661
-43.3125
-53.399
-65.3682
-79.3253
-95.3666
-113.585
-134.059
-156.831
-181.938
-209.374
-239.137
-271.408
-306.584
-344.224
-382.325
-415.021
-427.325
-26.929
-32.2516
-33.1061
-36.2712
-37.7852
-39.5399
-41.0697
-42.2677
-43.3917
-44.3459
-45.0616
-45.6408
-46.0359
-46.2298
-46.2256
-46.0389
-45.6711
-45.1265
-44.4425
-43.6589
-42.83
-42.0327
-41.2916
-40.7028
-40.4474
-40.661
-41.4597
-42.9391
-45.2362
-48.5091
-52.897
-58.515
-65.4859
-73.9586
-84.0228
-95.7547
-109.248
-124.571
-141.773
-160.883
-181.923
-204.881
-229.726
-256.426
-284.936
-315.824
-347.992
-379.804
-406.385
-418.246
-43.3849
-47.9647
-48.813
-51.7849
-53.4252
-55.514
-57.3678
-59.1453
-60.6806
-62.2374
-63.6899
-64.9499
-66.0622
-67.0096
-67.7652
-68.3361
-68.7123
-68.9103
-68.9439
-68.8378
-68.6374
-68.3883
-68.2203
-68.26
-68.5405
-69.1431
-70.246
-72.0155
-74.5551
-77.9722
-82.3865
-87.9388
-94.756
-102.897
-112.444
-123.483
-136.052
-150.173
-165.864
-183.132
-201.951
-222.285
-244.04
-267.052
-291.62
-317.285
-342.73
-365.435
-381.13
-391.767
-60.7269
-64.7336
-65.4132
-68.2881
-70.0034
-72.4425
-74.6909
-76.9934
-79.2734
-81.4563
-83.5815
-85.7111
-87.6768
-89.4392
-91.0396
-92.4182
-93.5836
-94.5354
-95.2763
-95.8311
-96.2472
-96.5893
-96.8806
-97.1795
-97.6352
-98.4342
-99.6614
-101.382
-103.754
-106.93
-111.031
-116.142
-122.338
-129.733
-138.385
-148.316
-159.551
-172.095
-185.931
-201.009
-217.276
-234.631
-252.899
-272.098
-292.033
-311.801
-330.03
-343.745
-349.428
-355.413
-78.5493
-81.7581
-82.492
-85.3282
-87.3355
-90.1071
-92.9745
-95.8291
-98.8433
-101.889
-104.925
-107.884
-110.74
-113.465
-115.955
-118.202
-120.195
-121.907
-123.34
-124.496
-125.393
-126.068
-126.636
-127.228
-127.838
-128.506
-129.427
-130.787
-132.693
-135.254
-138.581
-142.807
-148.054
-154.345
-161.718
-170.224
-179.858
-190.577
-202.319
-215.02
-228.563
-242.807
-257.578
-272.955
-288.141
-302.145
-313.846
-321.801
-326.689
-329.007
-96.4288
-98.7721
-99.5586
-102.475
-104.773
-108.048
-111.472
-115.163
-119.01
-122.958
-126.969
-130.998
-134.921
-138.661
-142.168
-145.4
-148.295
-150.831
-152.988
-154.761
-156.158
-157.229
-157.986
-158.455
-158.768
-159.109
-159.572
-160.225
-161.225
-162.76
-164.989
-168.019
-171.903
-176.744
-182.598
-189.45
-197.274
-206.019
-215.616
-225.945
-236.87
-248.201
-259.825
-271.478
-282.63
-292.433
-299.81
-303.882
-308.745
-310.189
-113.68
-115.131
-116.061
-119.207
-121.931
-125.907
-130.034
-134.566
-139.407
-144.501
-149.693
-154.854
-159.955
-164.882
-169.537
-173.838
-177.737
-181.171
-184.097
-186.476
-188.282
-189.518
-190.28
-190.687
-190.76
-190.524
-190.105
-189.713
-189.545
-189.74
-190.436
-191.804
-194.039
-197.193
-201.268
-206.295
-212.246
-219.043
-226.565
-234.705
-243.331
-252.174
-261.108
-269.897
-277.97
-284.512
-288.792
-292.313
-294.355
-295.975
-129.712
-130.288
-131.463
-134.872
-138.14
-142.797
-147.892
-153.468
-159.475
-165.736
-172.217
-178.757
-185.207
-191.513
-197.529
-203.116
-208.192
-212.677
-216.491
-219.582
-221.921
-223.499
-224.311
-224.389
-223.787
-222.691
-221.275
-219.631
-217.896
-216.312
-215.144
-214.619
-214.847
-215.97
-218.095
-221.213
-225.273
-230.183
-235.864
-242.239
-248.876
-255.599
-262.417
-268.935
-274.687
-278.98
-281.602
-284.03
-285.327
-286.438
-143.509
-143.522
-145.192
-148.969
-152.983
-158.536
-164.578
-171.332
-178.616
-186.377
-194.327
-202.375
-210.435
-218.331
-225.902
-232.99
-239.46
-245.184
-250.067
-254.022
-256.955
-258.796
-259.549
-259.341
-258.272
-256.327
-253.605
-250.324
-246.776
-243.196
-239.798
-236.83
-234.655
-233.505
-233.442
-234.5
-236.666
-239.907
-244.152
-248.927
-253.812
-258.967
-264.094
-268.713
-272.36
-274.856
-277.324
-278.464
-279.496
-280.073
-154.49
-154.23
-156.647
-160.961
-165.695
-172.277
-179.415
-187.472
-196.247
-205.515
-215.164
-225.038
-234.911
-244.63
-254.024
-262.913
-271.082
-278.343
-284.574
-289.646
-293.429
-295.848
-296.876
-296.498
-294.702
-291.605
-287.51
-282.577
-276.953
-270.89
-264.779
-259.09
-254.131
-250.197
-247.582
-246.408
-246.681
-248.342
-251.174
-254.608
-258.511
-262.677
-266.281
-268.952
-270.725
-272.367
-273.648
-274.706
-275.566
-275.885
-161.635
-162.16
-165.255
-170.335
-175.907
-183.599
-192.013
-201.436
-211.766
-222.824
-234.362
-246.18
-258.155
-270.028
-281.567
-292.57
-302.763
-311.919
-319.861
-326.386
-331.338
-334.56
-335.905
-335.409
-333.202
-329.388
-323.955
-317.063
-309.06
-300.342
-291.283
-282.228
-273.746
-266.475
-260.81
-256.998
-255.099
-255.063
-256.807
-259.674
-263.213
-266.47
-268.574
-269.72
-270.191
-270.744
-271.538
-272.416
-273.133
-273.407
-164.996
-166.916
-170.801
-176.618
-183.237
-192.1
-201.619
-212.623
-224.614
-237.424
-251.01
-265.077
-279.405
-293.715
-307.776
-321.283
-333.931
-345.43
-355.499
-363.926
-370.501
-375.015
-377.307
-377.28
-374.887
-370.153
-363.303
-354.597
-344.262
-332.561
-319.877
-306.93
-294.44
-283.014
-273.386
-266.171
-261.597
-259.885
-260.878
-263.837
-267.37
-269.815
-271.053
-271.207
-271.119
-270.886
-270.992
-271.363
-271.759
-272.018
-164.029
-168.118
-172.832
-179.71
-187.291
-197.476
-208.189
-220.621
-234.323
-249.095
-264.73
-281.116
-298.038
-315.116
-332.047
-348.469
-364.043
-378.402
-391.178
-402.073
-410.816
-417.116
-420.729
-421.459
-419.285
-414.325
-406.553
-396.088
-383.207
-368.315
-352.006
-334.761
-317.233
-300.503
-285.769
-273.98
-265.659
-261.56
-261.659
-265.18
-269.567
-272.548
-273.673
-273.694
-272.987
-271.998
-271.101
-270.558
-270.316
-270.353
-159.426
-165.676
-171.231
-179.318
-188.036
-199.413
-211.257
-225.231
-240.505
-257.111
-274.94
-293.773
-313.366
-333.426
-353.575
-373.347
-392.344
-410.125
-426.223
-440.23
-451.773
-460.535
-466.229
-468.575
-467.363
-462.504
-453.984
-442.06
-427.005
-409.16
-388.783
-366.465
-343.292
-320.398
-299.084
-280.767
-266.677
-258.338
-257.355
-262.172
-268.816
-273.571
-275.327
-275.196
-273.931
-272.149
-270.353
-269.015
-268.254
-267.938
-151.223
-160.127
-166.265
-175.558
-185.462
-197.754
-210.746
-226.176
-243.011
-261.393
-281.287
-302.553
-324.936
-348.119
-371.698
-395.208
-418.113
-439.873
-459.958
-477.826
-492.98
-505.021
-513.525
-518.024
-518.286
-514.259
-506.014
-493.379
-476.483
-455.541
-431.186
-404.117
-374.839
-344.496
-314.714
-287.526
-265.312
-251.788
-248.847
-254.133
-263.171
-270.399
-273.913
-274.147
-272.828
-270.869
-268.804
-267.049
-265.923
-265.132
-141.047
-151.696
-158.503
-168.732
-179.586
-192.494
-206.746
-223.423
-241.513
-261.611
-283.535
-307.14
-332.238
-358.587
-385.772
-413.294
-440.517
-466.803
-491.526
-514.018
-533.653
-549.838
-562.014
-569.781
-572.696
-570.469
-562.947
-550.127
-531.993
-508.881
-481.149
-449.028
-413.018
-374.606
-335.633
-298.017
-265.809
-244.33
-237.396
-241.101
-251.696
-261.851
-268.603
-272.067
-272.765
-271.499
-269.41
-267.378
-265.906
-264.754
-129.144
-141.432
-148.521
-159.696
-170.957
-184.347
-199.492
-216.837
-236.18
-257.772
-281.494
-307.29
-335.028
-364.464
-395.27
-426.957
-458.827
-490.123
-520.047
-547.883
-572.833
-594.132
-611.137
-623.155
-629.486
-629.863
-624.235
-612.424
-594.394
-569.854
-538.791
-502.087
-460.726
-415.129
-365.915
-315.282
-271.29
-241.982
-229.329
-230.558
-240.918
-255.424
-266.391
-272.957
-275.373
-274.671
-272.577
-270.165
-268.386
-267.209
-117.536
-129.715
-137.219
-148.568
-160.011
-173.71
-189.189
-207.122
-227.194
-249.94
-275.141
-302.894
-333.059
-365.459
-399.822
-435.709
-472.449
-509.064
-544.691
-578.475
-609.578
-637.055
-659.917
-677.29
-688.477
-692.988
-690.377
-680.423
-663.201
-638.381
-606.045
-566.477
-520.121
-466.733
-406.029
-346.844
-293.164
-255.384
-232.975
-228.266
-237.74
-252.687
-265.805
-274.463
-277.882
-277.512
-275.277
-272.963
-271.51
-270.89
-107.043
-117.202
-125.488
-136.452
-147.763
-161.452
-176.811
-194.783
-215.348
-238.744
-264.899
-294.113
-326.318
-361.466
-399.21
-439.233
-480.879
-523.084
-564.761
-605.041
-643.048
-677.623
-707.406
-731.428
-748.678
-758.288
-759.802
-753.036
-737.985
-715.226
-683.729
-641.644
-589.559
-527.411
-460.64
-394.05
-337.18
-291.139
-261.967
-250.14
-250.516
-258.109
-266.576
-272.983
-275.686
-275.207
-274.08
-272.813
-272.209
-272.305
-102.357
-104.584
-113.689
-123.888
-134.914
-148.264
-163.305
-180.997
-201.405
-224.839
-251.452
-281.507
-315.153
-352.542
-393.391
-437.316
-483.932
-531.822
-579.874
-627.014
-672.485
-714.968
-752.625
-784.509
-809.243
-825.421
-832.773
-831.053
-819.561
-798.115
-768.092
-722.411
-665.434
-596.787
-527.719
-460.174
-399.118
-348.755
-314.972
-293.404
-282.491
-278.236
-277.801
-277.658
-275.956
-273.7
-271.913
-271.324
-271.506
-272.231
-116.748
-95.5742
-102.949
-111.974
-122.751
-135.527
-150.045
-167.049
-187.077
-210.108
-236.488
-266.876
-301.449
-340.358
-383.754
-430.902
-481.501
-534.792
-589.501
-644.028
-697.249
-747.71
-793.754
-834.328
-867.929
-891.65
-906.497
-911.913
-904.923
-883.497
-853.284
-809.549
-746.976
-679.071
-608.108
-539.804
-478.953
-427.035
-384.23
-351.469
-327.958
-311.447
-299.165
-289.557
-281.645
-275.403
-271.799
-270.901
-271.507
-272.504
-97.1595
-83.0636
-91.3617
-101.369
-112.426
-124.723
-138.909
-155.605
-174.594
-196.885
-223.395
-254.686
-290.553
-331.439
-378.111
-429.913
-485.304
-544.992
-608.333
-672.831
-735.534
-794.999
-850.234
-899.397
-941.371
-974.118
-996.349
-1008.78
-1006.32
-990.718
-947.776
-889.383
-823.077
-752.203
-678.146
-609.491
-545.088
-488.877
-440.751
-401.457
-369.789
-344.725
-324.267
-307.101
-292.571
-281.199
-274.169
-271.607
-272.66
-273.946
-84.4561
-82.6006
-88.3461
-97.02
-107.756
-120.065
-134.788
-152.555
-173.254
-197.993
-227.425
-262.013
-302.061
-348.318
-401.818
-461.544
-526.03
-594.024
-665.342
-738.422
-809.99
-878.023
-941.1
-997.924
-1044.44
-1078.57
-1098.73
-1104.09
-1088.84
-1050.06
-997.392
-934.321
-865.661
-793.642
-721.083
-651.187
-588.113
-531.959
-482.641
-439.591
-402.884
-371.847
-345.68
-323.592
-305.215
-290.605
-280.283
-275.319
-275.006
-277.045
-75.7104
-82.1131
-88.3473
-96.6826
-107.214
-120.243
-136.86
-157.305
-181.959
-210.689
-244.268
-284.234
-331.777
-387.353
-449.886
-518.162
-592.207
-671.274
-753.353
-835.828
-915.573
-990.211
-1058.44
-1117.27
-1163.1
-1191.64
-1201.12
-1186.73
-1154.3
-1106.73
-1047.89
-981.043
-909.84
-837.158
-766.719
-697.664
-632.873
-573.293
-519.62
-472.04
-430.363
-394.522
-364.076
-338.57
-317.584
-300.909
-288.603
-281.112
-278.762
-282.175
-69.7312
-78.1936
-86.0494
-95.397
-107.148
-122.007
-140.634
-163.377
-191.102
-224.262
-263.734
-311.669
-368.11
-432.454
-504.872
-586.062
-674.609
-768.088
-862.631
-953.929
-1040.8
-1119.87
-1190.63
-1249.24
-1289.01
-1303.32
-1293.04
-1264.74
-1221.63
-1166.43
-1102.05
-1032.37
-958.771
-883.917
-809.235
-737.417
-668.879
-605.665
-547.962
-496.172
-450.46
-410.856
-377.309
-349.501
-326.981
-309.324
-296.15
-287.51
-284.212
-287.168
-63.4858
-71.8132
-80.9133
-91.8151
-104.862
-121.082
-141.411
-166.624
-198.115
-236.612
-282.801
-337.561
-402.327
-478.465
-566.56
-665.641
-771.46
-878.939
-984.113
-1084.41
-1178.32
-1264.48
-1335.55
-1384.98
-1404.39
-1400.97
-1377.39
-1337.84
-1285.31
-1223.04
-1152.72
-1078.12
-1000.04
-920.815
-842.619
-766.906
-694.969
-627.781
-566.511
-511.381
-462.437
-420.113
-384.412
-355.067
-331.599
-313.504
-300.26
-291.65
-288.161
-289.182
-55.0095
-63.6123
-73.2081
-84.6152
-98.4085
-115.89
-137.955
-166.608
-202.436
-246.091
-298.22
-360.405
-437.088
-530.865
-639.513
-757.509
-879.344
-1000.37
-1117.79
-1229.9
-1333.15
-1418.89
-1475.1
-1500.48
-1502.01
-1483.87
-1448.77
-1398.62
-1338
-1268.18
-1191.87
-1111.17
-1028.82
-945.231
-863.176
-784.087
-708.808
-638.536
-574.268
-516.602
-465.388
-421.078
-383.948
-353.693
-329.75
-311.573
-298.576
-290.428
-287.084
-286.932
-45.1582
-53.1417
-62.5998
-73.5135
-87.2539
-105.912
-129.994
-162.481
-202.144
-249.823
-309.326
-384.614
-479.702
-593.629
-722.444
-859.478
-998.423
-1136.24
-1269.29
-1389.98
-1488.42
-1550.39
-1583.71
-1591.37
-1578.33
-1547.15
-1501.71
-1442.55
-1373.55
-1297.35
-1215.13
-1129.76
-1042.93
-955.904
-870.293
-788.128
-710.273
-637.499
-571.225
-511.736
-458.936
-413.607
-375.748
-345.048
-320.918
-302.748
-289.913
-281.869
-278.594
-278.162
-33.6682
-39.6013
-47.4694
-57.7095
-71.541
-91.719
-118.106
-151.517
-194.29
-249.486
-320.65
-412.421
-526.662
-662.146
-813.172
-971.428
-1132.02
-1287.04
-1427.32
-1533.14
-1602.93
-1644.47
-1660.08
-1654.36
-1628.74
-1588.08
-1533.29
-1467.2
-1391.33
-1309.83
-1223.07
-1133.33
-1042.86
-952.724
-864.377
-779.698
-699.612
-625.304
-557.643
-496.946
-443.517
-397.961
-360.12
-329.424
-305.323
-287.216
-274.437
-266.437
-262.77
-261.8
-17.3408
-21.4311
-27.9138
-38.1573
-52.1152
-70.8269
-97.045
-132.574
-180.52
-244.947
-329.057
-438.153
-574.109
-733.215
-910.031
-1093.18
-1273.52
-1427.5
-1540.91
-1622.62
-1674.13
-1700.93
-1704.13
-1688.84
-1653.68
-1603.22
-1545.87
-1474.01
-1392.9
-1306.72
-1216.3
-1123.47
-1030.04
-937.415
-847.033
-760.37
-678.91
-603.615
-535.183
-474.293
-421.419
-376.451
-339.029
-308.656
-284.752
-266.67
-253.749
-245.465
-241.432
-239.715
3.03337
-0.0721408
-3.71675
-11.0065
-23.3338
-41.0611
-66.6479
-103.429
-155.651
-228.11
-325.687
-453.311
-614.444
-800.471
-1003.54
-1205.31
-1371.75
-1501.66
-1596.55
-1665.16
-1705.49
-1721.21
-1718.24
-1695.64
-1657.41
-1603.94
-1539.57
-1465.16
-1381.75
-1292.13
-1199.04
-1103.7
-1007.73
-913.031
-821.066
-733.451
-651.542
-576.147
-508.104
-448.04
-396.089
-352.007
-315.324
-285.494
-261.906
-243.887
-230.772
-222.071
-217.318
-215.026
27.8754
28.1734
27.1359
23.742
15.3839
1.23168
-21.3586
-56.8291
-111.265
-191.541
-303.335
-451.368
-633.226
-839.338
-1052.5
-1246.22
-1400.5
-1517.79
-1603.17
-1664.68
-1703.62
-1717.15
-1710.37
-1686.79
-1648.41
-1593.14
-1525.26
-1448.8
-1363.95
-1271.82
-1176.11
-1078.71
-980.97
-884.787
-791.964
-704.088
-622.334
-547.62
-480.659
-421.855
-371.233
-328.403
-292.803
-263.833
-240.815
-223.013
-209.798
-200.765
-195.533
-192.799
55.1348
61.1736
65.929
69.2893
68.1783
60.7094
42.3962
8.50528
-47.5543
-134.215
-255.752
-414.178
-603.744
-815.814
-1033.38
-1222.13
-1371.21
-1486.59
-1574.89
-1639.32
-1681.16
-1700.24
-1697.6
-1674.67
-1637.18
-1583.27
-1513.04
-1433.6
-1347.42
-1253.69
-1155.87
-1056.89
-958.087
-860.817
-767.081
-678.87
-597.559
-523.893
-458.285
-400.982
-351.849
-310.38
-275.921
-247.799
-225.308
-207.771
-194.688
-185.727
-180.443
-177.485
86.5754
100.254
114.091
125.903
133.731
135.012
122.172
89.193
33.0959
-52.4054
-173.962
-335.695
-525.785
-733.426
-949.943
-1143.45
-1304.78
-1436.14
-1540.68
-1616.69
-1666.25
-1691.82
-1693.53
-1672.6
-1634.8
-1582.96
-1515.18
-1435.15
-1347.26
-1252.73
-1152.83
-1050.49
-948.616
-849.165
-753.973
-664.964
-583.572
-510.436
-445.743
-389.477
-341.375
-300.88
-267.283
-239.895
-218.079
-201.271
-188.955
-180.726
-175.931
-173.201
123.903
146.223
169.162
189.233
203.181
208.913
202.471
178.456
129.974
45.2089
-72.8128
-235.033
-428.549
-635.387
-850.991
-1063.67
-1250.97
-1404.53
-1527.04
-1619.55
-1681.74
-1715.73
-1723.76
-1708.25
-1671.71
-1618.83
-1550.17
-1468.13
-1376.58
-1277.82
-1173.23
-1065.76
-958.937
-855.52
-757.478
-666.469
-583.758
-509.927
-445.012
-388.829
-341.031
-301.024
-268.062
-241.403
-220.371
-204.379
-192.917
-185.373
-181.082
-178.624
152.844
176.32
201.51
225.524
247.025
260.862
261.07
238.111
195.924
116.336
-5.14286
-161.829
-360.357
-583.128
-814.032
-1041.48
-1249.09
-1424.43
-1563.93
-1668.92
-1740.79
-1781.59
-1793.73
-1781.02
-1744.15
-1687.83
-1615.12
-1529.23
-1433.26
-1329.21
-1219.13
-1106.05
-993.58
-884.955
-782.405
-687.527
-601.54
-525.158
-458.476
-401.226
-352.929
-312.893
-280.293
-254.269
-233.943
-218.468
-207.123
-199.415
-194.913
-192.393
159.456
187.407
216.7
245.276
270.401
286.367
290.246
268.763
230.942
148.404
21.8193
-142.32
-352.795
-590.951
-838.562
-1082.38
-1306.1
-1496.52
-1647.88
-1761.66
-1840.4
-1888.05
-1904.53
-1891.12
-1851.96
-1791.16
-1712.99
-1620.65
-1518.11
-1407.88
-1291.73
-1172.21
-1052.93
-937.512
-828.515
-727.682
-636.409
-555.651
-485.727
-426.347
-376.808
-336.144
-303.304
-277.299
-257.215
-242.16
-231.315
-224.104
-220.132
-218.058
137.321
163.158
190.604
217.598
240.718
256.38
260.045
244.055
205.442
121.505
-3.09794
-175.563
-396.71
-644.368
-910.507
-1172.31
-1408.39
-1605.84
-1762.34
-1880.97
-1960.78
-2006
-2020.5
-2006.31
-1967.28
-1906.68
-1827.73
-1733.05
-1625.88
-1509.87
-1388.11
-1262.77
-1136.55
-1013.11
-895.787
-786.741
-687.869
-600.55
-525.362
-462.081
-409.903
-367.633
-333.927
-307.507
-287.328
-272.559
-262.43
-256.28
-253.519
-252.173
98.2647
116.536
135.374
153.986
170.098
181.149
182.469
166.143
122.195
42.9066
-75.9881
-242.51
-454.377
-703.163
-973.577
-1242.96
-1489.23
-1686.58
-1845.3
-1965.89
-2046.14
-2093.62
-2110.64
-2098.61
-2061.34
-2002.23
-1924.61
-1831.69
-1726.33
-1611
-1488.18
-1360.79
-1231.7
-1103.42
-978.971
-861.773
-754.407
-658.982
-576.624
-507.442
-450.759
-405.452
-370.014
-342.859
-322.589
-308.112
-298.58
-293.285
-291.561
-290.761
65.9622
75.7642
86.1163
95.4673
101.689
102.798
95.3073
74.8108
33.8707
-35.5234
-143.981
-297.563
-495.202
-730.998
-995.146
-1268.14
-1518.32
-1724.04
-1893.67
-2016.47
-2102.4
-2158.14
-2177.09
-2168.04
-2133.9
-2077.43
-2002.43
-1912.05
-1809.42
-1696.62
-1575.75
-1449.64
-1320.63
-1190.96
-1063.25
-940.888
-827.224
-724.697
-635.27
-559.745
-497.809
-448.374
-410.043
-381.161
-360.09
-345.448
-336.184
-331.58
-330.994
-330.608
37.3261
41.4083
45.3214
47.2995
45.6619
38.8869
24.267
-1.1087
-42.1616
-105.166
-199.129
-333.103
-509.508
-723.705
-968.566
-1230.14
-1483.87
-1703.48
-1880.97
-2016.43
-2115.73
-2179.14
-2206.15
-2204.34
-2177.3
-2125.19
-2054.98
-1969.29
-1870.14
-1761.09
-1643.73
-1520.48
-1393.51
-1264.8
-1136.96
-1012.77
-895.561
-788.415
-693.448
-612.453
-545.666
-492.237
-450.766
-419.607
-397.066
-381.623
-372.081
-367.611
-367.635
-368.083
12.9117
13.1839
12.7088
9.61506
2.79931
-8.99011
-27.9435
-56.0165
-96.5151
-154.528
-236.882
-351.297
-499.742
-680.988
-898.982
-1141.02
-1386.61
-1616.85
-1809.15
-1961.5
-2075.37
-2151.46
-2191.79
-2202.15
-2184.19
-2140.34
-2077.12
-1998.62
-1904.74
-1800.1
-1687.71
-1568.68
-1445.19
-1319.29
-1193.25
-1069.82
-951.786
-842.485
-744.529
-659.672
-588.867
-531.765
-487.169
-453.621
-429.386
-412.808
-402.559
-397.85
-398.222
-399.173
-8.31408
-10.1995
-13.5231
-19.3614
-28.9819
-43.251
-63.9796
-92.6557
-131.237
-184.116
-256.216
-352.653
-476.013
-628.893
-813.505
-1023.28
-1244.48
-1466.97
-1675.91
-1848.98
-1981.77
-2075.03
-2132.8
-2158.15
-2152.77
-2120.82
-2067.84
-1997.44
-1910.88
-1812.86
-1705.82
-1591.99
-1473.22
-1351.32
-1228.6
-1107.4
-990.577
-881.317
-782.621
-696.126
-622.762
-562.815
-515.744
-480.007
-454.042
-436.209
-424.97
-419.266
-418.941
-419.849
-26.4418
-30.8185
-35.9566
-42.8312
-53.0684
-68.3042
-89.4933
-117.839
-154.339
-202.216
-264.401
-344.73
-446.994
-574.543
-729.121
-907.227
-1100.67
-1298.22
-1493.61
-1679.04
-1836.36
-1951.23
-2029.43
-2072.67
-2083.63
-2066.33
-2026.15
-1965.65
-1888.59
-1798.4
-1698.23
-1590.08
-1476.69
-1359.69
-1241.08
-1123.54
-1009.41
-901.779
-803.972
-717.485
-643.466
-582.38
-533.789
-496.551
-469.149
-449.903
-437.285
-430.504
-429.022
-429.803
-39.8957
-46.1611
-53.3808
-61.9559
-72.9629
-87.7588
-107.639
-134.198
-168.712
-212.517
-267.247
-335.24
-419.965
-524.793
-652.504
-801.689
-967.275
-1140.94
-1314.65
-1483.95
-1643.45
-1783.43
-1885.6
-1949.06
-1978.91
-1978.76
-1952.5
-1904.19
-1838.06
-1757.47
-1664.93
-1563.48
-1456.1
-1344.09
-1230.42
-1117.21
-1007.29
-903.113
-807.672
-723.127
-650.15
-589.427
-540.639
-502.764
-474.303
-453.667
-439.597
-431.383
-428.808
-430.321
-50.7419
-57.7184
-65.6583
-75.2552
-86.9247
-101.59
-120.208
-144.477
-175.93
-215.454
-264.383
-323.622
-395.563
-482.482
-586.927
-709.775
-848.512
-998.276
-1151.89
-1303.03
-1448.21
-1584.72
-1703.59
-1792.34
-1842.76
-1861.33
-1851.09
-1816.92
-1762.1
-1691.58
-1607.31
-1513.67
-1412.03
-1305.75
-1197.1
-1089.21
-984.33
-885.022
-794.049
-713.092
-643.029
-584.231
-536.546
-499.036
-470.254
-448.741
-433.318
-423.538
-420.685
-424.575
-59.9608
-67.2705
-75.0189
-84.3442
-95.5773
-109.82
-127.503
-149.817
-177.982
-212.953
-256.049
-308.064
-370.249
-444.437
-531.422
-631.837
-745.723
-871.298
-1004.58
-1139.61
-1270.87
-1394.14
-1507.17
-1607.16
-1681.9
-1719.38
-1726.8
-1707.54
-1665.7
-1604.39
-1529.2
-1442.72
-1347.37
-1246.32
-1143.26
-1040.79
-941.67
-848.772
-763.82
-688.609
-623.272
-568.167
-523.057
-487.045
-458.89
-437.348
-421.528
-411.278
-407.454
-413.998
-67.1964
-74.9327
-82.0871
-90.4155
-100.531
-113.475
-130.036
-150.477
-175.725
-206.624
-243.978
-288.79
-342.36
-405.945
-479.716
-563.659
-657.636
-761.245
-873.391
-991.343
-1109.62
-1222.34
-1326.68
-1421.33
-1504.26
-1562.19
-1587.13
-1582.95
-1553.98
-1503.64
-1435.9
-1354.97
-1265.62
-1169.65
-1071.53
-974.405
-881.775
-795.705
-718.552
-650.836
-592.422
-543.099
-502.369
-469.306
-442.822
-422.193
-407.173
-398.406
-396.212
-400.746
-74.0701
-79.8206
-85.5666
-93.2245
-102.98
-114.87
-129.725
-147.855
-170.333
-197.615
-229.908
-268.203
-313.636
-367.363
-429.911
-501.321
-581.015
-668.208
-762.269
-862.108
-965.52
-1068.69
-1165.78
-1254.94
-1333.95
-1398.88
-1440.92
-1454.86
-1439.24
-1400.06
-1339.89
-1263.88
-1175.3
-1082.66
-988.06
-895.265
-807.713
-729.324
-660.839
-602.284
-552.813
-511.462
-477.112
-448.546
-424.986
-406.386
-393.724
-387.921
-389.152
-391.741
-83.5674
-80.9976
-86.4503
-94.5323
-104.676
-116.22
-129.906
-146.226
-165.704
-188.923
-216.596
-250.057
-289.633
-335.384
-388.054
-448.388
-516.575
-592.517
-674.531
-760.891
-850.503
-940.7
-1028.07
-1109.63
-1183.63
-1246.44
-1295.55
-1325.42
-1330.95
-1303.65
-1252.41
-1180.98
-1096.32
-1000.09
-900.849
-806.278
-723.827
-652.181
-592.356
-543.929
-505.595
-474.904
-449.456
-427.498
-408.394
-393.14
-384.314
-381.88
-383.748
-385.758
-96.3707
-81.6359
-89.9714
-99.5658
-110.071
-121.813
-135.18
-150.86
-168.965
-190.391
-215.776
-246.202
-282.062
-323.303
-370.231
-423.35
-483.052
-549.369
-621.287
-697.094
-774.988
-852.683
-927.886
-998.101
-1061.41
-1116.92
-1161.33
-1192.23
-1211.3
-1208.92
-1167.42
-1101.64
-1019.55
-923.522
-823.035
-729.522
-644.363
-572.174
-517.192
-478.634
-453.047
-435.591
-421.836
-408.641
-396.042
-385.447
-379.536
-379.338
-380.95
-382.498
63.0609
59.6466
58.0441
57.3216
57.2779
57.6463
58.2423
59.247
60.6549
62.5355
64.9482
67.8892
71.3416
75.2952
79.7655
84.7498
90.2751
96.3453
102.953
110.089
117.709
125.792
134.422
143.599
153.036
162.654
172.549
182.619
192.683
202.663
212.493
222.022
231.048
239.389
246.816
253.049
257.795
260.745
261.555
259.811
255.091
246.953
234.895
218.345
196.745
169.472
135.894
95.2199
46.1991
-1.96638
61.9409
61.0822
60.7994
60.9812
61.6039
62.5681
63.7932
65.3256
67.2495
69.6377
72.5446
75.9994
79.966
84.4472
89.4578
95.0243
101.172
107.897
115.187
123.02
131.379
140.272
149.7
159.596
169.869
180.449
191.299
202.353
213.509
224.669
235.739
246.594
257.076
267.007
276.17
284.322
291.187
296.472
299.83
300.87
299.202
294.413
286.029
273.522
256.358
233.93
205.618
170.574
127.953
86.7644
62.7302
63.3235
64.1487
65.1941
66.499
68.0866
69.9378
72.0381
74.4624
77.3454
80.774
84.754
89.2785
94.3519
99.9827
106.204
113.031
120.466
128.491
137.085
146.245
155.963
166.212
176.948
188.12
199.67
211.543
223.675
235.979
248.366
260.737
272.97
284.931
296.467
307.386
317.468
326.465
334.092
340.019
343.891
345.344
343.966
339.308
330.907
318.277
300.845
278.032
249.35
214.226
180.87
65.1658
66.4974
68.1142
69.9387
71.9186
74.0866
76.4706
79.1151
82.105
85.528
89.4734
93.9769
99.0752
104.77
111.065
117.969
125.492
133.647
142.422
151.806
161.79
172.359
183.487
195.139
207.273
219.842
232.793
246.063
259.579
273.26
287.006
300.699
314.22
327.435
340.179
352.262
363.453
373.479
382.026
388.762
393.327
395.337
394.396
390.088
381.959
369.495
352.253
329.677
301.253
276.132
68.7807
70.5629
72.7287
75.1625
77.7454
80.4506
83.3519
86.531
90.0672
94.0337
98.5182
103.577
109.258
115.581
122.547
130.144
138.386
147.284
156.839
167.039
177.873
189.321
201.363
213.969
227.105
240.732
254.804
269.264
284.048
299.078
314.255
329.472
344.622
359.582
374.217
388.36
401.79
414.246
425.432
435.035
442.725
448.138
450.904
450.645
446.96
439.409
427.555
411.056
389.673
371.523
73.3351
75.414
77.9769
80.8276
83.8908
87.1023
90.5199
94.2299
98.2973
102.803
107.833
113.465
119.739
126.691
134.32
142.623
151.602
161.266
171.614
182.642
194.332
206.667
219.635
233.215
247.384
262.105
277.337
293.028
309.115
325.524
342.166
358.954
375.787
392.556
409.14
425.38
441.07
455.96
469.766
482.19
492.894
501.54
507.824
511.418
511.935
508.93
502.043
490.843
475.103
462.821
78.689
80.9667
83.7685
86.8669
90.2638
93.9303
97.8588
102.097
106.684
111.709
117.268
123.457
130.325
137.897
146.186
155.191
164.906
175.331
186.467
198.312
210.855
224.087
237.997
252.573
267.792
283.624
300.026
316.949
334.339
352.13
370.255
388.633
407.172
425.768
444.301
462.616
480.516
497.756
514.065
529.148
542.707
554.485
564.205
571.492
575.923
577.115
574.713
568.463
558.378
550.85
84.7183
87.0183
89.8479
93.0919
96.7513
100.809
105.21
109.94
115.024
120.552
126.639
133.378
140.833
149.021
157.962
167.653
178.086
189.256
201.165
213.817
227.209
241.334
256.182
271.742
287.994
304.908
322.449
340.58
359.255
378.425
398.025
417.981
438.202
458.583
479.007
499.32
519.326
538.789
557.458
575.07
591.374
606.101
618.897
629.369
637.173
641.925
643.278
640.889
634.764
630.654
91.0833
93.2215
95.9688
99.2866
103.16
107.538
112.353
117.54
123.103
129.125
135.719
142.993
150.999
159.775
169.325
179.657
190.764
202.639
215.288
228.713
242.92
257.899
273.646
290.146
307.386
325.343
343.994
363.304
383.236
403.741
424.757
446.207
468.004
490.051
512.229
534.383
556.321
577.827
598.667
618.601
637.368
654.659
670.131
683.47
694.305
702.215
706.861
708.103
706.095
704.745
97.3242
99.2381
101.905
105.242
109.263
113.898
119.055
124.646
130.655
137.14
144.214
151.983
160.509
169.828
179.948
190.876
202.609
215.149
228.497
242.657
257.628
273.413
290.004
307.393
325.567
344.513
364.207
384.618
405.707
427.423
449.707
472.49
495.699
519.244
543.005
566.826
590.523
613.89
636.704
658.721
679.661
699.21
717.026
732.705
745.798
755.935
762.921
766.6
767.08
767.423
103.124
104.825
107.368
110.698
114.801
119.634
125.066
130.994
137.395
144.307
151.824
160.038
169.028
178.828
189.456
200.913
213.203
226.332
240.299
255.105
270.754
287.247
304.582
322.752
341.749
361.557
382.156
403.516
425.6
448.365
471.76
495.727
520.199
545.085
570.257
595.554
620.788
645.748
670.196
693.867
716.459
737.642
757.051
774.318
789.141
801.356
810.826
817.349
820.865
823.202
108.119
109.631
112.051
115.356
119.52
124.481
130.119
136.323
143.052
150.329
158.224
166.823
176.205
186.413
197.463
209.363
222.121
235.742
250.23
265.586
281.812
298.911
316.881
335.719
355.415
375.956
397.32
419.481
442.405
466.055
490.394
515.379
540.936
566.955
593.294
619.775
646.199
672.342
697.956
722.769
746.484
768.792
789.392
808.024
824.455
838.352
849.201
856.589
860.627
862.955
111.981
113.326
115.659
118.94
123.137
128.189
133.973
140.382
147.353
154.909
163.102
172.014
181.705
192.226
203.599
215.839
228.955
242.957
257.846
273.624
290.292
307.853
326.305
345.644
365.859
386.936
408.854
431.59
455.118
479.413
504.451
530.181
556.518
583.337
610.481
637.766
664.987
691.918
718.309
743.889
768.374
791.469
812.879
832.297
849.429
864.089
876.262
886.008
892.936
897.458
114.439
115.651
117.928
121.202
125.422
130.518
136.391
142.929
150.07
157.815
166.215
175.333
185.231
195.956
207.539
220.001
233.353
247.601
262.751
278.804
295.761
313.621
332.383
352.039
372.579
393.987
416.244
439.334
463.241
487.956
513.452
539.665
566.497
593.811
621.445
649.214
676.916
704.329
731.209
757.295
782.314
805.992
828.066
848.265
866.285
881.735
894.148
903.007
908.265
911.307
115.353
116.448
118.694
121.971
126.204
131.32
137.224
143.82
151.04
158.877
167.372
176.585
186.573
197.383
209.054
221.609
235.058
249.408
264.664
280.828
297.901
315.88
334.761
354.535
375.188
396.706
419.072
442.273
466.309
491.168
516.816
543.179
570.149
597.587
625.327
653.188
680.971
708.458
735.415
761.583
786.681
810.401
832.415
852.401
870.059
885.081
897.163
905.991
911.449
914.63
114.415
115.588
117.857
121.155
125.406
130.529
136.419
142.989
150.19
158.014
166.491
175.677
185.631
196.404
208.035
220.546
233.948
248.247
263.446
279.547
296.553
314.459
333.26
352.945
373.502
394.914
417.164
440.238
464.135
488.845
514.328
540.511
567.282
594.499
621.997
649.592
677.087
704.271
730.912
756.755
781.515
804.871
826.459
845.891
862.791
876.885
888.064
896.373
901.706
904.785
111.788
113.075
115.422
118.778
123.064
128.173
133.995
140.463
147.542
155.237
163.581
172.625
182.427
193.04
204.5
216.831
230.042
244.139
259.122
274.993
291.75
309.392
327.913
347.307
367.558
388.65
410.562
433.273
456.769
481.038
506.047
531.728
557.972
584.637
611.556
638.54
665.39
691.889
717.808
742.894
766.876
789.461
810.346
829.215
845.732
859.447
869.737
876.06
878.806
879.91
107.606
109.07
111.543
114.96
119.254
124.311
130.027
136.329
143.201
150.664
158.763
167.552
177.092
187.431
198.603
210.627
223.512
237.261
251.878
267.36
283.704
300.908
318.968
337.878
357.622
378.181
399.533
421.649
444.499
468.057
492.295
517.154
542.537
568.305
594.29
620.297
646.115
671.515
696.255
720.087
742.75
763.977
783.459
800.832
815.69
827.759
836.977
843.242
846.347
847.872
102.113
103.79
106.398
109.886
114.174
119.149
124.707
130.775
137.357
144.501
152.261
160.698
169.871
179.834
190.611
202.216
214.655
227.933
242.047
256.996
272.776
289.387
306.825
325.081
344.14
363.98
384.575
405.891
427.887
450.523
473.76
497.548
521.801
546.395
571.168
595.929
620.458
644.518
667.847
690.17
711.208
730.683
748.336
763.903
777.051
787.296
794.245
797.671
797.706
797.077
95.6153
97.5178
100.273
103.834
108.086
112.947
118.28
124.044
130.259
137.003
144.347
152.358
161.091
170.589
180.873
191.958
203.852
216.553
230.056
244.354
259.448
275.333
292.005
309.453
327.66
346.603
366.252
386.567
407.501
429.002
451.012
473.472
496.306
519.41
542.638
565.811
588.722
611.13
632.768
653.331
672.492
689.924
705.298
718.36
728.957
736.864
741.644
743.006
741.045
739.013
88.4779
90.5851
93.497
97.1005
101.283
105.951
111.001
116.395
122.191
128.48
135.347
142.866
151.094
160.059
169.781
180.269
191.536
203.574
216.376
229.936
244.253
259.324
275.137
291.676
308.923
326.853
345.434
364.624
384.368
404.603
425.258
446.258
467.523
488.948
510.392
531.678
552.606
572.953
592.465
610.862
627.815
642.979
656.007
666.504
674.164
678.772
680.13
677.902
672.095
667.399
81.0654
83.3608
86.3793
89.9726
94.0336
98.4532
103.145
108.107
113.444
119.243
125.603
132.591
140.258
148.629
157.728
167.566
178.143
189.452
201.479
214.226
227.691
241.866
256.735
272.276
288.468
305.278
322.673
340.609
359.03
377.873
397.058
416.498
436.092
455.732
475.271
494.524
513.275
531.294
548.333
564.129
578.382
590.736
600.849
608.394
612.978
614.252
611.964
606.032
596.62
588.983
73.7725
76.1765
79.2097
82.7132
86.5903
90.7043
94.9713
99.4651
104.298
109.58
115.41
121.841
128.913
136.658
145.099
154.252
164.105
174.646
185.866
197.767
210.344
223.584
237.47
251.979
267.08
282.738
298.902
315.524
332.542
349.89
367.49
385.245
403.054
420.798
438.33
455.458
471.94
487.521
501.939
514.927
526.214
535.467
542.278
546.244
547.018
544.262
537.693
526.931
512.009
500.106
66.9539
69.3312
72.2516
75.5641
79.1756
82.9082
86.7204
90.7115
95.0208
99.7765
105.063
110.918
117.369
124.46
132.214
140.646
149.741
159.485
169.876
180.909
192.575
204.853
217.725
231.172
245.158
259.645
274.572
289.874
305.482
321.314
337.29
353.31
369.268
385.043
400.484
415.391
429.518
442.57
454.254
464.271
472.333
478.145
481.359
481.54
478.233
471.046
459.647
443.831
423.585
406.191
60.8564
63.0772
65.7525
68.7554
71.9859
75.2609
78.5779
82.0446
85.8276
90.054
94.7845
100.058
105.893
112.33
119.396
127.093
135.414
144.35
153.908
164.074
174.832
186.158
198.025
210.411
223.278
236.581
250.263
264.246
278.453
292.792
307.164
321.466
335.584
349.393
362.731
375.386
387.103
397.58
406.488
413.496
418.266
420.46
419.714
415.634
407.789
395.701
378.976
357.124
330.09
306.432
55.6623
57.6018
59.9015
62.457
65.1501
67.8896
70.6823
73.6436
76.9068
80.5841
84.7361
89.4164
94.644
100.438
106.82
113.784
121.332
129.465
138.188
147.488
157.34
167.727
178.616
189.973
201.753
213.9
226.355
239.041
251.871
264.749
277.564
290.199
302.536
314.431
325.704
336.124
345.419
353.282
359.373
363.326
364.773
363.345
358.647
350.229
337.623
320.328
297.888
269.97
236.505
205.919
51.5468
53.0356
54.7827
56.7068
58.7353
60.8914
63.1658
65.629
68.3598
71.4771
75.0677
79.1691
83.7982
88.9564
94.6577
100.903
107.704
115.065
122.974
131.421
140.383
149.844
159.777
170.137
180.875
191.917
203.191
214.625
226.125
237.591
248.911
259.964
270.611
280.683
289.971
298.224
305.16
310.451
313.748
314.663
312.78
307.678
298.936
286.093
268.634
245.988
217.642
182.952
141.834
103.608
48.7453
49.4635
50.4036
51.5268
52.8348
54.3672
56.0985
58.0291
60.2096
62.7755
65.8391
69.3938
73.4384
77.9722
82.9999
88.5459
94.6279
101.244
108.37
115.992
124.092
132.659
141.671
151.08
160.824
170.818
180.973
191.211
201.441
211.558
221.456
231.015
240.07
248.412
255.802
261.973
266.62
269.416
269.987
267.932
262.816
254.176
241.525
224.337
202.073
174.12
139.885
98.7096
50.4682
3.22904
47.6912
46.9325
46.7344
46.952
47.5363
48.4116
49.5084
50.8647
52.5443
54.6042
57.1383
60.1594
63.6403
67.5798
71.9725
76.8513
82.2363
88.1212
94.4911
101.324
108.599
116.304
124.441
132.968
141.777
150.78
159.89
169.006
178.029
186.869
195.429
203.577
211.126
217.828
223.411
227.584
230.03
230.41
228.345
223.398
215.113
203.011
186.561
165.174
138.247
105.149
65.2466
17.4717
-38.442
-93.7689
48.7051
45.3025
43.722
42.9824
42.8854
43.125
43.5744
44.3823
45.5214
47.0632
49.0913
51.5961
54.5567
57.966
61.8064
66.0865
70.8365
76.0484
81.718
87.8307
94.3532
101.247
108.519
116.26
124.218
132.246
140.348
148.431
156.317
163.934
171.218
177.994
184.038
189.099
192.9
195.106
195.383
193.393
188.752
180.996
169.665
154.247
134.166
108.768
77.418
39.4425
-5.62925
-58.993
-120.893
-183.201
-54.5586
-64.7693
-62.9239
-59.466
-54.5396
-46.5435
-37.0348
-27.1256
-12.5866
7.03521
27.6314
49.846
74.5301
103.163
129.991
132.714
113.242
81.2012
58.302
34.5612
13.5737
-5.71023
-21.4803
-32.9494
-43.0611
-51.7522
-57.4472
-61.4338
-63.9172
-52.6215
-37.7004
-49.4561
-50.6973
-49.3073
-45.5956
-38.6033
-29.4563
-20.3093
-7.77413
9.78257
26.8395
45.1552
64.2879
85.077
107.597
107.316
91.7451
67.7055
51.6196
32.1787
14.2606
-2.73658
-16.4839
-26.3546
-35.4241
-43.1369
-47.511
-49.0414
-48.3123
-35.987
-36.9779
-40.2217
-41.0209
-40.2417
-37.2742
-31.2937
-22.8379
-14.0728
-3.25815
11.5283
25.8608
41.1225
56.2426
70.3589
88.0372
84.5362
75.7514
58.0728
45.8371
29.8726
15.0279
0.704273
-11.2893
-20.3902
-28.5485
-35.0212
-38.4854
-39.1393
-38.6867
-35.4894
-36.5033
-35.252
-33.7815
-32.6342
-29.7832
-24.5198
-17.0285
-8.90708
0.529685
12.6978
24.537
36.9558
49.3231
58.6752
72.3119
67.0453
62.7042
49.9731
40.4012
27.1497
15.3877
3.77891
-6.41779
-14.7563
-22.2228
-27.8082
-30.9322
-31.9259
-33.6472
-35.0084
-33.9803
-31.3935
-28.5398
-26.4004
-23.3127
-18.5413
-12.1186
-5.00546
3.17874
13.2117
22.8925
32.7644
43.017
49.3708
59.8674
54.0125
52.2423
42.6856
35.3292
24.3812
15.1629
5.65782
-2.85933
-9.98657
-16.5488
-21.5288
-24.7974
-26.8545
-29.9338
-32.4438
-29.3362
-27.4774
-24.3756
-21.4691
-18.1018
-13.8219
-8.32283
-2.22357
4.80252
13.1982
21.1241
28.7443
37.1629
41.6701
49.7833
44.3827
43.6239
36.3728
30.6328
21.9286
14.659
6.57854
-0.607319
-6.59033
-12.132
-16.4727
-19.9782
-22.8279
-26.138
-27.8777
-24.0887
-23.3788
-20.7737
-17.811
-14.4062
-10.4258
-5.4854
-0.180128
5.73874
12.7121
19.2081
24.9369
31.746
35.0581
41.4788
37.1213
36.403
30.6837
26.2992
19.5404
13.8598
7.05623
1.04126
-4.16836
-9.0372
-12.9785
-16.4747
-19.3345
-22.1006
-22.7497
-19.4747
-19.4571
-17.5745
-15.0058
-11.6564
-7.93964
-3.42998
1.16188
6.02639
11.6767
17.1356
21.54
26.9383
29.626
34.696
31.1731
30.2269
25.7511
22.4856
17.096
12.5473
7.03649
2.20123
-2.34322
-6.72893
-10.4323
-13.8251
-16.2703
-18.238
-18.2104
-15.6438
-15.9107
-14.5976
-12.4737
-9.29559
-6.12117
-2.16132
1.69189
5.73747
10.359
15.0709
18.6604
22.8418
25.1351
28.7096
26.4939
25.2079
22.0165
19.2434
14.8603
11.0191
6.48167
2.6112
-1.22751
-5.01919
-8.21407
-11.4007
-13.4209
-14.7614
-14.434
-12.4832
-12.524
-11.599
-10.1191
-7.43223
-4.90874
-1.53005
1.72301
5.20546
9.06795
13.0667
16.0605
19.3788
21.4815
23.4747
22.4619
21.0906
18.7703
16.4452
12.8924
9.62862
5.76532
2.52472
-0.745673
-3.91858
-6.44014
-9.0833
-10.5165
-11.4495
-11.3426
-10.0121
-9.54699
-8.72432
-7.97152
-5.97521
-4.05921
-1.1981
1.64882
4.61996
7.83459
11.1024
13.5852
16.2349
18.0954
19.3565
18.964
17.6192
15.8483
13.8739
11.0046
8.32274
5.06186
2.35334
-0.551625
-3.18356
-5.10469
-7.08384
-7.74079
-8.52179
-8.96304
-8.23184
-7.50885
-6.62453
-6.14547
-4.61958
-3.22804
-0.876017
1.55223
3.99284
6.63772
9.30179
11.4415
13.5701
15.0257
15.9349
15.9231
14.6342
13.3572
11.6141
9.21251
7.02383
4.33573
2.16949
-0.331897
-2.44651
-3.90883
-5.36033
-5.68284
-6.5217
-7.2714
-6.71435
-6.24589
-5.40599
-4.87365
-3.52488
-2.41813
-0.520969
1.43803
3.40645
5.60005
7.77389
9.58014
11.232
12.3711
13.0441
13.4037
12.0808
11.147
9.65088
7.6791
5.86858
3.65503
1.95142
-0.0273833
-1.701
-2.8466
-4.07752
-4.57501
-5.37628
-5.87212
-5.36136
-5.18438
-4.48994
-4.02781
-2.7555
-1.85674
-0.244553
1.36415
2.94375
4.76036
6.49541
7.8748
9.19433
10.0593
10.6416
11.1956
9.84672
9.18526
7.91541
6.50733
4.96266
3.11045
1.74447
0.178197
-1.24372
-2.23371
-3.39721
-3.81447
-4.50963
-4.65982
-4.25708
-4.22983
-3.69695
-3.33481
-2.06003
-1.37375
0.0275161
1.29793
2.53717
3.96974
5.304
6.30305
7.41324
8.04486
8.5035
9.19628
7.92059
7.38573
6.32023
5.37088
4.10405
2.72394
1.64711
0.239835
-0.977357
-1.7405
-2.8636
-3.1386
-3.71648
-3.68997
-3.33514
-3.42441
-3.04368
-2.75817
-1.38016
-0.893852
0.192668
1.14786
2.10833
3.18751
4.21511
4.96278
5.79442
6.14808
6.54076
7.32964
6.16485
5.93111
4.97729
4.34883
3.29323
2.27814
1.48187
0.310809
-0.524429
-1.01705
-2.36088
-2.70093
-3.09059
-2.93944
-2.81469
-3.03337
-2.10214
-1.96134
-1.03128
-0.684472
0.242033
0.852124
1.66315
2.4121
3.19605
3.80446
4.39936
4.56437
4.79433
5.5647
4.58027
4.59596
3.79163
3.42094
2.54103
1.81356
1.21356
0.425956
-0.297327
-0.65195
-1.57199
-1.81806
-2.73648
-2.54634
-2.45919
-2.45475
-1.39709
-1.40608
-0.698632
-0.487228
0.20894
0.548384
1.21237
1.69099
2.23284
2.66103
3.06087
3.09056
3.15188
4.00309
3.21199
3.33829
2.67483
2.48376
1.78833
1.38323
0.859955
0.49386
-0.117245
-0.398732
-1.07476
-1.12947
-2.181
-2.18217
-1.76403
-1.61183
-0.916598
-0.982886
-0.483765
-0.438349
0.164108
0.4431
0.737957
1.09377
1.43702
1.56939
1.67151
1.82077
1.84913
2.63713
1.93739
2.14978
1.52609
1.53961
1.1035
0.919463
0.514817
0.303262
-0.166039
-0.279266
-0.846127
-0.721789
-1.42254
-1.5822
-0.663648
-0.6618
-0.421778
-0.534498
-0.0968737
-0.234559
0.094677
0.237913
0.27892
0.341063
0.546889
0.55202
0.407249
0.688508
0.926215
1.15962
0.537862
0.692694
0.412521
0.537531
0.342259
0.310943
0.154508
0.0616656
-0.186142
-0.111831
-0.542216
-0.393863
-0.629344
-0.61311
)
;

boundaryField
{
    INLET
    {
        type            zeroGradient;
    }
    OUTLET
    {
        type            fixedValue;
        value           uniform 0;
    }
    WALL
    {
        type            zeroGradient;
    }
    CYLINDER
    {
        type            zeroGradient;
    }
    frontAndBackPlanes
    {
        type            empty;
    }
}


// ************************************************************************* //
