/*--------------------------------*- C++ -*----------------------------------*\
| =========                 |                                                 |
| \\      /  F ield         | OpenFOAM: The Open Source CFD Toolbox           |
|  \\    /   O peration     | Version:  v1912                                 |
|   \\  /    A nd           | Website:  www.openfoam.com                      |
|    \\/     M anipulation  |                                                 |
\*---------------------------------------------------------------------------*/
FoamFile
{
    version     2.0;
    format      ascii;
    class       volScalarField;
    location    "0.04";
    object      p;
}
// * * * * * * * * * * * * * * * * * * * * * * * * * * * * * * * * * * * * * //

dimensions      [0 2 -2 0 0 0 0];


internalField   nonuniform List<scalar> 
6600
(
92.2859
87.7235
85.4599
84.0432
83.0918
82.5998
82.5726
82.5179
82.3924
82.501
82.8546
83.5107
84.4193
85.563
86.9784
88.5829
90.292
92.0895
94.0223
96.1448
98.4514
100.911
103.488
106.216
109.097
112.016
114.852
117.472
119.725
121.401
122.719
123.438
123.03
121.28
118.326
113.666
106.694
97.04
84.3263
68.04
47.5502
21.9181
-9.49295
-47.5251
-92.7521
-146.169
-207.858
-278.918
-362.431
-453.427
89.1982
84.5585
83.1368
81.8304
80.6948
79.81
79.3633
78.9189
78.575
78.4414
78.5358
78.9012
79.51
80.3123
81.276
82.3391
83.4952
84.7489
86.107
87.5711
89.1292
90.7541
92.3783
94.0059
95.6463
97.2581
98.6715
99.7483
100.401
100.489
99.7804
98.312
95.73
91.3734
85.319
77.3819
67.0519
53.7414
36.9464
16.2048
-9.01402
-39.5835
-76.1503
-119.994
-171.451
-231.486
-300.186
-377.764
-465.995
-560.399
84.7003
80.7358
80.1974
78.8276
77.3878
76.2362
75.3112
74.5974
74.2151
73.9123
73.8354
73.9574
74.2382
74.6299
75.0723
75.5729
76.1767
76.872
77.6394
78.465
79.3252
80.1852
80.9727
81.6022
82.034
82.2292
82.1643
81.656
80.516
78.5577
75.6316
71.5613
66.2784
59.4423
50.4232
39.0174
25.026
7.7303
-13.2489
-38.6095
-68.8345
-104.648
-146.686
-195.881
-252.922
-318.734
-393.448
-476.125
-566.104
-658.567
79.2417
77.6919
76.5662
74.4678
72.6094
71.405
70.3867
69.6781
69.124
68.6765
68.3771
68.1972
68.1414
68.1546
68.179
68.2304
68.3113
68.385
68.4645
68.5623
68.6469
68.5999
68.4624
68.0426
67.2791
66.0189
64.2018
61.9156
58.8463
55.0103
49.9199
43.4199
35.2363
25.1522
12.9449
-1.89705
-19.7665
-41.1022
-66.4105
-96.2712
-131.283
-172.092
-219.272
-273.384
-335.136
-405.485
-484.483
-570.17
-660.024
-748.013
76.0403
72.7467
70.8138
68.3683
66.7594
65.7825
64.7032
64.006
63.287
62.5382
61.9921
61.4594
61.0062
60.5878
60.1827
59.797
59.3851
58.8512
58.2228
57.4919
56.6471
55.6227
54.3346
52.7438
50.691
48.1052
44.7416
40.5467
35.352
29.1632
21.6724
12.6558
1.82231
-11.2414
-26.7873
-45.1537
-66.8887
-92.27
-121.754
-155.917
-195.265
-240.405
-291.799
-349.857
-415.097
-488.345
-569.611
-656.65
-745.178
-827.082
70.8199
65.8646
64.8364
61.1711
60.3416
59.0435
57.9896
57.1952
56.3754
55.5378
54.8353
53.9713
53.1416
52.1807
51.1807
50.1542
49.0533
47.8605
46.5443
45.0144
43.1413
40.9949
38.3902
35.3589
31.7682
27.5665
22.5984
16.6238
9.55293
1.06282
-8.8025
-20.4898
-34.2805
-50.2705
-68.9504
-90.6884
-115.849
-144.878
-178.172
-216.076
-259.029
-307.533
-362.004
-422.732
-490.035
-564.551
-646.432
-733.383
-819.145
-892.998
64.7315
58.1746
58.7744
53.3473
54.0321
51.3647
50.5388
49.6127
48.3663
47.4092
46.4041
45.3335
44.1427
42.75
41.2148
39.4576
37.4864
35.3485
33.0482
30.5498
27.7265
24.4131
20.5863
16.1269
10.9523
5.00499
-1.75688
-9.58418
-18.7894
-29.5318
-41.9229
-56.1697
-72.4515
-91.3401
-113.04
-137.847
-166.162
-198.221
-234.429
-275.203
-320.838
-371.667
-427.978
-490.006
-557.944
-632.255
-713.156
-798.501
-880.082
-943.817
57.8077
49.7562
52.0774
46.5808
48.3042
44.6449
43.8652
42.2553
40.4068
38.8017
37.0775
35.3343
33.5134
31.6844
29.6793
27.3723
24.7365
21.725
18.2991
14.4662
10.2888
5.63113
0.462362
-5.37937
-12.0697
-19.8064
-28.5838
-38.3935
-49.4773
-62.1146
-76.7489
-93.5024
-112.447
-133.829
-158.052
-185.383
-216.134
-250.691
-289.24
-331.973
-379.182
-431.164
-488.108
-550.157
-617.487
-690.502
-769.088
-850.913
-926.818
-978.826
50.2118
39.1602
47.2108
39.867
41.8978
37.9162
37.0891
34.8699
32.6292
30.5073
27.9332
25.1464
22.3769
19.555
16.5404
13.3783
9.99378
6.23972
1.9822
-2.88849
-8.42552
-14.5584
-21.3238
-28.7603
-36.9398
-46.1309
-56.6491
-68.5537
-81.8459
-96.713
-113.341
-132.064
-153.236
-176.914
-203.268
-232.639
-265.27
-301.282
-341.047
-384.841
-432.743
-484.867
-541.358
-602.295
-667.838
-738.42
-813.674
-890.757
-959.599
-999.229
42.1654
31.9081
41.106
30.2458
33.9555
28.177
28.3539
25.4766
23.4599
21.2461
18.248
15.1142
11.7215
7.76941
3.47402
-1.01174
-5.75416
-10.7842
-16.1686
-22.0543
-28.629
-36.0072
-44.2768
-53.4605
-63.5373
-74.4915
-86.5546
-100.056
-115.085
-131.789
-150.381
-171.031
-193.885
-219.179
-247.142
-277.895
-311.717
-348.84
-389.272
-433.112
-480.586
-531.852
-586.918
-645.813
-708.608
-775.747
-847.136
-918.601
-979.316
-1007.68
36.3901
23.9608
32.1438
20.4794
25.6853
17.9358
18.9115
14.7795
12.925
10.0647
6.80365
3.70553
-0.0235923
-4.49311
-9.39985
-14.922
-21.0781
-27.7147
-34.7516
-42.1824
-50.0885
-58.6498
-68.0895
-78.5706
-90.1964
-102.974
-116.846
-132.053
-148.865
-167.232
-187.339
-209.377
-233.634
-260.205
-289.18
-320.781
-355.108
-392.237
-432.415
-475.757
-522.173
-571.725
-624.508
-680.503
-739.745
-802.417
-868.859
-934.604
-988.392
-1008.07
28.7838
16.2432
24.5842
11.8434
18.317
9.0861
10.7966
5.09265
2.89981
-1.14389
-5.06855
-8.93595
-13.5398
-18.3883
-23.5882
-29.5995
-36.4291
-44.0634
-52.5266
-61.7236
-71.4988
-81.7888
-92.7141
-104.523
-117.45
-131.668
-147.136
-163.74
-181.718
-201.44
-222.943
-246.273
-271.52
-298.835
-328.383
-360.221
-394.51
-431.37
-470.703
-512.532
-557.032
-604.216
-653.987
-706.295
-761.105
-818.942
-879.159
-938.451
-986.498
-1002.55
18.3283
8.59215
17.8229
3.7014
11.7484
0.56486
3.48301
-3.80452
-5.88975
-10.9892
-15.7012
-20.9439
-26.8667
-32.7833
-39.1013
-45.9741
-53.3195
-61.3596
-70.3576
-80.4482
-91.6279
-103.737
-116.54
-129.953
-144.171
-159.535
-176.356
-194.612
-214.031
-234.762
-257.083
-281.155
-307.004
-334.71
-364.294
-395.945
-429.693
-465.429
-503.322
-543.395
-585.444
-629.536
-675.69
-723.717
-773.417
-825.293
-877.645
-927.411
-965.69
-981.325
8.46797
0.861003
9.13249
-4.39105
4.00985
-8.17936
-4.41594
-13.1393
-14.3873
-20.5377
-25.4552
-31.559
-38.3435
-45.4682
-53.3816
-61.7794
-70.5065
-79.7204
-89.5514
-100.151
-111.792
-124.746
-139.038
-154.361
-170.361
-187.025
-204.655
-223.589
-244.034
-265.877
-289.043
-313.593
-339.662
-367.374
-396.768
-427.756
-460.449
-494.972
-531.031
-568.572
-607.723
-648.332
-690.225
-733.176
-777.409
-822.063
-864.76
-901.005
-923.134
-935.362
-0.67874
-6.27602
0.176534
-11.562
-4.28064
-16.5506
-12.5961
-22.4564
-23.0882
-30.5153
-35.2142
-41.8715
-49.0214
-56.7868
-65.6386
-75.1882
-85.4536
-96.46
-108.051
-120.113
-132.713
-146.1
-160.666
-176.77
-194.271
-212.631
-231.726
-251.728
-272.719
-294.938
-318.454
-343.268
-369.423
-396.843
-425.554
-455.753
-487.29
-519.906
-553.814
-588.891
-624.788
-661.521
-698.876
-736.446
-774.575
-811.184
-843.523
-866.677
-874.546
-881.181
-8.5856
-12.3853
-7.9352
-17.588
-11.7242
-23.5874
-19.7927
-30.5769
-31.0053
-39.7677
-44.3167
-51.8547
-59.3282
-67.6306
-76.986
-87.1016
-98.2653
-110.526
-123.69
-137.629
-152.229
-167.332
-182.88
-199.244
-217.091
-236.401
-256.5
-277.276
-299.031
-321.774
-345.473
-370.24
-396.077
-423.094
-451.184
-480.158
-510.217
-541.355
-573.014
-605.187
-637.923
-670.821
-703.448
-736.005
-767.455
-796.134
-819.476
-834.212
-840.79
-842.885
-15.1056
-17.6598
-14.6844
-22.5927
-18.0833
-29.0129
-25.883
-37.1253
-37.4346
-47.3789
-51.8972
-60.6512
-68.532
-77.6582
-87.617
-98.2184
-109.938
-122.841
-136.832
-151.946
-168.15
-185.268
-202.971
-220.833
-239.09
-258.682
-279.76
-301.528
-323.69
-346.574
-370.319
-394.954
-420.488
-446.762
-473.837
-501.859
-530.497
-559.542
-589.177
-619.003
-648.631
-677.982
-706.954
-734.846
-760.76
-783.229
-799.381
-807.175
-815.038
-815.803
-20.229
-21.3906
-20.1036
-26.338
-23.2937
-33.2626
-30.8396
-41.9566
-42.3357
-53.0941
-57.3679
-67.3897
-75.5149
-85.7783
-96.5867
-108.01
-120.502
-133.996
-148.537
-164.324
-181.422
-199.782
-219.322
-239.639
-259.883
-280.068
-301.179
-323.523
-346.491
-369.653
-393.222
-417.38
-442.264
-467.961
-494.27
-520.988
-548.359
-576.179
-603.821
-631.315
-658.666
-685.339
-710.831
-734.802
-756.142
-773.288
-784.155
-789.082
-792.065
-794.344
-23.7611
-23.808
-24.3869
-28.4781
-27.5017
-35.8719
-34.4668
-45.2863
-45.8877
-56.9567
-61.0956
-71.9513
-79.9089
-91.1612
-102.573
-115.043
-128.721
-143.239
-158.673
-175.181
-192.858
-211.85
-232.244
-254.08
-276.816
-299.352
-321.582
-344.218
-367.53
-391.146
-414.801
-438.671
-462.921
-487.616
-512.87
-538.739
-564.887
-591.228
-617.833
-644.135
-669.603
-693.742
-716.322
-736.728
-753.904
-766.115
-771.996
-777.793
-778.229
-780.276
-25.5177
-25.1413
-27.1506
-29.0702
-30.7623
-36.5154
-37.124
-46.8325
-47.7918
-58.978
-63.1074
-74.4333
-82.2415
-94.1804
-105.644
-118.864
-133.456
-149.093
-165.937
-183.886
-202.711
-222.51
-243.538
-266.034
-290.166
-315.101
-339.638
-363.678
-387.582
-411.483
-435.211
-458.674
-482.164
-506.029
-530.374
-555.148
-580.429
-606.034
-631.6
-657.15
-681.963
-704.505
-724.417
-741.522
-753.952
-760.39
-764.778
-767.333
-769.18
-770.303
-26.0721
-25.3323
-28.3806
-28.7726
-32.3711
-35.7957
-38.8244
-46.2032
-48.5818
-58.9871
-63.1479
-74.7207
-82.4215
-94.8554
-106.319
-120.109
-135.058
-151.284
-169.151
-188.579
-209.223
-230.762
-253.078
-276.273
-300.956
-327.396
-354.383
-380.791
-406.42
-431.246
-455.298
-478.61
-501.435
-524.137
-547.093
-570.714
-595.122
-620.124
-645.783
-671.687
-695.965
-717.31
-735.315
-748.47
-755.72
-757.737
-759.986
-761.682
-764.02
-764.956
-25.2771
-24.5447
-28.418
-27.6427
-32.615
-34.0479
-38.9982
-43.6664
-48.5414
-56.735
-61.8871
-72.965
-80.5785
-93.1293
-104.531
-118.826
-134.02
-150.718
-169.154
-189.344
-211.37
-235.013
-259.796
-285.098
-310.901
-338.175
-366.857
-395.618
-423.602
-450.324
-475.443
-498.89
-520.946
-542.314
-563.865
-586.046
-609.164
-633.634
-659.314
-685.562
-710.582
-732.257
-748.246
-756.825
-758.369
-759.341
-758.775
-760.138
-761.814
-762.669
-23.5562
-22.8121
-27.7615
-25.4411
-32.0262
-31.5571
-37.9751
-40.3484
-46.7701
-52.8925
-59.3521
-69.2181
-77.09
-89.3972
-100.577
-115.038
-130.27
-147.379
-166.308
-186.989
-209.733
-234.595
-261.454
-289.762
-318.331
-347.333
-377.789
-408.938
-439.466
-468.665
-495.731
-520.16
-542.051
-562.212
-581.237
-600.709
-622.004
-645.341
-671.099
-698.776
-725.671
-748.993
-763.764
-766.966
-765.807
-763.151
-761.516
-760.749
-760.764
-761.19
-21.6607
-20.4667
-26.3622
-22.6267
-30.6372
-28.1812
-36.155
-36.6464
-43.9051
-48.0774
-55.6711
-63.5251
-72.256
-83.6402
-94.8041
-109.084
-124.199
-141.51
-160.745
-181.897
-205.291
-231.029
-259.156
-289.898
-322.138
-354.197
-386.753
-420.499
-454.276
-486.72
-516.702
-543.152
-565.454
-584.153
-600.795
-616.745
-633.976
-654.525
-679.403
-707.862
-738.323
-765.29
-779.705
-780.224
-776.435
-770.305
-765.077
-760.73
-758.177
-757.306
-19.35
-17.8151
-24.7743
-19.6404
-28.6172
-24.4779
-33.3851
-32.622
-40.2391
-43.1271
-50.8175
-57.5291
-66.1478
-76.4746
-87.3717
-101.164
-115.957
-133.238
-152.531
-173.959
-197.8
-224.232
-253.238
-285.272
-320.785
-357.457
-394.022
-431.089
-468.308
-504.52
-538.293
-568.006
-592.394
-610.672
-623.995
-634.729
-645.714
-659.846
-680.777
-710.286
-745.616
-775.479
-788.911
-790.487
-781.472
-773.409
-764.743
-757.308
-752.152
-749.694
-17.1686
-14.8187
-22.3451
-17.0104
-25.7327
-21.2699
-29.7585
-28.73
-35.6654
-38.3265
-45.0767
-51.0791
-59.3023
-68.5635
-79.0294
-91.8988
-106.062
-122.945
-141.985
-163.534
-187.698
-214.753
-244.715
-277.519
-314.189
-354.838
-396.824
-438.902
-481.037
-522.224
-560.939
-595.235
-622.833
-641.994
-653.35
-658.265
-660.1
-663.37
-675.268
-700.345
-736.608
-773.489
-788.96
-790.65
-782.713
-773.438
-764.071
-754.348
-746.564
-741.897
-14.9545
-12.1327
-19.1655
-15.0736
-21.8472
-19.0791
-25.3171
-25.2437
-30.8579
-33.3407
-39.4582
-44.6885
-52.1612
-60.4261
-70.0919
-81.947
-95.1839
-111.175
-129.468
-150.641
-174.709
-202.069
-233.075
-267.336
-305.219
-348.191
-394.783
-442.835
-491.308
-538.992
-584.264
-624.791
-657.949
-680.529
-691.36
-691.016
-682.137
-668.76
-664.485
-677.626
-708.191
-745.449
-779.387
-785.928
-787.656
-784.807
-776.416
-764.097
-752.758
-746.29
-13.2536
-10.6731
-15.5037
-13.8851
-17.7485
-17.0575
-21.0349
-21.793
-26.2771
-28.4735
-33.9272
-38.3265
-45.1458
-52.357
-61.1495
-71.8532
-84.0156
-98.8554
-116.049
-136.341
-159.764
-186.729
-217.928
-253.411
-292.835
-337.407
-387.907
-442.218
-498.126
-553.937
-607.731
-656.953
-697.824
-726.105
-739.258
-736.148
-717.379
-684.154
-653.597
-645.377
-664.54
-700.144
-749.244
-784.446
-806.569
-811.125
-802.887
-786.987
-770.795
-761.425
-12.0505
-8.37859
-11.3944
-12.8832
-13.7529
-15.486
-17.1204
-18.8504
-22.0715
-24.2069
-28.7139
-32.5506
-38.5611
-44.7679
-52.5254
-61.9944
-73.0549
-86.5567
-102.471
-121.573
-144.029
-170.283
-201.065
-236.94
-277.66
-323.82
-377.095
-436.962
-500.928
-566.457
-630.986
-691.564
-743.49
-780.546
-799.187
-796.167
-771.927
-723.038
-653.869
-613.04
-616.9
-657.554
-717.234
-776.632
-818.204
-833.878
-829.982
-811.134
-789.617
-782.135
-11.5252
-10.1388
-7.64553
-13.2439
-9.66225
-14.7691
-12.9886
-16.3889
-17.9301
-20.507
-24.1308
-27.4625
-32.8933
-38.0775
-44.8946
-53.2178
-63.0544
-75.2025
-89.73
-107.346
-128.429
-153.584
-183.76
-219.646
-261.117
-308.593
-363.869
-428.091
-499.853
-575.896
-653.466
-728.461
-793.696
-844.574
-873.077
-872.551
-839.257
-779.385
-690.362
-611.581
-578.502
-618.659
-698.385
-769.487
-810.965
-824.863
-823.635
-809.014
-792.849
-788.63
92.4112
87.8747
85.623
84.2332
83.3095
82.8538
82.8545
82.8521
82.7742
82.9499
83.3582
84.0588
85.0215
86.2375
87.7397
89.4526
91.2905
93.249
95.3839
97.741
100.306
103.057
105.957
109.019
112.287
115.682
119.089
122.352
125.333
127.834
130.201
132.12
133.157
132.904
131.451
128.526
123.622
116.483
106.684
93.6214
76.6684
55.0694
28.1089
-4.91742
-44.6543
-91.7663
-147.182
-210.004
-286.709
-368.537
89.3255
84.7222
83.3036
82.0218
80.9143
80.0661
79.6607
79.2637
78.9696
78.9077
79.0375
79.4646
80.1416
81.0288
82.0903
83.268
84.5545
85.9722
87.5353
89.2314
91.045
92.9527
94.9067
96.8936
98.9171
100.991
102.953
104.711
106.136
107.054
107.355
107.041
105.827
103.103
98.637
92.4606
84.1002
73.1561
59.1102
41.4516
19.7282
-7.01159
-39.5466
-78.5576
-124.775
-178.762
-241.506
-311.944
-394.238
-481.582
84.825
80.9092
80.3757
79.0347
77.633
76.5144
75.6332
74.9536
74.6495
74.3957
74.3743
74.5688
74.9244
75.4107
75.9598
76.571
77.3117
78.1854
79.1624
80.2174
81.3326
82.4783
83.6133
84.6291
85.485
86.1989
86.6909
86.8056
86.4472
85.4315
83.5104
80.5933
76.5873
71.2568
63.936
54.351
42.2344
27.2548
8.93365
-13.472
-40.2783
-72.4419
-110.584
-155.45
-207.776
-268.267
-337.429
-414.338
-499.338
-586.322
79.3698
77.8738
76.7663
74.7197
72.8852
71.7136
70.7515
70.0797
69.603
69.2092
68.9663
68.8548
68.8927
69.0126
69.142
69.3116
69.5384
69.8018
70.0969
70.4267
70.7733
71.037
71.247
71.2304
70.9157
70.2505
69.1043
67.4519
65.1615
62.1978
58.1808
52.8258
45.9292
37.2866
26.8128
13.8773
-1.98107
-21.0921
-43.9201
-71.075
-103.027
-140.432
-183.911
-234.13
-291.836
-357.797
-432.161
-513.348
-599.514
-683.554
76.1874
72.9728
71.0479
68.6262
67.0246
66.1131
65.0961
64.5033
63.8326
63.1226
62.6265
62.1708
61.8304
61.5185
61.2266
60.9851
60.723
60.3908
59.9791
59.4933
58.9264
58.2429
57.2932
56.1171
54.5218
52.7093
49.914
46.4593
42.1203
36.8203
30.3817
22.5504
12.9298
1.26715
-12.7204
-29.2678
-48.8682
-71.9713
-98.9886
-130.614
-167.337
-209.521
-257.68
-312.417
-374.385
-444.296
-522.095
-605.794
-692.137
-771.975
71.0531
66.0965
65.0673
61.3972
60.6047
59.3706
58.4328
57.771
56.9743
56.1241
55.5294
54.7614
54.0482
53.1848
52.305
51.4347
50.5176
49.5333
48.4427
47.175
45.6128
43.8049
41.5838
38.9833
35.9299
32.4043
28.0901
22.8763
16.7085
9.20588
0.367789
-10.1513
-22.5937
-37.1973
-54.3856
-74.4252
-97.6803
-124.643
-155.701
-191.257
-231.801
-277.849
-329.755
-387.901
-452.736
-524.905
-604.527
-689.448
-774.968
-849.284
64.9472
58.3337
58.9999
53.497
54.3556
51.6949
51.1607
50.2791
48.8962
48.0638
47.162
46.1549
45.0974
43.8166
42.418
40.8362
39.0539
37.129
35.0766
32.8604
30.3679
27.4216
24.0488
20.0673
15.4363
10.1019
4.03523
-3.02735
-11.3192
-21.0848
-32.3831
-45.4476
-60.4795
-77.9988
-98.2322
-121.383
-147.888
-178.1
-212.382
-251.245
-294.955
-343.804
-398.19
-458.412
-524.75
-597.716
-677.654
-762.525
-845.775
-912.545
57.9272
49.832
52.3131
46.459
48.553
45.3159
44.661
42.9186
41.0276
39.5253
37.855
36.2091
34.5114
32.8042
30.9583
28.8265
26.3773
23.5857
20.4239
16.8965
13.0553
8.80455
4.10518
-1.19357
-7.29935
-14.4149
-22.4997
-31.5549
-41.8063
-53.4623
-67.0245
-82.5961
-100.353
-120.428
-143.275
-169.2
-198.426
-231.327
-268.19
-309.289
-354.991
-405.612
-461.359
-522.431
-589.036
-661.581
-740.415
-823.538
-902.696
-960.054
50.3651
39.2208
47.6843
39.8203
42.3278
38.4305
37.7559
35.5125
33.3228
31.2494
28.7253
26.0709
23.4155
20.737
17.8805
14.8746
11.6929
8.18271
4.19557
-0.35925
-5.52568
-11.2349
-17.5369
-24.4292
-32.0102
-40.5574
-50.372
-61.5206
-74.0306
-87.9844
-103.62
-121.296
-141.256
-163.642
-188.723
-216.771
-248.108
-282.908
-321.45
-364.083
-410.902
-462.111
-517.987
-578.703
-644.475
-715.673
-792.046
-871.237
-944.479
-990.329
42.3403
32.0919
41.4374
30.4614
34.4023
28.6465
29.0357
26.0739
24.1294
22.003
19.0714
16.0646
12.7979
8.98981
4.83557
0.528606
-3.98926
-8.77475
-13.8812
-19.4353
-25.6239
-32.5745
-40.3693
-49.0262
-58.5139
-68.8374
-80.2063
-92.9287
-107.12
-122.988
-140.709
-160.385
-182.182
-206.42
-233.301
-262.986
-295.669
-331.697
-371.209
-414.329
-461.288
-512.227
-567.28
-626.588
-690.347
-758.964
-831.995
-906.066
-971.707
-1006.01
36.5721
24.2347
32.4644
20.768
26.1477
18.351
19.5525
15.26
13.6044
10.8178
7.65839
4.69394
1.07868
-3.26669
-8.01513
-13.3199
-19.2552
-25.6565
-32.3974
-39.4835
-47.0086
-55.1445
-64.1108
-74.0835
-85.1436
-97.303
-110.516
-124.997
-141.011
-158.542
-177.732
-198.912
-222.286
-247.941
-275.99
-306.704
-340.269
-376.732
-416.315
-459.245
-505.53
-555.259
-608.563
-665.546
-726.331
-791.252
-860.105
-928.524
-986.133
-1010.83
28.9779
16.584
24.8635
12.2109
18.7832
9.47186
11.381
5.51652
3.69369
-0.431206
-4.19494
-7.9376
-12.4479
-17.1406
-22.1557
-27.9733
-34.5958
-41.9709
-50.131
-58.9972
-68.402
-78.2753
-88.7317
-100.027
-112.398
-126.003
-140.84
-156.768
-174.002
-192.991
-213.727
-236.244
-260.688
-287.234
-316.044
-347.182
-380.83
-417.23
-456.349
-498.243
-543.049
-590.807
-641.552
-695.324
-752.25
-812.602
-876.082
-938.899
-990.401
-1008.04
18.5676
8.9834
18.0827
4.15586
12.1662
1.00789
4.05614
-3.30236
-5.06748
-10.3448
-14.8291
-19.9991
-25.8097
-31.5316
-37.6692
-44.3639
-51.4853
-59.2515
-67.9616
-77.7366
-88.5486
-100.25
-112.611
-125.54
-139.229
-153.992
-170.166
-187.793
-206.557
-226.58
-248.195
-271.562
-296.728
-323.793
-352.814
-383.984
-417.347
-452.897
-490.783
-531.107
-573.828
-618.944
-666.459
-716.29
-768.355
-823.485
-880.353
-935.94
-980.703
-996.703
8.71894
1.25717
9.39453
-3.9496
4.41166
-7.69527
-3.83576
-12.5598
-13.6737
-19.9471
-24.5781
-30.6965
-37.3273
-44.2799
-52.0359
-60.2231
-68.6988
-77.6521
-87.206
-97.4843
-108.765
-121.318
-135.16
-149.992
-165.488
-181.625
-198.674
-216.985
-236.813
-258.067
-280.575
-304.436
-329.926
-357.102
-386.033
-416.71
-449.218
-483.669
-519.982
-558.137
-598.157
-640.01
-683.646
-728.938
-775.871
-824.454
-872.754
-917.534
-950.564
-966.042
-0.434716
-5.89681
0.460834
-11.1359
-3.89268
-16.0904
-11.9824
-21.946
-22.4227
-29.8872
-34.3888
-41.057
-48.0249
-55.6801
-64.3999
-73.7193
-83.7324
-94.5008
-105.806
-117.523
-129.762
-142.775
-156.926
-172.55
-189.522
-207.339
-225.839
-245.242
-265.68
-287.285
-310.262
-334.571
-360.218
-387.212
-415.627
-445.532
-476.97
-509.824
-544.058
-579.716
-616.745
-655.04
-694.443
-734.608
-775.802
-816.964
-855.475
-886.036
-902.286
-914.534
-8.32084
-12.0107
-7.60377
-17.2152
-11.3044
-23.1338
-19.2624
-30.1562
-30.2851
-39.217
-43.5425
-51.0926
-58.3741
-66.6021
-75.8237
-85.722
-96.6823
-108.716
-121.583
-135.192
-149.428
-164.126
-179.245
-195.147
-212.473
-231.275
-250.892
-271.116
-292.293
-314.451
-337.618
-361.92
-387.355
-413.984
-441.796
-470.697
-500.667
-531.818
-564.013
-597.048
-630.831
-665.28
-700.183
-735.391
-770.404
-803.583
-832.685
-852.956
-859.229
-864.916
-14.8254
-17.2859
-14.3921
-22.2646
-17.5804
-28.7274
-25.324
-36.7552
-36.7779
-46.9556
-51.0942
-60.0125
-67.6295
-76.7187
-86.5175
-96.9416
-108.516
-121.169
-134.861
-149.679
-165.555
-182.279
-199.532
-216.928
-234.658
-253.628
-274.085
-295.304
-316.947
-339.343
-362.645
-386.855
-411.992
-438.031
-464.874
-492.646
-521.366
-550.714
-580.578
-610.947
-641.703
-672.607
-703.387
-734.028
-763.174
-789.272
-810.057
-823.03
-831.161
-833.336
-19.9539
-20.9584
-20.0001
-25.8948
-22.8969
-33.1064
-30.1802
-41.7883
-41.6581
-52.7816
-56.5852
-66.9159
-74.6378
-84.9701
-95.5709
-106.87
-119.241
-132.483
-146.744
-162.244
-179.019
-197.001
-216.099
-235.932
-255.693
-275.36
-295.87
-317.545
-339.882
-362.533
-385.692
-409.498
-434.056
-459.424
-485.583
-512.255
-539.366
-567.089
-595.187
-623.317
-651.287
-678.934
-706.163
-732.453
-756.922
-777.807
-792.496
-799.123
-805.84
-808.031
-23.4815
-23.3183
-24.3727
-28.0943
-27.2647
-35.5409
-33.9644
-45.245
-45.074
-56.906
-60.2494
-71.659
-79.0801
-90.556
-101.676
-114.081
-127.627
-141.908
-157.086
-173.329
-190.684
-209.292
-229.261
-250.604
-272.778
-294.718
-316.374
-338.437
-361.113
-384.108
-407.264
-430.719
-454.678
-479.176
-504.156
-529.803
-556.004
-582.291
-608.524
-634.725
-660.768
-686.134
-710.356
-733.121
-753.319
-769.028
-778.281
-784.02
-786.012
-789.059
-25.265
-24.8307
-26.9062
-28.9838
-30.3961
-36.0754
-36.839
-46.5163
-47.2397
-59.1251
-62.1895
-74.3868
-81.4611
-93.7793
-104.872
-118.149
-132.561
-147.978
-164.604
-182.303
-200.803
-220.217
-240.823
-262.851
-286.451
-310.764
-334.557
-357.86
-381.117
-404.442
-427.64
-450.703
-473.845
-497.453
-521.722
-546.338
-571.211
-596.479
-621.831
-646.917
-671.55
-694.859
-716.376
-735.805
-752.155
-763.417
-768.462
-772.836
-774.061
-776.091
-25.8293
-25.074
-28.0556
-28.7066
-32.0499
-35.4259
-38.6042
-45.7688
-48.2533
-58.9066
-62.5644
-74.801
-81.7076
-94.652
-105.644
-119.625
-134.35
-150.396
-168.112
-187.298
-207.61
-228.763
-250.63
-273.322
-297.456
-323.34
-349.734
-375.324
-400
-424.016
-447.461
-470.362
-492.924
-515.397
-538.144
-561.689
-586.045
-610.671
-635.209
-659.578
-683.114
-704.872
-724.589
-741.125
-752.245
-757.537
-762.411
-764.123
-765.989
-767.061
-25.0217
-24.2856
-28.1389
-27.4798
-32.2832
-33.933
-38.5839
-43.4142
-48.1359
-56.4193
-61.7478
-72.8996
-80.045
-93.1242
-103.965
-118.529
-133.484
-150.065
-168.404
-188.374
-210.117
-233.416
-257.738
-282.463
-307.572
-334.045
-361.958
-389.968
-417.138
-442.937
-467.226
-490.114
-511.896
-533.205
-554.707
-576.803
-599.762
-623.834
-648.752
-673.473
-696.229
-716.602
-734.358
-747.513
-753.772
-755.309
-756.552
-758.559
-760.757
-761.717
-23.332
-22.6059
-27.5423
-25.2002
-31.8012
-31.2667
-37.5854
-40.3687
-46.3712
-52.5054
-59.3672
-68.9543
-76.8206
-89.4355
-100.151
-114.939
-129.888
-146.979
-165.82
-186.295
-208.802
-233.373
-259.829
-287.613
-315.614
-343.855
-373.317
-403.472
-433.009
-461.101
-487.136
-510.857
-532.463
-552.5
-571.787
-591.486
-612.907
-636.391
-661.477
-686.75
-710.321
-730.117
-745.002
-753.92
-756.599
-757.375
-755.857
-756.849
-758.298
-759.167
-21.4683
-20.2495
-26.1918
-22.4246
-30.5478
-27.7978
-36.0172
-36.173
-43.8714
-47.8229
-55.6152
-63.2769
-72.2757
-83.4225
-94.5944
-109.154
-123.979
-141.387
-160.52
-181.522
-204.726
-230.178
-257.893
-288.001
-319.458
-350.864
-382.615
-415.242
-447.737
-478.861
-507.545
-532.914
-554.706
-573.5
-590.569
-607.398
-625.339
-646.17
-670.807
-698.25
-724.238
-744.917
-756.801
-759.899
-761.373
-759.935
-757.985
-756.436
-755.809
-756.095
-19.1222
-17.5968
-24.581
-19.4032
-28.7165
-24.082
-33.6607
-31.483
-40.6236
-42.3813
-51.1323
-57.2486
-66.1956
-76.2625
-87.3622
-101.352
-115.926
-133.365
-152.537
-173.881
-197.607
-223.827
-252.566
-284.206
-318.825
-354.528
-390.049
-425.863
-461.726
-496.471
-528.641
-556.822
-580.094
-598.524
-613.168
-625.298
-637.994
-653.929
-676.022
-704.361
-735.441
-759.347
-769.03
-768.335
-765.874
-762.716
-758.741
-754.35
-751.464
-750.603
-16.8808
-14.6572
-22.105
-16.6778
-25.8584
-21.0354
-30.1655
-27.8034
-36.0353
-37.33
-45.463
-50.9324
-59.3247
-68.4684
-79.1888
-92.0218
-106.234
-123.261
-142.209
-163.744
-187.803
-214.614
-244.253
-276.747
-313.119
-352.793
-393.404
-434.053
-474.512
-513.859
-550.632
-582.948
-609.097
-627.876
-640.183
-647.915
-653.082
-659.447
-673.771
-700.849
-737.76
-769.024
-777.484
-778.696
-770.648
-764.661
-757.661
-750.57
-744.879
-741.904
-14.6549
-11.8822
-19.2326
-14.6213
-22.2191
-18.5214
-25.8656
-24.7403
-30.9726
-32.9693
-39.2703
-44.7367
-52.095
-60.4779
-70.2868
-82.0907
-95.4593
-111.602
-129.887
-151.155
-175.213
-202.453
-233.175
-266.936
-304.231
-346.461
-391.92
-438.335
-484.895
-530.387
-573.289
-611.398
-642.093
-663.751
-675.37
-678.193
-674.378
-667.43
-667.825
-686.355
-723.257
-766.718
-782.376
-782.182
-775.899
-769.78
-761.96
-752.235
-743.332
-737.301
-12.9553
-10.2586
-15.6686
-13.504
-17.8833
-16.809
-21.0975
-21.8317
-26.0205
-28.5331
-33.5261
-38.3745
-45.0747
-52.4149
-61.3629
-72.0488
-84.3365
-99.3268
-116.563
-136.998
-160.482
-187.42
-218.544
-253.784
-292.664
-336.445
-385.778
-438.366
-492.068
-545.335
-596.232
-642.188
-680.222
-706.495
-718.952
-718.648
-706.618
-684.156
-661.572
-657.956
-683.069
-731.804
-776.582
-784.132
-790.714
-790.373
-781.471
-768.064
-754.862
-747.116
-11.7575
-7.95179
-11.3937
-12.6793
-13.608
-15.3894
-16.9586
-18.9471
-21.896
-24.2726
-28.4658
-32.5558
-38.493
-44.7895
-52.7291
-62.2252
-73.4078
-87.0713
-103.091
-122.306
-144.817
-171.123
-201.811
-237.514
-277.978
-323.636
-375.886
-433.896
-495.242
-557.649
-618.641
-675.29
-722.969
-756.792
-773.3
-771.49
-751.39
-719.027
-668.941
-629.356
-629.492
-669.645
-742.038
-787.876
-818.673
-825.283
-815.806
-796.973
-777.229
-765.678
-11.2666
-9.97307
-7.67898
-13.1499
-9.55144
-14.6472
-12.7488
-16.3026
-17.8731
-20.5161
-24.0315
-27.466
-32.86
-38.108
-45.085
-53.4638
-63.3937
-75.7218
-90.5065
-108.44
-129.552
-154.798
-185.075
-220.741
-261.863
-308.933
-363.577
-426.021
-494.93
-567.324
-640.257
-710.876
-769.965
-815.653
-841.558
-838.794
-809.418
-757.599
-688.901
-621.535
-588.386
-619.344
-695.555
-775.619
-825.56
-842.916
-838.456
-817.497
-795.804
-787.448
-8.282
-9.69165
-3.43057
-12.0744
-6.70964
-12.5785
-9.84344
-13.7969
-14.5673
-17.3934
-20.2476
-23.4944
-28.057
-32.9044
-39.1628
-46.5202
-55.5106
-66.5672
-80.0736
-96.8926
-116.927
-140.987
-170.623
-206.62
-248.489
-296.746
-353.918
-421.771
-499.844
-585.228
-673.091
-759.755
-838.206
-899.48
-938.84
-949.229
-917.298
-845.215
-748.426
-658.807
-629.256
-660.209
-723.703
-780.834
-811.681
-820.308
-815.342
-802.137
-791.009
-789.027
-6.0931
-6.65628
-5.59502
-8.85825
-8.00174
-9.92814
-10.6235
-12.3929
-13.86
-15.7174
-18.0849
-20.885
-24.6769
-29.2649
-35.0373
-42.0222
-50.7912
-61.4549
-74.7472
-91.5757
-112.09
-136.594
-166.934
-204.678
-250.02
-303.339
-366.914
-444.426
-536.166
-638.574
-745.866
-852.668
-949.024
-1021.27
-1063.51
-1063.27
-1012.49
-911.689
-809.672
-744.913
-731.326
-747.061
-776.162
-800.79
-806.432
-798.451
-783.645
-776.102
-775.754
-778.458
-4.77183
-5.18564
-5.94544
-6.86272
-7.65833
-8.44097
-9.58618
-10.8077
-12.4507
-14.1641
-16.1263
-18.7986
-22.2658
-26.7136
-32.2327
-39.136
-47.9737
-58.9622
-72.805
-90.2794
-112.086
-138.714
-172.092
-214.301
-265.868
-327.438
-401.743
-492.872
-601.876
-726.616
-859.472
-986.561
-1093.59
-1175.03
-1208.27
-1182.15
-1109.08
-1022.95
-943.666
-898.925
-872.273
-857.792
-849.502
-836.586
-816.884
-792.085
-772.125
-764.822
-768.673
-774.07
-3.43371
-4.20553
-4.77094
-5.31698
-5.99232
-6.60239
-7.4408
-8.40937
-9.68599
-11.3847
-13.3543
-15.8465
-19.0457
-23.2958
-28.7967
-35.8335
-44.8213
-56.2362
-70.9692
-89.794
-113.387
-142.282
-179.599
-228.328
-288.186
-360.095
-447.827
-556.588
-690.884
-845.842
-1004.21
-1147.63
-1271.94
-1356.41
-1370.35
-1334.8
-1274.58
-1200.29
-1134.28
-1075.89
-1028.53
-984.284
-941.162
-897.579
-852.941
-811.64
-782.867
-771.011
-774.85
-779.304
-2.04541
-2.67049
-2.99323
-3.38967
-3.65966
-4.06951
-4.58517
-5.2277
-5.981
-7.17514
-8.91288
-11.2169
-14.1458
-17.9722
-23.0543
-29.8057
-38.7843
-50.4138
-65.4937
-85.2643
-110.812
-142.548
-184.206
-239.915
-309.522
-393.779
-499.015
-634.335
-801.936
-987.477
-1170.56
-1340.44
-1480.1
-1554.46
-1575.35
-1550.51
-1495.91
-1427.05
-1349.12
-1268.48
-1187.66
-1110.55
-1036.42
-967.895
-905.978
-852.549
-812.058
-789.747
-783.851
-790.837
-0.463716
-0.672828
-0.733963
-0.754758
-0.713628
-0.750586
-0.905126
-1.17443
-1.55041
-2.09274
-3.06941
-4.60466
-6.87281
-10.0918
-14.5415
-20.5617
-28.8101
-39.9702
-54.9038
-75.0921
-101.781
-135.778
-181.685
-245.002
-325.857
-425.658
-554.462
-723.471
-926.819
-1145.54
-1362.43
-1559.23
-1703.86
-1791.47
-1825.53
-1809.35
-1751.67
-1669.45
-1568.11
-1454.58
-1339.03
-1227.58
-1125.64
-1036.4
-959.993
-897.532
-848.472
-815.127
-800.759
-810.564
1.53405
1.63196
1.85474
2.27838
2.76414
3.29209
3.78263
4.19507
4.41421
4.45971
4.2269
3.65519
2.54194
0.604968
-2.55091
-7.38939
-14.5518
-24.6566
-38.5686
-58.3006
-85.7571
-121.804
-170.935
-241.213
-335.326
-456.611
-614.838
-819.544
-1063.46
-1319.71
-1567.53
-1783.42
-1949
-2053.31
-2093.31
-2071.46
-1999.65
-1888.14
-1752.97
-1605.3
-1455.86
-1316.79
-1191.88
-1086.36
-999.796
-930.882
-878.116
-840.657
-822.265
-822.486
3.74412
4.34326
5.00982
5.82358
6.73939
7.78063
8.94383
10.2225
11.5381
12.7176
13.6903
14.3282
14.5257
14.0654
12.6556
9.8332
4.83322
-3.24684
-15.3416
-33.4553
-60.2989
-97.518
-149.335
-227.533
-339.747
-486.717
-677.482
-923.369
-1208.65
-1495.09
-1762.96
-2000.64
-2189.31
-2299.99
-2325.12
-2285.83
-2184.59
-2040.33
-1871.35
-1694.38
-1521.25
-1361.24
-1221.96
-1105.56
-1012.72
-941.102
-888.009
-851.719
-831.722
-825.914
6.61849
7.54666
8.71877
10.0673
11.5789
13.2659
15.1264
17.1374
19.3986
21.8085
24.3547
26.8352
29.1149
30.8931
31.8425
31.4977
29.2906
24.3585
15.527
0.452153
-24.328
-61.4967
-114.991
-200.011
-331.307
-506.196
-732.971
-1018.84
-1336.21
-1646.36
-1926.81
-2173.65
-2366.9
-2469.32
-2472.78
-2401.3
-2273.09
-2103.7
-1912.83
-1715.74
-1527.67
-1356.56
-1208.66
-1087.49
-992.196
-920.654
-869.154
-835.049
-817.702
-814.113
9.82406
11.197
12.773
14.7149
16.9414
19.4583
22.307
25.4385
28.8612
32.5748
36.6119
40.9365
45.4796
50.0577
54.3694
57.8517
59.76
59.1138
54.774
44.6036
24.7225
-9.91488
-64.4212
-154.008
-300.852
-505.653
-762.542
-1069.96
-1405.16
-1728.83
-2012.23
-2253.43
-2431.56
-2515.61
-2499.18
-2408.51
-2262.54
-2079.33
-1876.74
-1671.94
-1477.61
-1302.97
-1153.64
-1031.96
-937.443
-867.375
-818.166
-786.832
-771.824
-770.576
12.9132
14.7771
16.95
19.4962
22.4297
25.7783
29.6296
34.0174
38.9508
44.4496
50.4844
57.1039
64.2341
71.816
79.6721
87.5023
94.7564
100.429
103.046
100.275
88.1476
59.5393
5.44417
-88.2457
-242.544
-461.269
-730.048
-1044.93
-1388.74
-1712.47
-1986.31
-2212.4
-2367.1
-2428.65
-2405.56
-2310.63
-2162.29
-1977.98
-1775.79
-1571.85
-1380.17
-1208.83
-1063.13
-945.304
-854.06
-786.602
-739.391
-709.675
-696.254
-694.939
15.8679
18.277
21.0076
24.1839
27.8448
32.021
36.8406
42.3651
48.6955
55.9484
64.1394
73.4048
83.709
95.0742
107.353
120.339
133.694
146.794
158.4
165.984
164.867
146.552
98.4129
5.08105
-148.354
-367.276
-636.922
-945.067
-1278.76
-1590.69
-1850.94
-2054.96
-2189.77
-2244.83
-2224.13
-2137.44
-1999.51
-1824.87
-1630.95
-1436.38
-1253.47
-1090.82
-953.131
-841.442
-754.516
-689.555
-643.626
-614.36
-600.169
-596.946
18.3742
21.2009
24.4356
28.1914
32.5547
37.5585
43.342
49.9871
57.6298
66.4471
76.549
88.1721
101.427
116.488
133.414
152.185
172.612
194.216
215.922
235.195
246.874
241.788
206.311
123.845
-17.7084
-223.141
-481.925
-777.125
-1086.85
-1379.61
-1629.9
-1825.33
-1957.05
-2019.96
-2008.53
-1934.65
-1812.29
-1653.56
-1475.55
-1294.51
-1124.02
-972.42
-843.482
-738.15
-655.288
-592.417
-546.874
-516.696
-500.635
-495.237
20.2683
23.3953
26.996
31.1698
36.0246
41.6641
48.2105
55.7792
64.5498
74.6993
86.4257
99.9931
115.654
133.671
154.293
177.723
204.046
232.996
263.601
293.262
316.668
324.65
304.031
238.558
118.205
-68.9677
-309.845
-586.678
-877.515
-1156.33
-1403.18
-1601.89
-1739.33
-1808.95
-1811.46
-1754.43
-1649.02
-1508.15
-1346.22
-1179.17
-1020.34
-877.963
-755.824
-654.853
-574.14
-511.477
-464.803
-432.841
-414.42
-406.482
21.2765
24.573
28.3787
32.7932
37.9062
43.8766
50.8221
58.8746
68.2681
79.1693
91.843
106.554
123.653
143.464
166.327
192.528
222.241
255.319
290.881
326.388
356.652
372.868
362.774
310.794
201.024
28.9524
-198.5
-462.985
-743.55
-1014.93
-1260.84
-1463.03
-1604.5
-1680.36
-1693.09
-1647.21
-1552.6
-1422.3
-1270.59
-1112.67
-961.093
-823.944
-704.861
-604.735
-523.191
-458.964
-410.833
-377.709
-358.367
-349.297
21.2685
24.5662
28.3775
32.7995
37.9167
43.8914
50.8459
58.9099
68.3188
79.2442
91.9497
106.702
123.856
143.746
166.725
193.073
222.984
256.325
292.227
328.168
358.986
375.944
366.921
316.325
209.076
38.093
-185.051
-444.856
-723.869
-997.799
-1244.75
-1445.58
-1587.21
-1665.21
-1679.08
-1631.52
-1536.62
-1407.95
-1258.22
-1101.82
-951.053
-814.009
-694.455
-593.532
-511.06
-446.139
-397.593
-363.546
-342.056
-330.707
20.2481
23.3769
26.9896
31.181
36.0473
41.7053
48.2858
55.8918
64.7095
74.9293
86.7463
100.433
116.249
134.474
155.386
179.216
206.086
235.783
267.385
298.34
323.407
333.566
315.943
254.414
141.183
-40.8564
-273.547
-542
-825.916
-1105.74
-1355.75
-1554.22
-1691.54
-1761.96
-1765.16
-1709.22
-1605.46
-1467.2
-1309.38
-1146.1
-989.545
-848.308
-726.369
-624.375
-541.407
-475.861
-426.143
-390.942
-369.502
-358.865
18.3446
21.1686
24.4174
28.1993
32.5826
37.6179
43.4511
50.1455
57.8521
66.7667
77.0004
88.7995
102.281
117.642
134.985
154.331
175.551
198.249
221.434
242.634
256.735
254.709
223.362
146.555
12.4681
-184.923
-435.764
-721.065
-1021.56
-1312.77
-1564.2
-1758.92
-1888.77
-1949.92
-1940.82
-1869.74
-1749.75
-1594.64
-1420.82
-1243.56
-1075.39
-925.406
-797.458
-691.823
-607.036
-540.771
-490.842
-455.847
-435.038
-425.476
15.8212
18.2235
20.9732
24.1817
27.8673
32.0793
36.9507
42.5308
48.9415
56.3175
64.6754
74.1534
84.7201
96.43
109.176
122.792
136.998
151.251
164.399
173.981
175.359
160.217
115.96
27.0401
-120.285
-332.093
-595.477
-897.44
-1223.51
-1533.89
-1792.24
-1989.39
-2119.08
-2175.57
-2155.26
-2069.32
-1934.06
-1763.85
-1573.12
-1379.99
-1198.16
-1036.1
-898.637
-786.386
-698.024
-630.819
-581.584
-547.919
-528.452
-519.831
12.8402
14.7104
16.906
19.4794
22.4404
25.8335
29.742
34.1914
39.2158
44.845
51.0476
57.8754
65.2677
73.1911
81.4917
89.9061
97.9347
104.639
108.618
107.593
97.778
71.9737
20.2514
-70.64
-219.338
-433.777
-699.279
-1009.42
-1349.96
-1676.73
-1950.48
-2167.06
-2317.25
-2377.91
-2354.05
-2259.07
-2112.26
-1929.58
-1728.41
-1524.1
-1331.55
-1159.64
-1012.93
-893.533
-800.302
-730.662
-681.099
-648.409
-631.319
-625.41
9.74272
11.1222
12.7178
14.6835
16.9404
19.5021
22.3971
25.5819
29.0925
32.9285
37.126
41.6578
46.4669
51.3742
56.0906
60.104
62.713
62.9718
59.7441
50.9964
33.064
0.214754
-53.1388
-139.77
-282.223
-485.862
-742.914
-1049.48
-1385.94
-1717.1
-2003.18
-2239.01
-2415.12
-2498.52
-2481.87
-2388.37
-2240.98
-2056.46
-1851.79
-1644.42
-1447.27
-1269.68
-1117.6
-993.276
-896.351
-824.179
-773.136
-740.243
-723.726
-719.37
6.5293
7.46222
8.64689
10.0146
11.5502
13.2714
15.1758
17.2509
19.6058
22.1333
24.829
27.4951
29.9996
32.0547
33.3551
33.4843
31.8872
27.6872
19.71
5.79137
-17.5751
-53.8496
-106.158
-187.916
-316.929
-495.388
-731.214
-1017.4
-1335.84
-1657.44
-1944.54
-2192.38
-2387.63
-2495.2
-2497.48
-2421.12
-2289.13
-2115.16
-1919.32
-1716.86
-1522.79
-1346.56
-1193.73
-1068.18
-969.53
-895.5
-842.597
-807.812
-791.707
-787.696
3.648
4.25213
4.92578
5.75139
6.68602
7.76867
8.98109
10.3172
11.7076
12.9776
14.0664
14.8508
15.2327
15.021
13.9235
11.4958
6.98458
-0.522927
-11.905
-29.0376
-54.9728
-91.7177
-142.165
-217.933
-330.622
-482.861
-680.19
-930.862
-1223.64
-1520.92
-1797.72
-2042.77
-2243.11
-2363.68
-2388.09
-2343.37
-2239.65
-2089.61
-1911.97
-1726.49
-1544.36
-1376.11
-1229.66
-1107.23
-1010.09
-935.842
-881.624
-845.145
-825.832
-820.021
1.42158
1.52908
1.76486
2.19177
2.69372
3.2557
3.77463
4.23184
4.526
4.6541
4.52168
4.07725
3.12435
1.40209
-1.50276
-6.03388
-12.7914
-22.4281
-35.7183
-54.6451
-81.5594
-117.272
-165.225
-234.388
-329.988
-455.385
-617.803
-828.493
-1082.49
-1350.23
-1607.97
-1837.28
-2020.83
-2139.74
-2184.15
-2165.6
-2091.69
-1972.94
-1826.6
-1667.47
-1505.93
-1355.66
-1221.03
-1107.63
-1015.47
-943.21
-889.024
-850.702
-829.216
-823.153
-0.592738
-0.784388
-0.834618
-0.861799
-0.811044
-0.827743
-0.951618
-1.16225
-1.47045
-1.95752
-2.85296
-4.28266
-6.42276
-9.45738
-13.6887
-19.4552
-27.373
-38.1954
-52.6615
-72.2928
-98.6406
-132.201
-177.099
-240.013
-322.248
-425.077
-557.245
-731.461
-944.237
-1175.34
-1405.32
-1615.29
-1775.98
-1878.29
-1926.1
-1920.21
-1866.98
-1779.01
-1668.21
-1541.8
-1411.51
-1285.86
-1171.47
-1072.23
-989.123
-922.442
-869.964
-832.5
-814.996
-817.547
-2.18815
-2.79314
-3.10375
-3.50342
-3.77405
-4.1688
-4.64703
-5.25517
-5.98217
-7.11919
-8.76003
-10.9637
-13.791
-17.4606
-22.3622
-28.9221
-37.629
-48.9614
-63.6078
-82.9161
-108.156
-139.549
-180.765
-236.721
-307.331
-393.015
-500.669
-641.101
-816.329
-1012.87
-1210.67
-1395.1
-1545.48
-1632.73
-1668.11
-1656.78
-1610.46
-1541.92
-1460.52
-1366.99
-1271.58
-1178.52
-1090.32
-1010.61
-941.149
-882.529
-836.262
-805.399
-793.456
-804.928
-3.59726
-4.34272
-4.88921
-5.42753
-6.11393
-6.72426
-7.54269
-8.49845
-9.73794
-11.3403
-13.2161
-15.6388
-18.791
-22.9305
-28.2938
-35.1824
-43.9679
-55.1565
-69.5803
-88.1053
-111.425
-139.881
-176.697
-225.733
-286.36
-359.161
-448.136
-560.066
-701.084
-866.623
-1037.82
-1195.18
-1330.77
-1422.87
-1445.25
-1425.49
-1372.34
-1306.4
-1240.28
-1173.1
-1111.9
-1052.29
-993.553
-937.377
-884.356
-836.589
-800.3
-781.567
-778.544
-785.336
-4.9818
-5.36194
-6.0793
-6.97884
-7.74644
-8.58425
-9.70561
-10.9252
-12.509
-14.1442
-16.0473
-18.6868
-22.1214
-26.477
-31.8833
-38.6573
-47.3425
-58.1447
-71.7297
-88.9195
-110.386
-136.557
-169.498
-211.589
-263.583
-325.989
-401.797
-494.906
-608.544
-741.729
-885.381
-1023.94
-1141.8
-1233.28
-1275.18
-1249.32
-1185.26
-1110.03
-1033.32
-983.549
-946.937
-920.3
-894.86
-865.711
-833.477
-800.61
-776.058
-766.634
-771.044
-775.869
-6.3545
-6.90476
-5.71385
-9.02892
-7.93365
-10.0813
-10.769
-12.5792
-13.9541
-15.7927
-18.096
-20.8644
-24.5844
-29.1184
-34.7934
-41.6469
-50.2749
-60.7909
-73.8994
-90.4635
-110.712
-135.051
-165.228
-202.628
-248.392
-302.705
-367.517
-446.141
-540.704
-648.581
-764.122
-880.5
-985.92
-1067.8
-1120.77
-1120.54
-1067.17
-970.786
-873.509
-812.827
-793.037
-796.174
-806.671
-810.44
-803.435
-788.219
-772.386
-764.982
-767.891
-773.634
-8.49465
-9.85617
-3.3584
-12.1937
-6.6893
-12.7761
-10.0617
-14.0371
-14.7152
-17.5297
-20.3562
-23.4807
-28.0383
-32.8258
-38.9739
-46.2427
-55.171
-66.1926
-79.6368
-96.1788
-116.047
-139.861
-169.116
-205.135
-247.448
-296.225
-353.661
-422.872
-503.883
-593.273
-687.044
-780.26
-865.949
-935.933
-981.355
-996.781
-964.72
-883.945
-780.762
-689.541
-664.074
-688.05
-732.027
-776.387
-796.768
-799.083
-789.573
-780.709
-778.474
-780.714
92.5117
88.8005
86.8921
86.0908
85.5184
85.2301
85.4246
85.9006
86.3699
86.7556
87.3443
88.4141
89.8626
91.478
93.3471
95.5205
97.9267
100.517
103.324
106.431
109.844
113.52
117.41
121.529
125.886
130.408
135.027
139.579
143.987
148.106
152.161
155.993
159.146
161.52
162.88
162.868
161.277
157.774
151.81
142.856
130.289
113.468
91.8577
64.8759
31.8327
-8.09627
-55.6825
-111.69
-179.261
-248.334
90.9071
89.4041
88.5741
88.2706
88.1757
88.1171
88.5886
89.7051
90.8913
91.48
92.014
93.3567
95.4743
97.7399
100.056
102.704
105.763
109.124
112.741
116.683
120.998
125.633
130.543
135.726
141.182
146.886
152.777
158.777
164.783
170.824
176.669
182.292
187.555
192.322
196.352
199.278
201.006
200.937
198.613
193.596
185.305
173.315
157.214
136.314
109.805
76.8971
36.861
-11.3481
-69.1722
-127.331
90.7035
90.7308
90.8741
90.9789
91.1409
91.4172
92.2118
93.7932
95.792
96.9387
97.3179
98.6223
101.467
104.74
107.671
110.704
114.344
118.559
123.126
128.009
133.27
138.919
144.92
151.244
157.878
164.846
172.112
179.64
187.352
195.156
202.96
210.66
218.222
225.405
232.083
237.963
242.691
245.878
247.181
246.098
242.23
235.281
224.69
209.661
189.478
163.527
131.126
91.5889
44.0665
-2.39018
91.845
92.6782
93.5485
94.2682
94.8649
95.3626
96.2507
98.2561
101.001
102.828
103.317
104.528
107.936
112.336
116.135
119.552
123.61
128.62
134.226
140.156
146.421
153.114
160.253
167.798
175.73
184.065
192.813
201.961
211.431
221.158
231.01
240.951
250.813
260.533
269.775
278.466
286.184
292.671
297.588
300.532
301.257
299.283
293.873
284.349
270.252
251.078
226.195
194.97
156.757
121.704
94.1129
95.3121
96.7411
98.0147
98.9234
99.7283
100.917
103.277
106.579
109.07
109.963
111.237
115.007
120.371
125.208
129.175
133.586
139.277
145.948
153.013
160.337
168.094
176.419
185.28
194.629
204.449
214.768
225.599
236.892
248.574
260.533
272.69
284.915
297.062
308.983
320.443
331.207
341.059
349.684
356.789
361.988
364.611
364.047
359.911
351.868
339.332
321.621
298.361
269.252
243.628
97.2364
98.6289
100.392
102.189
103.49
104.482
105.907
108.641
112.458
115.561
117.001
118.547
122.647
128.821
134.711
139.407
144.265
150.612
158.327
166.572
175.006
183.874
193.428
203.673
214.498
225.848
237.767
250.289
263.427
277.06
291.145
305.503
320.099
334.741
349.315
363.65
377.566
390.853
403.186
414.22
423.394
430.183
434.288
435.397
432.961
426.237
414.822
398.514
377.039
359.343
101.004
102.521
104.511
106.675
108.278
109.548
111.325
114.377
118.601
122.286
124.33
126.301
130.745
137.556
144.411
150.019
155.561
162.606
171.276
180.659
190.225
200.214
210.973
222.565
234.848
247.738
261.272
275.525
290.492
306.112
322.26
338.865
355.787
372.944
390.202
407.409
424.398
440.904
456.617
471.13
484.008
494.966
503.683
509.626
512.104
510.688
505.232
495.495
481.245
469.903
105.293
106.847
108.945
111.369
113.26
114.744
116.822
120.247
124.866
129.09
131.782
134.296
139.146
146.544
154.308
160.874
167.162
174.845
184.347
194.825
205.572
216.712
228.657
241.552
255.287
269.743
284.933
300.919
317.717
335.262
353.47
372.227
391.456
411.047
430.885
450.823
470.67
490.169
509.011
526.864
543.406
558.273
570.925
580.76
587.407
590.698
590.306
585.681
576.636
569.938
109.903
111.405
113.563
116.132
118.221
119.928
122.304
126.129
131.126
135.79
139.119
142.283
147.582
155.459
164.006
171.517
178.643
187.057
197.407
208.94
220.81
233.036
246.1
260.245
275.395
291.381
308.182
325.832
344.365
363.739
383.857
404.649
426.014
447.871
470.097
492.546
515.019
537.259
558.993
579.884
599.558
617.555
633.409
646.808
657.549
665.272
669.387
669.493
665.638
662.764
114.576
115.979
118.121
120.791
123.026
124.934
127.611
131.797
137.136
142.217
146.165
149.984
155.755
164.109
173.362
181.733
189.669
198.841
210.02
222.523
235.433
248.699
262.85
278.205
294.683
312.097
330.362
349.535
369.638
390.664
412.536
435.173
458.504
482.429
506.834
531.561
556.4
581.106
605.364
628.826
651.13
671.91
690.862
707.671
721.864
732.764
739.793
742.642
741.576
740.85
119.048
120.326
122.418
125.114
127.46
129.59
132.558
137.027
142.664
148.149
152.664
157.078
163.317
172.12
181.984
191.119
199.829
209.733
221.654
234.964
248.759
262.965
278.111
294.544
312.19
330.838
350.396
370.903
392.414
414.91
438.342
462.632
487.692
513.435
539.725
566.399
593.241
619.987
646.332
671.957
696.513
719.663
741.04
760.218
776.688
790.001
799.832
806.035
808.737
810.386
123.057
124.195
126.208
128.884
131.323
133.696
136.919
141.585
147.481
153.32
158.299
163.253
169.963
179.168
189.508
199.264
208.646
219.187
231.743
245.745
260.317
275.368
291.396
308.755
327.385
347.077
367.732
389.391
412.103
435.863
460.611
486.269
512.758
539.976
567.791
596.029
624.473
652.868
680.928
708.33
734.732
759.75
782.971
803.961
822.292
837.436
848.77
856.009
859.451
861.259
126.348
127.353
129.252
131.876
134.43
137.041
140.476
145.263
151.316
157.43
162.832
168.267
175.319
184.794
195.527
205.808
215.718
226.738
239.785
254.364
269.587
285.322
302.03
320.079
339.442
359.919
381.407
403.94
427.563
452.263
477.987
504.661
532.208
560.523
589.468
618.866
648.5
678.112
707.406
736.055
763.694
789.913
814.244
836.163
855.183
871.114
884.078
894.301
901.344
905.89
128.714
129.612
131.367
133.898
136.587
139.44
143.016
147.831
153.967
160.319
166.033
171.755
179.03
188.741
199.775
210.384
220.606
231.946
245.367
260.382
276.049
292.213
309.354
327.859
347.712
368.72
390.776
413.898
438.127
463.457
489.835
517.196
545.457
574.508
604.208
634.378
664.793
695.184
725.238
754.609
782.928
809.812
834.885
857.8
878.261
895.864
909.999
919.856
925.422
928.401
129.96
130.804
132.448
134.88
137.672
140.698
144.338
149.15
155.323
161.792
167.654
173.537
180.952
190.761
201.902
212.659
223.071
234.621
248.234
263.405
279.236
295.594
312.97
331.734
351.856
373.127
395.436
418.799
443.265
468.843
495.494
523.15
551.718
581.087
611.107
641.589
672.3
702.958
733.243
762.806
791.279
818.289
843.46
866.419
886.783
904.216
918.422
929.161
936.145
940.307
129.948
130.79
132.433
134.864
137.652
140.676
144.315
149.126
155.297
161.761
167.617
173.495
180.904
190.703
201.829
212.57
222.968
234.507
248.102
263.248
279.052
295.378
312.716
331.438
351.517
372.741
394.995
418.293
442.683
468.177
494.738
522.295
550.753
579.997
609.876
640.201
670.735
701.196
731.258
760.57
788.766
815.482
840.344
862.959
882.903
899.854
913.638
924.247
931.392
935.663
128.679
129.572
131.325
133.85
136.528
139.375
142.946
147.76
153.887
160.224
165.919
171.628
178.887
188.575
199.563
210.118
220.296
231.598
244.967
259.915
275.505
291.578
308.612
326.994
346.718
367.585
389.481
412.41
436.416
461.496
487.607
514.671
542.598
571.272
600.552
630.257
660.158
689.973
719.385
748.039
775.565
801.586
825.745
847.747
867.332
884.079
897.27
906.012
910.428
912.359
126.29
127.289
129.182
131.794
134.335
136.936
140.365
145.148
151.187
157.277
162.652
168.06
175.086
184.525
195.18
205.372
215.209
226.162
239.127
253.602
268.704
284.3
300.843
318.703
337.854
358.096
379.314
401.53
424.793
449.097
474.38
500.567
527.561
555.253
583.508
612.146
640.939
669.623
697.887
725.398
751.783
776.627
799.47
819.834
837.329
851.806
863.322
871.888
876.903
879.563
122.976
124.107
126.11
128.77
131.195
133.555
136.771
141.429
147.31
153.12
158.063
162.976
169.647
178.798
189.038
198.671
207.947
218.4
230.852
244.716
259.125
273.991
289.808
306.93
325.291
344.664
364.938
386.158
408.382
431.606
455.764
480.755
506.489
532.866
559.744
586.949
614.248
641.37
668.023
693.883
718.603
741.799
763.04
781.862
797.822
810.441
819.297
824.204
825.254
825.07
118.948
120.217
122.296
124.975
127.301
129.414
132.373
136.836
142.455
147.907
152.376
156.736
162.925
171.662
181.418
190.405
198.966
208.742
220.537
233.702
247.315
261.304
276.201
292.358
309.681
327.93
347.015
366.978
387.887
409.731
432.434
455.901
480.034
504.735
529.881
555.276
580.693
605.846
630.426
654.105
676.548
697.412
716.329
732.845
746.43
756.618
763.101
765.825
764.842
763.297
114.458
115.852
117.98
120.627
122.839
124.728
127.389
131.565
136.885
141.93
145.824
149.585
155.302
163.58
172.718
180.928
188.687
197.687
208.708
221.051
233.774
246.816
260.7
275.745
291.847
308.792
326.505
345.046
364.47
384.737
405.769
427.45
449.703
472.429
495.499
518.741
541.917
564.751
586.919
608.073
627.846
645.889
661.892
675.503
686.192
693.315
696.304
694.968
689.56
684.807
109.773
111.263
113.404
115.949
118.009
119.693
122.051
125.857
130.828
135.45
138.718
141.827
147.075
154.878
163.292
170.628
177.572
185.798
195.962
207.311
218.983
230.982
243.772
257.584
272.301
287.768
303.947
320.924
338.706
357.251
376.436
396.168
416.344
436.871
457.614
478.393
498.983
519.125
538.505
556.785
573.566
588.381
600.795
610.541
617.335
620.736
620.189
615.247
605.942
597.838
105.153
106.694
108.774
111.168
113.026
114.482
116.535
119.936
124.524
128.693
131.319
133.786
138.604
145.921
153.53
159.911
166.028
173.533
182.84
193.103
203.627
214.535
226.21
238.748
252.018
265.905
280.449
295.718
311.73
328.393
345.592
363.224
381.176
399.344
417.573
435.716
453.509
470.686
486.937
501.915
515.294
526.653
535.398
540.982
543.116
541.503
535.757
525.485
510.47
497.667
100.855
102.359
104.33
106.459
108.028
109.269
111.013
114.037
118.224
121.842
123.811
125.738
130.164
136.898
143.593
149.01
154.385
161.27
169.746
178.893
188.216
197.959
208.443
219.666
231.465
243.772
256.641
270.173
284.32
299.016
314.12
329.539
345.142
360.805
376.372
391.665
406.491
420.545
433.482
444.873
454.316
461.516
466.084
467.369
464.779
457.98
446.631
430.366
408.982
389.772
97.0798
98.4603
100.203
101.966
103.232
104.192
105.584
108.289
112.056
115.086
116.448
117.945
122.008
128.102
133.853
138.38
143.078
149.269
156.792
164.807
172.989
181.592
190.847
200.708
211.047
221.82
233.085
244.888
257.185
269.891
282.888
296.073
309.295
322.403
335.234
347.574
359.25
369.971
379.435
387.199
392.685
395.411
395.095
391.308
383.358
370.661
352.899
329.675
300.577
273.927
93.9507
95.139
96.5453
97.7861
98.6653
99.4381
100.595
102.922
106.177
108.591
109.394
110.613
114.327
119.599
124.321
128.166
132.441
137.968
144.439
151.277
158.35
165.826
173.818
182.278
191.152
200.411
210.111
220.206
230.689
241.411
252.34
263.275
274.171
284.743
294.888
304.29
312.738
319.973
325.657
329.473
330.91
329.273
324.006
314.787
301.082
282.147
257.447
226.698
189.691
154.649
91.684
92.5045
93.3516
94.0466
94.6157
95.078
95.9357
97.9178
100.612
102.341
102.741
103.906
107.252
111.552
115.252
118.591
122.544
127.385
132.773
138.471
144.483
150.877
157.657
164.783
172.253
180.06
188.209
196.635
205.299
214.093
222.915
231.694
240.207
248.373
255.865
262.502
267.854
271.665
273.544
273.136
270.1
263.844
253.556
238.675
218.794
193.2
161.18
122.179
75.7506
30.8969
90.55
90.5636
90.6861
90.7682
90.9048
91.1468
91.9088
93.459
95.4001
96.4581
96.7594
98.0173
100.802
103.986
106.838
109.817
113.362
117.406
121.748
126.392
131.387
136.726
142.354
148.262
154.446
160.914
167.595
174.432
181.325
188.238
195.02
201.588
207.826
213.502
218.36
222.264
224.656
225.205
223.464
218.941
211.284
200.135
184.753
164.247
138.055
105.579
65.998
18.5842
-37.1968
-93.7219
90.7652
89.2452
88.3961
88.0733
87.9477
87.856
88.2934
89.3701
90.5008
91.0165
91.4794
92.7771
94.8429
97.0397
99.2928
101.874
104.826
108.013
111.414
115.116
119.159
123.48
128.035
132.828
137.841
143.067
148.379
153.71
158.936
164.054
168.898
173.394
177.4
180.67
182.951
183.892
183.315
180.648
175.371
166.94
154.836
138.64
117.879
91.673
59.1675
19.6938
-27.4901
-83.5557
-149.713
-218.068
92.384
88.6465
86.7202
85.898
85.2878
84.9753
85.1417
85.5691
85.9884
86.3108
86.8312
87.8605
89.2575
90.8108
92.6065
94.6875
96.9717
99.3969
101.999
104.868
108.018
111.389
114.946
118.711
122.654
126.697
130.737
134.646
138.294
141.502
144.589
147.266
149.105
150.068
149.764
147.787
143.985
137.9
128.986
116.745
100.479
79.475
53.2741
21.1944
-17.6261
-64.0354
-118.615
-182.583
-257.868
-337.284
-4.75075
-3.18821
-3.4356
-2.44206
-1.24595
-0.0493312
1.68167
3.7987
6.21134
8.793
11.5339
13.8792
15.9283
17.4509
18.2545
18.2464
17.4285
15.8975
13.8389
11.4705
8.71474
6.12533
3.69254
1.56992
-0.171526
-1.38813
-2.60674
-3.63093
-3.4495
-5.00605
-4.83624
-1.46757
-2.89903
-1.0618
-0.656498
0.680939
2.38933
4.06308
6.0049
8.18985
10.3019
12.1782
13.8072
15.0039
15.6314
15.6232
14.9791
13.7691
12.1325
10.2478
8.12282
5.93058
3.97416
2.28459
0.554523
-0.783383
-1.23467
-3.07236
-1.65988
-5.00677
-4.80824
-1.3869
-2.8253
0.0657353
-0.257035
1.68353
2.77599
4.18023
5.86669
7.55601
9.1823
10.7101
12.0142
12.9475
13.4239
13.4178
12.9282
11.9813
10.6678
9.13522
7.50354
5.8043
4.10633
2.69613
1.54717
-0.36382
-0.0945069
-2.96598
-1.55641
-4.96185
-2.39317
-0.723592
-2.36985
0.795034
0.042713
2.31133
2.60404
4.37363
5.7286
7.04055
8.34731
9.54999
10.5314
11.2048
11.5436
11.5401
11.1953
10.5133
9.52141
8.30756
6.99235
5.67153
4.28054
2.55533
2.17574
-0.0473927
0.652686
-2.50703
-0.873022
-2.51235
0.962466
0.116966
-0.802086
1.32793
0.275325
2.71403
2.39684
4.45116
5.29168
6.46826
7.58944
8.52098
9.25375
9.75675
10.0236
10.0207
9.7503
9.24159
8.49915
7.5507
6.41475
5.24042
4.34337
2.33601
2.58228
0.188695
1.20702
-0.917288
0.0133494
0.877438
1.80943
1.16017
-0.201928
1.64993
0.41688
2.80847
2.35054
4.02093
4.51377
5.68088
6.62685
7.41368
8.05639
8.51574
8.76243
8.75866
8.50484
8.0373
7.3892
6.58989
5.61477
4.48059
3.91856
2.28766
2.71023
0.339509
1.55447
-0.295292
1.06654
1.70589
-0.0952693
2.29885
-0.156207
2.02966
0.75097
2.5864
2.15587
3.62649
3.86438
4.99132
5.68494
6.39781
6.99395
7.41342
7.62922
7.62485
7.39914
6.96787
6.36788
5.66259
4.92047
3.84038
3.53556
2.12104
2.50347
0.682457
1.93907
-0.241852
2.20225
-0.212388
-2.10057
1.34781
0.429713
1.76503
1.04888
2.68008
2.00179
3.56843
3.54562
4.60949
5.03719
5.66055
6.13696
6.46061
6.62464
6.62032
6.44834
6.11233
5.62523
5.03075
4.53751
3.53247
3.48976
1.96038
2.59673
0.980832
1.68038
0.350542
1.26496
-2.18996
-1.10131
-0.0297634
-0.414046
1.36652
0.697188
2.62004
2.02489
3.52666
3.35417
4.36782
4.55872
5.09828
5.42218
5.65426
5.77644
5.77255
5.64691
5.40864
5.05457
4.56314
4.29936
3.33918
3.45615
1.98666
2.55041
0.637125
1.29597
-0.479735
-0.0893739
-1.1586
-0.159843
-0.0790916
-0.347718
1.44627
0.663255
2.40211
1.84372
3.30466
3.01715
3.9747
4.03922
4.54055
4.75571
4.94728
5.04644
5.04355
4.94215
4.75635
4.4908
4.0482
3.91564
3.00277
3.24374
1.79483
2.36239
0.585867
1.40648
-0.405364
-0.128921
-0.203843
-0.321273
-0.0170217
0.670378
1.42479
0.947675
2.13448
1.68977
2.8791
2.606
3.4808
3.49094
3.96909
4.12294
4.30517
4.38671
4.38473
4.29726
4.13356
3.91865
3.50046
3.42604
2.59562
2.83652
1.61172
2.14531
0.855859
1.39042
0.620995
-0.0678095
-0.363987
-0.256568
-0.192613
0.808354
1.06376
1.00298
1.89818
1.54539
2.50577
2.27596
3.02613
3.00124
3.439
3.54308
3.71594
3.77916
3.77641
3.70376
3.56037
3.38549
3.01585
2.97367
2.25787
2.49735
1.47586
1.92095
0.919837
1.02124
0.76719
-0.235851
-0.298532
0.847191
0.384735
0.299162
1.13578
0.876138
1.70282
1.43352
2.22402
2.0244
2.61844
2.59396
2.96335
3.02247
3.18461
3.22737
3.22258
3.16586
3.04967
2.90739
2.6089
2.5898
1.99371
2.18947
1.40691
1.69724
0.82949
1.08927
0.265405
0.34491
0.804332
1.13644
1.08164
0.549829
1.26197
0.855335
1.54878
1.30795
1.90375
1.78833
2.23921
2.21723
2.52532
2.56295
2.68397
2.72248
2.71849
2.67393
2.58541
2.46833
2.23083
2.22407
1.73826
1.9001
1.2799
1.52286
0.822962
1.21684
0.518984
1.04513
1.10174
1.03285
1.02566
0.719629
1.13389
0.816208
1.33098
1.14476
1.58809
1.53015
1.84619
1.87604
2.07613
2.1352
2.21596
2.24999
2.24798
2.21037
2.14493
2.05139
1.86369
1.85352
1.48822
1.57462
1.12117
1.30758
0.791048
1.0988
0.691576
0.995878
1.00683
0.87115
0.886576
0.725184
0.959859
0.740217
1.09074
0.975824
1.27654
1.27018
1.47714
1.53529
1.65903
1.72004
1.77748
1.80452
1.80374
1.77193
1.72256
1.65014
1.51514
1.4827
1.2467
1.2687
0.953725
1.07533
0.720042
0.934951
0.702152
0.860968
0.847668
0.700152
0.727847
0.561122
0.734582
0.620862
0.832388
0.799533
0.971282
1.00485
1.13129
1.18824
1.27206
1.322
1.36222
1.38152
1.38156
1.35625
1.32107
1.26468
1.18231
1.12376
0.993136
0.966518
0.781791
0.824773
0.602866
0.718675
0.542396
0.707237
0.678145
0.507102
0.516685
0.400885
0.515475
0.472992
0.58415
0.591484
0.684716
0.724386
0.79792
0.848211
0.899167
0.938246
0.963871
0.976551
0.977615
0.958428
0.935496
0.892665
0.844849
0.794073
0.716714
0.679689
0.582563
0.576034
0.45987
0.506283
0.386017
0.50403
0.491323
0.304791
0.315877
0.265692
0.311918
0.299945
0.354742
0.363778
0.40664
0.442837
0.471985
0.512318
0.535743
0.562448
0.57554
0.582717
0.584739
0.571341
0.560783
0.531575
0.508932
0.471685
0.436249
0.404555
0.355622
0.34967
0.291421
0.306178
0.258385
0.309847
0.297415
0.104173
0.106015
0.0925098
0.102982
0.113169
0.11307
0.127495
0.131909
0.152945
0.152322
0.173853
0.176226
0.188915
0.192385
0.195132
0.196805
0.190907
0.188473
0.175127
0.171656
0.152865
0.149076
0.132146
0.122757
0.112456
0.108564
0.10196
0.0896082
0.104708
0.101961
)
;

boundaryField
{
    INLET
    {
        type            zeroGradient;
    }
    OUTLET
    {
        type            fixedValue;
        value           uniform 0;
    }
    WALL
    {
        type            zeroGradient;
    }
    CYLINDER
    {
        type            zeroGradient;
    }
    frontAndBackPlanes
    {
        type            empty;
    }
}


// ************************************************************************* //
