/*--------------------------------*- C++ -*----------------------------------*\
| =========                 |                                                 |
| \\      /  F ield         | OpenFOAM: The Open Source CFD Toolbox           |
|  \\    /   O peration     | Version:  v1912                                 |
|   \\  /    A nd           | Website:  www.openfoam.com                      |
|    \\/     M anipulation  |                                                 |
\*---------------------------------------------------------------------------*/
FoamFile
{
    version     2.0;
    format      ascii;
    class       volScalarField;
    location    "0.24";
    object      p;
}
// * * * * * * * * * * * * * * * * * * * * * * * * * * * * * * * * * * * * * //

dimensions      [0 2 -2 0 0 0 0];


internalField   nonuniform List<scalar> 
6600
(
66.9084
62.0074
59.6094
58.1903
57.6978
57.6415
57.9103
58.5851
59.7058
61.3277
63.4841
66.1274
69.2587
72.9316
77.1019
81.7783
86.9714
92.6786
98.91
105.639
112.83
120.432
128.338
136.614
145.281
154.051
162.807
171.549
180.147
188.43
196.28
203.56
210.059
215.477
219.552
222.022
222.524
220.698
216.181
208.549
197.368
182.054
162.087
136.82
105.631
67.7852
23.1231
-29.377
-90.5931
-151.457
63.4227
58.2088
56.316
54.6598
53.699
53.2014
53.1903
53.6319
54.5524
55.9431
57.8361
60.2355
63.1127
66.4974
70.3608
74.7118
79.5498
84.8694
90.6681
96.9188
103.591
110.647
118.009
125.5
133.184
141.062
148.883
156.515
163.94
170.999
177.456
183.185
187.986
191.56
193.644
193.957
192.164
187.89
180.748
170.348
156.17
137.699
114.421
85.7103
50.9604
9.47445
-38.8825
-94.4887
-157.382
-217.734
58.526
52.8746
51.8053
49.8784
48.6758
47.9857
47.793
48.0459
48.8318
50.1285
51.8721
54.0892
56.8152
60.0198
63.6905
67.8225
72.4112
77.4432
82.8979
88.7445
94.9465
101.463
108.208
115.058
121.98
128.898
135.694
142.263
148.475
154.146
159.091
163.136
166.074
167.624
167.529
165.51
161.224
154.322
144.415
131.073
113.826
92.2204
65.7827
33.969
-3.75306
-48.0116
-98.9785
-155.961
-217.695
-274.077
52.6596
46.6088
46.0853
43.7901
42.5613
41.807
41.4344
41.5881
42.3234
43.5362
45.1932
47.3436
49.9527
53.0274
56.5515
60.5119
64.894
69.6678
74.8032
80.2597
85.9932
91.9698
98.1567
104.343
110.437
116.458
122.252
127.626
132.522
136.785
140.158
142.453
143.461
142.937
140.614
136.204
129.399
119.85
107.169
90.9636
70.8591
46.4563
17.3492
-16.891
-56.6776
-102.502
-154.391
-211.041
-269.934
-320.054
45.9107
39.3833
39.1016
36.5452
35.3445
34.5259
34.123
34.2127
34.8013
35.9331
37.5587
39.5951
42.079
45.0097
48.3618
52.1197
56.2531
60.7334
65.5206
70.56
75.7951
81.1777
86.6442
92.115
97.4535
102.533
107.276
111.551
115.163
117.961
119.763
120.341
119.482
116.932
112.451
105.768
96.5671
84.547
69.3704
50.6996
28.2353
1.67646
-29.2775
-64.9456
-105.624
-151.6
-202.832
-257.772
-312.361
-354.623
38.4443
31.3016
30.9022
28.1215
26.9301
26.008
25.6071
25.6557
26.1399
27.1135
28.582
30.491
32.8104
35.535
38.6465
42.1199
45.9291
50.0409
54.4076
58.9691
63.6608
68.4338
73.2495
77.9497
82.4214
86.6091
90.3219
93.3965
95.7455
97.1669
97.4464
96.3985
93.7875
89.3865
82.9529
74.2274
62.9563
48.8721
31.7069
11.2071
-12.84
-40.6531
-72.4321
-108.384
-148.741
-193.7
-242.84
-294.721
-344.217
-377.412
29.3853
22.0723
21.47
18.4709
17.2218
16.32
15.8135
15.765
16.1639
17.0008
18.2435
19.9064
21.9643
24.3992
27.1778
30.2793
33.6796
37.3375
41.2063
45.2285
49.336
53.4507
57.5141
61.4504
65.1024
68.3442
71.053
73.0657
74.1892
74.2802
73.1594
70.6218
66.4666
60.4451
52.3589
42.003
29.1466
13.5881
-4.87121
-26.4067
-51.1693
-79.2812
-110.835
-145.94
-184.767
-227.604
-274.033
-321.983
-365.506
-389.505
18.8016
11.5645
10.692
7.51927
6.23556
5.19335
4.59196
4.46969
4.72116
5.32157
6.31789
7.67766
9.37338
11.4167
13.7758
16.4261
19.3372
22.4713
25.7812
29.2093
32.6959
36.1876
39.5867
42.7223
45.4967
47.8517
49.5913
50.529
50.5604
49.4961
47.1491
43.35
37.8964
30.6217
21.3312
9.83401
-4.02081
-20.3767
-39.3759
-61.1391
-85.728
-113.194
-143.571
-176.914
-213.323
-252.996
-296.067
-339.799
-377.551
-393.912
6.11932
-0.494372
-1.44144
-4.77219
-5.99057
-7.23891
-7.97198
-8.3504
-8.32478
-7.96021
-7.27989
-6.31672
-5.04354
-3.46108
-1.60052
0.522108
2.88091
5.43739
8.14677
10.956
13.7984
16.5819
19.2356
21.6764
23.7528
25.2803
26.1291
26.1899
25.2816
23.2516
19.9301
15.1646
8.81076
0.674503
-9.36674
-21.4268
-35.6412
-52.1182
-70.9353
-92.1394
-115.769
-141.816
-170.231
-201.003
-234.262
-270.323
-309.018
-348.194
-381.58
-393.854
-8.15891
-14.1289
-15.0699
-18.3513
-19.6445
-20.9738
-21.9699
-22.5656
-22.9222
-22.9658
-22.7043
-22.1784
-21.3844
-20.3395
-19.0397
-17.4954
-15.7294
-13.7844
-11.6914
-9.49676
-7.26868
-5.05223
-2.98305
-1.25765
0.042178
0.884049
1.07482
0.412505
-1.19871
-3.9092
-7.86019
-13.2037
-20.0884
-28.5931
-38.8375
-50.9405
-64.957
-80.9244
-98.8957
-118.901
-140.907
-164.867
-190.719
-218.392
-247.824
-279.649
-312.994
-346.245
-374.19
-386.142
-23.7504
-29.2456
-30.0875
-33.1701
-34.5435
-36.059
-37.37
-38.3523
-39.0585
-39.5355
-39.8165
-39.8538
-39.641
-39.1951
-38.5066
-37.5841
-36.4509
-35.1283
-33.6443
-32.0537
-30.4224
-28.8447
-27.3839
-26.1066
-25.1769
-24.8368
-25.1815
-26.2698
-28.2663
-31.3191
-35.5748
-41.1204
-48.046
-56.4895
-66.5024
-78.109
-91.3675
-106.314
-122.934
-141.186
-161.041
-182.43
-205.22
-229.237
-254.692
-281.366
-308.07
-332.466
-349.475
-360.07
-40.6194
-45.5699
-46.3156
-49.278
-50.7459
-52.6077
-54.115
-55.5193
-56.7639
-57.848
-58.7264
-59.3794
-59.8449
-60.0603
-60.0345
-59.7752
-59.278
-58.5602
-57.6601
-56.6088
-55.4559
-54.2462
-53.1368
-52.3377
-51.8796
-51.7632
-52.2073
-53.4228
-55.5015
-58.5521
-62.665
-67.9734
-74.5806
-82.5005
-91.7892
-102.512
-114.645
-128.14
-142.976
-159.115
-176.458
-194.886
-214.229
-234.357
-255.214
-275.885
-295.022
-309.467
-315.022
-320.668
-58.6158
-62.9766
-63.6106
-66.4169
-67.9904
-70.1677
-72.1768
-74.0642
-75.8613
-77.5754
-79.1445
-80.5861
-81.8049
-82.7609
-83.4792
-83.9287
-84.0945
-83.9962
-83.6526
-83.098
-82.3874
-81.6129
-80.8136
-80.0227
-79.4251
-79.2993
-79.7124
-80.7117
-82.449
-85.0803
-88.7361
-93.4591
-99.2969
-106.347
-114.625
-124.08
-134.702
-146.472
-159.305
-173.081
-187.692
-202.99
-218.712
-234.954
-250.848
-265.366
-277.375
-285.229
-289.327
-290.98
-77.4846
-80.8683
-81.5113
-84.3488
-86.1692
-88.7083
-91.2122
-93.6961
-96.2452
-98.752
-101.158
-103.42
-105.476
-107.288
-108.81
-110.006
-110.867
-111.382
-111.556
-111.405
-110.963
-110.264
-109.46
-108.759
-108.173
-107.683
-107.517
-107.908
-108.983
-110.846
-113.576
-117.294
-122.087
-127.934
-134.83
-142.807
-151.8
-161.687
-172.374
-183.765
-195.696
-207.921
-220.34
-232.606
-244.149
-254.053
-261.185
-264.719
-269.736
-270.386
-96.6757
-99.1454
-99.7284
-102.596
-104.676
-107.739
-110.854
-114.12
-117.463
-120.834
-124.18
-127.396
-130.455
-133.276
-135.727
-137.784
-139.421
-140.592
-141.291
-141.541
-141.371
-140.843
-139.984
-138.822
-137.513
-136.361
-135.499
-134.97
-134.931
-135.588
-137.099
-139.536
-142.914
-147.307
-152.735
-159.089
-166.281
-174.261
-182.908
-192.048
-201.5
-211.071
-220.576
-229.767
-238.005
-244.404
-248.294
-251.305
-253.226
-254.525
-115.274
-116.744
-117.551
-120.618
-123.112
-126.822
-130.666
-134.808
-139.177
-143.686
-148.201
-152.573
-156.732
-160.636
-164.163
-167.203
-169.692
-171.583
-172.843
-173.446
-173.379
-172.671
-171.432
-169.882
-168.107
-166.071
-163.926
-161.983
-160.491
-159.612
-159.477
-160.21
-161.962
-164.724
-168.424
-173.071
-178.605
-184.85
-191.67
-198.941
-206.307
-213.514
-220.724
-227.498
-233.273
-237.378
-239.644
-242.152
-243.213
-244.123
-132.719
-133.348
-134.421
-137.704
-140.789
-145.257
-150.027
-155.247
-160.793
-166.525
-172.354
-178.129
-183.671
-188.84
-193.622
-197.892
-201.438
-204.202
-206.142
-207.203
-207.364
-206.662
-205.142
-202.806
-199.757
-196.319
-192.78
-189.251
-185.896
-182.981
-180.807
-179.608
-179.418
-180.299
-182.32
-185.355
-189.251
-193.963
-199.419
-205.121
-210.525
-216.026
-221.421
-226.121
-229.704
-232.001
-234.479
-235.629
-236.56
-236.975
-148.258
-147.936
-149.568
-153.348
-157.137
-162.592
-168.416
-174.856
-181.806
-189.096
-196.518
-203.876
-211.051
-217.844
-224.132
-229.779
-234.59
-238.44
-241.215
-242.845
-243.252
-242.345
-240.203
-237.102
-233.207
-228.49
-223.08
-217.295
-211.574
-206.292
-201.704
-198.012
-195.535
-194.409
-194.527
-195.85
-198.38
-202.08
-206.364
-210.493
-214.825
-219.295
-222.968
-225.43
-226.854
-228.446
-229.834
-231.02
-231.918
-232.122
-160.778
-160.201
-162.445
-166.799
-171.41
-178.004
-185.076
-192.97
-201.479
-210.401
-219.595
-228.911
-238.067
-246.821
-254.954
-262.284
-268.742
-274.018
-277.949
-280.438
-281.378
-280.69
-278.356
-274.434
-268.97
-262.234
-254.724
-246.715
-238.411
-230.123
-222.384
-215.813
-210.651
-207.015
-205.089
-204.876
-206.259
-208.945
-212.053
-215.671
-219.77
-223.157
-224.893
-225.38
-225.361
-225.844
-226.893
-228.209
-229.138
-229.398
-169.251
-169.533
-172.543
-177.641
-183.236
-191.062
-199.412
-208.926
-219.251
-230.139
-241.409
-252.844
-264.254
-275.37
-285.826
-295.37
-303.815
-310.913
-316.371
-320.046
-321.782
-321.41
-318.737
-313.973
-307.477
-299.358
-289.651
-278.624
-266.909
-255.167
-243.951
-233.656
-224.928
-218.357
-214.024
-211.877
-211.999
-213.817
-216.851
-221.05
-225.002
-227.136
-227.411
-226.623
-225.956
-225.645
-226.184
-227.164
-227.865
-228.236
-173.661
-175.494
-179.314
-185.288
-191.976
-201.18
-210.903
-222.116
-234.325
-247.286
-260.826
-274.747
-288.772
-302.597
-315.846
-328.123
-339.062
-348.482
-356.1
-361.54
-364.584
-365.112
-362.982
-358.037
-350.259
-339.908
-327.514
-313.622
-298.575
-282.784
-266.878
-251.986
-239.03
-228.493
-220.872
-216.395
-215.313
-216.825
-220.621
-225.401
-229.282
-231.041
-230.981
-229.919
-228.749
-227.741
-226.995
-226.589
-226.627
-226.958
-173.345
-177.502
-182.25
-189.429
-197.456
-207.976
-219.079
-232.093
-246.248
-261.437
-277.48
-294.096
-311.028
-327.947
-344.45
-360.049
-374.272
-386.743
-397.089
-404.905
-409.866
-411.735
-410.248
-405.205
-396.819
-385.368
-370.797
-353.56
-334.223
-313.581
-292.708
-272.336
-253.425
-237.464
-225.527
-217.86
-214.913
-216.276
-221.008
-226.899
-231.451
-233.962
-234.549
-233.598
-231.657
-229.312
-227.041
-225.301
-224.422
-224.26
-169.165
-175.673
-181.419
-189.862
-199.267
-211.034
-223.611
-238.367
-254.466
-271.846
-290.404
-309.921
-330.04
-350.407
-370.605
-390.091
-408.253
-424.507
-438.338
-449.368
-457.198
-461.382
-461.595
-457.544
-449.115
-436.221
-419.168
-398.658
-375.332
-349.857
-322.809
-295.366
-269.396
-246.469
-227.83
-214.655
-208.281
-209.501
-216.447
-224.343
-230.096
-233.525
-234.856
-234.337
-231.847
-228.547
-225.146
-222.277
-220.517
-219.697
-161.411
-170.489
-176.973
-186.719
-197.334
-210.274
-224.325
-240.704
-258.597
-278.211
-299.336
-321.758
-345.224
-369.327
-393.594
-417.453
-440.21
-461.118
-479.515
-494.788
-506.45
-513.863
-516.481
-513.861
-505.917
-492.772
-474.569
-451.385
-423.733
-392.305
-358.482
-323.76
-289.182
-256.653
-228.539
-207.086
-195.956
-196.741
-205.594
-216.423
-224.681
-229.357
-231.83
-232.089
-230.395
-227.291
-223.352
-219.625
-217.021
-215.323
-151.447
-162.383
-169.304
-180.265
-191.798
-205.578
-221.077
-238.833
-258.393
-280.041
-303.651
-329.007
-355.807
-383.764
-412.393
-441.08
-469.059
-495.437
-519.339
-539.933
-556.388
-568.134
-574.658
-575.254
-569.333
-556.666
-537.258
-511.482
-479.825
-443.435
-402.986
-359.304
-314.127
-270.633
-231.1
-198.865
-180.284
-178.007
-188.484
-203.2
-216.082
-225.737
-232.309
-234.866
-234.102
-230.848
-226.277
-221.623
-218.351
-216.233
-139.308
-152.145
-159.345
-171.141
-183.159
-197.631
-214.041
-232.87
-253.889
-277.399
-303.197
-331.271
-361.405
-393.261
-426.39
-460.191
-493.858
-526.393
-556.745
-583.796
-606.466
-624.086
-635.772
-640.401
-637.294
-626.253
-607.528
-580.782
-546.507
-504.937
-456.8
-404.077
-349.07
-293.35
-239.804
-193.987
-166.879
-159.54
-169.19
-188.822
-209.501
-226.244
-237.49
-242.534
-242.833
-239.757
-234.389
-228.604
-224.39
-221.986
-127.267
-140.06
-147.715
-159.726
-172.042
-186.808
-203.654
-223.204
-245.235
-270.096
-297.841
-328.414
-361.638
-397.241
-434.871
-473.961
-513.669
-552.911
-590.392
-624.909
-655.259
-680.113
-698.279
-708.95
-710.999
-703.722
-686.461
-659.477
-622.942
-577.256
-523.835
-463.712
-397.437
-325.755
-257.148
-203.45
-167.911
-153.401
-156.521
-175.897
-201.559
-224.615
-239.725
-246.699
-248.865
-246.263
-241.188
-235.393
-231.545
-230.124
-116.097
-127.145
-135.438
-147.236
-159.377
-174.155
-190.956
-210.628
-233.19
-259.011
-288.068
-320.554
-356.43
-395.493
-437.504
-481.895
-527.819
-574.104
-619.329
-662.213
-701.322
-734.932
-761.584
-780.051
-788.515
-785.978
-772.182
-746.864
-710.632
-663.77
-605.832
-537.976
-458.34
-374.868
-295.465
-231.421
-189.264
-169.243
-168.197
-180.803
-201.093
-221.639
-235.683
-242.74
-244.761
-243.416
-240.095
-236.446
-234.133
-233.726
-110.664
-113.828
-123.077
-134.099
-146.023
-160.445
-176.811
-196.218
-218.647
-244.709
-274.6
-308.364
-346.163
-388.06
-434.035
-483.626
-535.857
-589.499
-642.881
-694.677
-743.638
-787.422
-823.908
-851.841
-869.167
-874.147
-866.256
-844.722
-809.708
-762.081
-698.223
-620.347
-531.708
-442.025
-359.572
-286.497
-237.035
-209.115
-198.687
-201.703
-212.119
-225.394
-234.762
-239.453
-239.786
-237.515
-235.137
-233.599
-233.14
-233.82
-123.837
-103.692
-111.589
-121.558
-133.222
-147.177
-162.916
-181.601
-203.64
-229.479
-259.421
-293.785
-332.905
-376.922
-425.972
-480.222
-538.228
-598.695
-660.366
-721.772
-781.146
-835.645
-882.799
-922.169
-950.166
-963.726
-964.214
-950.177
-917.21
-867.483
-803.563
-714.816
-622.87
-531.079
-440.671
-366.287
-309.922
-271.466
-248.323
-237.706
-235.719
-237.869
-240.166
-240.094
-237.333
-233.969
-231.693
-231.255
-232.022
-233.196
42.9718
38.0132
35.6127
34.1351
33.5108
33.3087
33.3712
33.7703
34.5145
35.6807
37.31
39.3502
41.7784
44.6294
47.8972
51.5898
55.7198
60.2809
65.2934
70.7433
76.5933
82.753
89.2395
96.2239
103.46
110.807
118.242
125.704
133.066
140.194
146.987
153.317
158.952
163.652
167.241
169.4
169.775
168.034
163.779
156.606
146.057
131.619
112.742
88.769
59.152
23.0883
-19.8066
-69.9187
-130.168
-190.491
39.3212
33.933
31.9554
30.1112
28.9347
28.2374
27.9538
28.039
28.5012
29.3682
30.647
32.3278
34.4097
36.8792
39.7512
43.0198
46.6951
50.7646
55.2406
60.1178
65.3826
71.005
76.7141
82.5798
88.833
95.2588
101.608
107.846
113.928
119.672
124.909
129.52
133.285
135.939
137.303
137.066
134.842
130.349
123.096
112.732
98.7451
80.6069
57.7776
29.6054
-4.49854
-45.2803
-92.9985
-147.717
-211.194
-273.232
34.1225
28.1522
26.9594
24.7405
23.2813
22.3124
21.7372
21.5265
21.7594
22.425
23.4535
24.8405
26.6281
28.8063
31.3667
34.2964
37.5997
41.2582
45.2619
49.6027
54.2576
59.1739
64.2794
69.4775
74.7495
80.0462
85.2602
90.283
94.9863
99.2129
102.796
105.581
107.331
107.788
106.751
103.922
98.9244
91.4236
81.0543
67.3533
49.8244
27.9694
1.27825
-30.8451
-68.9616
-113.751
-165.382
-223.285
-287.266
-347.225
27.8134
21.3174
20.6401
17.9707
16.4407
15.2831
14.4504
14.0665
14.1377
14.614
15.4361
16.6512
18.2125
20.1395
22.4264
25.0543
28.0129
31.273
34.8173
38.6272
42.6955
47.0212
51.3797
55.7097
60.0363
64.3036
68.3395
72.0344
75.2991
77.9648
79.8317
80.7089
80.3718
78.5799
75.0861
69.6021
61.7788
51.2744
37.7505
20.7475
-0.19008
-25.5083
-55.6486
-91.1055
-132.382
-180.076
-234.245
-293.544
-356.43
-412.251
20.4824
13.4563
12.9605
9.98365
8.45063
7.13478
6.19194
5.67563
5.53823
5.81352
6.4967
7.48323
8.81167
10.4812
12.4664
14.7583
17.3344
20.161
23.2061
26.4329
29.789
33.295
36.9151
40.4783
43.8629
47.0048
49.8346
52.2355
54.0512
55.1122
55.2316
54.2138
51.8223
47.809
41.9254
33.8878
23.3749
10.046
-6.4316
-26.4294
-50.3379
-78.5351
-111.384
-149.272
-192.575
-241.759
-296.788
-356.075
-416.809
-466.959
12.3203
4.65086
4.08372
0.812559
-0.759252
-2.18105
-3.19933
-3.88507
-4.19412
-4.14671
-3.74412
-2.99644
-1.94445
-0.607022
1.00893
2.87359
4.97866
7.29887
9.7786
12.3825
15.0842
17.8238
20.5167
23.086
25.4913
27.5955
29.2412
30.3069
30.6665
30.1524
28.579
25.7372
21.3879
15.2934
7.20243
-3.16055
-16.0872
-31.88
-50.8281
-73.2405
-99.4221
-129.668
-164.242
-203.431
-247.53
-296.855
-351.395
-409.477
-466.818
-509.893
2.49942
-5.32512
-6.03679
-9.53149
-11.2187
-12.682
-13.8684
-14.6784
-15.1933
-15.4038
-15.3156
-14.9341
-14.2788
-13.3641
-12.2218
-10.8756
-9.33073
-7.6189
-5.78715
-3.90171
-1.98652
-0.0556109
1.77464
3.39708
4.7521
5.72723
6.19198
5.99802
4.98167
2.96937
-0.219799
-4.76844
-10.9006
-18.8627
-28.8837
-41.2103
-56.0937
-73.7941
-94.5628
-118.627
-146.215
-177.538
-212.779
-252.14
-295.875
-344.288
-397.049
-452.524
-505.525
-540.314
-8.64584
-16.4552
-17.4573
-21.1255
-22.8891
-24.5775
-25.9425
-26.9364
-27.6592
-28.2079
-28.485
-28.5288
-28.3745
-28.0019
-27.4361
-26.6995
-25.817
-24.801
-23.6929
-22.5596
-21.4447
-20.3639
-19.4363
-18.7883
-18.4507
-18.536
-19.2255
-20.6725
-23.006
-26.3883
-30.9974
-37.0319
-44.7057
-54.2094
-65.7535
-79.5614
-95.8481
-114.815
-136.643
-161.518
-189.608
-221.043
-255.924
-294.388
-336.674
-383.178
-433.529
-485.426
-532.927
-559.11
-21.8515
-28.9961
-30.1394
-33.9555
-35.6873
-37.6368
-39.199
-40.55
-41.6608
-42.5242
-43.2584
-43.8523
-44.2596
-44.5129
-44.6121
-44.5832
-44.4311
-44.1831
-43.8702
-43.5424
-43.279
-43.1148
-43.1031
-43.3444
-43.9737
-45.1321
-46.9238
-49.4607
-52.9152
-57.4727
-63.3031
-70.5538
-79.3973
-90.035
-102.643
-117.392
-134.444
-153.964
-176.108
-200.994
-228.723
-259.374
-293.008
-329.731
-369.718
-413.296
-460.454
-508.144
-549.669
-568.095
-36.5579
-42.9015
-44.1211
-47.9252
-49.7744
-51.8721
-53.7916
-55.4862
-57.0412
-58.4608
-59.7449
-60.9091
-61.9775
-62.9282
-63.7738
-64.5106
-65.1545
-65.7318
-66.2546
-66.7603
-67.3078
-67.9595
-68.8322
-70.0262
-71.5961
-73.6534
-76.3596
-79.8681
-84.3006
-89.7891
-96.4814
-104.555
-114.189
-125.506
-138.642
-153.751
-170.968
-190.407
-212.153
-236.298
-262.917
-292.037
-323.656
-357.824
-394.751
-434.768
-477.587
-520.687
-557.264
-570.747
-52.5274
-58.1202
-59.2406
-62.8653
-64.8818
-67.2397
-69.5105
-71.6726
-73.75
-75.7452
-77.6976
-79.5794
-81.3659
-83.1049
-84.7566
-86.3164
-87.8065
-89.2318
-90.6097
-91.9813
-93.3967
-94.921
-96.6165
-98.5692
-100.891
-103.739
-107.216
-111.405
-116.456
-122.539
-129.8
-138.35
-148.3
-159.799
-172.973
-187.917
-204.711
-223.436
-244.17
-266.963
-291.835
-318.78
-347.783
-378.819
-411.891
-447.602
-484.986
-522.141
-553.234
-565.893
-69.2502
-74.2909
-75.3092
-78.8085
-80.9642
-83.7379
-86.3496
-88.9844
-91.6707
-94.3933
-97.0793
-99.7242
-102.379
-104.956
-107.458
-109.901
-112.266
-114.56
-116.795
-119.001
-121.206
-123.466
-125.873
-128.53
-131.518
-134.912
-138.846
-143.478
-148.922
-155.28
-162.66
-171.203
-181.06
-192.308
-205.015
-219.269
-235.145
-252.69
-271.91
-292.811
-315.408
-339.67
-365.497
-392.758
-421.692
-452.129
-482.716
-511.065
-531.763
-543.729
-86.8798
-91.0952
-92.0644
-95.4253
-97.7367
-100.857
-104.001
-107.251
-110.607
-114.036
-117.563
-121.142
-124.693
-128.193
-131.654
-135.022
-138.287
-141.463
-144.549
-147.557
-150.525
-153.499
-156.555
-159.725
-163.104
-166.833
-171.028
-175.761
-181.161
-187.375
-194.533
-202.738
-212.052
-222.573
-234.4
-247.578
-262.123
-278.035
-295.323
-313.979
-333.937
-355.098
-377.355
-400.564
-424.859
-449.163
-471.891
-489.54
-497.876
-505.863
-104.611
-108.065
-109.026
-112.405
-115.002
-118.571
-122.291
-126.177
-130.337
-134.667
-139.101
-143.634
-148.172
-152.695
-157.146
-161.493
-165.717
-169.803
-173.73
-177.511
-181.162
-184.699
-188.194
-191.731
-195.378
-199.216
-203.334
-207.876
-212.97
-218.727
-225.243
-232.623
-241.011
-250.477
-261.041
-272.743
-285.61
-299.65
-314.799
-330.951
-348.024
-365.896
-384.333
-403.556
-422.741
-440.683
-456.113
-466.836
-471.663
-474.625
-122.243
-124.689
-125.78
-129.233
-132.136
-136.233
-140.566
-145.301
-150.295
-155.575
-161.105
-166.726
-172.38
-178.023
-183.573
-188.998
-194.248
-199.275
-204.071
-208.622
-212.927
-217.004
-220.901
-224.656
-228.302
-231.963
-235.774
-239.814
-244.199
-249.072
-254.586
-260.874
-267.987
-275.994
-284.992
-295.008
-306.023
-317.968
-330.784
-344.416
-358.685
-373.335
-388.387
-403.591
-418.221
-431.241
-441.157
-446.815
-452.981
-454.264
-138.719
-140.464
-141.65
-145.358
-148.687
-153.447
-158.553
-164.142
-170.217
-176.63
-183.273
-190.123
-197.037
-203.907
-210.68
-217.278
-223.63
-229.694
-235.41
-240.739
-245.672
-250.204
-254.342
-258.135
-261.675
-265.039
-268.269
-271.514
-274.942
-278.687
-282.871
-287.608
-293.084
-299.416
-306.623
-314.715
-323.681
-333.515
-344.134
-355.354
-367.041
-379.079
-391.174
-402.98
-413.986
-423.328
-429.867
-433.481
-436.142
-437.939
-153.584
-154.509
-156.173
-160.107
-164.068
-169.519
-175.485
-182.151
-189.326
-196.961
-204.998
-213.193
-221.5
-229.806
-237.953
-245.876
-253.502
-260.725
-267.458
-273.651
-279.261
-284.274
-288.7
-292.559
-295.849
-298.636
-301.098
-303.342
-305.484
-307.695
-310.178
-313.162
-316.764
-321.082
-326.244
-332.308
-339.263
-347.018
-355.509
-364.696
-374.384
-384.068
-393.696
-402.892
-411.083
-417.429
-421.309
-425.027
-425.9
-427.312
-166.024
-166.55
-168.617
-173.002
-177.628
-184.022
-190.979
-198.741
-207.265
-216.299
-225.723
-235.441
-245.344
-255.253
-265.019
-274.501
-283.552
-292.115
-300.046
-307.254
-313.67
-319.233
-323.919
-327.722
-330.7
-332.954
-334.527
-335.545
-336.217
-336.732
-337.298
-338.1
-339.4
-341.458
-344.403
-348.296
-353.129
-358.887
-365.592
-373.153
-380.963
-388.692
-396.419
-403.55
-409.212
-412.901
-416.019
-417.796
-418.865
-419.619
-175.647
-176.009
-178.67
-183.579
-188.93
-196.246
-204.326
-213.399
-223.242
-233.803
-244.861
-256.3
-267.968
-279.704
-291.346
-302.647
-313.424
-323.499
-332.827
-341.285
-348.72
-355.019
-360.16
-364.148
-366.956
-368.566
-369.138
-368.851
-367.849
-366.336
-364.571
-362.916
-361.684
-361.127
-361.487
-362.932
-365.588
-369.495
-374.548
-380.427
-386.707
-393.186
-399.374
-404.493
-408.016
-410.095
-411.686
-412.944
-413.922
-414.319
-181.287
-182.295
-185.779
-191.395
-197.586
-205.989
-215.125
-225.494
-236.918
-249.098
-261.901
-275.226
-288.854
-302.609
-316.277
-329.641
-342.468
-354.484
-365.586
-375.624
-384.374
-391.714
-397.565
-401.803
-404.447
-405.618
-405.354
-403.731
-400.961
-397.297
-393.058
-388.587
-384.255
-380.545
-377.884
-376.593
-376.811
-378.586
-381.862
-386.453
-391.939
-397.513
-402.147
-405.288
-407.081
-408.416
-409.02
-409.925
-410.696
-410.994
-182.909
-185.335
-189.607
-196.058
-203.139
-212.676
-222.949
-234.728
-247.604
-261.497
-276.239
-291.584
-307.382
-323.411
-339.407
-355.135
-370.337
-384.771
-398.07
-409.974
-420.346
-429.089
-435.997
-440.955
-443.963
-444.942
-443.9
-441.012
-436.457
-430.494
-423.432
-415.682
-407.842
-400.488
-394.205
-389.429
-386.508
-385.755
-387.358
-391.285
-396.367
-401.156
-404.498
-406.189
-407.111
-407.396
-407.721
-408.157
-408.606
-408.858
-180.157
-185.026
-190.012
-197.496
-205.534
-216.196
-227.526
-240.671
-255.141
-270.76
-287.371
-304.891
-323.039
-341.56
-360.186
-378.604
-396.517
-413.614
-429.484
-443.809
-456.45
-467.131
-475.642
-481.751
-485.324
-486.388
-484.965
-481.086
-474.921
-466.676
-456.688
-445.507
-433.654
-421.822
-410.855
-401.76
-394.892
-390.949
-390.609
-393.738
-398.69
-403.343
-406.398
-407.634
-407.693
-407.439
-407.065
-406.852
-406.784
-406.835
-173.898
-181.1
-186.875
-195.567
-204.593
-216.4
-228.785
-243.205
-259.108
-276.408
-294.997
-314.688
-335.279
-356.496
-377.998
-399.435
-420.412
-440.577
-459.563
-476.987
-492.457
-505.571
-516.1
-523.89
-528.733
-530.566
-529.245
-524.774
-517.189
-506.761
-493.934
-478.978
-462.525
-445.501
-429.025
-414.211
-401.844
-393.296
-390.211
-392.498
-397.723
-403.285
-406.847
-408.161
-407.853
-406.99
-406.012
-405.213
-404.745
-404.513
-164.154
-174.095
-180.378
-190.343
-200.491
-213.23
-226.521
-242.27
-259.457
-278.305
-298.736
-320.604
-343.67
-367.648
-392.209
-416.934
-441.383
-465.11
-487.704
-508.667
-527.458
-543.717
-557.103
-567.358
-574.074
-577.097
-576.443
-571.942
-563.61
-551.535
-535.828
-517.124
-496.118
-473.453
-450.094
-427.677
-407.843
-393.168
-386.646
-387.297
-392.835
-399.25
-404.248
-406.279
-406.268
-405.49
-404.449
-403.416
-402.726
-402.154
-152.492
-164.352
-171.115
-182.145
-193.233
-206.605
-220.986
-237.787
-256.134
-276.423
-298.551
-322.442
-347.894
-374.659
-402.378
-430.619
-458.857
-486.539
-513.162
-538.195
-561.051
-581.228
-598.269
-611.58
-620.934
-626.106
-626.886
-623.151
-614.735
-601.425
-583.604
-561.626
-535.792
-506.716
-475.972
-444.925
-415.847
-393.692
-381.676
-379.537
-384.143
-391.629
-397.828
-402.387
-404.687
-405.138
-404.416
-403.398
-402.569
-401.752
-139.097
-152.73
-159.969
-171.658
-183.261
-197.053
-212.297
-229.947
-249.168
-270.707
-294.374
-320.115
-347.794
-377.229
-408.1
-439.947
-472.185
-504.179
-535.306
-564.971
-592.546
-617.36
-638.749
-656.06
-668.967
-677.001
-679.953
-677.762
-670.166
-657.028
-637.746
-612.795
-582.722
-548.303
-510.325
-469.405
-429.737
-398.534
-379.482
-373.146
-375.932
-384.566
-393.655
-400.747
-404.934
-406.485
-406.245
-405.308
-404.469
-403.738
-126.08
-139.584
-147.402
-159.374
-171.169
-185.2
-200.907
-218.902
-238.894
-261.394
-286.29
-313.617
-343.342
-375.275
-409.166
-444.613
-480.973
-517.509
-553.514
-588.295
-621.144
-651.285
-677.892
-700.261
-717.617
-729.522
-735.733
-735.921
-730.068
-717.963
-698.767
-672.35
-639.389
-600.332
-554.122
-502.327
-454.072
-414.292
-388.573
-375.356
-373.616
-381.308
-391.862
-400.349
-405.756
-407.999
-408.127
-407.379
-406.84
-406.499
-114.345
-125.704
-134.538
-146.173
-157.808
-171.795
-187.445
-205.571
-225.903
-248.884
-274.571
-303.132
-334.611
-368.807
-405.539
-444.476
-484.902
-526.078
-567.233
-607.53
-646.169
-682.303
-714.94
-743.165
-766.02
-782.837
-793.212
-796.995
-793.596
-783.31
-766.423
-740.083
-705.775
-660.88
-606.289
-548.666
-492.7
-447.81
-414.612
-394.536
-386.962
-387.778
-393.789
-400.008
-404.815
-407.386
-408.241
-408.25
-408.275
-408.386
-108.27
-111.881
-121.61
-132.474
-143.972
-157.711
-172.963
-190.772
-210.885
-233.86
-259.857
-289.137
-321.936
-358.023
-397.263
-439.514
-483.913
-529.769
-576.244
-622.388
-667.194
-709.864
-749.196
-784.148
-813.649
-836.43
-852.022
-860.615
-861.131
-853.439
-838.225
-815.348
-776.804
-727.789
-667.188
-606.899
-549.376
-498.721
-459.059
-433.179
-417.202
-409.401
-406.843
-406.644
-407.276
-408.042
-408.502
-409.026
-409.452
-409.923
-121.96
-101.862
-109.944
-119.635
-130.718
-143.921
-158.783
-176.009
-195.451
-217.888
-243.731
-273.306
-306.855
-344.39
-385.525
-430.226
-478.062
-528.45
-580.231
-632.406
-683.713
-733.16
-779.53
-821.602
-858.635
-888.681
-910.512
-924.605
-932.002
-926.017
-908.883
-888.129
-852.33
-799.413
-739.66
-677.661
-618.321
-567.647
-525.822
-491.149
-464.437
-445.176
-431.585
-422.37
-416.204
-412.36
-410.668
-410.578
-411.332
-412.174
-101.524
-88.3407
-97.616
-108.204
-119.726
-132.406
-146.611
-162.996
-181.676
-203.878
-230.014
-260.116
-294.67
-334.407
-378.791
-426.418
-478.2
-533.969
-592.435
-652.278
-711.749
-768.818
-823.005
-872.755
-916.462
-953.439
-982.37
-1003.17
-1015.3
-1014.7
-1005.13
-973.467
-923.247
-865.514
-805.538
-741.148
-682.775
-629.174
-583.018
-542.744
-509.643
-483.001
-461.659
-444.656
-431.17
-421.289
-415.296
-413.062
-414.231
-415.525
-88.7653
-87.9704
-94.2495
-103.005
-114.174
-126.845
-141.824
-159.524
-179.851
-204.222
-232.83
-266.087
-304.804
-349.763
-400.29
-455.731
-515.214
-577.649
-642.482
-708.985
-775.142
-839.22
-899.119
-954.073
-1002.44
-1041.43
-1071.25
-1090.01
-1098.79
-1089.26
-1057.81
-1014.9
-963.386
-905.533
-845.136
-783.668
-725.674
-672.25
-624.891
-582.936
-546.165
-514.712
-488.055
-465.893
-447.755
-433.58
-423.694
-418.777
-418.198
-420.443
-80.342
-87.2427
-93.6979
-101.958
-113.11
-126.832
-144.017
-163.962
-187.331
-215.001
-247.775
-286.968
-332.921
-384.954
-442.764
-506.097
-574.034
-645.477
-719.018
-792.844
-864.994
-933.971
-998.495
-1055.2
-1103.4
-1142.18
-1168.09
-1177.33
-1167.58
-1143.16
-1105.99
-1059.38
-1006.03
-947.948
-887.171
-828.562
-771.452
-717.125
-666.125
-620.091
-578.789
-542.728
-511.627
-485.433
-463.886
-446.81
-434.24
-426.566
-423.989
-428.013
-73.9834
-82.467
-90.9594
-100.737
-112.6
-127.554
-146.116
-168.149
-194.722
-226.582
-265.273
-311.15
-363.757
-423.709
-491.026
-564.843
-643.833
-726.152
-809.52
-890.961
-968.944
-1040.89
-1107.69
-1167.09
-1213.69
-1247.16
-1259.34
-1252.22
-1231.39
-1199.46
-1158.04
-1108.78
-1053.22
-994.421
-933.619
-872.339
-811.979
-754.157
-699.573
-649.418
-604.168
-564.152
-529.664
-500.626
-476.886
-458.14
-444.13
-435.015
-431.826
-435.146
-67.1987
-75.8617
-85.4937
-96.0785
-108.55
-125.058
-144.913
-169.73
-200.023
-236.134
-279.53
-331.595
-392.946
-464.338
-544.304
-631.034
-722.248
-815.566
-908.118
-996.778
-1080.07
-1157.94
-1227.88
-1285.9
-1322.48
-1337.65
-1336.62
-1321.18
-1293.58
-1255.37
-1208.65
-1155.67
-1097.15
-1035.36
-971.553
-906.515
-842.979
-781.286
-723.203
-669.327
-620.654
-577.622
-540.55
-509.565
-484.466
-464.946
-450.609
-441.315
-437.743
-439.208
-58.7727
-67.192
-76.6049
-87.8621
-100.814
-118.352
-140.465
-167.821
-201.195
-240.913
-289.6
-350.084
-424.005
-509.439
-603.76
-704.237
-808.295
-912.745
-1014.42
-1112.34
-1204.95
-1286.2
-1349.13
-1389.86
-1410.85
-1414.47
-1403.77
-1380.25
-1345.99
-1301.97
-1250.12
-1192.83
-1130.35
-1063.86
-996.514
-927.954
-860.72
-795.728
-734.281
-677.496
-626.14
-580.905
-542.171
-510.029
-484.331
-464.705
-450.687
-441.91
-438.339
-438.852
-48.6598
-56.1412
-64.323
-75.4169
-89.4244
-107.835
-131.725
-159.944
-195.295
-240.556
-298.176
-370.579
-458.494
-558.824
-668.644
-784.411
-902.613
-1020.44
-1134.91
-1240.88
-1333.8
-1401.33
-1444.74
-1470.58
-1480.88
-1475.4
-1456.45
-1424.98
-1384.06
-1334.66
-1277.18
-1214.55
-1147.8
-1077.64
-1006.15
-934.542
-863.627
-795.77
-731.761
-672.674
-619.529
-572.961
-533.336
-500.761
-475.01
-455.614
-442.01
-433.991
-431.277
-431.339
-34.9268
-41.5869
-48.771
-59.0643
-73.7834
-91.3407
-114.907
-145.375
-184.493
-237.044
-304.935
-390.221
-492.698
-610.265
-739.169
-873.323
-1009.1
-1140.99
-1263.36
-1359.91
-1430.58
-1481.82
-1514.34
-1529.87
-1530.58
-1516.6
-1490.72
-1452.13
-1404.03
-1349.92
-1287.06
-1219.89
-1148.75
-1074.81
-999.797
-924.779
-851.287
-780.974
-714.964
-654.485
-600.396
-553.317
-513.585
-481.184
-455.856
-437.061
-424.179
-416.673
-414.232
-414.001
-17.5615
-23.5401
-29.2296
-36.6729
-49.864
-67.8589
-91.3743
-123.629
-166.853
-225.926
-304.487
-404.541
-524.895
-664.147
-816.696
-971.447
-1122.96
-1253.5
-1355.93
-1434.21
-1491.62
-1533
-1558.38
-1567.32
-1558.58
-1537.5
-1505.76
-1461.3
-1407.65
-1347.29
-1280.12
-1208.28
-1132.96
-1055.38
-976.899
-899.073
-823.425
-751.389
-684.355
-623.401
-569.352
-522.735
-483.725
-452.205
-427.761
-409.77
-397.553
-390.565
-388.242
-387.8
3.56949
1.90457
-2.95699
-8.9485
-18.9395
-35.7944
-58.2312
-89.4141
-134.471
-199.992
-291.156
-409.351
-552.519
-718.006
-894.73
-1059.49
-1198.05
-1312.45
-1404.12
-1474.45
-1521.96
-1559.14
-1581.59
-1582.12
-1568.99
-1542.25
-1503.69
-1454.13
-1395.34
-1329.25
-1257.26
-1180.88
-1101.42
-1020.17
-938.661
-858.565
-781.44
-708.752
-641.748
-581.427
-528.486
-483.27
-445.793
-415.76
-392.649
-375.786
-364.47
-358.058
-355.818
-355.012
27.9692
30.2898
30.0858
27.5286
22.9725
12.0737
-7.7264
-38.4445
-85.6084
-156.419
-258.944
-396.12
-561.544
-747.751
-931.347
-1090.9
-1224.42
-1333.54
-1420.15
-1488.42
-1537.6
-1569.92
-1586.85
-1584.96
-1566.57
-1534.16
-1489.73
-1434.45
-1370.11
-1298.47
-1221.34
-1140.24
-1056.6
-971.962
-887.997
-806.421
-728.841
-656.601
-590.79
-532.229
-481.418
-438.518
-403.327
-375.375
-354.005
-338.504
-328.208
-322.487
-320.459
-319.565
56.9335
63.8651
71.6322
77.0071
79.0316
74.1953
58.8165
29.2222
-20.9575
-97.2616
-207.327
-357.258
-535.867
-730.076
-924.6
-1087.1
-1224.78
-1339.29
-1428.04
-1497.67
-1549.57
-1582.21
-1594.45
-1587.83
-1564.05
-1525.15
-1473.3
-1410.43
-1338.81
-1260.64
-1177.75
-1091.67
-1003.95
-916.315
-830.554
-748.444
-671.504
-600.887
-537.407
-481.608
-433.731
-393.672
-361.036
-335.216
-315.551
-301.438
-292.321
-287.516
-285.997
-285.28
92.6102
106.791
121.128
135.998
147.245
149.122
136.462
106.889
58.1059
-18.2858
-123.804
-287.491
-483.372
-687.993
-891.942
-1073.48
-1226.91
-1351.85
-1451.86
-1525.8
-1576.13
-1605.74
-1612.44
-1599.01
-1568.16
-1521.36
-1460.22
-1388.04
-1307.85
-1222.08
-1132.6
-1041.19
-949.645
-859.745
-773.261
-691.804
-616.666
-548.695
-488.363
-435.872
-391.173
-353.977
-323.807
-300.019
-282.028
-269.272
-261.099
-256.668
-255.027
-254.24
132.964
153.899
172.888
190.611
206.341
214.487
208.92
176.895
119.6
30.1534
-99.0308
-264.951
-467.838
-688.405
-908.132
-1110.54
-1284.81
-1426.8
-1535.42
-1615.24
-1663.33
-1681.81
-1676.72
-1650.76
-1607.03
-1547.77
-1474.66
-1390.52
-1299.15
-1203.68
-1106.09
-1008.2
-911.947
-819.247
-731.729
-650.639
-576.921
-511.089
-453.285
-403.388
-361.087
-325.92
-297.541
-274.9
-257.527
-244.817
-236.049
-230.393
-227.229
-225.482
152.112
176.971
202.287
228.429
248.578
255.25
248.252
208.92
138.749
31.0831
-126.414
-319.424
-539.696
-778.435
-1018.16
-1237.91
-1423.87
-1571.63
-1683.28
-1753.39
-1790.21
-1795.99
-1775.46
-1733.24
-1673.4
-1599.04
-1512.32
-1415.59
-1312.06
-1205.44
-1098.43
-992.954
-891.177
-794.921
-705.715
-624.56
-551.834
-487.578
-431.612
-383.529
-342.769
-308.662
-280.328
-257.616
-239.706
-225.754
-215.004
-207.081
-201.993
-198.998
172.449
197.058
221.778
242.879
257.525
259.914
247.153
201.029
124.565
-3.46483
-183.311
-401.985
-650.549
-917.753
-1182.92
-1420.53
-1616.06
-1766.37
-1870.11
-1930.93
-1953.56
-1942.53
-1903.52
-1842.66
-1764.37
-1673.13
-1571.94
-1461.94
-1345.92
-1227.71
-1110.08
-995.615
-886.648
-785.416
-693.053
-610.078
-536.613
-472.425
-417.048
-369.816
-329.93
-296.569
-268.967
-246.495
-228.488
-214.347
-203.588
-195.901
-191.122
-188.268
137.814
159.638
182.079
201.633
214.537
214.479
192.525
141.478
54.8054
-83.4251
-272.168
-508.264
-780.405
-1071.13
-1357.68
-1602.71
-1795.19
-1937.17
-2031.28
-2083.92
-2098.39
-2080.96
-2035.83
-1966.46
-1877.56
-1772.79
-1656.44
-1532.57
-1404.21
-1274.09
-1145.23
-1020.47
-902.901
-794.471
-696.588
-609.788
-533.865
-468.337
-412.496
-365.401
-326.061
-293.492
-266.728
-244.898
-227.33
-213.549
-203.165
-195.871
-191.39
-188.751
95.9002
108.987
121.303
130.941
134.967
128.064
101.999
50.1886
-36.9339
-170.972
-356.875
-592.791
-870.57
-1176.34
-1478.29
-1734.74
-1928.9
-2068.76
-2157.3
-2204.95
-2215.29
-2192.26
-2140.97
-2066.23
-1972.13
-1862.51
-1740.8
-1610.74
-1475.08
-1336.39
-1198.35
-1064.19
-937.479
-820.959
-715.957
-623.41
-543.326
-474.978
-417.414
-369.476
-329.93
-297.628
-271.455
-250.376
-233.569
-220.481
-210.738
-204.066
-200.169
-197.95
60.3553
65.3119
68.8392
69.0263
62.7085
46.6684
16.2086
-33.5788
-112.877
-234.614
-408.122
-634.096
-903.349
-1204.75
-1513.06
-1781.44
-1987.55
-2136.83
-2233.34
-2282.5
-2292.26
-2270.05
-2217.34
-2140.29
-2044.37
-1933.22
-1810.42
-1678.37
-1539.82
-1397.93
-1255.07
-1116.1
-982.578
-857.178
-745.123
-646.832
-561.642
-489.334
-429.126
-379.595
-339.228
-306.658
-280.668
-260.13
-244.088
-231.854
-222.993
-217.266
-214.306
-212.685
30.2027
29.6271
26.8401
20.5618
7.87483
-13.7844
-47.5836
-97.2012
-169.667
-275.655
-427.422
-629.508
-877.431
-1157.03
-1455.75
-1735.42
-1962.14
-2127.77
-2237.77
-2299.01
-2320.09
-2303.71
-2254.87
-2182.4
-2089.02
-1979.66
-1858.65
-1727.64
-1589.27
-1446.81
-1302.94
-1161.28
-1024.8
-895.333
-778.329
-674.341
-583.983
-507.445
-444.182
-392.665
-351.145
-318.066
-292.082
-271.95
-256.562
-245.127
-237.143
-232.299
-230.231
-229.114
4.1513
0.709252
-5.25606
-15.0787
-31.0847
-54.9583
-89.0737
-136.739
-203.367
-296.536
-424.978
-592.856
-802.394
-1049.86
-1325.83
-1601.53
-1849.11
-2038.29
-2171.34
-2253.2
-2290.88
-2287.95
-2251.78
-2187.6
-2100.81
-1996.96
-1880.52
-1753.31
-1617.96
-1477.39
-1334.39
-1191.97
-1054.15
-924.608
-805.669
-698.633
-604.74
-524.975
-459.127
-405.711
-363.003
-329.322
-303.208
-283.299
-268.363
-257.486
-250.113
-245.984
-244.811
-244.333
-18.778
-23.7122
-31.1949
-42.9792
-60.5684
-85.0279
-118.151
-162.12
-220.998
-300.579
-406.201
-542.101
-714.076
-925.83
-1164.72
-1410.2
-1650.03
-1866.93
-2032.43
-2142.62
-2203.13
-2220.86
-2202.49
-2152.14
-2077.22
-1982.83
-1873.96
-1752.41
-1622.31
-1486.25
-1346.27
-1205.98
-1068.91
-939.562
-820.597
-713.316
-618.676
-537.631
-470.372
-415.929
-372.497
-338.397
-312.122
-292.277
-277.55
-266.978
-259.947
-256.124
-255.369
-255.363
-37.4605
-44.4565
-53.1193
-65.3422
-82.4355
-105.971
-137.335
-178.236
-231.078
-299.259
-385.353
-494.284
-633.706
-807.693
-1008.66
-1221.91
-1434.3
-1637.97
-1822.06
-1968.79
-2058.04
-2102.34
-2106.12
-2075.4
-2016.52
-1936.35
-1836.82
-1724.25
-1601.69
-1471.12
-1336.53
-1200.66
-1067.12
-939.482
-822.092
-716.37
-622.852
-542.423
-475.335
-420.936
-377.527
-343.44
-317.209
-297.396
-282.704
-272.154
-265.016
-261.24
-260.549
-261.182
-50.3329
-59.1854
-69.3957
-82.0787
-98.5464
-120.367
-149.018
-186.72
-234.158
-293.469
-366.036
-454.607
-565.883
-704.623
-869.463
-1051.47
-1237.41
-1416.81
-1585.72
-1739.26
-1862.46
-1936.12
-1965.49
-1958.15
-1919.15
-1854.2
-1769.27
-1668.84
-1555.03
-1432.51
-1304.48
-1174.68
-1046.56
-923.672
-809.563
-706.699
-616.086
-537.727
-472.396
-419.353
-376.9
-343.496
-317.627
-297.979
-283.266
-272.554
-265.214
-260.994
-260.006
-261.623
-60.4781
-69.6074
-80.3955
-93.4429
-109.25
-129.496
-155.113
-188.387
-230.619
-282.52
-345.488
-420.902
-511.847
-621.304
-752.491
-903.079
-1063.46
-1221.42
-1370.24
-1508.33
-1634.29
-1731.58
-1788.72
-1805.69
-1789.18
-1742.68
-1673.68
-1586.49
-1484.47
-1371.2
-1251.32
-1128.59
-1007.15
-890.42
-781.89
-683.872
-597.303
-522.926
-460.914
-410.569
-370.194
-338.202
-313.242
-294.039
-279.476
-268.653
-261
-256.317
-255.169
-258.12
-69.3844
-78.3672
-88.4325
-100.706
-115.441
-134.095
-157.473
-186.599
-223.104
-267.732
-322.036
-387.109
-464.195
-554.404
-658.802
-778.736
-911.199
-1048.23
-1180.89
-1304.64
-1417.66
-1517.8
-1592.29
-1632.39
-1636.36
-1610.26
-1556.99
-1484.14
-1392.83
-1291.06
-1180.07
-1065.42
-950.914
-841.278
-739.335
-647.556
-567.006
-497.935
-440.941
-394.771
-357.642
-328.057
-304.669
-286.409
-272.263
-261.555
-253.892
-249.252
-247.909
-251.702
-76.2436
-85.3066
-93.9948
-104.758
-118.073
-134.62
-155.65
-181.468
-213.191
-251.478
-297.36
-352.301
-417.526
-493.685
-580.204
-676.696
-782.718
-896.679
-1013.73
-1125.86
-1230.38
-1322.98
-1401.12
-1455.78
-1479.65
-1468.69
-1432.99
-1371.99
-1292.62
-1199.1
-1097.74
-990.356
-882.831
-779.782
-684.409
-599.94
-525.834
-463.664
-413.071
-372.453
-339.947
-313.872
-293.038
-276.321
-262.995
-252.709
-245.636
-242.165
-242.01
-244.531
-82.2187
-89.4109
-96.407
-105.814
-117.869
-132.455
-150.654
-173.06
-200.682
-233.926
-272.909
-318.853
-372.911
-436.271
-509.369
-590.635
-678.536
-772.673
-870.522
-969.436
-1064.75
-1151.53
-1228.55
-1289.81
-1325.84
-1335.09
-1315.06
-1267.28
-1199.09
-1112.86
-1016
-912.232
-811.123
-712.642
-623.58
-544.234
-477.292
-422.415
-379.045
-345.092
-318.352
-297.065
-279.642
-265.113
-253.063
-243.835
-238.343
-236.58
-237.969
-239.388
-90.868
-89.8677
-96.3757
-105.729
-117.66
-131.337
-147.526
-167.076
-190.456
-218.438
-251.611
-291.259
-337.293
-390.087
-450.725
-519.4
-595.728
-676.835
-760.542
-845.905
-928.94
-1007.22
-1078
-1138.14
-1181.45
-1204.86
-1203.49
-1178.43
-1121.31
-1044.27
-952.387
-853.624
-748.712
-648.319
-559.418
-485.039
-424.127
-376.048
-339.914
-313.146
-293.499
-278.278
-265.518
-254.147
-244.248
-236.834
-233.271
-233.151
-234.516
-235.614
-103.777
-90.3563
-99.6725
-110.326
-122.17
-135.63
-151.151
-169.597
-190.988
-216.036
-245.739
-281.056
-322.164
-368.893
-421.598
-480.849
-546.232
-615.915
-689.027
-762.521
-833.688
-900.8
-960.349
-1010.62
-1050.6
-1075.64
-1082.6
-1074.76
-1046.85
-985.961
-901.95
-806.945
-704.715
-604.619
-514.628
-437.512
-374.668
-329.043
-297.962
-278.354
-266.424
-258.701
-252.053
-245.056
-238.348
-233.116
-230.656
-231.141
-232.45
-233.422
43.0738
39.7227
38.1873
37.4689
37.3985
37.688
38.161
38.9331
40.0668
41.6376
43.6729
46.169
49.1091
52.4903
56.3035
60.5586
65.2753
70.4527
76.1034
82.1981
88.7166
95.6804
103.231
111.1
119.141
127.412
135.907
144.462
152.969
161.378
169.591
177.433
184.706
191.241
196.793
201.072
203.765
204.548
203.061
198.881
191.581
180.697
165.7
145.989
120.978
89.9824
52.4066
7.4245
-46.3029
-99.3935
42.1549
41.471
41.3073
41.5615
42.1876
43.1027
44.2175
45.5842
47.2602
49.3172
51.8483
54.8596
58.3294
62.2496
66.6218
71.4812
76.8461
82.7202
89.0932
95.9441
103.288
111.127
119.444
128.144
137.15
146.434
155.95
165.617
175.34
185.033
194.59
203.88
212.747
221.008
228.428
234.761
239.724
243.003
244.248
243.055
239.015
231.697
220.602
205.181
184.881
159.07
127.12
88.1297
41.2318
-4.25011
43.2953
44.0985
45.122
46.2931
47.6433
49.2114
50.9619
52.9055
55.0946
57.6664
60.7192
64.2684
68.3071
72.8287
77.8445
83.3808
89.4617
96.0898
103.238
110.911
119.109
127.811
136.997
146.62
156.624
166.965
177.594
188.447
199.435
210.464
221.428
232.214
242.689
252.681
261.996
270.409
277.656
283.444
287.436
289.27
288.557
284.864
277.729
266.679
251.207
230.716
204.611
172.362
133.401
96.3735
46.1957
47.7842
49.6701
51.6671
53.7289
55.9025
58.2091
60.6903
63.4377
66.5627
70.1542
74.2548
78.8785
84.0325
89.7278
95.9753
102.797
110.189
118.142
126.661
135.734
145.354
155.49
166.105
177.16
188.611
200.413
212.507
224.815
237.246
249.702
262.069
274.223
286.027
297.308
307.865
317.459
325.81
332.603
337.49
340.086
339.991
336.806
330.103
319.413
304.211
284.041
258.317
226.536
198.36
50.4435
52.5392
55.0032
57.6493
60.3537
63.0937
65.917
68.911
72.2029
75.8964
80.0639
84.744
89.9743
95.7745
102.162
109.142
116.725
124.909
133.701
143.093
153.08
163.649
174.771
186.416
198.559
211.162
224.186
237.574
251.255
265.147
279.151
293.161
307.068
320.749
334.059
346.82
358.808
369.76
379.368
387.298
393.202
396.719
397.48
395.098
389.154
379.185
364.739
345.467
321.137
300.461
55.809
58.2463
61.138
64.2386
67.4427
70.6809
74.0201
77.5508
81.4014
85.664
90.4056
95.6759
101.523
107.978
115.065
122.791
131.153
140.159
149.805
160.086
170.996
182.522
194.647
207.356
220.625
234.422
248.709
263.429
278.519
293.9
309.485
325.185
340.902
356.522
371.919
386.924
401.33
414.875
427.26
438.174
447.282
454.257
458.788
460.518
459.036
453.894
444.748
431.17
412.939
398.62
62.1618
64.796
67.9616
71.3566
74.908
78.5997
82.4494
86.5247
90.9128
95.7193
101.017
106.874
113.337
120.453
128.246
136.718
145.867
155.689
166.187
177.356
189.193
201.69
214.843
228.639
243.054
258.057
273.609
289.661
306.159
323.034
340.219
357.633
375.182
392.761
410.242
427.466
444.226
460.266
475.307
489.06
501.234
511.572
519.767
525.424
528.125
527.489
523.154
514.853
502.623
493.484
69.3548
72.0116
75.2648
78.8281
82.6414
86.7177
91.0355
95.6268
100.544
105.891
111.745
118.18
125.258
133.035
141.526
150.735
160.655
171.285
182.624
194.675
207.438
220.909
235.085
249.951
265.49
281.672
298.464
315.83
333.724
352.093
370.875
389.99
409.347
428.84
448.344
467.699
486.699
505.107
522.675
539.147
554.272
567.762
579.241
588.318
594.641
597.815
597.518
593.44
585.593
580.262
77.102
79.6205
82.809
86.4407
90.4539
94.8424
99.5912
104.663
110.094
115.953
122.341
129.339
137.017
145.423
154.58
164.489
175.146
186.55
198.698
211.602
225.258
239.668
254.828
270.728
287.352
304.68
322.687
341.339
360.6
380.418
400.728
421.454
442.506
463.783
485.165
506.489
527.561
548.169
568.083
587.061
604.832
621.071
635.43
647.588
657.164
663.758
667.064
666.938
663.546
661.303
84.9753
87.2871
90.3507
93.9778
98.1235
102.764
107.867
113.373
119.276
125.628
132.53
140.065
148.31
157.304
167.085
177.652
189.007
201.143
214.067
227.781
242.288
257.593
273.69
290.574
308.231
326.648
345.799
365.654
386.173
407.305
428.991
451.162
473.743
496.643
519.739
542.873
565.863
588.501
610.56
631.786
651.888
670.54
687.4
702.065
714.109
723.198
729.143
731.782
731.234
730.978
92.6074
94.6894
97.5989
101.178
105.387
110.218
115.611
121.49
127.817
134.621
141.992
150.02
158.777
168.315
178.659
189.823
201.808
214.608
228.226
242.666
257.937
274.04
290.975
308.733
327.308
346.685
366.841
387.747
409.366
431.657
454.568
478.043
502.012
526.383
551.028
575.783
600.456
624.831
648.662
671.673
693.555
713.978
732.588
749.048
763.092
774.566
783.288
789.011
791.693
793.449
99.6482
101.476
104.214
107.729
111.968
116.93
122.542
128.726
135.408
142.61
150.392
158.855
168.063
178.071
188.902
200.579
213.101
226.471
240.688
255.761
271.696
288.496
306.158
324.679
344.05
364.257
385.279
407.09
429.656
452.942
476.911
501.52
526.692
552.316
578.245
604.301
630.282
655.959
681.083
705.378
728.553
750.307
770.348
788.425
804.304
817.643
827.935
834.804
838.359
840.399
105.719
107.303
109.867
113.309
117.58
122.633
128.402
134.796
141.762
149.283
157.414
166.226
175.8
186.183
197.409
209.496
222.453
236.28
250.983
266.565
283.032
300.384
318.622
337.738
357.723
378.563
400.239
422.727
446.003
470.043
494.822
520.289
546.354
572.893
599.745
626.727
653.633
680.237
706.293
731.535
755.686
778.464
799.573
818.697
835.515
849.81
861.56
870.827
877.223
881.432
110.514
111.887
114.294
117.649
121.93
127.052
132.924
139.465
146.622
154.373
162.751
171.822
181.658
192.315
203.826
216.21
229.477
243.632
258.68
274.624
291.466
309.209
327.848
347.377
367.785
389.056
411.173
434.117
457.878
482.447
507.794
533.855
560.529
587.679
615.142
642.736
670.261
697.497
724.206
750.132
775
798.536
820.47
840.524
858.386
873.635
885.748
894.156
898.958
901.714
113.75
114.974
117.282
120.577
124.831
129.984
135.919
142.543
149.798
157.67
166.188
175.411
185.404
196.217
207.887
220.435
233.877
248.211
263.451
279.596
296.645
314.598
333.45
353.193
373.813
395.295
417.62
440.779
464.772
489.59
515.198
541.52
568.448
595.839
623.533
651.347
679.086
706.538
733.469
759.626
784.727
808.458
830.478
850.444
868.031
882.938
894.912
903.753
909.377
912.784
115.307
116.401
118.624
121.92
126.2
131.357
137.295
143.923
151.18
159.063
167.604
176.86
186.886
197.731
209.431
222.006
235.47
249.839
265.111
281.284
298.359
316.332
335.199
354.951
375.572
397.046
419.355
442.49
466.449
491.225
516.778
543.033
569.876
597.168
624.743
652.422
680.01
707.296
734.052
760.025
784.934
808.46
830.243
849.895
867.045
881.409
892.831
901.299
906.741
909.972
115.001
116.151
118.4
121.694
125.967
131.105
137.002
143.562
150.73
158.516
166.965
176.134
186.074
196.83
208.432
220.906
234.262
248.51
263.649
279.679
296.597
314.402
333.088
352.645
373.06
394.315
416.388
439.263
462.927
487.371
512.56
538.426
564.86
591.721
618.844
646.043
673.119
699.856
726.024
751.372
775.636
798.531
819.769
839.042
856.013
870.233
881.09
888.02
891.372
892.94
113.12
114.346
116.613
119.914
124.186
129.304
135.125
141.54
148.523
156.106
164.353
173.323
183.066
193.616
205
217.24
230.351
244.337
259.197
274.927
291.525
308.988
327.311
346.484
366.492
387.316
408.934
431.318
454.441
478.281
502.809
527.966
553.656
579.742
606.058
632.413
658.596
684.381
709.523
733.772
756.869
778.55
798.522
816.439
831.915
844.681
854.692
861.878
865.941
868.134
109.767
111.137
113.472
116.797
121.046
126.095
131.782
137.988
144.706
151.998
159.944
168.616
178.06
188.304
199.364
211.261
224.004
237.597
252.04
267.328
283.458
300.425
318.224
336.843
356.268
376.478
397.446
419.138
441.516
464.541
488.179
512.381
537.059
562.093
587.323
612.562
637.596
662.189
686.088
709.017
730.696
750.841
769.189
785.49
799.458
810.638
818.594
823.083
824.249
824.414
105.209
106.775
109.214
112.565
116.774
121.708
127.186
133.112
139.497
146.428
154
162.291
171.348
181.192
191.836
203.291
215.567
228.664
242.58
257.308
272.845
289.183
306.314
324.225
342.901
362.319
382.448
403.25
424.677
446.68
469.206
492.196
515.578
539.246
563.06
586.843
610.392
633.475
655.832
677.171
697.171
715.506
731.845
745.91
757.538
766.555
772.579
775.273
774.663
773.653
99.8198
101.576
104.109
107.485
111.629
116.396
121.6
127.17
133.156
139.663
146.806
154.657
163.262
172.631
182.778
193.71
205.435
217.95
231.252
245.335
260.191
275.809
292.176
309.279
327.099
345.612
364.784
384.571
404.921
425.774
447.063
468.717
490.659
512.785
534.955
556.996
578.712
599.887
620.274
639.602
657.556
673.8
688.002
699.771
708.767
714.747
717.539
716.879
712.768
709.312
93.9504
95.873
98.4872
101.842
105.871
110.411
115.274
120.426
125.96
132.004
138.675
146.046
154.145
162.987
172.577
182.923
194.027
205.89
218.505
231.866
245.961
260.777
276.297
292.504
309.374
326.875
344.971
363.616
382.759
402.337
422.277
442.493
462.892
483.369
503.778
523.938
543.635
562.645
580.734
597.646
613.089
626.715
638.187
647.191
653.355
656.33
655.839
651.75
644.168
637.912
87.9208
90.0116
92.6438
95.9028
99.7495
103.988
108.452
113.149
118.194
123.742
129.914
136.771
144.33
152.603
161.597
171.317
181.764
192.938
204.832
217.433
230.729
244.701
259.338
274.612
290.499
306.954
323.931
341.377
359.236
377.442
395.919
414.578
433.319
452.034
470.578
488.761
506.349
523.087
538.723
553.008
565.683
576.425
584.832
590.507
593.102
592.281
587.779
579.248
566.701
556.66
82.1427
84.2576
86.8231
89.906
93.4778
97.3386
101.367
105.584
110.13
115.166
120.815
127.126
134.116
141.789
150.151
159.207
168.963
179.418
190.564
202.381
214.848
227.952
241.671
255.988
270.863
286.254
302.102
318.345
334.91
351.725
368.704
385.757
402.784
419.669
436.265
452.377
467.767
482.152
495.237
506.738
516.385
523.9
528.94
531.084
529.896
524.993
516.035
502.786
485.197
470.099
76.9443
78.8801
81.2585
84.0745
87.2709
90.6719
94.2073
97.9217
101.966
106.494
111.61
117.365
123.776
130.844
138.562
146.939
155.988
165.709
176.095
187.123
198.768
211.009
223.82
237.175
251.035
265.351
280.066
295.107
310.393
325.833
341.334
356.796
372.117
387.178
401.822
415.835
428.97
440.944
451.443
460.138
466.708
470.835
472.172
470.329
464.879
455.372
441.44
422.615
398.825
378.073
72.4887
74.1355
76.1788
78.5849
81.2711
84.1376
87.1505
90.3631
93.9037
97.9069
102.471
107.659
113.485
119.94
127.017
134.719
143.061
152.043
161.66
171.893
182.718
194.108
206.034
218.454
231.327
244.595
258.197
272.058
286.091
300.196
314.266
328.193
341.866
355.152
367.879
379.819
390.701
400.228
408.086
413.929
417.396
418.134
415.771
409.881
400.008
385.665
366.404
341.891
311.996
284.743
68.9018
70.1574
71.7141
73.5298
75.5737
77.8349
80.3105
83.0277
86.0645
89.5417
93.5648
98.1934
103.433
109.27
115.708
122.747
130.399
138.663
147.528
156.982
166.997
177.551
188.609
200.127
212.048
224.315
236.853
249.581
262.402
275.221
287.924
300.399
312.52
324.121
335.006
344.937
353.63
360.769
366.019
369.022
369.382
366.693
360.55
350.51
336.086
316.733
291.961
261.155
224.193
189.953
66.5026
67.0616
67.8424
68.9
70.2545
71.8988
73.7981
75.9741
78.48
81.4438
84.9577
89.0469
93.7127
98.944
104.744
111.13
118.107
125.679
133.827
142.526
151.756
161.498
171.726
182.385
193.411
204.726
216.255
227.911
239.589
251.184
262.593
273.701
284.358
294.372
303.51
311.51
318.082
322.905
325.625
325.861
323.207
317.222
307.438
293.359
274.464
250.163
219.884
182.991
139.328
96.7375
65.7742
64.8845
64.5642
64.7464
65.389
66.385
67.6553
69.2695
71.2834
73.7546
76.7653
80.3255
84.4356
89.093
94.2872
100.042
106.365
113.26
120.713
128.687
137.158
146.112
155.551
165.426
175.623
186.049
196.628
207.274
217.88
228.337
238.54
248.366
257.643
266.147
273.628
279.795
284.334
286.922
287.192
284.745
279.15
269.944
256.621
238.625
215.387
186.297
150.744
107.718
56.9786
7.03938
66.957
63.5118
61.893
61.1362
61.0961
61.484
62.1266
63.1498
64.6324
66.6264
69.1476
72.2055
75.8048
79.9508
84.6134
89.8012
95.5305
101.803
108.618
115.939
123.723
131.939
140.597
149.802
159.243
168.793
178.484
188.199
197.776
207.147
216.214
224.809
232.728
239.736
245.569
249.919
252.46
252.855
250.732
245.676
237.268
224.991
208.298
186.586
159.246
125.631
85.2798
37.0327
-19.2825
-75.5512
-58.074
-68.2578
-67.1045
-63.4146
-57.6073
-49.4674
-39.7789
-27.9344
-12.4926
5.87101
28.3104
52.4868
78.4283
111.638
129.603
144.434
117.023
83.0838
55.9783
30.226
7.46846
-13.4308
-30.3605
-41.5809
-51.2708
-60.1165
-65.6883
-69.1744
-71.2077
-60.2178
-40.525
-52.4775
-53.8687
-52.406
-47.8455
-40.5007
-31.4327
-21.6327
-7.64063
8.92784
28.4636
47.6455
66.6572
92.5254
107.862
116.217
99.4462
71.2662
51.6024
29.2422
10.3996
-8.16716
-23.2639
-33.5489
-42.6033
-50.7135
-55.1037
-56.2396
-55.5821
-43.1482
-39.3321
-42.7276
-43.2246
-42.5295
-38.9715
-32.5436
-24.1865
-15.3478
-2.86564
11.5949
27.5665
42.8578
58.0835
77.2222
89.4532
93.3366
83.8065
61.9836
47.6817
28.0716
12.8417
-3.40545
-16.7096
-26.2253
-34.5305
-41.6147
-45.3154
-45.6474
-45.5448
-42.1757
-38.3821
-37.2023
-35.4288
-34.346
-31.1672
-25.4931
-17.883
-9.5828
1.08084
13.3623
26.0109
38.8235
51.1031
64.6279
74.6397
75.8878
69.1109
54.2446
43.4236
26.575
14.4842
0.566497
-10.9664
-19.7479
-27.248
-33.3149
-36.8164
-37.6036
-39.6729
-41.0336
-35.3604
-32.891
-29.856
-27.7704
-24.552
-19.4022
-12.6337
-5.10554
3.89509
14.3579
24.2215
35.0514
44.8532
54.1056
63.2447
62.2278
56.7494
46.9525
38.503
24.4111
15.1385
3.52585
-6.24425
-14.2504
-21.0718
-26.4363
-29.9272
-31.8457
-35.1208
-37.679
-30.5816
-28.6753
-25.4243
-22.6254
-19.1483
-14.3638
-8.46036
-1.93169
5.62351
14.5439
22.2503
31.0608
39.2445
45.5967
54.0377
51.3364
46.7305
40.0912
33.1001
21.754
14.7834
5.17673
-2.88746
-9.79672
-15.902
-20.9236
-24.593
-27.3597
-30.7834
-32.6074
-25.2958
-24.4855
-21.5318
-18.5064
-14.9188
-10.5204
-5.38908
0.139125
6.4018
13.9915
20.2427
27.1505
34.0354
38.4883
46.1736
42.3895
38.3279
33.5272
28.2813
19.1532
13.8043
5.62836
-1.01194
-6.68883
-11.9344
-16.545
-20.3054
-23.3749
-26.468
-27.1495
-20.3447
-20.267
-18.0288
-15.2229
-11.8742
-7.9023
-3.322
1.42923
6.62849
13.0357
18.2882
23.4716
29.2536
32.2788
39.3685
34.8499
31.2197
27.6892
24.1988
16.8289
12.6241
5.5882
0.052801
-4.72589
-9.32031
-13.3422
-16.868
-19.6805
-22.0237
-22.0568
-16.1227
-16.2674
-14.8239
-12.5928
-9.66906
-6.10063
-1.9653
2.19976
6.48987
11.7313
16.2927
20.0919
25.0042
26.8819
33.3656
28.4812
25.5837
22.7794
20.5283
14.3965
11.2192
5.39888
0.868061
-3.30169
-7.49342
-11.0129
-14.1096
-16.2555
-17.759
-17.627
-12.804
-12.8238
-11.9353
-10.2479
-7.71607
-4.67574
-1.1335
2.44963
5.96879
10.204
14.3175
17.1365
21.4198
22.3597
28.0767
22.9282
21.2222
18.6844
17.4174
12.1159
9.6409
4.87145
1.28274
-2.28104
-5.94381
-8.92096
-11.6238
-13.1691
-14.0758
-14.0608
-10.3219
-10.0634
-9.35034
-8.10169
-5.99146
-3.60552
-0.695614
2.28022
5.24873
8.74289
12.4239
14.5582
18.3075
18.7089
23.2876
18.0351
18.2031
15.4481
14.6478
10.1774
8.15762
4.16702
1.26571
-1.71013
-4.69495
-7.03084
-9.23793
-10.3597
-11.0977
-11.3439
-8.55377
-7.99177
-7.11396
-6.29277
-4.69047
-2.91788
-0.4678
2.02132
4.58651
7.47169
10.629
12.2215
15.3969
15.7225
19.0349
14.5879
15.2902
12.8544
12.2375
8.55564
6.90329
3.48406
1.12582
-1.41579
-3.88964
-5.59114
-7.21285
-7.89656
-8.82226
-9.36929
-7.19062
-6.61945
-5.49011
-4.85502
-3.56902
-2.29829
-0.22956
1.82745
3.98308
6.29407
8.92919
10.1656
12.7884
13.3416
15.528
11.7149
12.5625
10.6381
10.0918
7.15436
5.8156
2.89939
1.04744
-1.09488
-3.11145
-4.35705
-5.67313
-6.19716
-7.30199
-7.86632
-5.91566
-5.60242
-4.49703
-3.85053
-2.55199
-1.58565
0.0907398
1.68384
3.40363
5.22047
7.41548
8.44665
10.3871
11.0118
12.0363
9.93155
10.0886
8.73951
8.17328
5.91577
4.87448
2.5266
1.02887
-0.656158
-2.21062
-3.21191
-4.47332
-5.06955
-6.15877
-6.47132
-4.45606
-4.43588
-3.69615
-3.11537
-1.82893
-1.01538
0.340302
1.55006
2.91688
4.35872
6.10858
6.90926
8.22298
8.96237
9.2586
8.17842
7.8842
7.11671
6.51635
4.88253
3.91888
2.22165
1.10773
-0.245028
-1.48233
-2.28132
-3.60231
-4.17475
-4.92024
-4.90613
-3.09432
-3.04789
-2.70431
-2.37875
-1.32976
-0.689462
0.422871
1.387
2.47769
3.57273
4.85504
5.46357
6.43533
7.0393
7.21792
6.70336
6.08882
5.56495
5.08611
3.97919
3.17132
1.86076
1.09494
-0.0447212
-1.04673
-1.682
-2.8645
-3.16521
-3.46364
-3.41422
-1.91048
-1.78407
-1.66363
-1.63016
-0.901914
-0.477617
0.392973
1.1711
1.94985
2.76284
3.69031
4.11799
4.81509
5.29434
5.33537
5.31603
4.70993
4.31115
3.84544
3.05687
2.56951
1.51475
0.931416
0.0516748
-0.711745
-1.23081
-1.89668
-1.88118
-1.9889
-2.10487
-0.722576
-1.0194
-0.859418
-0.962324
-0.518119
-0.332185
0.294796
0.814809
1.318
1.93635
2.52756
2.95429
3.40659
3.63408
3.55684
3.95917
3.26996
3.11681
2.73029
2.15543
1.85302
1.13357
0.733767
0.142718
-0.311614
-0.64999
-1.04994
-0.8961
-1.07267
-0.824979
-0.396895
-0.480536
-0.365245
-0.438704
-0.100511
-0.195298
0.233867
0.490885
0.739302
1.08782
1.57241
1.8124
1.93335
2.08854
2.13218
2.50056
1.85851
1.98806
1.60487
1.2226
1.0282
0.560189
0.362289
0.0743694
-0.193423
-0.286594
-0.554426
-0.376872
-0.487701
-0.448398
-0.644949
-0.230926
-0.128574
-0.110186
0.135462
-0.00798941
0.248495
0.29397
0.384204
0.418115
0.653133
0.608007
0.717257
0.910389
0.958883
1.03144
0.494804
0.658592
0.488613
0.509575
0.219783
0.0423872
0.0624735
-0.0759196
-0.243955
-0.081422
-0.210258
-0.217761
-0.215631
-0.674548
)
;

boundaryField
{
    INLET
    {
        type            zeroGradient;
    }
    OUTLET
    {
        type            fixedValue;
        value           uniform 0;
    }
    WALL
    {
        type            zeroGradient;
    }
    CYLINDER
    {
        type            zeroGradient;
    }
    frontAndBackPlanes
    {
        type            empty;
    }
}


// ************************************************************************* //
