/*--------------------------------*- C++ -*----------------------------------*\
| =========                 |                                                 |
| \\      /  F ield         | OpenFOAM: The Open Source CFD Toolbox           |
|  \\    /   O peration     | Version:  v1912                                 |
|   \\  /    A nd           | Website:  www.openfoam.com                      |
|    \\/     M anipulation  |                                                 |
\*---------------------------------------------------------------------------*/
FoamFile
{
    version     2.0;
    format      ascii;
    class       volScalarField;
    location    "0.18";
    object      p;
}
// * * * * * * * * * * * * * * * * * * * * * * * * * * * * * * * * * * * * * //

dimensions      [0 2 -2 0 0 0 0];


internalField   nonuniform List<scalar> 
6600
(
51.712
46.8735
44.3842
42.9157
42.26
42.0521
41.9975
42.2973
43.0332
44.2571
45.8288
47.7312
50.043
52.7881
55.9351
59.4808
63.4336
67.8212
72.6414
77.8683
83.5025
89.477
95.7477
102.214
108.95
115.965
123.071
130.082
136.9
143.41
149.495
154.995
159.702
163.378
165.772
166.557
165.312
161.674
155.291
145.696
132.395
114.918
92.5676
64.6691
30.5952
-10.4507
-58.6605
-114.895
-180.454
-247.246
48.2111
43.0028
41.0453
39.2197
38.1268
37.526
37.1694
37.1672
37.538
38.346
39.6526
41.3311
43.3317
45.6877
48.4513
51.5932
55.1006
59.0067
63.294
67.9368
72.9384
78.2388
83.8375
89.6547
95.3656
101.163
107.126
112.905
118.393
123.532
128.13
131.937
134.757
136.392
136.6
135.026
131.257
124.933
115.676
103.017
86.4389
65.4089
39.3324
7.55616
-30.5425
-75.7502
-128.224
-188.157
-255.968
-322.936
43.4097
37.6145
36.4935
34.3635
33.0195
32.1097
31.5596
31.4145
31.6365
32.1969
33.1067
34.4424
36.2306
38.302
40.7201
43.5157
46.653
50.1418
53.953
58.0635
62.4599
67.0938
71.9048
76.891
81.8757
86.7481
91.4892
95.9824
100.1
103.695
106.599
108.59
109.431
108.881
106.69
102.559
96.0857
86.8918
74.6018
58.7434
38.7994
14.2526
-15.3885
-50.6867
-92.2254
-140.713
-196.324
-258.345
-325.58
-388.852
37.4928
31.3118
30.7588
28.3294
26.8488
25.7353
25.0226
24.6764
24.7322
25.2227
25.9305
26.9969
28.4438
30.2422
32.4016
34.8647
37.6482
40.7265
44.0694
47.6471
51.436
55.3945
59.4901
63.6271
67.6434
71.4936
75.0914
78.2949
80.9593
82.9751
84.1552
84.2423
83.0076
80.2223
75.6141
68.862
59.6225
47.5396
32.2191
13.2245
-9.90361
-37.6236
-70.3341
-108.465
-152.492
-203.04
-260.139
-322.304
-387.131
-444.407
30.6732
24.0487
23.7687
21.0357
19.555
18.3134
17.4552
16.9823
16.9368
17.1584
17.7126
18.5416
19.7114
21.2173
23.0318
25.1461
27.5218
30.1419
32.9761
35.9826
39.1179
42.3216
45.5277
48.7297
51.8284
54.6448
57.0691
58.9826
60.2243
60.6234
60.0297
58.227
54.9671
49.9878
43.0165
33.7719
21.9163
7.10681
-10.9895
-32.7521
-58.565
-88.7755
-123.689
-163.633
-208.948
-260.036
-316.916
-377.952
-438.969
-488.434
23.0463
15.9553
15.6138
12.5461
11.0713
9.81145
8.77985
8.11354
7.82613
7.83813
8.18978
8.78049
9.62398
10.7799
12.2111
13.8755
15.757
17.8357
20.0797
22.4386
24.8594
27.2871
29.6845
31.9385
33.9266
35.5838
36.8188
37.4532
37.2861
36.154
33.8823
30.262
25.0594
18.0321
8.91675
-2.58633
-16.7587
-33.8696
-54.2244
-78.1233
-105.842
-137.638
-173.719
-214.301
-259.632
-309.991
-365.207
-423.616
-479.534
-519.812
14.2106
6.90144
6.31125
2.96691
1.44278
0.0664462
-1.03041
-1.84203
-2.44063
-2.69284
-2.68884
-2.40015
-1.90639
-1.2148
-0.304492
0.818638
2.11582
3.55653
5.11697
6.73993
8.36846
9.93798
11.3799
12.6697
13.684
14.2495
14.2488
13.5621
12.0275
9.43688
5.59377
0.309585
-6.6256
-15.4607
-26.4451
-39.7927
-55.7581
-74.5936
-96.5102
-121.728
-150.447
-182.815
-218.946
-258.981
-303.122
-351.661
-404.228
-458.716
-508.773
-539.12
3.92685
-3.24232
-4.14964
-7.68684
-9.21749
-10.8492
-12.1342
-13.191
-13.9095
-14.5491
-14.9541
-15.1766
-15.1821
-14.9935
-14.6824
-14.2038
-13.5981
-12.8884
-12.094
-11.2704
-10.4756
-9.76754
-9.19226
-8.87711
-8.96505
-9.53574
-10.6743
-12.5749
-15.4379
-19.3924
-24.6047
-31.3086
-39.7174
-50.0137
-62.3904
-77.0793
-94.2708
-114.119
-136.804
-162.481
-191.26
-223.227
-258.424
-296.904
-338.815
-384.511
-433.796
-483.754
-527.472
-548.569
-8.00549
-14.6965
-15.764
-19.4001
-21.0974
-22.8502
-24.4309
-25.767
-26.92
-27.9398
-28.8025
-29.5268
-30.1308
-30.6243
-30.9725
-31.2103
-31.3774
-31.4651
-31.5108
-31.5524
-31.6412
-31.857
-32.2775
-32.9324
-33.9339
-35.4645
-37.6964
-40.7438
-44.714
-49.8055
-56.2075
-64.0688
-73.5523
-84.8576
-98.1705
-113.614
-131.337
-151.493
-174.18
-199.484
-227.476
-258.171
-291.551
-327.631
-366.516
-408.481
-453.688
-499.165
-537.593
-552.205
-21.4188
-27.4085
-28.5006
-32.0978
-33.9394
-36.0601
-37.9805
-39.691
-41.3487
-42.8524
-44.2905
-45.5634
-46.8712
-48.0675
-49.1835
-50.2408
-51.2299
-52.1744
-53.1061
-54.0411
-55.0143
-56.1048
-57.3657
-58.9315
-60.9372
-63.4495
-66.5595
-70.4683
-75.3721
-81.3626
-88.5625
-97.1651
-107.34
-119.203
-132.863
-148.473
-166.144
-185.929
-207.902
-232.114
-258.573
-287.271
-318.167
-351.195
-386.354
-424.198
-464.244
-504.476
-538.61
-551.346
-36.1429
-41.2529
-42.3208
-45.8865
-47.8198
-50.244
-52.4841
-54.6769
-56.7963
-58.9161
-61.106
-63.2092
-65.2116
-67.2127
-69.1941
-71.1191
-73.0013
-74.8445
-76.6749
-78.5122
-80.3843
-82.3627
-84.5288
-86.9339
-89.6714
-92.8896
-96.7501
-101.362
-106.823
-113.313
-120.998
-129.982
-140.352
-152.243
-165.784
-181.025
-198.022
-216.849
-237.525
-260.043
-284.388
-310.501
-338.303
-367.735
-398.797
-431.717
-465.304
-497.668
-523.255
-535.703
-51.4744
-56.0188
-57.0431
-60.3919
-62.5225
-65.3322
-68.0505
-70.7499
-73.5444
-76.3975
-79.1655
-82.1832
-85.1484
-88.0505
-90.9407
-93.7934
-96.616
-99.3851
-102.124
-104.844
-107.562
-110.319
-113.175
-116.254
-119.691
-123.541
-127.866
-132.82
-138.593
-145.287
-152.987
-161.836
-171.974
-183.469
-196.356
-210.716
-226.601
-243.995
-262.885
-283.255
-305.036
-328.132
-352.407
-377.623
-404.338
-431.469
-457.304
-478.38
-489.862
-499.065
-67.1807
-71.3121
-72.3337
-75.5822
-77.8514
-80.9715
-84.2205
-87.5697
-91.0384
-94.7682
-98.5915
-102.301
-106.222
-110.207
-114.12
-118.003
-121.814
-125.547
-129.205
-132.799
-136.349
-139.877
-143.438
-147.092
-150.909
-154.989
-159.506
-164.57
-170.247
-176.675
-184.03
-192.411
-201.862
-212.468
-224.322
-237.433
-251.771
-267.342
-284.12
-302.022
-320.958
-340.761
-361.139
-382.162
-403.475
-423.98
-442.095
-454.719
-458.397
-461.642
-83.2339
-86.5641
-87.6093
-90.9956
-93.5607
-97.1553
-100.885
-104.995
-109.353
-113.785
-118.578
-123.6
-128.573
-133.55
-138.598
-143.572
-148.443
-153.196
-157.804
-162.265
-166.582
-170.758
-174.81
-178.823
-182.912
-187.144
-191.556
-196.283
-201.527
-207.407
-213.991
-221.396
-229.768
-239.179
-249.618
-261.098
-273.645
-287.191
-301.642
-316.923
-332.901
-349.351
-366.119
-382.966
-399.126
-413.639
-424.979
-431.845
-437.73
-438.479
-99.0206
-101.472
-102.574
-106.053
-108.951
-113.15
-117.593
-122.381
-127.691
-133.407
-139.153
-145.137
-151.367
-157.687
-163.929
-170.092
-176.125
-181.983
-187.615
-192.98
-198.071
-202.885
-207.435
-211.746
-215.852
-219.835
-223.861
-228.058
-232.483
-237.288
-242.697
-248.848
-255.794
-263.595
-272.343
-282.05
-292.623
-303.993
-316.097
-328.806
-341.976
-355.39
-368.89
-381.977
-393.964
-404.158
-411.426
-414.863
-418.564
-419.697
-113.777
-115.375
-116.749
-120.453
-123.83
-128.598
-133.811
-139.656
-145.85
-152.575
-159.747
-167.14
-174.597
-182.204
-189.826
-197.347
-204.688
-211.765
-218.495
-224.834
-230.727
-236.14
-241.049
-245.475
-249.503
-253.193
-256.598
-259.831
-263.124
-266.655
-270.532
-274.92
-280.023
-285.998
-292.851
-300.54
-309.065
-318.356
-328.262
-338.67
-349.41
-360.178
-370.768
-380.88
-389.805
-396.556
-400.4
-404.481
-405.492
-406.722
-126.826
-127.856
-129.506
-133.526
-137.425
-142.96
-148.87
-155.713
-163.232
-171.188
-179.59
-188.385
-197.461
-206.613
-215.772
-224.823
-233.638
-242.11
-250.125
-257.596
-264.415
-270.531
-275.899
-280.509
-284.379
-287.526
-290.059
-292.183
-294.011
-295.721
-297.613
-299.965
-302.965
-306.727
-311.385
-317.03
-323.566
-330.855
-338.838
-347.405
-356.035
-364.492
-372.846
-380.58
-386.94
-391.186
-393.9
-395.843
-397.029
-397.707
-137.577
-138.023
-140.223
-144.664
-149.213
-155.706
-162.685
-170.396
-179.069
-188.501
-198.468
-208.849
-219.524
-230.402
-241.355
-252.177
-262.72
-272.834
-282.362
-291.16
-299.097
-306.07
-311.969
-316.728
-320.382
-323.007
-324.657
-325.412
-325.5
-325.233
-324.861
-324.664
-324.97
-326.16
-328.442
-331.82
-336.286
-341.832
-348.418
-355.338
-362.093
-368.933
-375.44
-380.968
-384.93
-387.307
-389.51
-390.437
-391.496
-391.783
-145.452
-145.913
-148.653
-153.454
-158.677
-165.937
-173.935
-183.138
-193.1
-203.887
-215.435
-227.572
-240.165
-253.005
-265.951
-278.817
-291.375
-303.411
-314.744
-325.189
-334.557
-342.687
-349.422
-354.665
-358.368
-360.496
-361.108
-360.431
-358.639
-355.941
-352.723
-349.489
-346.765
-344.908
-344.207
-345.006
-347.48
-351.569
-356.754
-362.158
-367.969
-373.771
-378.477
-381.615
-383.335
-384.955
-385.901
-386.88
-387.779
-388.008
-149.342
-150.789
-154.181
-159.675
-165.539
-173.902
-182.755
-193.04
-204.563
-216.929
-230.185
-244.223
-258.832
-273.822
-289.04
-304.226
-319.134
-333.509
-347.071
-359.558
-370.741
-380.416
-388.34
-394.322
-398.224
-400.079
-399.968
-397.873
-393.99
-388.72
-382.484
-375.772
-369.138
-363.321
-359.033
-356.735
-356.661
-358.875
-362.827
-368.032
-373.918
-378.78
-381.601
-382.631
-383.198
-383.537
-384.128
-384.892
-385.594
-385.843
-149.491
-152.571
-156.553
-162.893
-169.629
-178.861
-188.703
-200.195
-212.959
-226.984
-241.962
-257.958
-274.769
-292.17
-309.915
-327.744
-345.379
-362.49
-378.734
-393.785
-407.317
-419.017
-428.652
-435.973
-440.749
-442.826
-442.128
-438.757
-432.955
-424.943
-415.115
-404.097
-392.854
-382.323
-373.383
-366.803
-363.255
-363.411
-366.828
-372.768
-378.956
-383.051
-384.841
-384.957
-384.368
-383.996
-383.823
-383.812
-383.94
-384.171
-145.984
-151.05
-155.737
-162.797
-170.504
-180.682
-191.357
-204.207
-218.213
-233.607
-250.455
-268.482
-287.503
-307.424
-327.93
-348.727
-369.473
-389.768
-409.228
-427.434
-443.932
-458.355
-470.36
-479.611
-485.734
-488.517
-487.89
-483.764
-476.15
-465.391
-451.945
-436.498
-419.841
-403.047
-387.657
-375.388
-367.186
-364.177
-366.682
-373.568
-381.173
-386.128
-387.895
-387.79
-386.743
-385.132
-383.595
-382.493
-381.905
-381.744
-139.493
-146.611
-151.772
-159.829
-168.269
-179.251
-190.87
-204.617
-219.97
-236.789
-255.166
-275.128
-296.494
-318.985
-342.401
-366.414
-390.636
-414.588
-437.801
-459.776
-479.985
-497.891
-513.027
-525.002
-533.43
-537.849
-538.006
-533.672
-524.916
-511.82
-494.745
-474.228
-451.216
-427.133
-403.718
-383.083
-367.149
-358.544
-359.613
-368.259
-378.987
-386.407
-389.031
-388.583
-387.079
-384.706
-382.106
-380.033
-378.764
-378.115
-130.649
-139.32
-145.142
-153.987
-163.294
-174.589
-187.112
-201.883
-217.977
-236.123
-256.139
-277.874
-301.354
-326.418
-352.807
-380.175
-408.131
-436.145
-463.667
-490.083
-514.742
-537.005
-556.24
-571.887
-583.424
-590.266
-592.1
-588.757
-579.673
-564.805
-544.429
-519.162
-489.858
-457.501
-423.589
-391.221
-364.234
-348.242
-346.337
-355.374
-369.175
-381.09
-386.158
-386.55
-385.304
-383.124
-380.347
-377.747
-375.954
-374.674
-120.197
-130.365
-136.265
-145.717
-155.578
-167.119
-180.229
-195.579
-212.607
-231.741
-252.933
-276.358
-301.896
-329.386
-358.667
-389.45
-421.295
-453.666
-485.934
-517.378
-547.263
-574.791
-599.145
-619.556
-635.35
-645.939
-650.756
-649.249
-640.992
-625.646
-603.075
-573.514
-537.485
-495.694
-450.733
-405.326
-364.356
-336.496
-328.012
-335.473
-352.169
-367.28
-379.192
-385.561
-387.066
-385.566
-382.747
-379.689
-377.38
-375.702
-108.69
-119.954
-125.871
-135.833
-145.704
-157.599
-170.837
-186.284
-203.796
-223.736
-246.02
-270.698
-297.929
-327.674
-359.71
-393.815
-429.592
-466.497
-503.844
-540.846
-576.636
-610.288
-640.826
-667.224
-688.553
-703.964
-712.818
-714.61
-708.76
-694.483
-671.011
-638.287
-596.828
-547.706
-491.596
-430.296
-371.554
-331.572
-314.676
-317.976
-337.206
-358.815
-377.573
-388.914
-392.994
-392.227
-389.027
-385.406
-382.787
-381.277
-98.1197
-108.218
-115.299
-124.772
-134.197
-146.094
-159.346
-174.79
-192.27
-212.491
-235.321
-261.003
-289.647
-321.232
-355.752
-393.012
-432.634
-474.12
-516.744
-559.648
-601.894
-642.459
-680.188
-713.807
-742.02
-763.788
-778.357
-784.978
-782.827
-771.32
-749.336
-716.092
-671.856
-615.763
-546.353
-471.36
-401.395
-347.684
-318.042
-313.344
-330.453
-355.609
-377.55
-391.349
-396.603
-396.121
-393.138
-389.91
-387.948
-387.187
-88.7424
-96.5646
-104.229
-113.335
-122.494
-133.72
-146.562
-161.647
-178.819
-198.814
-221.811
-247.911
-277.394
-310.32
-346.852
-386.955
-430.253
-476.238
-524.172
-573.188
-622.314
-670.428
-716.273
-758.229
-794.691
-824.304
-845.903
-858.759
-862.203
-855.474
-837.927
-806.13
-760.433
-696.751
-619.024
-535.835
-460.944
-397.91
-358.763
-344.621
-347.729
-362.436
-377.725
-388.876
-393.764
-393.715
-392.022
-390.355
-389.749
-390.021
-84.7106
-85.2751
-93.2953
-101.711
-110.593
-121.274
-133.396
-147.677
-164.353
-183.681
-206.239
-232.208
-261.942
-295.638
-333.547
-375.885
-422.507
-472.825
-526.034
-581.28
-637.589
-693.802
-748.387
-799.545
-845.437
-884.483
-914.777
-935.954
-947.039
-946.404
-933.767
-906.858
-856.665
-788.533
-709.35
-626.611
-545.785
-481.95
-437.428
-410.052
-396.744
-393.676
-395.5
-396.666
-395.178
-392.384
-389.96
-389.301
-389.77
-390.824
-102.033
-78.1862
-83.9136
-90.6905
-99.3223
-109.648
-120.978
-134.304
-149.976
-168.624
-190.45
-215.715
-245.15
-279.071
-317.776
-361.567
-410.76
-464.865
-522.977
-584.36
-648.01
-712.701
-775.93
-836.175
-891.969
-941.993
-982.547
-1013.54
-1034.14
-1039.97
-1028.38
-1007.51
-959.494
-890.213
-813.507
-732.68
-658.503
-593.481
-540.42
-499.21
-468.967
-447.234
-430.8
-417.07
-405.713
-396.275
-390.826
-389.867
-390.94
-392.404
58.3012
53.489
51.0293
49.6128
49.0408
48.9016
48.9461
49.3762
50.285
51.6974
53.4853
55.6511
58.264
61.3522
64.8639
68.8228
73.2427
78.1343
83.5135
89.3426
95.6243
102.319
109.371
116.689
124.266
132.217
140.325
148.383
156.344
164.17
171.663
178.601
184.842
190.21
194.45
197.26
198.304
197.209
193.568
186.988
177.014
163.098
144.689
121.139
91.8758
56.1353
13.4963
-36.457
-96.6368
-156.885
54.8265
49.7138
47.7985
46.0502
45.0517
44.5398
44.328
44.4729
45.0362
46.0647
47.6035
49.5746
51.9072
54.6271
57.7883
61.3782
65.3872
69.8285
74.7102
79.9942
85.6806
91.7391
98.1301
104.798
111.459
118.189
125.161
132.161
138.867
145.255
151.25
156.548
160.956
164.325
166.394
166.847
165.337
161.514
154.936
145.204
131.833
114.263
91.9518
64.2557
30.5792
-9.85042
-57.2509
-111.722
-175.038
-236.891
50.1045
44.4532
43.3897
41.3599
40.1247
39.3355
38.947
39.0033
39.4349
40.2683
41.4448
43.1096
45.2554
47.7345
50.6029
53.8915
57.5743
61.6467
66.1012
70.9059
76.0414
81.4725
87.1562
93.0377
98.9717
104.856
110.691
116.381
121.76
126.708
131.057
134.575
137.041
138.269
137.983
135.872
131.619
124.851
115.155
102.112
85.2396
63.9953
37.8657
6.26952
-31.3742
-75.7525
-127
-184.573
-248.297
-307.953
44.3398
38.3074
37.855
35.5273
34.1789
33.2306
32.6848
32.556
32.8742
33.653
34.688
36.1222
37.9707
40.2308
42.8899
45.8985
49.279
53.0011
57.0447
61.3807
65.9721
70.7718
75.7605
80.9115
85.9972
90.8798
95.6084
100.102
104.119
107.509
110.138
111.783
112.233
111.252
108.553
103.84
96.7873
87.0434
74.229
57.9187
37.6568
12.9794
-16.5556
-51.4403
-92.1783
-139.371
-193.061
-251.909
-314.393
-369.768
37.6737
31.2382
31.1069
28.4458
27.1455
26.0763
25.4326
25.1889
25.432
25.9654
26.8891
28.1284
29.7573
31.7754
34.1359
36.849
39.8839
43.207
46.8009
50.6263
54.6318
58.7489
62.9318
67.1859
71.401
75.3803
78.9921
82.17
84.8067
86.6986
87.6354
87.4265
85.8547
82.6906
77.6437
70.4147
60.6996
48.1498
32.424
13.1596
-10.0303
-37.5371
-69.7238
-106.972
-149.66
-198.234
-252.655
-311.355
-371.52
-421.028
30.2398
23.3148
23.1343
20.1899
18.9036
17.8399
17.0391
16.6504
16.6716
17.0421
17.8034
18.8593
20.2025
21.9012
23.9306
26.2538
28.8516
31.6951
34.7622
38.001
41.3597
44.772
48.1695
51.5305
54.745
57.6475
60.164
62.1351
63.3731
63.7357
63.0372
61.051
57.5722
52.3497
45.115
35.6016
23.5031
8.52652
-9.62073
-31.2468
-56.6608
-86.1523
-119.985
-158.445
-201.817
-250.408
-304.19
-361.494
-418.032
-460.277
21.6192
14.4921
14.0211
10.8407
9.51395
8.3619
7.52217
7.0165
6.76794
6.91585
7.34802
8.14203
9.1873
10.4723
12.0412
13.8764
15.9465
18.2166
20.6607
23.227
25.87
28.5179
31.0791
33.5011
35.7162
37.5734
38.9321
39.6421
39.5598
38.4981
36.2564
32.6272
27.3939
20.3462
11.2199
-0.236445
-14.2554
-31.1027
-51.0194
-74.2397
-100.985
-131.461
-165.854
-204.365
-247.252
-294.807
-346.651
-401.162
-453.154
-486.926
11.5711
4.57201
3.77469
0.405973
-0.9163
-2.29892
-3.29316
-4.01496
-4.35575
-4.56183
-4.48332
-4.17168
-3.58669
-2.74531
-1.70625
-0.456702
0.985447
2.59224
4.33442
6.15813
8.02257
9.8612
11.5955
13.1408
14.3508
15.1092
15.3535
14.9171
13.5668
11.1441
7.48946
2.40974
-4.29672
-12.86
-23.4861
-36.3724
-51.7459
-69.8038
-90.7285
-114.692
-141.858
-172.355
-206.281
-243.767
-285.041
-330.52
-379.829
-430.59
-476.898
-501.998
-0.156844
-6.71371
-7.66525
-11.1228
-12.5974
-14.0756
-15.338
-16.3061
-17.0442
-17.6112
-17.9338
-18.0677
-18.0242
-17.7955
-17.3683
-16.771
-16.0367
-15.1594
-14.1811
-13.1525
-12.1071
-11.1183
-10.2813
-9.67237
-9.38936
-9.55893
-10.3499
-11.9201
-14.3862
-17.9155
-22.7123
-28.9655
-36.8403
-46.4938
-58.1292
-71.926
-88.0281
-106.595
-127.768
-151.673
-178.396
-208.004
-240.562
-276.174
-315.007
-357.357
-403.3
-449.795
-490.163
-507.638
-13.4485
-19.3142
-20.2727
-23.6769
-25.2765
-27.1082
-28.6761
-29.984
-31.1805
-32.1578
-33.0476
-33.6685
-34.2696
-34.6891
-34.9646
-35.1191
-35.1404
-35.0526
-34.8825
-34.6666
-34.4485
-34.2837
-34.2458
-34.4285
-35.011
-36.1338
-37.8403
-40.2574
-43.6177
-48.0806
-53.7656
-60.8242
-69.4211
-79.7286
-91.876
-105.98
-122.188
-140.611
-161.334
-184.426
-209.955
-237.946
-268.385
-301.307
-336.917
-375.572
-416.929
-458.663
-494.218
-507.345
-28.1613
-33.1224
-34.0441
-37.3916
-39.0554
-41.1703
-43.0367
-44.7899
-46.4259
-47.9724
-49.521
-50.9464
-52.1796
-53.3478
-54.4328
-55.3762
-56.2125
-56.9515
-57.6042
-58.2017
-58.7951
-59.4349
-60.2069
-61.1913
-62.4896
-64.2333
-66.6151
-69.7806
-73.7814
-78.7538
-84.9054
-92.3845
-101.303
-111.76
-123.886
-137.795
-153.549
-171.218
-190.864
-212.539
-236.246
-261.967
-289.68
-319.347
-350.949
-385.113
-420.803
-456.228
-485.864
-498.566
-43.5105
-47.9057
-48.7964
-51.9165
-53.7553
-56.2256
-58.543
-60.767
-63.0223
-65.28
-67.3721
-69.6214
-71.7699
-73.788
-75.7019
-77.5181
-79.2152
-80.7987
-82.2774
-83.6697
-85.0227
-86.3827
-87.8075
-89.3817
-91.2576
-93.5648
-96.3657
-99.8004
-104.09
-109.347
-115.638
-123.097
-131.849
-142.015
-153.665
-166.844
-181.631
-198.063
-216.146
-235.87
-257.235
-280.203
-304.659
-330.444
-357.804
-386.481
-415.155
-441.325
-459.891
-471.654
-59.3502
-63.2826
-64.1795
-67.1983
-69.1709
-71.9399
-74.7573
-77.6073
-80.4986
-83.579
-86.6897
-89.6145
-92.6013
-95.6596
-98.5498
-101.301
-103.904
-106.368
-108.684
-110.86
-112.929
-114.934
-116.948
-119.048
-121.294
-123.788
-126.734
-130.281
-134.475
-139.466
-145.436
-152.476
-160.678
-170.103
-180.821
-192.895
-206.324
-221.103
-237.216
-254.645
-273.32
-293.13
-313.928
-335.608
-358.14
-380.56
-401.371
-417.261
-424.167
-431.319
-75.6608
-78.8128
-79.7057
-82.8231
-85.0774
-88.3121
-91.5859
-95.1863
-98.9433
-102.692
-106.711
-110.888
-114.94
-118.908
-122.831
-126.601
-130.175
-133.551
-136.71
-139.652
-142.381
-144.922
-147.332
-149.685
-152.103
-154.685
-157.482
-160.637
-164.397
-168.874
-174.144
-180.348
-187.562
-195.877
-205.341
-215.938
-227.68
-240.546
-254.48
-269.386
-285.158
-301.661
-318.669
-336.3
-353.716
-369.822
-383.395
-392.604
-397.534
-400.152
-91.8033
-94.093
-95.0424
-98.2513
-100.825
-104.639
-108.613
-112.853
-117.543
-122.548
-127.532
-132.633
-137.874
-143.059
-148.111
-153.01
-157.674
-162.056
-166.119
-169.85
-173.235
-176.276
-179.028
-181.553
-183.921
-186.187
-188.527
-191.137
-194.07
-197.506
-201.649
-206.605
-212.504
-219.386
-227.263
-236.169
-246.065
-256.876
-268.505
-280.876
-293.85
-307.185
-320.791
-334.371
-347.336
-358.711
-367.192
-371.798
-377.485
-378.926
-107.049
-108.466
-109.663
-113.109
-116.165
-120.546
-125.291
-130.59
-136.157
-142.165
-148.496
-154.959
-161.417
-167.844
-174.222
-180.402
-186.275
-191.759
-196.807
-201.388
-205.437
-208.932
-211.894
-214.361
-216.451
-218.317
-219.985
-221.551
-223.299
-225.428
-228.092
-231.483
-235.682
-240.805
-246.925
-253.983
-261.916
-270.651
-280.107
-290.138
-300.565
-311.206
-321.854
-332.25
-341.772
-349.489
-354.534
-358.035
-360.425
-362.329
-120.691
-121.545
-123.006
-126.77
-130.348
-135.508
-140.959
-147.263
-154.163
-161.389
-168.977
-176.817
-184.822
-192.8
-200.63
-208.232
-215.49
-222.294
-228.51
-234.059
-238.876
-242.917
-246.153
-248.62
-250.381
-251.454
-252.055
-252.437
-252.7
-253.067
-253.809
-255.144
-257.341
-260.501
-264.618
-269.716
-275.744
-282.579
-290.074
-298.132
-306.492
-314.788
-323.043
-330.877
-337.719
-342.793
-345.751
-348.77
-349.938
-351.365
-132.158
-132.349
-134.405
-138.597
-142.855
-148.989
-155.531
-162.724
-170.789
-179.534
-188.661
-198.126
-207.772
-217.45
-227.027
-236.324
-245.204
-253.525
-261.102
-267.817
-273.569
-278.261
-281.802
-284.149
-285.437
-285.828
-285.371
-284.173
-282.53
-280.769
-279.221
-278.23
-277.998
-278.759
-280.705
-283.808
-287.956
-293.038
-299.018
-305.523
-311.965
-318.444
-324.783
-330.417
-334.794
-337.598
-340.401
-341.868
-342.995
-343.705
-140.742
-140.989
-143.603
-148.145
-153.115
-160.068
-167.657
-176.412
-185.81
-195.912
-206.705
-217.918
-229.443
-241.111
-252.696
-264.005
-274.821
-284.943
-294.214
-302.407
-309.385
-315.007
-319.144
-321.741
-322.758
-322.248
-320.393
-317.481
-313.767
-309.549
-305.209
-301.17
-297.989
-296.05
-295.478
-296.347
-298.653
-302.373
-307.085
-312.078
-317.324
-322.666
-327.223
-330.542
-332.558
-334.258
-335.715
-337.039
-338.098
-338.483
-145.465
-146.652
-149.926
-155.182
-160.83
-168.98
-177.462
-187.344
-198.394
-210.164
-222.661
-235.868
-249.491
-263.315
-277.185
-290.812
-303.948
-316.318
-327.67
-337.764
-346.351
-353.238
-358.25
-361.222
-362.085
-360.971
-358.033
-353.354
-347.193
-340.027
-332.4
-324.943
-318.202
-312.713
-309.026
-307.396
-307.835
-310.196
-313.662
-318.015
-322.942
-327.25
-329.937
-331.112
-331.439
-332.025
-332.894
-334.096
-335.08
-335.447
-146.427
-149.212
-153.142
-159.248
-165.72
-174.889
-184.427
-195.623
-207.964
-221.49
-235.878
-251.069
-266.945
-283.288
-299.746
-316.058
-331.926
-346.985
-360.894
-373.373
-384.117
-392.825
-399.258
-403.216
-404.534
-403.126
-399.011
-392.428
-383.846
-373.628
-362.285
-350.471
-339.113
-329.277
-321.657
-316.732
-314.692
-315.475
-318.593
-323.523
-328.46
-331.692
-332.909
-332.656
-332.202
-331.821
-332.132
-332.868
-333.528
-333.908
-143.732
-148.412
-153.088
-159.919
-167.479
-177.693
-188.087
-200.769
-214.486
-229.478
-245.803
-263.236
-281.465
-300.386
-319.725
-339.102
-358.144
-376.436
-393.543
-409.061
-422.59
-433.736
-442.202
-447.646
-449.764
-448.481
-443.865
-436.007
-425.02
-411.369
-395.703
-378.973
-362.276
-346.653
-333.469
-323.984
-318.538
-317.678
-321.136
-327.006
-332.434
-335.506
-336.34
-335.802
-334.635
-333.498
-332.597
-332.057
-331.935
-332.204
-137.904
-144.653
-149.81
-157.684
-166.168
-177.018
-188.594
-202.241
-217.404
-234.018
-252.082
-271.542
-292.291
-313.984
-336.36
-359.102
-381.749
-403.795
-424.719
-443.974
-461.025
-475.419
-486.722
-494.551
-498.541
-498.316
-493.696
-484.651
-471.486
-454.632
-434.711
-412.452
-388.887
-365.808
-345.412
-329.1
-318.337
-314.523
-317.987
-326.003
-333.4
-337.716
-339.245
-338.669
-336.829
-334.374
-332.116
-330.352
-329.484
-329.331
-129.603
-137.98
-143.826
-152.543
-161.86
-173.06
-185.729
-200.471
-216.561
-234.617
-254.489
-275.99
-299.051
-323.506
-349.084
-375.394
-401.961
-428.232
-453.591
-477.352
-498.854
-517.46
-532.594
-543.726
-550.256
-551.725
-547.994
-539.09
-524.675
-504.961
-480.46
-452.106
-421.344
-389.704
-359.329
-332.848
-313.165
-304.246
-307.574
-318.38
-329.585
-335.99
-338.556
-338.604
-336.368
-333.196
-330.093
-327.433
-325.804
-324.986
-119.576
-129.536
-135.442
-144.85
-154.762
-166.283
-179.551
-194.981
-212.144
-231.417
-252.66
-276.037
-301.417
-328.57
-357.288
-387.264
-418.003
-448.892
-479.217
-508.2
-535.025
-558.849
-578.863
-594.373
-604.832
-609.564
-608.065
-599.915
-584.89
-563.069
-534.9
-501.137
-462.538
-420.395
-377.867
-338.183
-306.423
-289.717
-289.566
-302.6
-318.092
-329.437
-334.293
-336.023
-335.345
-332.893
-329.462
-326.062
-323.696
-322.081
-108.459
-119.565
-125.427
-135.384
-145.37
-157.37
-170.752
-186.398
-204.158
-224.343
-246.91
-271.83
-299.154
-328.861
-360.655
-394.28
-429.278
-465.048
-500.801
-535.625
-568.563
-598.612
-624.749
-646.092
-661.758
-670.695
-672.39
-666.439
-652.605
-630.478
-599.701
-560.459
-513.952
-462.241
-406.869
-351.212
-303.412
-274.855
-267.87
-279.995
-300.001
-318.899
-332.183
-338.637
-339.842
-337.475
-333.589
-329.446
-326.165
-323.899
-98.1228
-108.183
-115.221
-124.692
-134.223
-146.248
-159.73
-175.437
-193.253
-213.878
-237.141
-263.271
-292.304
-324.231
-358.86
-396.003
-435.249
-476.02
-517.475
-558.607
-598.356
-635.559
-669.067
-697.588
-719.821
-734.822
-741.625
-739.611
-728.123
-706.828
-675.053
-632.808
-580.878
-519.844
-449.538
-375.153
-313.546
-273.709
-258.318
-262.126
-285.835
-311.946
-331.386
-342.465
-346.238
-344.652
-340.607
-335.943
-332.502
-330.65
-88.8733
-96.7428
-104.344
-113.513
-122.78
-134.205
-147.323
-162.72
-180.287
-200.744
-224.364
-251.141
-281.264
-314.874
-351.873
-392.255
-435.625
-481.394
-528.725
-576.536
-623.597
-668.769
-710.7
-747.73
-778.223
-800.816
-814.114
-817.446
-810.226
-791.798
-762.486
-720.755
-664.175
-592.402
-508.857
-424.095
-347.714
-295.574
-268.136
-267.909
-286.753
-311.058
-330.797
-342.617
-347.029
-345.925
-342.685
-338.977
-336.635
-335.718
-85.1581
-85.5882
-93.4889
-102.022
-111.05
-121.966
-134.422
-149.046
-166.132
-186.042
-209.3
-236.158
-266.784
-301.409
-340.137
-383.134
-430.3
-480.984
-534.192
-588.886
-643.648
-697.45
-748.74
-795.418
-835.54
-867.513
-889.376
-900.508
-899.933
-886.267
-859.359
-820.487
-757.374
-679.106
-589
-501.319
-417.512
-353.955
-318.095
-304.487
-308.928
-321.166
-333.153
-341.03
-343.585
-341.903
-339.738
-337.787
-337.078
-337.403
-102.17
-78.5561
-84.2665
-91.0952
-99.8524
-110.471
-122.242
-135.964
-152.14
-171.244
-193.991
-220.312
-250.755
-285.8
-325.667
-370.492
-420.633
-475.663
-534.259
-595.682
-658.317
-721.386
-782.443
-838.84
-889.332
-932.547
-964.639
-985.337
-993.563
-986.919
-961.005
-923.587
-863.213
-780.476
-693.84
-600.1
-520.422
-456.557
-408.163
-376.581
-359.442
-352.242
-350.109
-348.002
-343.959
-339.767
-336.591
-335.493
-335.971
-337.147
-84.0627
-67.778
-73.9848
-81.1189
-90.3426
-100.583
-111.956
-125.085
-140.602
-159.232
-180.723
-206.116
-236.663
-272.762
-314.135
-361.157
-414.598
-474.711
-540.733
-610.808
-684.124
-758
-830.327
-898.624
-960.959
-1014.56
-1058.56
-1090.45
-1109.22
-1109.88
-1090.46
-1034.32
-962.709
-879.414
-787.094
-697.764
-618.747
-550.312
-495.228
-452.955
-421.856
-398.91
-380.468
-364.484
-350.886
-340.558
-335.031
-334.7
-336.154
-337.429
-70.8831
-67.3757
-70.9873
-77.3014
-85.9792
-95.479
-106.887
-120.528
-136.513
-156.258
-179.63
-207.718
-241.518
-281.403
-327.39
-380.466
-441.486
-510.452
-586.215
-666.504
-750.385
-836.031
-920.294
-999.634
-1071.52
-1133.79
-1182.32
-1214.08
-1224.77
-1209.69
-1165.84
-1104.02
-1027.41
-942.929
-853.068
-767.483
-689.945
-623.109
-565.355
-516.782
-476.088
-441.899
-412.681
-387.332
-365.723
-348.92
-339.278
-336.483
-338.391
-339.985
-62.1225
-65.9359
-70.4236
-76.8419
-84.7099
-94.0614
-105.904
-120.629
-138.838
-161.647
-189.289
-222.132
-260.62
-306.498
-360.851
-424.192
-496.265
-575.967
-662.774
-755.907
-853.369
-952.016
-1046.57
-1134.51
-1211.44
-1275.52
-1320.17
-1340.66
-1330.79
-1298.18
-1245.29
-1177.41
-1097.82
-1013.06
-928.244
-846.202
-768.153
-696.333
-632.219
-575.199
-525.471
-481.981
-444.373
-412.187
-385.096
-363.459
-348.685
-341.788
-342.638
-345.069
-55.0387
-61.4442
-67.4429
-74.3686
-82.2485
-92.4262
-105.524
-121.937
-142.829
-168.445
-199.724
-237.55
-282.777
-337.297
-401.815
-476.065
-560.295
-655.026
-759.445
-870.724
-983.98
-1093.05
-1195.46
-1288.96
-1371.25
-1431.62
-1463.62
-1464
-1440.27
-1395.36
-1334.72
-1260.35
-1179.65
-1093.35
-1006.11
-919.314
-837.058
-759.588
-688.594
-624.329
-566.893
-516.454
-472.723
-435.693
-405.094
-380.611
-362.443
-351.6
-348.406
-353.205
-48.8043
-54.8827
-61.3369
-68.6656
-77.1492
-88.5541
-102.801
-120.661
-143.476
-171.954
-207.594
-251.292
-304.201
-367.312
-442.103
-529.952
-631.99
-748.181
-874.312
-1004.22
-1131.04
-1251.16
-1362.82
-1464.73
-1542.93
-1587.6
-1600.01
-1585.8
-1548.6
-1493.03
-1423.1
-1343.04
-1256.14
-1165.1
-1072.55
-981.531
-893.461
-810.409
-733.064
-662.445
-599.065
-543.211
-495.146
-454.808
-421.975
-396.072
-376.539
-363.473
-358.457
-364.855
-41.1229
-46.1498
-52.4051
-60.0515
-69.3258
-81.0532
-95.7194
-114.826
-139.573
-171.578
-212.277
-262.099
-322.152
-394.426
-482.633
-589.982
-716.313
-856.764
-1004.31
-1151.65
-1293.87
-1427.97
-1549.56
-1647.17
-1704.78
-1729.27
-1724.71
-1695.29
-1644.9
-1578.98
-1500.47
-1412.43
-1318.39
-1221.41
-1123.36
-1026.93
-933.777
-845.257
-762.72
-687.077
-619.169
-559.643
-508.669
-466.362
-432.397
-406.055
-386.577
-373.758
-369.137
-372.086
-31.3014
-35.9887
-41.6155
-48.5775
-57.6696
-68.8993
-83.5014
-103.893
-130.898
-166.686
-211.948
-267.313
-335.915
-421.623
-529.737
-661.948
-814.471
-979.654
-1148.39
-1315.47
-1476
-1620.35
-1734.31
-1806.06
-1843.83
-1849.07
-1828.18
-1784.3
-1722.35
-1645.33
-1557.77
-1461.95
-1361.23
-1258.36
-1155.13
-1053.76
-955.817
-862.921
-776.11
-696.696
-625.632
-563.588
-510.891
-467.531
-433.252
-407.31
-388.854
-377.298
-372.721
-373.376
-20.2263
-23.8806
-27.6843
-32.7859
-40.3318
-50.7411
-65.6713
-87.6965
-116.687
-154.63
-203.834
-267.301
-348.813
-453.022
-584.93
-744.465
-924.747
-1115.61
-1308.61
-1495.14
-1663.87
-1793.75
-1881.95
-1932.64
-1951.24
-1939.95
-1903.47
-1847.06
-1773.63
-1687.43
-1591.54
-1489.09
-1382.57
-1274.44
-1166.67
-1060.94
-959.174
-862.586
-772.656
-690.585
-617.422
-553.922
-500.315
-456.583
-422.466
-397.237
-379.986
-369.872
-366.573
-366.868
-6.00302
-7.12985
-8.50613
-11.4715
-17.447
-27.5514
-42.7752
-64.0607
-93.3526
-133.434
-187.883
-262.41
-360.507
-485.942
-644.582
-834.836
-1043.29
-1262.35
-1477.19
-1664.82
-1810.36
-1917.93
-1986.42
-2019.15
-2020.59
-1995.93
-1946.72
-1879.4
-1797.19
-1703.49
-1601.66
-1493.43
-1382.2
-1269.82
-1158.18
-1049.08
-944.134
-844.974
-752.887
-669.161
-594.856
-530.564
-476.676
-433.106
-399.404
-374.826
-358.423
-349.292
-347.465
-348.064
12.9145
13.8169
14.0411
13.1868
9.86747
2.42638
-10.7421
-30.5295
-59.5561
-101.197
-160.887
-246.512
-362.933
-512.096
-699.205
-922.404
-1160.94
-1397.55
-1606.02
-1774.67
-1899.81
-1989
-2043.35
-2062.81
-2049.85
-2013.43
-1958.24
-1882.41
-1793.58
-1694.99
-1588.17
-1476.23
-1361.43
-1245.9
-1131.42
-1019.74
-912.747
-811.895
-718.594
-634.135
-559.434
-495.135
-441.468
-398.291
-365.067
-340.962
-325.04
-316.456
-314.572
-315.844
33.5759
37.2123
40.5795
43.2635
44.1504
41.3124
32.812
16.837
-9.83512
-51.1322
-114.757
-210.528
-345.38
-521.984
-736.054
-980.525
-1235.51
-1468.12
-1666.26
-1820.78
-1930.2
-2005.32
-2051.81
-2059.9
-2041.39
-1999.09
-1937.43
-1858.8
-1766.83
-1664.5
-1554.93
-1440.47
-1323.44
-1205.89
-1089.56
-976.484
-868.381
-766.823
-673.3
-588.962
-514.687
-450.962
-397.911
-355.286
-322.505
-298.728
-283.008
-274.378
-272.079
-272.607
55.3945
63.1915
71.7646
80.4271
87.7887
92.2778
91.6821
82.8165
60.7295
20.15
-48.5473
-154.767
-302.939
-495.838
-726.58
-983.655
-1245.25
-1469.35
-1658.27
-1802.4
-1904.92
-1976.13
-2016.25
-2022.69
-2001.61
-1957.21
-1893.69
-1814.24
-1721.38
-1618.08
-1507.29
-1391.65
-1273.55
-1155.04
-1038.14
-924.768
-816.669
-715.512
-622.689
-539.276
-466.001
-403.244
-351.032
-309.055
-276.661
-252.955
-236.984
-227.859
-224.774
-224.547
78.4351
92.8484
108.549
125.024
141.252
155.907
165.987
166.391
148.95
107.011
34.6551
-76.4317
-230.898
-430.82
-667.87
-922.837
-1187.94
-1406.7
-1585.77
-1733.18
-1839.13
-1909.85
-1950.36
-1959.75
-1940.59
-1897.5
-1835.01
-1756.6
-1665.12
-1562.95
-1452.77
-1337.4
-1219.47
-1101.32
-985.025
-872.476
-765.477
-665.651
-574.32
-492.459
-420.685
-359.24
-308.031
-266.619
-234.29
-210.183
-193.413
-183.071
-178.407
-176.938
105.006
126.742
150.738
176.25
202.339
226.538
243.773
248.354
234.757
197.012
130.156
17.2804
-138.511
-335.373
-573.849
-823.12
-1068.87
-1295.74
-1483.11
-1633.72
-1749.36
-1828.63
-1874.2
-1888.18
-1873.35
-1834
-1774.58
-1698.9
-1609.82
-1510.04
-1402.14
-1288.75
-1172.51
-1055.89
-941.095
-830.154
-724.909
-626.928
-537.445
-457.326
-387.04
-326.673
-275.979
-234.442
-201.392
-176.076
-157.678
-145.37
-138.534
-135.548
129.312
153.927
181.598
209.826
238.167
264.108
285.928
297.382
289.317
250.212
188.54
82.3967
-70.5243
-258.291
-477.809
-718.34
-959.156
-1185.03
-1379.96
-1539.01
-1662.41
-1749.88
-1802.66
-1823.3
-1815.15
-1782.04
-1728.17
-1656.72
-1570.92
-1474.09
-1369.24
-1258.85
-1145.12
-1030.44
-917.26
-807.833
-704.088
-607.535
-519.331
-440.24
-370.647
-310.559
-259.651
-217.334
-182.892
-155.535
-134.511
-119.038
-108.856
-103.325
125.06
148.721
175.662
205.214
235.7
264.883
288.737
300.259
295.372
260.296
199.422
103.719
-43.8571
-227.624
-436.471
-667.093
-906.059
-1130.32
-1325.96
-1488.21
-1616.2
-1708.79
-1766.32
-1791.25
-1786.77
-1757.78
-1709.02
-1641.6
-1558.92
-1464.98
-1363.17
-1255.74
-1144.42
-1031.44
-919.399
-810.726
-707.468
-611.232
-523.147
-443.916
-373.885
-313.071
-261.142
-217.389
-180.897
-150.628
-125.652
-105.415
-90.7629
-81.814
105.784
127.877
152.338
178.541
205.017
229.731
249.44
259.729
254.305
225.307
168.041
71.7757
-70.7929
-252.502
-462.011
-695.129
-936.076
-1157.1
-1349.29
-1508.85
-1632.77
-1722.4
-1778.14
-1803.04
-1800.29
-1773.23
-1725.67
-1660.33
-1579.94
-1487.82
-1387.22
-1280.94
-1170.94
-1059.02
-947.501
-838.754
-734.892
-637.598
-548.099
-467.195
-395.306
-332.472
-278.458
-232.795
-194.794
-163.586
-138.511
-119.326
-106.441
-99.0162
78.866
93.9593
110.808
128.824
147.149
165.369
180.476
186.469
176.223
144.845
86.1143
-9.05294
-145.148
-323.599
-533.223
-773.451
-1013.28
-1228.16
-1413.73
-1564.11
-1680.43
-1763.56
-1816.5
-1840.45
-1838.11
-1812.51
-1766.53
-1703.19
-1625.09
-1534.93
-1435.59
-1329.81
-1220.14
-1108.61
-997.184
-887.935
-782.9
-683.825
-592.085
-508.637
-434.06
-368.591
-312.214
-264.734
-225.834
-195.039
-171.681
-154.943
-144.405
-138.703
55.4481
64.2535
73.8554
83.8695
93.6909
101.755
106.014
103.052
88.384
57.3909
0.491911
-90.4078
-219.701
-390.1
-596.044
-832.464
-1070.98
-1290.01
-1468.78
-1615.67
-1729.83
-1809.16
-1859.69
-1884.03
-1882.65
-1858.06
-1813.34
-1751.54
-1675.52
-1587.9
-1491.15
-1387.66
-1279.64
-1169.22
-1058.42
-949.21
-843.54
-743.186
-649.621
-564.015
-487.182
-419.619
-361.515
-312.789
-273.203
-242.396
-219.836
-204.696
-196.215
-192.095
33.721
38.1068
42.0591
46.208
49.2954
49.146
44.805
34.5632
14.661
-18.6318
-71.8925
-153.37
-270.664
-429.055
-622.975
-845.868
-1079.96
-1299.73
-1485.52
-1639.07
-1753.31
-1835.04
-1890.82
-1916.62
-1917.16
-1895.08
-1853.27
-1794.63
-1721.5
-1636.68
-1542.81
-1442.2
-1336.81
-1228.54
-1119.39
-1011.35
-906.213
-805.755
-711.525
-624.817
-546.686
-477.858
-418.749
-369.415
-329.603
-298.892
-276.774
-262.624
-255.758
-252.801
13.4937
14.0337
14.9643
15.7964
14.1408
8.61273
-1.39652
-16.9206
-40.6489
-75.518
-125.646
-198.41
-301.317
-439.617
-612.452
-813.468
-1033.58
-1252.72
-1447.29
-1610.41
-1735.71
-1827.07
-1889.15
-1924.09
-1931.01
-1913.45
-1877.36
-1823.69
-1754.29
-1673.52
-1583.52
-1486.36
-1384.08
-1278.73
-1172.14
-1066.2
-962.741
-863.36
-769.669
-683.076
-604.72
-535.493
-475.933
-426.229
-386.245
-355.642
-334.01
-320.752
-315.305
-313.459
-5.07255
-5.803
-6.36702
-8.75496
-14.2633
-22.4639
-34.7146
-53.1044
-78.5191
-113.25
-160.278
-225.629
-315.061
-432.667
-578.406
-748.158
-941.16
-1146.67
-1349.8
-1527.03
-1667.76
-1773.86
-1848.56
-1894.47
-1912.18
-1904.02
-1875.82
-1830.57
-1766.37
-1691.51
-1606.81
-1513.98
-1415.82
-1314.17
-1211.04
-1108.08
-1007.07
-909.773
-817.587
-732.014
-654.306
-585.4
-525.998
-476.402
-436.528
-406.047
-384.55
-371.694
-367.279
-366.738
-19.4189
-22.5338
-25.5592
-30.0902
-36.495
-45.27
-59.0911
-78.8034
-104.348
-137.826
-181.074
-238.425
-314.54
-412.702
-534.497
-679.504
-845.515
-1024.6
-1207.96
-1386.9
-1548.07
-1674.14
-1766.12
-1826.41
-1857.72
-1862.88
-1846.53
-1808.58
-1754.17
-1686.89
-1608.17
-1521.06
-1428.05
-1331.12
-1232.09
-1132.98
-1035.36
-940.827
-851.077
-767.38
-691.033
-623.07
-564.215
-514.922
-475.221
-444.822
-423.332
-410.203
-406.427
-405.783
-30.6731
-34.9977
-40.0243
-46.4233
-54.4643
-64.4935
-77.9273
-96.1475
-120.647
-153.076
-193.479
-243.928
-308.353
-389.495
-491.095
-613.993
-755.634
-910.198
-1069.99
-1229.92
-1385.09
-1527.58
-1642.52
-1721.05
-1768.86
-1789.44
-1785.56
-1759.55
-1716.14
-1657.5
-1586.33
-1506.06
-1419.26
-1327.44
-1233.38
-1138.65
-1045.12
-954.27
-867.637
-786.65
-712.456
-646.067
-588.294
-539.627
-500.12
-469.473
-447.445
-433.702
-428.508
-427.92
-40.3096
-45.1224
-51.3716
-58.3584
-66.7161
-77.6832
-91.2024
-108.543
-131.308
-160.636
-198.199
-244.073
-299.863
-367.802
-451.732
-553.98
-673.047
-805.199
-944.773
-1085.83
-1224.25
-1357.42
-1480.22
-1582.47
-1649.51
-1686.73
-1697.17
-1684.85
-1652.61
-1603.64
-1541.24
-1469.31
-1388.82
-1303.06
-1214.29
-1124.52
-1035.58
-949.032
-866.449
-788.895
-717.635
-653.581
-597.437
-549.736
-510.572
-479.696
-456.798
-441.683
-434.872
-434.659
-48.0006
-53.8239
-60.1517
-67.1456
-75.0487
-85.7034
-98.8861
-115.611
-136.877
-163.193
-196.559
-237.724
-287.349
-346.544
-417.21
-501.25
-599.311
-710.131
-830.377
-955.245
-1079.31
-1198.55
-1311.4
-1417.01
-1504.28
-1560.67
-1586.97
-1588.27
-1568.09
-1529.37
-1476.23
-1411.62
-1338.33
-1258.7
-1175.63
-1090.98
-1006.99
-925.513
-847.492
-774.373
-707.026
-646.168
-592.487
-546.397
-507.985
-477.049
-453.311
-437.069
-430.562
-432.721
-54.5358
-60.7389
-66.5445
-73.1632
-80.7064
-90.3667
-102.507
-117.889
-137.482
-161.648
-191.118
-226.827
-269.752
-321.669
-382.786
-453.49
-534.543
-626.006
-727.084
-835.484
-946.61
-1055.04
-1158.32
-1254.88
-1343.85
-1415.12
-1461.09
-1476.58
-1468.89
-1440.93
-1396.67
-1338.38
-1270.78
-1197.11
-1119.41
-1039.49
-960.95
-884.383
-811.81
-743.974
-681.504
-625.033
-574.916
-531.459
-494.747
-464.65
-441.169
-425.007
-418.691
-425.333
-61.6894
-65.3644
-69.7048
-75.9467
-83.5829
-92.4038
-103.551
-117.45
-134.868
-156.88
-183.038
-213.835
-250.34
-294.299
-346.651
-407.487
-476.506
-553.326
-637.943
-729.559
-826.346
-924.957
-1020.63
-1111.02
-1192.41
-1264.61
-1322.1
-1358.17
-1365.11
-1349.17
-1313.35
-1261.77
-1197.37
-1125.15
-1050.1
-974.892
-900.333
-828.674
-761.801
-699.966
-643.698
-592.955
-547.755
-508.193
-474.258
-446.178
-424.631
-410.972
-406.324
-412.725
-70.5145
-66.7653
-70.2607
-76.6095
-85.1889
-94.3568
-105.162
-118.139
-133.525
-152.356
-174.576
-201.53
-233.966
-272.013
-316.087
-367.441
-426.319
-492.956
-566.74
-645.852
-729.531
-815.839
-901.622
-983.636
-1059.85
-1128.3
-1186.13
-1232.05
-1259.5
-1261.53
-1234.98
-1188.65
-1127.34
-1057.59
-981.033
-903.011
-827.972
-760.402
-699.046
-643.82
-594.729
-551.205
-512.836
-479.072
-449.802
-425.68
-408.056
-399.108
-398.828
-402.25
-83.8706
-67.363
-73.3993
-80.6125
-89.76
-99.6944
-110.616
-123.373
-138.283
-155.891
-176.368
-200.972
-230.582
-265.248
-305.012
-350.553
-402.462
-461.038
-525.855
-595.591
-668.807
-743.439
-817.358
-888.657
-955.657
-1015.7
-1067.92
-1110.4
-1143.17
-1159.98
-1155.11
-1113.66
-1057.61
-990.334
-911.349
-831.938
-757.967
-690.161
-630.098
-579.593
-537.931
-503.418
-474.11
-448.28
-425.625
-407.521
-396.115
-391.846
-393.759
-395.957
58.4307
54.9585
53.2939
52.5356
52.4221
52.6797
53.279
54.1596
55.4714
57.1685
59.2018
61.7189
64.7592
68.3183
72.3392
76.8244
81.7955
87.2772
93.2811
99.7676
106.726
114.107
121.885
130.073
138.77
147.702
156.698
165.791
174.974
184.043
192.837
201.246
209.116
216.253
222.413
227.311
230.622
231.999
231.075
227.439
220.646
210.215
195.623
176.273
151.572
120.829
83.4454
38.5683
-15.1419
-68.3154
57.2423
56.3494
55.9878
56.1006
56.6248
57.4866
58.6575
60.1042
61.8753
64.0006
66.5693
69.6113
73.1798
77.2622
81.8289
86.898
92.4899
98.639
105.336
112.554
120.261
128.424
137.057
146.157
155.686
165.525
175.571
185.769
196.056
206.325
216.444
226.274
235.682
244.506
252.502
259.4
264.923
268.751
270.514
269.805
266.207
259.285
248.548
233.445
213.406
187.796
155.983
117.046
70.0975
24.4883
57.9701
58.5278
59.2674
60.2316
61.4405
62.8972
64.6169
66.601
68.8422
71.4536
74.5534
78.157
82.2907
86.9436
92.1328
97.8651
104.158
111.028
118.47
126.472
134.989
144.019
153.558
163.58
174.04
184.871
195.991
207.33
218.817
230.362
241.844
253.138
264.123
274.633
284.464
293.392
301.156
307.445
311.909
314.176
313.854
310.515
303.706
292.937
277.688
257.364
231.361
199.139
160.12
122.947
60.3699
61.6522
63.1702
64.8741
66.747
68.7777
71.0029
73.5004
76.2708
79.4069
83.0241
87.1912
91.9018
97.1674
103.016
109.449
116.471
124.079
132.293
141.096
150.468
160.401
170.875
181.865
193.33
205.217
217.463
230.003
242.766
255.666
268.593
281.436
294.063
306.333
318.086
329.121
339.187
347.994
355.216
360.494
363.449
363.691
360.814
354.369
343.879
328.82
308.735
283.024
251.17
222.857
63.9671
65.6844
67.7065
69.9889
72.47
75.0636
77.7932
80.7684
84.0505
87.7193
91.8755
96.607
101.919
107.827
114.345
121.487
129.253
137.639
146.655
156.295
166.554
177.412
188.848
200.838
213.35
226.342
239.764
253.559
267.66
281.979
296.419
310.869
325.207
339.319
353.064
366.259
378.675
390.041
400.041
408.34
414.599
418.453
419.509
417.365
411.603
401.769
387.404
368.153
343.78
322.977
68.4672
70.5041
72.8795
75.5605
78.5333
81.6507
84.8966
88.3598
92.1487
96.3467
101.052
106.347
112.266
118.823
126.021
133.88
142.405
151.592
161.435
171.938
183.094
194.885
207.293
220.303
233.894
248.035
262.679
277.774
293.248
309.025
325.014
341.117
357.233
373.25
389.04
404.439
419.237
433.167
445.93
457.218
466.689
473.996
478.807
480.762
479.462
474.46
465.404
451.858
433.597
419.18
73.7522
75.9723
78.585
81.5455
84.8588
88.4409
92.1892
96.1438
100.435
105.153
110.397
116.252
122.776
129.98
137.864
146.441
155.717
165.694
176.366
187.729
199.778
212.504
225.899
239.953
254.651
269.961
285.841
302.238
319.091
336.333
353.886
371.669
389.585
407.526
425.368
442.958
460.09
476.508
491.935
506.068
518.603
529.257
537.718
543.606
546.51
546.03
541.789
533.534
521.302
512.075
79.694
81.892
84.608
87.7649
91.3519
95.305
99.5128
103.947
108.721
113.948
119.727
126.152
133.277
141.119
149.676
158.957
168.971
179.726
191.213
203.427
216.363
230.024
244.406
259.502
275.292
291.747
308.835
326.511
344.728
363.428
382.546
401.999
421.694
441.524
461.37
481.081
500.455
519.256
537.218
554.067
569.533
583.319
595.069
604.405
610.947
614.272
614.079
610.081
602.275
596.894
86.002
88.0285
90.7296
94.0132
97.8082
102.057
106.667
111.563
116.804
122.532
128.843
135.811
143.504
151.939
161.132
171.082
181.81
193.31
205.577
218.604
232.397
246.958
262.288
278.379
295.215
312.778
331.039
349.968
369.52
389.643
410.268
431.314
452.689
474.293
496.013
517.697
539.153
560.155
580.454
599.79
617.886
634.427
649.079
661.508
671.303
678.074
681.534
681.524
678.19
675.918
92.252
94.1221
96.728
100.054
103.999
108.499
113.431
118.743
124.44
130.632
137.434
144.917
153.138
162.137
171.925
182.512
193.903
206.1
219.1
232.9
247.505
262.919
279.145
296.177
314.008
332.623
352.002
372.111
392.906
414.332
436.322
458.8
481.69
504.906
528.334
551.824
575.188
598.206
620.641
642.229
662.68
681.669
698.837
713.76
726.026
735.316
741.446
744.244
743.814
743.59
98.1358
99.8282
102.332
105.637
109.68
114.363
119.565
125.217
131.331
137.966
145.214
153.162
161.863
171.363
181.681
192.83
204.806
217.622
231.275
245.769
261.101
277.277
294.299
312.169
330.885
350.433
370.794
391.932
413.807
436.367
459.558
483.316
507.574
532.248
557.216
582.321
607.367
632.13
656.355
679.758
702.02
722.795
741.712
758.436
772.724
784.449
793.42
799.331
802.11
803.882
103.333
104.816
107.21
110.477
114.581
119.397
124.812
130.75
137.201
144.206
151.844
160.192
169.311
179.238
190.008
201.627
214.107
227.45
241.664
256.748
272.701
289.528
307.234
325.827
345.303
365.65
386.845
408.857
431.65
455.183
479.409
504.283
529.736
555.663
581.925
608.347
634.722
660.81
686.347
711.045
734.605
756.716
777.093
795.494
811.693
825.321
835.806
842.763
846.345
848.379
107.46
108.778
111.078
114.314
118.442
123.344
128.911
135.066
141.784
149.081
157.028
165.693
175.136
185.402
196.521
208.51
221.383
235.141
249.791
265.334
281.774
299.112
317.354
336.504
356.557
377.502
399.318
421.98
445.457
469.72
494.737
520.457
546.796
573.635
600.822
628.174
655.478
682.496
708.966
734.61
759.146
782.294
803.769
823.248
840.382
854.918
866.839
876.224
882.689
886.904
110.273
111.439
113.665
116.893
121.032
125.982
131.639
137.932
144.832
152.347
160.512
169.394
179.054
189.541
200.891
213.129
226.265
240.304
255.248
271.104
287.873
305.556
324.157
343.676
364.11
385.449
407.673
430.76
454.689
479.447
505.003
531.297
558.229
585.669
613.46
641.418
669.337
696.987
724.118
750.462
775.744
799.68
821.992
842.397
860.576
876.101
888.427
896.943
901.759
904.479
111.566
112.643
114.833
118.035
122.156
127.122
132.84
139.217
146.202
153.809
162.081
171.067
180.829
191.424
202.889
215.244
228.501
242.667
257.747
273.747
290.667
308.507
327.268
346.953
367.555
389.064
411.461
434.726
458.847
483.817
509.603
536.134
563.303
590.975
618.988
647.163
675.296
703.165
730.526
757.116
782.649
806.807
829.235
849.562
867.436
882.543
894.619
903.469
909.04
912.356
111.114
112.271
114.466
117.651
121.769
126.729
132.443
138.813
145.791
153.388
161.645
170.616
180.361
190.933
202.377
214.712
227.945
242.082
257.13
273.096
289.981
307.782
326.499
346.134
366.687
388.14
410.473
433.667
457.715
482.605
508.302
534.736
561.798
589.35
617.23
645.259
673.232
700.93
728.108
754.504
779.83
803.763
825.934
845.941
863.396
878.005
889.596
898.141
903.583
906.775
109.034
110.279
112.54
115.757
119.871
124.809
130.459
136.741
143.613
151.091
159.216
168.053
177.657
188.086
199.374
211.546
224.604
238.557
253.41
269.169
285.832
303.398
321.868
341.245
361.527
382.698
404.735
427.615
451.321
475.837
501.132
527.137
553.751
580.837
608.235
635.759
663.203
690.336
716.911
742.665
767.317
790.575
812.143
831.72
848.974
863.452
874.551
881.661
885.085
886.639
105.433
106.83
109.197
112.452
116.556
121.427
126.971
133.099
139.778
147.029
154.908
163.489
172.837
183.006
194.024
205.904
218.649
232.27
246.771
262.155
278.42
295.566
313.596
332.516
352.319
372.991
394.504
416.831
439.94
463.804
488.389
513.637
539.456
565.72
592.267
618.909
645.429
671.584
697.112
721.74
745.19
767.186
787.438
805.609
821.316
834.282
844.452
851.793
855.988
858.28
100.556
102.143
104.628
107.924
111.996
116.775
122.149
128.044
134.45
141.385
148.932
157.162
166.157
175.955
186.583
198.048
210.356
223.51
237.519
252.383
268.098
284.664
302.087
320.37
339.507
359.48
380.263
401.821
424.114
447.098
470.73
494.957
519.7
544.846
570.243
595.705
621.016
645.927
670.167
693.443
715.456
735.903
754.508
771.019
785.166
796.509
804.583
809.112
810.202
810.257
94.6785
96.489
99.0937
102.422
106.452
111.085
116.224
121.827
127.883
134.426
141.559
149.367
157.916
167.25
177.391
188.342
200.107
212.688
226.088
240.307
255.343
271.193
287.86
305.344
323.64
342.728
362.581
383.16
404.417
426.298
448.742
471.686
495.056
518.756
542.651
566.568
590.301
613.611
636.231
657.861
678.166
696.798
713.391
727.64
739.366
748.412
754.42
757.07
756.401
755.32
88.1768
90.1801
92.8868
96.249
100.177
104.607
109.47
114.728
120.351
126.443
133.102
140.428
148.465
157.266
166.841
177.199
188.337
200.258
212.957
226.435
240.69
255.722
271.531
288.11
305.449
323.526
342.313
361.771
381.847
402.48
423.594
445.113
466.957
489.028
511.194
533.285
555.097
576.4
596.941
616.447
634.606
651.074
665.488
677.412
686.462
692.406
695.082
694.211
689.769
686.045
81.3811
83.5472
86.3537
89.6765
93.4346
97.6159
102.168
106.997
112.148
117.746
123.899
130.692
138.179
146.394
155.343
165.033
175.466
186.652
198.583
211.245
224.636
238.761
253.62
269.2
285.481
302.437
320.034
338.231
356.977
376.21
395.856
415.825
436.019
456.334
476.637
496.75
516.455
535.508
553.65
570.612
586.105
599.791
611.33
620.39
626.537
629.371
628.624
624.215
616.295
609.713
74.5984
76.9248
79.7647
82.9494
86.4891
90.3768
94.5291
98.8937
103.558
108.643
114.258
120.475
127.374
134.969
143.265
152.251
161.944
172.35
183.467
195.277
207.773
220.953
234.815
249.349
264.527
280.318
296.676
313.552
330.89
348.622
366.672
384.949
403.352
421.774
440.077
458.083
475.554
492.223
507.814
522.04
534.626
545.257
553.54
559.079
561.51
560.444
555.57
546.518
533.261
522.56
68.2565
70.59
73.3356
76.3228
79.5731
83.0917
86.7885
90.6638
94.8235
99.4005
104.464
110.099
116.375
123.315
130.918
139.173
148.101
157.7
167.967
178.892
190.462
202.672
215.507
228.956
242.998
257.591
272.69
288.228
304.142
320.352
336.768
353.299
369.839
386.278
402.479
418.256
433.367
447.519
460.407
471.717
481.14
488.384
493.114
494.909
493.317
487.929
478.377
464.436
446.082
430.169
62.6487
64.7889
67.2872
69.9973
72.8971
75.9501
79.139
82.5018
86.1707
90.2194
94.7299
99.7858
105.443
111.72
118.616
126.135
134.285
143.074
152.484
162.519
173.163
184.405
196.221
208.585
221.48
234.862
248.681
262.872
277.355
292.048
306.844
321.638
336.322
350.777
364.857
378.362
391.045
402.605
412.713
421.03
427.204
430.879
431.697
429.276
423.19
412.957
398.182
378.369
353.364
331.326
57.8948
59.7031
61.825
64.1237
66.5539
69.0881
71.7335
74.5871
77.753
81.2719
85.2286
89.7007
94.742
100.366
106.558
113.344
120.717
128.685
137.241
146.385
156.11
166.39
177.205
188.52
200.298
212.496
225.052
237.906
250.975
264.165
277.37
290.468
303.341
315.858
327.848
339.09
349.321
358.236
365.498
370.741
373.593
373.671
370.568
363.839
353.027
337.639
317.206
291.411
260.127
231.289
54.1125
55.4616
57.0499
58.7538
60.5924
62.5598
64.6839
67.0652
69.7208
72.6986
76.0952
80.006
84.449
89.4206
94.9194
100.98
107.6
114.77
122.502
130.78
139.598
148.926
158.746
169.037
179.743
190.806
202.154
213.714
225.413
237.146
248.807
260.276
271.418
282.074
292.046
301.089
308.92
315.22
319.643
321.809
321.302
317.692
310.548
299.401
283.74
263.003
236.696
204.193
165.266
128.788
51.5742
52.1852
52.9532
53.9033
55.0929
56.4781
58.0883
59.9728
62.0894
64.5225
67.3927
70.7553
74.6183
78.9584
83.7895
89.1396
95.0231
101.433
108.374
115.827
123.764
132.172
141.028
150.32
159.998
169.982
180.181
190.511
200.896
211.237
221.422
231.339
240.837
249.715
257.742
264.659
270.16
273.912
275.55
274.682
270.888
263.697
252.609
237.091
216.6
190.527
158.281
119.283
73.2642
27.7821
50.7384
49.8885
49.5217
49.6258
50.1226
50.9026
51.9725
53.327
54.9527
56.8819
59.2318
62.0398
65.3273
69.0803
73.2909
77.9705
83.1377
88.8129
94.9847
101.638
108.736
116.252
124.191
132.535
141.241
150.211
159.331
168.512
177.651
186.665
195.458
203.902
211.83
219.017
225.189
230.051
233.295
234.575
233.508
229.672
222.628
211.904
196.951
177.166
151.94
120.642
82.657
36.9895
-16.8318
-70.5474
51.8646
48.3947
46.7157
45.9392
45.7739
45.9562
46.4648
47.2469
48.4065
49.9041
51.7247
53.995
56.7477
59.9726
63.6367
67.7234
72.2468
77.2415
82.7036
88.6063
94.9316
101.625
108.676
116.114
123.95
131.952
140.014
148.118
156.101
163.848
171.301
178.314
184.674
190.156
194.495
197.347
198.357
197.193
193.469
186.74
176.557
162.428
143.738
119.831
90.0728
53.7743
10.4458
-40.9423
-100.917
-161.866
-42.4838
-52.1964
-51.3714
-46.993
-42.1084
-35.5157
-25.9279
-15.7695
-3.77273
12.556
30.6984
48.7753
66.0745
85.5145
106.843
103.853
85.7779
66.0057
48.5929
30.3474
13.2463
-3.04138
-15.0974
-25.388
-34.7333
-41.4893
-46.5447
-50.7962
-51.6572
-42.1986
-26.8458
-38.3581
-40.5441
-38.8181
-35.0122
-29.3262
-20.733
-11.728
-1.42938
12.1627
27.5775
42.7307
55.9744
69.5818
85.9954
84.3175
69.3932
55.7278
42.6198
27.2786
12.6282
-0.940886
-11.0705
-20.228
-28.5215
-34.3733
-38.3195
-39.923
-37.7395
-26.445
-27.9045
-30.7099
-31.8227
-31.1447
-28.0813
-23.553
-16.2841
-8.24893
0.83526
12.2351
24.9499
37.4817
47.9921
57.5361
68.6017
67.8379
57.1006
47.7756
37.429
24.8768
12.5725
1.21267
-7.62392
-15.8686
-22.8654
-27.4489
-30.5833
-31.2234
-30.0816
-27.1269
-29.2658
-27.2164
-25.6304
-24.9143
-22.2186
-18.3999
-12.1933
-4.90733
3.09915
12.5753
22.6432
32.5372
41.0803
48.209
54.9247
54.8556
47.7231
40.9056
32.5066
22.6304
12.8201
3.4283
-4.37042
-11.8161
-17.8617
-21.68
-24.3605
-25.0488
-26.5349
-28.341
-27.1649
-24.7589
-21.7761
-20.365
-17.4254
-13.7592
-8.37482
-1.99747
4.77534
12.4822
20.3609
28.1798
35.0584
40.5219
44.6461
45.1289
40.0736
35.004
28.063
20.3424
12.6403
5.04169
-1.55906
-8.00709
-13.2965
-16.9753
-19.8807
-21.2487
-24.1407
-26.5975
-23.2507
-22.2807
-19.1767
-17.0083
-13.4806
-9.98589
-5.36271
0.00164348
5.57177
11.9091
18.2629
24.5103
29.8438
33.9739
36.9379
37.6634
33.5636
29.9062
24.3641
18.3157
12.0299
5.7901
0.366777
-5.00939
-9.54961
-13.0833
-16.587
-18.7407
-21.8323
-22.86
-19.1114
-19.5225
-16.936
-14.4685
-10.6533
-7.41988
-3.42884
1.13442
5.79747
11.0948
16.2861
21.1345
25.2038
28.4803
30.8737
31.6574
28.134
25.3551
20.9953
16.501
11.2275
6.01299
1.45363
-3.11264
-7.02489
-10.2928
-14.0798
-16.5747
-19.1728
-18.7659
-15.4247
-16.1257
-14.2755
-12.3825
-8.74739
-5.82698
-2.32258
1.67666
5.6502
9.97199
14.2152
17.9766
21.2006
23.9073
25.7898
26.586
23.6318
21.4355
17.854
14.5247
10.1134
5.89529
1.97667
-2.04871
-5.4917
-8.4362
-12.0297
-13.957
-15.817
-15.0993
-12.8806
-12.8086
-11.468
-10.2532
-7.18942
-4.77482
-1.68297
1.77779
5.17452
8.61462
12.1914
15.2706
17.9541
20.0445
21.42
22.1992
19.774
18.2488
15.1546
12.4895
8.7309
5.43665
2.06382
-1.44076
-4.47015
-6.92774
-9.9643
-11.1926
-12.5326
-12.5752
-11.0473
-10.5174
-9.2116
-8.19754
-5.83747
-3.91102
-1.28149
1.66298
4.50819
7.33139
10.3834
12.9731
15.2595
16.7732
17.7775
18.4901
16.4757
15.5679
12.8522
10.6564
7.42339
4.74849
1.92234
-1.05707
-3.64247
-5.619
-7.97106
-8.97818
-10.2621
-10.7895
-9.47338
-9.04428
-7.51265
-6.75507
-4.87674
-3.19575
-0.971399
1.50642
3.81382
6.22819
8.78498
10.8496
12.8386
13.98
14.7497
15.3738
13.7124
13.0994
10.7488
9.04544
6.30878
4.0174
1.71801
-0.790397
-2.96097
-4.66911
-6.58107
-7.32648
-8.80444
-9.24291
-7.9177
-7.70237
-6.13127
-5.7752
-4.05821
-2.61415
-0.704718
1.34279
3.21718
5.187
7.32649
8.91911
10.5462
11.5669
12.2869
12.7041
11.3621
10.8444
8.83303
7.61297
5.26319
3.40015
1.48179
-0.558963
-2.45486
-3.89492
-5.62973
-6.05231
-7.43526
-7.70444
-6.34387
-6.13661
-5.05286
-4.62098
-3.10211
-2.1193
-0.492269
1.10714
2.79015
4.2631
6.10357
7.31647
8.64706
9.53528
10.1045
10.4695
9.3097
8.94504
7.23443
6.38182
4.37553
3.01731
1.13069
-0.409841
-1.98783
-2.99773
-4.54099
-4.9425
-5.97934
-6.17133
-4.86452
-4.73901
-4.02126
-3.36321
-2.13826
-1.5764
-0.386711
0.79445
2.52129
3.67062
5.17196
6.02433
7.14344
7.73281
8.20311
8.48378
7.58235
7.3322
5.9659
5.33544
3.61133
2.6331
0.970387
-0.157288
-1.40873
-2.06921
-3.34151
-3.93773
-4.63597
-4.73892
-3.65461
-3.48554
-3.06885
-2.39451
-1.28469
-1.14078
-0.0610675
0.877773
2.16829
3.04677
4.30115
4.91861
5.85841
6.15215
6.56697
6.73595
6.12601
5.92215
4.86829
4.45092
3.06943
2.26391
1.01545
0.142945
-0.840194
-1.36819
-2.42911
-3.03503
-3.41338
-3.57917
-2.73782
-2.55366
-2.22747
-1.89083
-1.06244
-0.711437
0.242747
0.892984
1.87942
2.5003
3.44434
3.90399
4.64308
4.82228
5.20584
5.2724
4.79492
4.71145
3.66763
3.80912
2.4957
1.95056
0.980357
0.355325
-0.584839
-1.04005
-1.89939
-2.20521
-2.5113
-2.69256
-2.04663
-1.99098
-1.64474
-1.575
-0.967983
-0.537348
0.218901
0.723487
1.47092
1.93403
2.67621
2.96358
3.5412
3.7076
4.01254
3.99037
3.63661
3.55646
2.89243
2.78288
1.93559
1.51994
0.802839
0.267823
-0.472448
-0.936115
-1.55655
-1.58757
-1.97273
-2.01301
-1.44693
-1.41677
-1.1701
-1.15193
-0.743653
-0.464388
0.0868442
0.462391
1.01485
1.36254
1.9097
2.09371
2.53108
2.6806
2.87253
2.81507
2.62021
2.49764
2.05019
1.9561
1.35409
1.04746
0.483323
0.128333
-0.418752
-0.716615
-1.12992
-1.1186
-1.40323
-1.42103
-0.833383
-0.777939
-0.645722
-0.630786
-0.388364
-0.352688
-0.0239705
0.223337
0.604606
0.834428
1.2744
1.24631
1.50557
1.47127
1.72938
1.68328
1.57291
1.52136
1.22098
1.21858
0.784274
0.578379
0.257447
0.0358321
-0.320482
-0.348638
-0.613062
-0.643463
-0.766265
-0.822633
-0.23735
-0.176172
-0.146752
-0.171498
-0.105954
-0.0871825
0.0131158
0.0338497
0.275992
0.178718
0.390816
0.387554
0.478821
0.319857
0.596885
0.540109
0.39431
0.492487
0.391865
0.362585
0.210057
0.281895
0.0927024
0.0578477
-0.0738815
-0.0746717
-0.160326
-0.144639
-0.172888
-0.227823
)
;

boundaryField
{
    INLET
    {
        type            zeroGradient;
    }
    OUTLET
    {
        type            fixedValue;
        value           uniform 0;
    }
    WALL
    {
        type            zeroGradient;
    }
    CYLINDER
    {
        type            zeroGradient;
    }
    frontAndBackPlanes
    {
        type            empty;
    }
}


// ************************************************************************* //
