/*--------------------------------*- C++ -*----------------------------------*\
| =========                 |                                                 |
| \\      /  F ield         | OpenFOAM: The Open Source CFD Toolbox           |
|  \\    /   O peration     | Version:  v1912                                 |
|   \\  /    A nd           | Website:  www.openfoam.com                      |
|    \\/     M anipulation  |                                                 |
\*---------------------------------------------------------------------------*/
FoamFile
{
    version     2.0;
    format      ascii;
    class       volScalarField;
    location    "0.37";
    object      p;
}
// * * * * * * * * * * * * * * * * * * * * * * * * * * * * * * * * * * * * * //

dimensions      [0 2 -2 0 0 0 0];


internalField   nonuniform List<scalar> 
6600
(
122.964
118.408
116.115
114.721
113.822
113.287
112.785
112.168
111.544
110.992
110.669
110.449
110.2
110.013
109.951
109.904
109.901
109.899
109.964
109.907
109.842
109.84
109.792
109.577
109.132
108.444
107.414
105.945
103.862
101.019
97.2428
92.3642
86.0086
78.0357
67.9056
55.4249
40.2326
21.6853
-0.797467
-28.0013
-60.4789
-98.9341
-144.364
-197.552
-259.703
-331.758
-413.463
-505.599
-613.796
-733.497
120.118
115.511
113.936
112.491
111.246
110.263
109.437
108.607
107.807
107.048
106.389
105.87
105.365
104.712
104.127
103.591
103.018
102.359
101.789
101.146
100.317
99.3157
98.21
96.8744
95.2228
93.0581
90.4494
87.2718
83.3174
78.3508
72.2697
64.8575
55.7274
44.5497
31.0289
14.8283
-4.52987
-27.7095
-55.1364
-87.5114
-125.625
-170.301
-222.394
-282.549
-352.45
-432.839
-523.294
-623.863
-738.659
-864.075
116.262
111.581
110.721
109.245
107.838
106.577
105.427
104.343
103.371
102.536
101.66
100.725
99.8406
98.9301
97.8827
96.7769
95.6583
94.4255
92.9376
91.4196
89.7673
87.7287
85.3966
82.7404
79.7591
76.1736
71.8672
66.7149
60.6513
53.3763
44.7484
34.5089
22.2981
7.74757
-9.31241
-29.5666
-53.4809
-81.4828
-114.083
-151.999
-195.954
-246.899
-305.715
-373.155
-450.222
-538.007
-636.311
-743.952
-861.453
-985.641
111.9
107.188
106.778
104.859
103.35
102.012
100.712
99.4386
98.187
97.045
95.9709
94.7764
93.3754
91.9714
90.4964
88.7971
86.9922
85.1495
82.9567
80.4188
77.7056
74.6544
71.094
67.0141
62.3825
57.1546
51.0353
43.8606
35.4907
25.6969
14.3304
1.065
-14.3813
-32.4809
-53.493
-78.0136
-106.451
-139.374
-177.233
-220.758
-270.723
-327.933
-393.113
-467.051
-550.43
-644.431
-748.884
-861.441
-979.357
-1099.37
107.197
102.296
102.219
99.6421
98.1663
96.7217
95.2364
93.8057
92.3931
90.8745
89.275
87.6267
85.9024
83.9627
81.8792
79.6237
77.0809
74.2534
71.1985
67.7412
63.8346
59.5275
54.68
49.1971
42.9108
35.7514
27.5871
18.3872
7.67046
-4.74612
-18.9991
-35.4766
-54.4035
-76.2067
-101.238
-130.009
-163.044
-200.829
-243.912
-292.848
-348.349
-411.12
-481.872
-561.236
-649.658
-748.241
-856.718
-972.143
-1089.44
-1203.96
102.05
96.9519
97.1718
93.9149
92.6988
91.0709
89.3831
87.6783
85.9167
84.0706
82.0431
79.7906
77.4352
74.9585
72.2014
69.1918
65.8456
62.1479
58.0123
53.472
48.4121
42.7316
36.3687
29.3414
21.3339
12.2126
1.89357
-9.80966
-23.0637
-38.1333
-55.2997
-74.8896
-97.2087
-122.68
-151.751
-184.712
-222.012
-264.313
-312.175
-365.993
-426.413
-494.008
-569.18
-652.438
-744.277
-845.63
-956.347
-1073.4
-1189.15
-1296.29
96.3615
91.2455
91.7152
87.9902
87.0959
85.0075
83.1085
81.1522
78.9862
76.6458
74.1683
71.5345
68.5908
65.3788
61.8435
57.9739
53.6705
48.9158
43.7348
37.995
31.5715
24.4332
16.4384
7.58049
-2.27601
-13.3325
-25.7853
-39.8986
-55.8237
-73.6569
-93.7536
-116.452
-142.167
-171.245
-204.023
-240.844
-282.243
-328.668
-380.607
-438.509
-502.799
-573.905
-652.255
-738.165
-831.861
-934.238
-1045.53
-1162.68
-1275.64
-1373
90.2853
85.2976
85.8531
81.7412
81.2026
78.4612
76.4014
74.1364
71.591
68.8722
65.8817
62.609
59.0815
55.156
50.8308
46.0698
40.8424
35.0116
28.6053
21.5669
13.7623
5.13649
-4.47278
-15.2241
-27.1711
-40.4484
-55.1948
-71.6317
-90.0061
-110.551
-133.58
-159.403
-188.309
-220.637
-256.838
-297.216
-342.076
-391.894
-447.131
-508.12
-575.298
-648.928
-729.134
-816.198
-910.406
-1012.45
-1122.76
-1238.45
-1346.89
-1431.93
83.8377
79.1929
79.534
75.3096
74.7432
71.5544
69.3765
66.6562
63.6942
60.5647
57.1145
53.2312
48.9369
44.2175
38.9856
33.2702
27.0364
20.2015
12.6157
4.19905
-5.09615
-15.3321
-26.6509
-39.1347
-53.0042
-68.3632
-85.3639
-104.216
-125.179
-148.446
-174.27
-202.914
-234.745
-270.063
-309.176
-352.424
-400.218
-452.808
-510.504
-573.627
-642.427
-717.192
-798.149
-885.366
-978.95
-1079.54
-1187.02
-1298.79
-1401.3
-1472.36
76.9866
72.8018
72.8771
68.7104
67.9197
64.3627
62.0639
58.9793
55.5801
51.9617
47.7981
43.224
38.2053
32.6742
26.5403
19.7949
12.4057
4.33422
-4.45379
-14.1505
-24.8299
-36.5866
-49.581
-63.9132
-79.7539
-97.2283
-116.447
-137.547
-160.789
-186.471
-214.841
-246.116
-280.496
-318.261
-359.821
-405.467
-455.348
-509.748
-568.992
-633.275
-702.856
-777.858
-858.301
-944.331
-1036.15
-1134.22
-1238.06
-1344.35
-1438.96
-1495.21
69.9365
66.3836
66.0964
62.2704
61.0418
57.3304
54.6205
51.1533
47.3067
43.0413
38.2995
32.961
27.109
20.6777
13.6294
5.87341
-2.64499
-12.0124
-22.2002
-33.355
-45.5756
-58.9511
-73.4892
-89.4544
-106.937
-126.179
-147.393
-170.699
-196.24
-224.167
-254.693
-288.067
-324.564
-364.421
-407.863
-455.096
-506.427
-562.005
-621.986
-686.546
-755.786
-829.899
-908.985
-992.981
-1081.93
-1176.32
-1275.75
-1375.27
-1460.31
-1502.56
62.8148
60.0291
59.3763
55.8922
54.2262
50.5894
47.4565
43.5438
39.1823
34.2896
28.8343
22.7952
16.1309
8.77398
0.686178
-8.14078
-17.7976
-28.3793
-39.9083
-52.4046
-66.022
-80.9999
-97.302
-115.017
-134.349
-155.406
-178.344
-203.365
-230.681
-260.439
-292.812
-328.004
-366.183
-407.504
-452.236
-500.592
-552.603
-608.457
-668.349
-732.354
-800.579
-873.045
-949.715
-1030.66
-1115.93
-1205.79
-1300.07
-1392.74
-1468.03
-1498.21
56.2821
54.1036
53.0725
49.9367
47.7896
44.0663
40.5641
36.2174
31.3281
25.8922
19.7908
13.0114
5.5224
-2.68775
-11.6999
-21.5696
-32.3338
-44.0892
-56.9882
-71.0375
-86.1668
-102.498
-120.308
-139.591
-160.452
-183.159
-207.786
-234.492
-263.396
-294.717
-328.591
-365.125
-404.486
-446.885
-492.442
-541.225
-593.391
-648.998
-708.148
-770.9
-837.218
-907.172
-980.741
-1057.79
-1138.38
-1222.84
-1310.64
-1396.49
-1464.75
-1485.98
50.4274
48.6433
47.4967
44.6633
42.1603
38.3232
34.37
29.5727
24.2123
18.1962
11.485
4.04792
-4.20968
-13.3053
-23.2374
-34.1104
-45.9558
-58.797
-72.6793
-87.8499
-104.429
-122.343
-141.637
-162.532
-185.074
-209.27
-235.362
-263.483
-293.783
-326.316
-361.253
-398.782
-439.004
-481.967
-527.788
-576.571
-628.323
-683.089
-740.866
-801.673
-865.539
-932.415
-1002.17
-1074.63
-1149.66
-1228.07
-1308
-1384.79
-1444.15
-1463.21
45.5773
44.125
42.8867
40.0942
37.2763
33.408
29.0514
23.8871
18.0799
11.5161
4.19252
-3.91941
-12.8509
-22.6544
-33.39
-45.126
-57.9467
-71.9564
-87.1424
-103.474
-121.081
-140.2
-160.791
-182.85
-206.699
-232.391
-259.857
-289.197
-320.585
-354.233
-390.193
-428.49
-469.176
-512.388
-558.222
-606.632
-657.583
-711.081
-767.157
-825.717
-886.59
-949.748
-1015.07
-1082.29
-1151.05
-1221.68
-1291.33
-1354.81
-1399.57
-1417.43
42.1606
40.8565
39.4507
36.7022
33.6238
29.5332
24.8972
19.4327
13.2302
6.25785
-1.56861
-10.2862
-19.9211
-30.4638
-41.9933
-54.5836
-68.2368
-82.9935
-99.0472
-116.504
-135.315
-155.559
-177.411
-200.859
-225.805
-252.522
-281.162
-311.734
-344.222
-378.62
-415.082
-453.774
-494.793
-538.09
-583.571
-631.295
-681.244
-733.298
-787.272
-843.098
-900.722
-959.976
-1020.6
-1082.05
-1144.42
-1206.2
-1263.78
-1309.86
-1334.31
-1347.92
40.1993
39.0384
37.3832
34.5589
31.2965
26.9954
22.1164
16.3975
9.87893
2.50786
-5.72899
-14.8723
-25.0025
-36.1629
-48.3717
-61.7184
-76.3022
-92.113
-109.096
-127.346
-147.058
-168.243
-190.941
-215.301
-241.497
-269.337
-298.848
-330.164
-363.402
-398.615
-435.795
-474.927
-515.974
-559.038
-604.189
-651.217
-699.99
-750.441
-802.488
-855.854
-910.2
-965.355
-1021.02
-1076.6
-1132.08
-1184.51
-1230.11
-1261.44
-1270.25
-1276.6
39.7798
38.5687
36.7213
33.8474
30.4706
26.1386
21.0357
15.0902
8.32444
0.658148
-7.92464
-17.4896
-28.0605
-39.7121
-52.52
-66.4712
-81.5831
-98.0581
-116.032
-135.187
-155.911
-177.984
-201.801
-227.068
-253.941
-282.67
-313.166
-345.36
-379.25
-414.92
-452.379
-491.677
-532.87
-575.843
-620.454
-666.733
-714.526
-763.619
-813.665
-864.453
-915.817
-967.427
-1018.78
-1069.57
-1118.15
-1161.8
-1196.65
-1217.92
-1226.75
-1228.83
40.904
39.4312
37.5623
34.5131
30.985
26.6181
21.5086
15.4997
8.61256
0.798416
-8.00064
-17.8179
-28.7321
-40.7744
-54.0058
-68.6034
-84.498
-101.619
-120.124
-140.145
-161.802
-184.194
-208.959
-235.308
-263.226
-292.678
-323.84
-356.741
-391.344
-427.525
-465.36
-504.892
-546.04
-588.812
-633.141
-678.845
-725.77
-773.657
-822.349
-871.422
-920.39
-969.048
-1016.72
-1063.4
-1106.78
-1143.75
-1169.24
-1179.77
-1191.11
-1192.19
43.5543
41.4126
39.8665
36.6175
33.1437
28.6193
23.498
17.4644
10.5543
2.71123
-6.15807
-16.0922
-27.1658
-39.4705
-52.9959
-67.7808
-84.0588
-101.871
-121.129
-141.899
-164.267
-188.021
-213.43
-240.401
-269.086
-299.491
-331.436
-364.871
-399.927
-436.692
-474.974
-514.708
-555.966
-598.701
-642.816
-688.186
-734.627
-781.879
-829.461
-877.127
-924.616
-971.396
-1017.37
-1060.58
-1099.25
-1130.73
-1150.17
-1154.3
-1157.3
-1162.33
47.3436
44.7304
43.3171
39.9744
36.739
32.1918
27.1192
21.1234
14.2886
6.48182
-2.33336
-12.2689
-23.3865
-35.7562
-49.5529
-64.7578
-81.336
-99.4307
-119.116
-140.385
-163.337
-188.035
-214.455
-242.39
-271.825
-302.962
-335.801
-370.254
-406.047
-443.131
-481.676
-521.751
-563.252
-606.105
-650.199
-695.467
-741.759
-788.752
-836.139
-883.508
-930.679
-977.082
-1020.98
-1061.61
-1096.71
-1121.15
-1131.84
-1140.44
-1138.58
-1143.07
52.0949
48.9145
47.7084
44.3847
41.3532
36.9837
32.1322
26.2448
19.6011
11.9425
3.27741
-6.53093
-17.5759
-29.9079
-43.5755
-58.8052
-75.6822
-94.1853
-114.424
-136.307
-159.833
-185.156
-212.344
-241.27
-271.8
-303.807
-337.376
-372.377
-408.988
-447.006
-486.228
-526.626
-568.33
-611.387
-655.752
-701.263
-747.778
-795.083
-842.717
-890.325
-937.606
-983.631
-1027.16
-1066.06
-1097.32
-1116.32
-1120.86
-1124.24
-1125.42
-1128.32
57.1566
53.707
52.5665
49.4984
46.6519
42.539
38.1111
32.4617
26.1213
18.7516
10.4086
0.890046
-9.91591
-22.1421
-35.838
-51.006
-67.8119
-86.3159
-106.705
-129.103
-153.344
-179.374
-207.285
-237.051
-268.564
-301.701
-336.474
-372.722
-410.147
-448.774
-488.625
-529.635
-571.794
-615.179
-659.807
-705.689
-752.764
-800.798
-849.456
-898.354
-946.935
-993.675
-1035.9
-1072.65
-1098.31
-1107.81
-1114.89
-1113.88
-1116.31
-1117.76
62.4614
58.718
57.7867
54.7731
52.4184
48.4953
44.7092
39.4863
33.5557
26.5719
18.6615
9.61451
-0.791156
-12.5678
-25.9294
-41.0096
-57.89
-76.5734
-96.9986
-119.549
-144.268
-171.007
-199.79
-230.595
-263.237
-297.476
-333.261
-370.579
-409.242
-449.044
-489.772
-531.419
-574.039
-617.73
-662.729
-709.11
-756.824
-805.818
-855.757
-906.389
-956.183
-1002.87
-1045.42
-1079.88
-1099.87
-1103.55
-1104.71
-1105.81
-1108.66
-1109.83
67.4705
64.2814
63.004
60.6074
58.3617
55.0387
51.4271
46.8239
41.5085
35.0184
27.644
19.3025
9.35189
-2.01171
-14.8736
-29.4545
-45.8786
-64.5034
-85.1622
-107.84
-132.842
-160.1
-189.585
-221.245
-255.081
-290.789
-328.157
-366.967
-407.065
-448.087
-489.933
-532.408
-575.568
-619.588
-664.762
-711.505
-759.914
-809.888
-861.454
-913.997
-965.967
-1014.48
-1056.23
-1084.84
-1094.26
-1101.66
-1098.66
-1100.1
-1102.22
-1103.32
71.497
69.8685
68.5396
66.2938
64.352
61.5051
58.3512
54.2912
49.5118
43.6585
36.696
29.7559
20.354
9.62958
-2.69521
-16.8265
-32.8678
-50.9394
-71.4673
-94.2881
-119.539
-147.423
-177.713
-210.336
-245.255
-282.474
-321.434
-361.814
-403.54
-446.338
-489.62
-533.274
-577.164
-621.36
-666.374
-712.95
-761.749
-812.846
-866.126
-920.597
-974.433
-1024.96
-1066.43
-1089.81
-1093.7
-1093.2
-1093.55
-1094.5
-1095.58
-1096.37
73.942
74.5531
73.606
71.8306
70.235
67.8934
65.2139
61.6964
57.5061
52.3813
46.2603
39.4046
31.2123
21.3775
9.9788
-3.29926
-18.7824
-36.3665
-56.3696
-79.0321
-104.358
-132.463
-163.412
-197.114
-233.32
-272.048
-313.144
-355.869
-399.627
-444.291
-489.434
-534.577
-579.346
-623.887
-668.517
-714.356
-762.623
-814.063
-868.312
-924.848
-982.542
-1037.29
-1075.64
-1087.35
-1095.26
-1090.41
-1089.89
-1088.89
-1088.84
-1088.84
74.1082
77.7739
77.4804
76.7718
75.8027
74.0016
71.8144
68.7707
65.1244
60.7059
55.398
49.2015
41.8439
32.9449
22.5802
10.2346
-4.28045
-21.2326
-40.6956
-62.9722
-88.311
-116.677
-148.146
-182.764
-220.471
-260.806
-303.716
-348.728
-395.186
-442.232
-489.669
-536.804
-583.024
-627.928
-671.888
-715.947
-762.106
-813.096
-868.327
-926.584
-987.494
-1045.43
-1083.94
-1089.53
-1089.41
-1087.47
-1085.35
-1082.96
-1081.53
-1080.83
72.2075
80.4069
80.4047
81.0399
80.8336
79.7503
78.0596
75.5063
72.3316
68.4342
63.7637
58.2926
51.8748
44.0563
34.6201
23.5735
10.0412
-5.82232
-24.4705
-46.2228
-71.2135
-99.6994
-131.675
-167.107
-206.13
-248.563
-294.18
-341.761
-390.822
-440.9
-491.012
-540.809
-588.948
-634.808
-678.136
-719.75
-761.642
-809.076
-863.785
-926.133
-994.496
-1053.26
-1082.02
-1094.54
-1085.42
-1083.88
-1081.08
-1077.84
-1075.2
-1073.66
60.2119
80.5202
81.9004
84.1355
85.4039
84.9499
83.8628
81.7425
78.9813
75.4737
71.2049
66.2572
60.4583
53.7464
45.5195
35.5122
23.1233
8.54421
-9.23625
-30.5813
-55.4134
-83.6908
-116.043
-152.558
-192.832
-236.998
-284.781
-335.797
-388.106
-441.328
-495.135
-547.93
-598.545
-646.059
-689.281
-727.256
-764.048
-804.249
-851.088
-907.173
-972.174
-1035.88
-1069.92
-1088.22
-1081.64
-1081.39
-1080.95
-1077.49
-1074.23
-1071.97
149.52
145.051
143.029
141.723
140.929
140.581
140.505
140.646
141.005
141.593
142.42
143.518
144.855
146.412
148.226
150.275
152.492
154.845
157.355
160.131
163.189
166.456
169.902
173.287
176.624
180.005
183.45
186.862
190.146
193.226
195.999
198.549
200.56
202.095
202.848
202.257
200.132
196.31
190.424
182.021
170.649
155.745
136.679
112.768
83.3261
47.6627
5.14776
-43.5789
-104.149
-166.993
146.717
142.429
140.904
139.533
138.537
138
137.707
137.616
137.743
138.1
138.737
139.612
140.647
141.847
143.246
144.885
146.674
148.556
150.508
152.564
154.773
157.086
159.477
162.094
164.642
166.982
169.148
171.138
172.944
174.322
175.103
175.401
175.065
173.881
171.794
168.353
163.01
155.586
145.846
133.32
117.495
97.8902
73.7238
44.371
9.20811
-32.4832
-81.2841
-136.52
-201.835
-269.288
143.11
138.89
137.895
136.523
135.551
134.92
134.487
134.284
134.3
134.518
134.962
135.634
136.486
137.429
138.425
139.524
140.826
142.241
143.711
145.203
146.675
148.186
149.506
150.666
151.903
153.095
153.998
154.478
154.508
154.137
153.09
151.169
148.295
144.284
139.083
132.367
123.653
112.583
98.8802
82.1022
61.6833
37.3474
8.03714
-26.6035
-67.1914
-114.431
-168.886
-229.709
-297.27
-364.402
139.056
134.848
134.339
132.915
131.961
131.286
130.788
130.506
130.467
130.646
130.988
131.45
132.072
132.831
133.686
134.488
135.228
136.002
136.782
137.562
138.245
138.713
139.168
139.32
139.13
138.718
138.039
136.971
135.279
132.794
129.472
125.312
120.01
113.123
104.702
94.5994
82.2751
67.4148
49.6895
28.6563
3.82773
-25.371
-59.4567
-98.9004
-144.274
-196.276
-255.147
-319.555
-388.039
-452.547
134.576
130.334
130.26
128.637
127.813
127.107
126.599
126.261
126.141
126.199
126.394
126.708
127.08
127.467
127.934
128.521
129.003
129.269
129.39
129.325
129.273
128.9
127.966
126.829
125.36
123.443
121.003
117.959
114.278
109.784
104.298
97.5875
89.5526
79.9472
68.4385
54.8878
39.0204
20.422
-1.24937
-26.4107
-55.4814
-88.9765
-127.225
-170.662
-219.832
-275.28
-337.065
-403.468
-471.907
-532.602
129.792
125.453
125.599
123.699
122.941
122.17
121.6
121.229
121.026
120.96
120.956
121.005
121.14
121.29
121.34
121.269
121.236
121.019
120.528
119.68
118.394
117.129
115.448
113.024
110.042
106.502
102.316
97.4453
91.5752
84.7138
76.7601
67.5938
56.8902
44.3697
29.8802
13.1277
-6.1584
-28.2378
-53.4771
-82.323
-115.119
-152.132
-193.679
-240.119
-291.813
-349.227
-412.42
-479.631
-547.043
-602.512
124.512
120.193
120.315
118.224
117.515
116.735
116.072
115.546
115.151
114.847
114.603
114.347
114.035
113.695
113.358
112.802
112.002
111.076
109.895
108.474
106.273
103.413
100.385
96.8083
92.5069
87.3624
81.2967
74.2943
66.438
57.441
47.1244
35.3033
21.9046
6.69454
-10.6833
-30.4392
-52.805
-78.0247
-106.363
-138.178
-173.785
-213.417
-257.253
-305.56
-358.599
-416.675
-480.054
-546.918
-611.894
-660.458
118.746
114.307
114.492
112.264
111.475
110.598
109.882
109.272
108.723
108.168
107.576
106.98
106.316
105.465
104.356
103.117
101.552
99.6521
97.3089
94.6567
91.7855
88.0546
83.5543
78.4006
72.5029
65.7786
58.0867
49.2167
39.0882
27.6796
14.9758
0.781214
-15.1763
-33.05
-52.9749
-75.2732
-100.23
-128.025
-158.831
-192.895
-230.44
-271.64
-316.719
-365.815
-419.114
-476.926
-539.194
-604.115
-665.418
-705.723
112.162
108.157
108.062
105.918
105.192
104.163
103.244
102.426
101.645
100.858
99.9534
98.871
97.6408
96.283
94.6572
92.6415
90.2391
87.4844
84.2299
80.2326
75.7798
70.7473
64.9045
58.2524
50.6744
42.0862
32.401
21.6758
9.65628
-3.72901
-18.6732
-35.3107
-53.6217
-73.7978
-96.1147
-120.654
-147.628
-177.281
-209.789
-245.284
-283.921
-325.823
-371.117
-419.979
-472.584
-529.225
-589.56
-651.261
-707.235
-738.238
105.288
101.328
101.105
99.0191
98.2525
97.2012
96.2247
95.2525
94.2198
93.0927
91.8626
90.4754
88.772
86.6461
84.2686
81.5217
78.2011
74.3003
69.9208
64.9289
59.13
52.6763
45.309
36.9736
27.6665
17.3543
5.90724
-6.88406
-21.0013
-36.5498
-53.5318
-72.0835
-92.432
-114.639
-138.79
-165.101
-193.702
-224.698
-258.202
-294.37
-333.308
-375.101
-419.843
-467.602
-518.552
-573.074
-630.704
-688.276
-738.133
-761.026
96.9987
93.7953
93.5307
91.5393
90.7565
89.5841
88.5053
87.4401
86.2715
84.9065
83.2638
81.3719
79.2472
76.7405
73.6297
70.0793
66.0534
61.3054
55.7983
49.4795
42.2316
34.1748
25.2695
15.3306
4.2343
-8.03183
-21.4186
-35.9918
-51.8713
-69.1888
-88.1117
-108.676
-130.809
-154.653
-180.353
-207.908
-237.459
-269.149
-303.088
-339.309
-377.884
-418.878
-462.302
-508.256
-556.852
-608.268
-662.302
-715.646
-760.206
-777.152
88.0171
85.488
85.1802
83.4366
82.7394
81.5667
80.4446
79.2328
77.8446
76.2879
74.4986
72.3117
69.6034
66.5275
62.8692
58.4881
53.4647
47.7503
41.317
33.9644
25.6339
16.1417
5.58514
-6.00482
-18.7004
-32.6188
-47.8862
-64.4291
-82.2746
-101.462
-121.975
-143.954
-167.562
-192.746
-219.537
-248.021
-278.211
-310.15
-343.909
-379.596
-417.195
-456.774
-498.384
-541.849
-587.346
-635.191
-684.364
-732.453
-771.766
-786.14
78.4903
76.6945
76.5134
75.0617
74.3572
73.1535
72.04
70.8025
69.2693
67.378
65.1739
62.701
59.8012
56.2397
52.1201
47.2961
41.6646
35.1376
27.5348
18.9763
9.37204
-1.35778
-13.2902
-26.445
-40.8373
-56.4666
-73.3308
-91.5301
-111.011
-131.798
-153.991
-177.552
-202.356
-228.511
-256.073
-285.023
-315.38
-347.161
-380.41
-415.111
-451.302
-488.92
-527.989
-568.604
-610.5
-653.796
-696.947
-737.301
-767.365
-780.281
68.7592
67.4326
67.5137
66.3949
65.8896
64.7297
63.5533
62.2117
60.6443
58.7689
56.4249
53.5278
50.1554
46.2003
41.5399
36.086
29.8425
22.6633
14.3654
4.97916
-5.63171
-17.507
-30.675
-45.1535
-61.0289
-78.2827
-96.8632
-116.736
-137.945
-160.373
-183.896
-208.589
-234.515
-261.527
-289.602
-318.756
-349.017
-380.337
-412.668
-446.069
-480.417
-515.733
-551.983
-588.932
-627.107
-664.97
-700.138
-728.579
-744.994
-755.377
59.0002
58.1639
58.2687
57.3982
57.0952
56.1887
55.2205
53.8777
52.1217
50.0705
47.6962
44.8113
41.2224
36.9949
32.0589
26.3022
19.5682
11.6892
2.69345
-7.62974
-19.1957
-32.1401
-46.4078
-62.169
-79.3918
-97.991
-118.041
-139.456
-162.118
-185.989
-211.054
-237.092
-263.952
-291.668
-320.157
-349.36
-379.262
-409.88
-441.166
-472.981
-505.382
-538.104
-571.099
-604.395
-637.484
-669.035
-697.099
-717.153
-724.666
-730.02
48.9675
48.8194
49.1375
48.5258
48.3241
47.5393
46.7841
45.7699
44.3215
42.3605
39.8599
36.8704
33.2977
28.941
23.7056
17.6138
10.4794
2.30419
-7.05441
-17.8117
-30.0806
-43.8046
-59.0762
-76.0651
-94.5901
-114.691
-136.27
-159.295
-183.652
-209.095
-235.421
-262.58
-290.467
-318.892
-347.778
-377.042
-406.666
-436.558
-466.637
-496.91
-527.124
-557.305
-587.331
-617.202
-645.654
-671.302
-692.491
-707.178
-715.171
-716.494
39.0215
39.5718
39.9988
39.7829
39.896
39.3244
38.6862
37.7155
36.4757
34.9012
32.7899
30.0085
26.5763
22.4443
17.4482
11.3935
4.07279
-4.46462
-14.338
-25.5676
-38.4271
-52.8133
-68.9818
-86.862
-106.537
-127.983
-151.049
-175.579
-201.469
-228.586
-256.687
-285.419
-314.524
-343.832
-373.173
-402.466
-431.664
-460.87
-490.033
-518.815
-547.233
-575.212
-602.667
-629.07
-653.77
-675.596
-692.103
-700.43
-706.191
-706.956
29.0371
30.6434
31.03
31.1243
31.5293
31.3594
31.1568
30.5117
29.4487
28.0368
26.255
23.9375
20.8833
17.0079
12.2967
6.57637
-0.227064
-8.4642
-18.2095
-29.5778
-42.5818
-57.5538
-74.5056
-93.3486
-114.203
-136.968
-161.623
-188.028
-215.906
-244.905
-274.707
-305.067
-335.664
-366.168
-396.368
-426.127
-455.397
-484.03
-512.133
-539.885
-566.984
-593.134
-618.226
-641.956
-663.785
-681.579
-692.906
-699.935
-701.469
-702.653
19.1301
21.8058
22.3142
22.8696
23.4469
23.4688
23.5249
23.2793
22.7401
21.8112
20.4185
18.5741
16.1875
13.0882
9.0732
3.9071
-2.39168
-10.098
-19.4395
-30.5904
-43.7031
-58.7374
-75.7925
-95.299
-117.129
-141.199
-167.383
-195.517
-225.446
-256.833
-289.249
-322.076
-354.809
-387.063
-418.503
-448.904
-478.196
-506.706
-534.365
-561.062
-587.138
-611.779
-634.568
-655.711
-674.387
-688.828
-696.13
-699.836
-700.595
-701.008
9.8243
13.1308
13.7356
14.8122
15.754
16.1185
16.4926
16.4829
16.2845
15.8808
15.0804
13.7648
11.9267
9.50133
6.37845
2.41376
-2.78144
-9.33078
-17.5401
-27.7141
-40.1112
-54.9423
-72.2688
-92.134
-114.643
-139.854
-167.761
-198.098
-230.482
-264.578
-299.807
-335.635
-371.325
-406.09
-439.438
-471.131
-501.257
-529.749
-557.058
-583.28
-607.908
-630.599
-651.558
-669.916
-684.45
-693.824
-699.991
-701.152
-701.74
-701.657
1.25599
5.09482
5.72035
7.14233
8.26482
8.86971
9.59041
9.95052
10.1218
10.1438
9.93704
9.40507
8.47511
7.00178
4.82687
1.91587
-2.00288
-7.22217
-14.0174
-22.7463
-33.8111
-47.6445
-64.3033
-83.768
-106.391
-132.458
-161.678
-194.072
-229.297
-266.766
-305.869
-345.733
-385.368
-423.859
-460.339
-494.177
-525.118
-553.961
-581.245
-606.482
-629.353
-650.442
-669.318
-684.371
-693.724
-699.796
-702.666
-703.845
-704.326
-704.093
-5.96584
-2.49175
-1.58256
0.117387
1.34315
2.10419
3.0295
3.5766
4.07597
4.51502
4.70963
4.71953
4.57324
4.18537
3.34259
1.81951
-0.47892
-3.86785
-8.70655
-15.3656
-24.3097
-36.1143
-51.6664
-70.8247
-93.0705
-119.031
-149.52
-183.75
-221.629
-262.745
-306.338
-351.403
-396.457
-440.244
-481.154
-518.02
-551.003
-580.359
-606.829
-630.89
-652.473
-671.739
-687.539
-697.958
-703.668
-706.245
-707.522
-708.337
-708.62
-708.333
-12.7353
-9.38148
-8.28605
-6.70141
-5.38877
-4.43966
-3.26776
-2.63103
-1.88195
-1.15615
-0.506104
0.162807
0.724874
1.20506
1.55085
1.5199
0.899055
-0.568518
-3.20724
-7.45734
-13.8439
-22.9199
-35.3916
-52.0138
-73.5132
-99.3447
-130.051
-165.98
-206.574
-251.529
-300.153
-351.273
-403.528
-454.463
-501.902
-544.17
-580.068
-610.167
-635.878
-657.835
-677.387
-693.882
-704.927
-711.199
-714.058
-714.452
-714.516
-714.434
-714.264
-713.907
-19.2308
-16.0514
-14.538
-13.1578
-11.764
-10.9494
-9.72328
-8.92232
-7.92421
-7.14105
-6.26877
-5.1724
-3.99453
-2.73036
-1.31958
0.103577
1.34456
2.13608
2.09936
0.77975
-2.38343
-8.03067
-16.8784
-30.2243
-49.095
-73.713
-103.345
-139.638
-182.604
-231.42
-285.723
-344.233
-404.766
-465.098
-522.408
-573.216
-614.174
-645.144
-668.945
-687.801
-703.39
-714.829
-721.842
-724.974
-725.24
-724.14
-722.544
-721.125
-720.242
-719.648
-24.7688
-21.5729
-20.4982
-19.1434
-17.8267
-17.1251
-16.0183
-15.2238
-14.1492
-13.2097
-12.1332
-10.8846
-9.34911
-7.55834
-5.4002
-2.82554
0.00893942
2.89701
5.49551
7.34734
7.77332
5.94177
1.07098
-7.93974
-22.2808
-43.2181
-71.0946
-106.437
-150.04
-201.75
-261.014
-327.178
-398.403
-471.293
-541.75
-604.602
-654.735
-688.85
-708.98
-721.771
-729.619
-734.091
-737.515
-738.138
-736.313
-733.33
-730.038
-727.288
-725.539
-724.529
-29.3951
-26.3632
-25.8231
-24.2605
-23.1722
-22.5397
-21.677
-21.2531
-20.4583
-19.66
-18.5926
-17.3956
-15.8698
-13.8312
-11.2603
-7.91342
-3.72218
1.12882
6.36946
11.5722
16.0996
19.0701
19.3652
15.8518
7.02764
-9.0786
-33.51
-66.297
-108.661
-161.672
-225.287
-299.064
-381.224
-468.492
-556.448
-638.543
-703.844
-743.375
-760.579
-761.018
-755.221
-753.612
-752.348
-750.411
-746.674
-741.945
-737.077
-732.635
-729.831
-728.283
-33.9457
-30.0716
-30.4174
-28.5627
-28.0136
-27.5421
-26.8171
-26.4916
-26.0451
-25.7405
-24.9594
-24.0452
-22.8147
-20.9874
-18.4467
-14.9331
-10.0695
-3.85019
3.52784
11.7339
20.2799
28.2359
34.2907
37.1316
35.0677
26.072
8.01902
-20.1107
-59.4059
-111.219
-176.545
-256.257
-349.929
-454.741
-565.445
-672.394
-760.993
-816.402
-827.495
-808.095
-788.867
-776.924
-770.718
-765.058
-758.976
-752.371
-745.716
-739.6
-735.652
-733.434
-37.7677
-31.607
-35.0854
-31.8045
-32.1356
-32.268
-32.0003
-31.9019
-31.7393
-31.7543
-31.432
-30.9682
-30.2689
-29.106
-27.1418
-23.9815
-19.1213
-12.2152
-3.21554
7.62121
20.0079
33.2448
45.7874
56.0271
61.9224
60.8611
50.9009
30.0407
-3.41796
-51.4412
-116.05
-199.126
-302.145
-423.59
-559.052
-697.911
-823.842
-903.35
-907.448
-869.741
-832.19
-809.483
-794.803
-783.743
-774.43
-765.75
-756.989
-749
-743.878
-741.198
-41.0082
-32.6676
-37.6655
-35.2893
-35.5554
-36.1453
-36.4523
-36.8168
-37.0582
-37.4629
-37.5775
-37.4731
-37.3188
-36.9685
-35.9876
-33.6633
-29.6055
-23.004
-13.2809
-0.904772
13.852
30.9097
49.756
67.7977
83.5517
93.1207
92.5542
80.6545
56.1017
15.8451
-43.876
-126.463
-235.385
-373.318
-536.502
-716.431
-894.314
-1003.94
-990.885
-935.416
-883.479
-848.639
-823.036
-804.792
-790.615
-779.293
-768.664
-759.295
-753.62
-751.023
-60.9961
-34.8477
-38.7143
-38.7011
-39.347
-40.3951
-41.3166
-41.9008
-42.637
-43.6733
-44.0316
-44.0316
-44.4703
-45.2405
-45.434
-44.79
-41.8458
-36.2027
-26.574
-13.3765
2.54354
22.4871
48.6175
76.3927
99.8742
119.968
131.797
131.828
116.978
84.3486
31.1379
-47.3848
-157.217
-305.388
-491.702
-707.245
-920.985
-1064.23
-1076.78
-983.965
-928.177
-883.441
-850.13
-825.445
-807.088
-791.963
-779.556
-769.217
-763.671
-761.627
-55.2444
-32.7144
-35.9207
-38.7178
-40.7378
-42.0038
-43.4291
-44.6757
-45.814
-47.0404
-48.4544
-49.741
-51.3039
-53.2522
-54.7856
-56.2514
-56.356
-52.7638
-44.6765
-31.1082
-12.4124
10.4251
39.5815
77.198
112.669
142.882
167.89
179.839
175.309
150.783
103.923
29.5739
-80.0727
-234.551
-443.414
-703.497
-985.105
-1132.7
-1120.69
-1014.16
-947.595
-898.978
-862.678
-834.84
-813.243
-797.143
-784.702
-775.835
-772.435
-772.51
-47.4343
-38.2556
-39.4521
-41.028
-43.1999
-44.9774
-46.1987
-47.7679
-49.5465
-51.3763
-53.3475
-55.681
-58.5155
-61.6576
-64.7864
-67.8075
-69.7457
-66.7177
-56.7333
-41.1425
-21.4711
7.51181
48.1182
94.0814
139.259
177.423
210.62
230.095
229.226
205.507
153.699
68.2509
-59.9681
-239.416
-479.814
-774.421
-1043.78
-1145.93
-1071.02
-990.022
-931.678
-888.979
-856.481
-831.173
-811.787
-797.355
-786.564
-780.09
-779.834
-782.44
-41.7607
-42.5259
-45.0919
-47.2883
-48.9607
-50.4969
-52.0651
-53.9303
-55.4733
-57.5751
-60.3939
-64.3655
-68.5754
-73.5634
-78.527
-83.0809
-85.3693
-82.435
-72.3193
-53.6712
-23.9418
15.1743
64.2518
117.04
173.754
228.551
269.871
293.065
291.203
260.332
193.324
81.3056
-84.2773
-305.933
-568.64
-853.92
-1055.52
-1099.51
-1033.54
-968.323
-919.83
-882.43
-852.59
-828.714
-809.936
-796.483
-787.8
-784.372
-787.747
-793.023
-42.5894
-46.9795
-51.332
-54.1858
-57.0821
-59.9236
-61.6073
-62.9987
-65.2593
-68.2322
-71.9142
-77.5368
-84.3117
-91.7231
-99.9627
-108.284
-113.966
-112.384
-98.0957
-70.2715
-30.7664
11.0824
68.078
144.292
223.885
297.766
348.203
369.48
356.417
297.593
192.065
38.6529
-162.589
-405.454
-665.458
-895.737
-1027.57
-1046.19
-1000.44
-951.304
-911.319
-877.739
-849.55
-826.876
-809.463
-797.851
-792.005
-792.06
-799.389
-807.707
-46.2032
-52.6467
-58.9328
-63.3997
-66.7545
-68.8956
-72.0078
-74.5406
-77.1679
-81.6096
-89.0514
-97.2049
-107.351
-119.597
-133.659
-148.188
-158.826
-157.197
-140.168
-113.429
-77.0767
-8.47267
77.6715
178.048
274.585
354.758
394.708
392.391
349.378
247.888
99.9676
-81.4359
-297.834
-535.019
-755.887
-922.194
-1010.98
-1022.35
-991.285
-950.756
-912.646
-879.406
-851.861
-830.394
-814.885
-805.814
-803.33
-807.286
-818.686
-830.382
-53.4431
-60.5946
-68.2982
-72.7013
-76.7559
-80.0744
-83.52
-85.8432
-91.1748
-98.2274
-108.269
-122.1
-138.961
-158.389
-181.433
-205.451
-224.241
-235.643
-234.42
-201.796
-130.747
-30.4282
82.0215
199.072
307.669
362.622
360.089
313.122
221.172
84.0042
-89.7342
-283.583
-486.77
-687.515
-857.486
-977.089
-1037.37
-1039.79
-1011.16
-973.397
-934.763
-899.313
-869.68
-847.103
-832.03
-824.649
-824.997
-833.134
-848.996
-864.269
-68.1085
-76.4133
-83.4385
-88.2141
-90.5661
-91.1473
-94.2575
-98.4451
-105.655
-117.058
-132.077
-152.4
-178.53
-210.466
-248.856
-294.678
-342.511
-375.382
-368.366
-305.965
-191.785
-63.3347
71.1522
171.408
224.415
233.07
186.141
96.2826
-29.2094
-179.292
-354.991
-539.613
-714.755
-871.073
-994.595
-1075
-1107.11
-1099.51
-1068.01
-1027.75
-985.257
-945.391
-911.573
-885.834
-869.243
-861.869
-863.469
-874.209
-893.698
-912.015
-84.2488
-102.912
-105.275
-105.987
-107.094
-109.641
-108.296
-111.864
-121.614
-136.891
-160.027
-191.339
-230.463
-282.137
-354.414
-440.415
-514.074
-556.528
-531.118
-413.933
-260.183
-108.634
-11.0128
41.4024
43.7954
0.136044
-86.3112
-206.754
-351.383
-507.227
-661.676
-827.33
-968.962
-1084.42
-1166.5
-1209.09
-1216.27
-1196.32
-1157.75
-1110.77
-1062.3
-1017.09
-978.418
-948.641
-929.29
-920.833
-922.933
-935.035
-956.695
-978.076
-133.17
-154.326
-138.034
-131.849
-125.132
-122.193
-122.559
-129.449
-142.017
-163.33
-195.296
-240.624
-302.706
-388.693
-504.932
-629.135
-740.421
-780.494
-688.503
-517.172
-344.95
-238.058
-171.836
-164.236
-201.666
-283.295
-401.804
-546.147
-702.452
-857.911
-1007.81
-1131.89
-1236.67
-1313.53
-1358.34
-1370.99
-1356.47
-1321.26
-1271.42
-1215.06
-1159.13
-1108.14
-1064.89
-1031.67
-1009.87
-1000.04
-1001.76
-1014.35
-1037.28
-1060.83
-206.466
-225.078
-194.508
-169.164
-151.453
-138.885
-132.014
-143.277
-161.512
-192.907
-241.068
-307.299
-397.099
-525.22
-691.817
-871.813
-1008.24
-980.276
-827.59
-640.213
-500.614
-420.763
-387.422
-413.01
-483.204
-594.124
-740.558
-903.118
-1061.58
-1204.12
-1326.38
-1421
-1493.52
-1540.04
-1558.34
-1549.06
-1516
-1464.51
-1400.74
-1332.86
-1268.17
-1211.05
-1163.67
-1127.54
-1103.75
-1092.67
-1093.7
-1105.89
-1129.48
-1156.61
-315.06
-311.09
-262.369
-197.502
-161.356
-149.082
-146.311
-156.407
-181.16
-223.128
-289.953
-379.489
-512.78
-686.703
-904.68
-1131.64
-1248.55
-1155.38
-967.362
-779.109
-673.776
-610.345
-606.449
-659.314
-759.24
-901.757
-1075.3
-1245.58
-1392.88
-1512.65
-1608.1
-1679.23
-1727.86
-1752.37
-1751.34
-1725.13
-1676.45
-1610.46
-1533.48
-1454.31
-1380.97
-1317.74
-1266.29
-1227.37
-1201.42
-1188.86
-1189.07
-1200.85
-1224.02
-1255.79
-403.264
-318.974
-280.294
-199.561
-161.957
-145.207
-147.681
-161.842
-192.465
-244.105
-334.196
-456.177
-617.044
-832.312
-1085.12
-1299.01
-1361.93
-1229.49
-1024.66
-881.271
-794.159
-750.305
-777.866
-862.453
-997.085
-1172.03
-1376.2
-1542.54
-1671.48
-1770.29
-1848.39
-1904.98
-1937.61
-1944.15
-1925.81
-1884.36
-1822.41
-1744.71
-1656.98
-1568.53
-1487.92
-1419.3
-1363.82
-1321.96
-1293.78
-1279.34
-1277.83
-1287.75
-1309.47
-1334.13
-362.291
-236.01
-191.034
-152.96
-133.62
-126.688
-134.679
-155.708
-192.866
-254.582
-348.693
-492.238
-679.743
-904.505
-1141.73
-1315.95
-1326.08
-1194.48
-1005.92
-900.778
-840.02
-829.052
-894.893
-1016.8
-1188.38
-1393.93
-1606.74
-1775.93
-1898.05
-1989.47
-2063.42
-2109.88
-2132.53
-2117.9
-2077.87
-2019.15
-1944.5
-1856.69
-1760.5
-1665.04
-1578.93
-1506.03
-1447.09
-1402.2
-1371.29
-1354.27
-1350.08
-1356.96
-1373.35
-1389.78
-233.337
-132.989
-68.1582
-83.0444
-75.893
-90.0672
-106.273
-130.991
-171.596
-235.257
-333.117
-480.036
-653.796
-852.173
-1046.22
-1170.37
-1154.46
-1043.71
-923.846
-848.157
-823.615
-856.319
-953.011
-1107.45
-1305.32
-1533.98
-1766.42
-1951.47
-2082.32
-2183.64
-2269.42
-2326.89
-2319.68
-2274.97
-2207.41
-2127.3
-2037.91
-1939.74
-1836.32
-1735.98
-1646.42
-1570.26
-1508.33
-1460.88
-1427.17
-1406.91
-1398.65
-1400.08
-1410.16
-1419.92
-124.709
-28.3492
9.15597
-3.47583
-14.4049
-34.0545
-62.9672
-91.3169
-127.634
-185.38
-277.872
-399.232
-541.413
-692.084
-827.238
-898.454
-895.77
-838.344
-774.389
-745.06
-761.297
-826.962
-941.059
-1120.77
-1339.69
-1593.31
-1850.44
-2055.52
-2199.27
-2317.64
-2421.36
-2477.66
-2453.42
-2387.5
-2299.13
-2200.7
-2096.8
-1988.48
-1879.3
-1776.34
-1685.18
-1607.75
-1544.15
-1493.97
-1456.96
-1432.96
-1419.41
-1415.21
-1420.33
-1424.83
-23.8055
35.8082
46.3907
46.9561
23.783
15.1805
-13.6329
-42.3804
-71.8753
-114.921
-182.34
-273.004
-375.171
-475.036
-555.937
-613.332
-625.21
-612.324
-599.564
-619.283
-665.044
-746.83
-875.25
-1062.13
-1297.62
-1571.5
-1846.25
-2066.3
-2218.74
-2346.16
-2457.74
-2514.09
-2486.16
-2416.37
-2324.57
-2219.18
-2108.99
-1995.45
-1884.63
-1782.12
-1692.18
-1615.54
-1551.89
-1500.32
-1460.19
-1431.62
-1413.59
-1405.5
-1406.97
-1412.45
64.4241
97.7863
94.9455
76.9904
58.5468
31.544
22.9368
5.21616
-12.6114
-38.5553
-79.2377
-137.074
-205.428
-273.419
-326.646
-365.302
-387.74
-408.713
-440.823
-486.744
-550.773
-642.061
-773.651
-953.137
-1193.65
-1469.42
-1751.49
-1986.12
-2146.86
-2272.4
-2382.1
-2441.85
-2420.7
-2357.64
-2273.82
-2172.02
-2063.82
-1953.61
-1847.45
-1751.23
-1667.24
-1594.76
-1533.58
-1482.86
-1442.14
-1410.38
-1387.28
-1373.75
-1371.8
-1384.86
132.443
143.614
126.43
99.4001
77.2129
58.5274
53.1488
40.5785
35.0223
26.484
10.5036
-16.3112
-51.67
-89.6629
-131.547
-166.875
-203.71
-246.426
-297.526
-360.221
-439.997
-538.055
-665.197
-829.496
-1043.83
-1300.71
-1580.12
-1826.54
-2001.33
-2121.27
-2215.13
-2273.32
-2264.14
-2214.6
-2145.28
-2056.02
-1957.94
-1860.51
-1767.1
-1684.95
-1612.21
-1549.54
-1494.92
-1447.93
-1408.3
-1375.26
-1348.85
-1331.28
-1325.3
-1339.47
162.742
164.315
147.575
128.87
107.511
89.9649
71.494
77.3383
73.8356
72.7362
71.8518
62.961
49.1897
28.9202
0.779885
-34.6721
-78.2351
-131.199
-192.413
-265.374
-347.56
-442.969
-558.435
-699.17
-880.33
-1112.58
-1369.55
-1614.95
-1807.3
-1929.06
-2003.05
-2040.53
-2040.19
-2003.79
-1944.34
-1874.07
-1795.19
-1718.64
-1647.95
-1586.25
-1532.82
-1485.66
-1442.44
-1402.73
-1365.69
-1332.55
-1306.3
-1290.64
-1289.52
-1296.79
171.402
178.169
170.574
144.9
124.556
115.619
111.198
99.9628
97.7479
106.299
108.018
108.649
106.076
93.0382
69.8526
34.232
-10.8636
-63.7496
-123.544
-191.103
-267.859
-359.546
-464.986
-589.668
-745.102
-940.839
-1159.46
-1383.59
-1581.16
-1721.23
-1787.25
-1807.6
-1799.14
-1763.01
-1711.59
-1653.4
-1596.96
-1543.39
-1499.65
-1463.4
-1434.88
-1409.04
-1384.09
-1355.73
-1323.99
-1292.14
-1268.51
-1259.89
-1265.22
-1271.13
172.277
174.684
165.38
151.899
141.082
133.097
124.735
118.303
122.572
126.788
127.692
130.263
126.624
112.59
91.2695
60.8497
23.3533
-22.0062
-76.1816
-139.432
-213.349
-297.112
-391.959
-501.265
-629.138
-781.521
-967.909
-1165.39
-1345.65
-1495.09
-1584.05
-1601.33
-1581.93
-1539.15
-1485.8
-1435.07
-1391.53
-1357.87
-1337.01
-1327.57
-1325.96
-1327.42
-1327.12
-1318.19
-1296.34
-1267.49
-1245.26
-1242.94
-1250.06
-1255.99
166.246
163.712
158.617
148.878
139.637
133.363
126.758
126.181
124.817
122.644
125.559
127.955
124.007
114.643
98.1264
73.9003
40.821
-0.713753
-49.3267
-105.141
-168.723
-242.084
-326.065
-419.795
-527.954
-656.026
-807.993
-974.179
-1137.89
-1273.44
-1377.46
-1425.96
-1403.01
-1354.34
-1298.35
-1242.22
-1202.65
-1180.1
-1175.6
-1189.16
-1213.14
-1243.28
-1277.03
-1297.89
-1291.75
-1267.83
-1247.39
-1244.03
-1251.16
-1257.16
149.314
150.254
148.181
141.485
135.488
129.068
123.789
121.332
119.395
119.452
119.51
118.822
115.808
108.497
94.2057
73.4233
46.0473
13.0406
-27.7027
-76.1307
-132.965
-199.008
-272.589
-356.9
-453.527
-561.281
-681.037
-816.287
-956.206
-1084.09
-1181.28
-1244.39
-1262.89
-1222.64
-1149.55
-1088.33
-1044.19
-1021.77
-1026.56
-1055.55
-1102.89
-1164.12
-1236.57
-1293.14
-1311.89
-1295.12
-1273.08
-1264.27
-1265.66
-1269.54
131.554
136.645
136.11
133.191
130.125
124.505
120.509
117.134
114.67
113.255
111.676
109.313
105.167
98.5142
87.5483
71.2617
49.162
19.8734
-16.1789
-58.5594
-108.769
-166.841
-232.602
-306.6
-388.215
-479.897
-582.715
-692.989
-808.923
-921.178
-1015.22
-1084.65
-1121.58
-1113.06
-1059.71
-984.684
-927.159
-897.26
-898.406
-935.381
-1003.75
-1095.3
-1197.66
-1289.11
-1339.15
-1336.72
-1309.66
-1288.9
-1280.13
-1279.91
115.717
121.784
124.901
124.887
123.28
119.348
115.471
111.718
108.34
105.84
103.374
100.443
96.6523
90.4884
80.1825
65.8609
46.48
21.8513
-8.59342
-45.6416
-89.6834
-140.644
-197.56
-260.576
-331.95
-412.624
-500.51
-593.773
-691.234
-787.677
-876.743
-946.881
-991.684
-1005.38
-986.557
-940.037
-861.832
-801.719
-801.303
-842.816
-921.904
-1029.87
-1150.87
-1264.77
-1339.08
-1356.3
-1327.45
-1298.28
-1280.45
-1275.72
104.552
110.789
114.853
116.096
114.606
112.042
109.427
105.687
102.343
99.4813
96.2682
92.9657
88.5913
81.9788
72.6014
60.0682
43.4897
21.8861
-4.77835
-36.1603
-73.9157
-117.816
-167.606
-223.656
-285.727
-354.348
-429.855
-511.779
-596.144
-679.872
-759.896
-831.358
-883.212
-911.486
-915.563
-890.921
-844.683
-798.542
-767.971
-789.932
-863.015
-977.051
-1098.6
-1211.61
-1290.92
-1315.07
-1302.37
-1274.31
-1253.82
-1248.97
92.027
99.7074
103.847
105.751
105.973
104.703
102.723
100.361
97.6533
94.1455
90.7715
87.1079
82.3085
76.1162
67.8928
56.7052
42.0184
23.3749
0.99462
-26.4771
-59.914
-98.8227
-142.193
-190.258
-244.356
-305.027
-371.577
-442.999
-517.845
-593.19
-665.622
-733.286
-791.283
-831.915
-852.219
-853.503
-834.796
-805.599
-791.452
-803.468
-859.123
-948.003
-1048.29
-1144.8
-1216.99
-1245.9
-1243.05
-1223.49
-1208.35
-1203.27
80.3152
89.745
93.5813
96.8147
98.4606
98.8498
98.1511
96.1817
93.3254
90.4437
86.9808
83.0456
78.3159
72.323
64.8173
55.0395
42.3615
26.2662
6.63685
-17.3917
-46.3612
-79.8938
-118.042
-161.382
-210.126
-264.561
-324.708
-389.277
-456.837
-525.184
-592.804
-655.981
-714.563
-764.112
-796.716
-811.972
-815.519
-811.919
-818.456
-847.683
-893.464
-956.866
-1029.08
-1094.69
-1148.48
-1174.21
-1175.95
-1164.86
-1155
-1151.33
67.8239
80.9835
86.4077
91.0625
93.4275
94.344
93.9053
92.1567
89.6074
86.629
82.9611
78.8421
74.112
68.2619
61.1671
52.0608
40.4276
26.1602
8.80159
-12.4452
-38.408
-69.0474
-104.106
-143.526
-188.207
-238.118
-292.945
-352.22
-414.222
-477.397
-539.813
-599.853
-655.945
-707.417
-749.403
-775.282
-790.449
-805.956
-834.578
-880.528
-934.696
-988.858
-1036.96
-1072.82
-1102.18
-1120.72
-1123.62
-1117.47
-1111.49
-1108.48
60.7
78.1798
82.6198
86.7339
89.0429
89.6752
89.1333
87.439
84.8805
81.6308
77.9384
73.4945
68.2964
62.2978
55.092
46.1375
34.6353
20.4439
3.26932
-17.52
-42.5133
-71.2136
-103.778
-141.126
-183.134
-229.373
-279.84
-334.488
-391.416
-449.268
-507.299
-564.144
-618.262
-667.799
-711.476
-746.151
-773.232
-799.944
-839.689
-896.469
-962.253
-1018.89
-1061.8
-1079.07
-1084.4
-1090.22
-1091.79
-1088.22
-1083.96
-1081.44
149.632
145.883
144.052
143.234
142.889
142.832
142.993
143.413
144.066
144.906
145.973
147.35
149.028
150.985
153.218
155.681
158.347
161.222
164.36
167.81
171.545
175.514
179.603
183.757
188.041
192.516
197.191
201.954
206.783
211.606
216.319
220.82
225.042
228.924
232.069
234.223
235.227
234.805
232.554
228.062
220.881
210.506
196.362
177.791
154.164
124.822
89.1438
46.433
-6.01751
-58.7123
147.749
146.137
145.24
144.989
145.123
145.52
146.046
146.765
147.695
148.866
150.294
152.033
154.09
156.438
159.057
161.959
165.138
168.636
172.482
176.656
181.111
185.819
190.731
195.89
201.282
206.975
212.954
219.167
225.561
232.031
238.601
245.121
251.508
257.57
263.15
268.11
272.207
275.098
276.399
275.741
272.698
266.786
257.479
244.204
226.367
203.298
174.262
138.33
94.1998
50.2733
147.206
146.959
146.835
147.081
147.675
148.527
149.508
150.567
151.793
153.302
155.123
157.267
159.737
162.506
165.588
169.026
172.839
177.015
181.564
186.45
191.656
197.183
203.066
209.299
215.91
222.933
230.32
238.058
246.055
254.297
262.737
271.264
279.756
288.142
296.318
304.072
311.157
317.266
322.084
325.232
326.301
324.845
320.367
312.332
300.168
283.21
260.779
232.297
196.928
162.616
147.851
148.287
148.796
149.457
150.463
151.752
153.16
154.601
156.201
158.086
160.321
162.895
165.809
169.045
172.649
176.662
181.117
185.991
191.268
196.938
202.998
209.472
216.415
223.823
231.714
240.1
248.964
258.267
267.964
278.035
288.416
299.007
309.737
320.546
331.304
341.834
351.913
361.28
369.604
376.513
381.612
384.467
384.616
381.575
374.803
363.711
347.743
326.351
298.83
273.918
149.352
150.147
151.068
152.071
153.424
155.157
157.036
158.889
160.833
163.079
165.757
168.812
172.206
175.952
180.105
184.716
189.829
195.458
201.548
208.075
215.076
222.591
230.66
239.284
248.512
258.323
268.7
279.611
291.061
302.999
315.367
328.084
341.108
354.359
367.713
381.021
394.098
406.669
418.409
428.963
437.962
444.999
449.647
451.452
449.907
444.48
434.659
420.028
400.136
382.772
151.482
152.532
153.722
154.964
156.589
158.746
161.091
163.342
165.625
168.267
171.418
174.992
178.903
183.167
187.868
193.128
198.971
205.388
212.337
219.786
227.781
236.381
245.603
255.498
266.076
277.329
289.242
301.823
315.041
328.871
343.254
358.152
373.5
389.203
405.153
421.23
437.241
452.916
467.947
481.999
494.701
505.649
514.46
520.704
523.886
523.517
519.16
510.375
496.789
485.775
154.185
155.356
156.641
158.065
159.957
162.483
165.237
167.86
170.533
173.615
177.243
181.318
185.733
190.541
195.844
201.771
208.381
215.608
223.414
231.817
240.831
250.513
260.91
272.089
284.023
296.728
310.212
324.459
339.452
355.175
371.581
388.624
406.246
424.347
442.819
461.55
480.346
498.952
517.071
534.369
550.488
565.076
577.782
588.153
595.687
599.939
600.483
596.993
589.3
583.268
157.261
158.423
159.683
161.216
163.409
166.244
169.336
172.357
175.453
178.963
183.04
187.611
192.572
197.941
203.884
210.504
217.836
225.869
234.563
243.906
253.936
264.714
276.305
288.726
302.016
316.177
331.201
347.075
363.813
381.372
399.723
418.833
438.624
458.997
479.871
501.119
522.541
543.888
564.87
585.167
604.438
622.331
638.434
652.25
663.352
671.335
675.8
676.423
673.125
670.821
160.355
161.427
162.731
164.4
166.775
169.862
173.293
176.706
180.199
184.109
188.645
193.739
199.244
205.185
211.706
218.969
227.022
235.836
245.381
255.655
266.686
278.522
291.25
304.888
319.473
335.01
351.489
368.926
387.298
406.581
426.762
447.793
469.592
492.086
515.179
538.727
562.525
586.328
609.849
632.766
654.733
675.375
694.26
711.008
725.296
736.712
744.76
749.098
749.702
749.952
163.272
164.273
165.64
167.431
169.904
173.194
176.932
180.686
184.54
188.889
193.891
199.457
205.45
211.908
219.002
226.881
235.614
245.2
255.575
266.711
278.674
291.516
305.286
320.056
335.849
352.661
370.492
389.351
409.216
430.08
451.912
474.658
498.257
522.639
547.7
573.28
599.167
625.114
650.828
675.985
700.24
723.212
744.515
763.759
780.484
794.157
804.343
810.792
813.566
815.146
165.892
166.82
168.226
170.099
172.644
176.082
180.057
184.117
188.338
193.064
198.468
204.446
210.885
217.84
225.46
233.918
243.286
253.52
264.602
276.514
289.281
302.996
317.714
333.488
350.332
368.256
387.267
407.352
428.503
450.707
473.943
498.161
523.301
549.295
576.024
603.312
630.938
658.64
686.117
713.041
739.061
763.805
786.871
807.823
826.194
841.632
853.994
863.131
868.75
872.423
168.042
168.873
170.277
172.237
174.894
178.378
182.498
186.813
191.331
196.374
202.106
208.448
215.292
222.663
230.731
239.664
249.526
260.314
271.974
284.524
298.007
312.467
327.978
344.592
362.318
381.165
401.142
422.236
444.44
467.741
492.108
517.514
543.918
571.233
599.308
627.945
656.912
685.938
714.723
742.942
770.253
796.281
820.639
842.952
862.845
879.782
892.937
901.575
906.083
908.646
169.502
170.23
171.618
173.617
176.318
179.88
184.088
188.569
193.303
198.589
204.593
211.212
218.338
226.021
234.438
243.739
253.975
265.16
277.276
290.32
304.326
319.347
335.456
352.678
371.039
390.558
411.229
433.037
455.978
480.041
505.212
531.476
558.78
587.007
615.985
645.505
675.326
705.173
734.744
763.719
791.74
818.42
843.335
866.013
885.962
902.873
916.687
927.562
935.26
940.169
169.969
170.646
171.96
174.047
176.833
180.412
184.625
189.189
194.096
199.569
205.717
212.47
219.763
227.659
236.305
245.828
256.299
267.721
280.09
293.421
307.746
323.123
339.592
357.184
375.936
395.85
416.915
439.128
462.49
487
512.658
539.44
567.265
595.997
625.458
655.435
685.677
715.905
745.816
775.077
803.321
830.162
855.218
878.13
898.566
916.189
930.627
941.568
948.712
953.085
169.259
169.914
171.35
173.51
176.327
179.851
183.996
188.583
193.593
199.152
205.327
212.087
219.409
227.373
236.107
245.718
256.246
267.71
280.134
293.542
307.975
323.465
340.043
357.751
376.608
396.611
417.762
440.063
463.512
488.115
513.875
540.752
568.65
597.424
626.892
656.829
686.984
717.079
746.815
775.856
803.84
830.376
855.068
877.552
897.567
914.858
929.01
939.374
945.529
948.813
167.331
168.069
169.668
171.944
174.767
178.17
182.185
186.731
191.758
197.292
203.367
209.987
217.194
225.09
233.772
243.299
253.71
265.031
277.296
290.565
304.867
320.22
336.653
354.191
372.85
392.644
413.578
435.642
458.831
483.153
508.608
535.145
562.67
591.037
620.053
649.492
679.1
708.602
737.697
766.057
793.332
819.151
843.11
864.722
883.419
898.827
910.976
920.199
926.214
929.51
164.388
165.273
166.984
169.371
172.177
175.419
179.242
183.668
188.617
194.024
199.889
206.256
213.213
220.878
229.338
238.63
248.749
259.734
271.646
284.549
298.476
313.448
329.472
346.564
364.746
384.037
404.444
425.951
448.546
472.222
496.969
522.747
549.465
576.979
605.097
633.591
662.211
690.675
718.677
745.882
771.94
796.481
819.131
839.555
857.413
872.188
882.965
889.011
890.905
891.061
160.557
161.571
163.417
165.888
168.652
171.696
175.269
179.51
184.297
189.485
195.049
201.05
207.625
214.915
223.002
231.894
241.57
252.053
263.425
275.76
289.096
303.445
318.803
335.183
352.62
371.124
390.697
411.335
433.013
455.699
479.366
503.981
529.462
555.679
582.445
609.531
636.676
663.604
690.008
715.561
739.888
762.596
783.249
801.39
816.579
828.626
837.469
842.857
844.402
844.496
156.005
157.155
159.133
161.679
164.364
167.195
170.479
174.441
178.989
183.883
189.056
194.6
200.692
207.487
215.066
223.423
232.516
242.349
253.009
264.59
277.147
290.67
305.151
320.594
337.033
354.484
372.953
392.428
412.884
434.276
456.552
479.667
503.557
528.093
553.113
578.4
603.674
628.626
652.935
676.283
698.335
718.712
737.024
752.871
765.785
775.188
780.696
782.001
779.179
776.172
150.968
152.256
154.341
156.936
159.526
162.116
165.095
168.733
172.932
177.457
182.181
187.208
192.733
198.938
205.915
213.63
222.021
231.091
240.903
251.583
263.182
275.7
289.12
303.424
318.643
334.809
351.922
369.961
388.901
408.69
429.274
450.572
472.512
494.999
517.865
540.912
563.903
586.529
608.417
629.155
648.369
665.717
680.804
693.266
702.796
708.936
711.247
709.612
704.062
698.856
145.705
147.106
149.271
151.876
154.351
156.696
159.353
162.608
166.405
170.486
174.721
179.197
184.094
189.649
195.937
202.919
210.532
218.736
227.613
237.294
247.83
259.217
271.42
284.452
298.305
313.014
328.589
344.994
362.201
380.154
398.791
418.021
437.738
457.858
478.253
498.693
518.914
538.65
557.621
575.437
591.625
605.742
617.418
626.197
631.687
633.511
631.183
624.396
613.328
604.085
140.475
141.961
144.145
146.701
149.035
151.133
153.456
156.32
159.67
163.259
166.957
170.848
175.135
179.994
185.556
191.771
198.522
205.785
213.659
222.248
231.63
241.779
252.666
264.291
276.662
289.793
303.676
318.303
333.607
349.537
366.023
382.988
400.319
417.844
435.458
453.014
470.244
486.771
502.247
516.395
528.857
539.129
546.729
551.267
552.251
549.271
542.05
530.393
514.377
500.818
135.532
137.028
139.171
141.612
143.747
145.597
147.602
150.053
152.938
156.003
159.161
162.467
166.097
170.286
175.111
180.518
186.394
192.703
199.551
207.041
215.225
224.09
233.604
243.759
254.562
266.022
278.128
290.853
304.133
317.929
332.124
346.626
361.359
376.205
390.931
405.331
419.217
432.321
444.212
454.483
462.78
468.716
471.733
471.297
466.976
458.27
444.797
426.328
402.86
383.03
131.077
132.51
134.524
136.753
138.639
140.219
141.908
144
146.412
148.942
151.547
154.263
157.29
160.794
164.887
169.489
174.442
179.784
185.588
191.963
198.946
206.523
214.655
223.326
232.548
242.314
252.586
263.375
274.572
286.125
297.949
309.95
321.915
333.803
345.497
356.757
367.192
376.525
384.436
390.5
394.227
395.227
393.107
387.25
377.108
362.223
342.137
316.532
285.342
257.413
127.264
128.549
130.322
132.263
133.836
135.104
136.5
138.238
140.183
142.234
144.294
146.468
148.875
151.742
155.121
158.93
163.049
167.44
172.221
177.496
183.277
189.557
196.33
203.53
211.177
219.245
227.723
236.531
245.665
254.993
264.405
273.828
283.109
292.051
300.484
308.304
315.227
320.822
324.653
326.282
325.269
321.037
313.17
301.176
284.413
262.336
234.486
200.413
159.858
122.572
124.207
125.268
126.663
128.18
129.379
130.371
131.529
132.88
134.345
135.88
137.447
139.097
140.998
143.261
145.925
148.949
152.228
155.746
159.57
163.748
168.377
173.401
178.831
184.606
190.728
197.128
203.828
210.715
217.793
224.889
231.982
238.823
245.381
251.421
256.79
261.144
264.301
265.872
265.472
262.482
256.429
246.809
233.036
214.639
190.962
161.271
125.053
81.9278
31.7451
-15.8394
122.004
122.687
123.616
124.58
125.332
126.05
126.958
127.986
129.017
130.026
131.093
132.284
133.714
135.399
137.431
139.688
142.19
144.873
147.782
150.977
154.493
158.324
162.453
166.875
171.511
176.323
181.292
186.312
191.358
196.327
201.073
205.463
209.343
212.501
214.736
215.787
215.321
212.898
208.09
200.399
189.172
173.877
153.868
128.59
97.5104
59.7816
14.6137
-38.5776
-100.104
-159.772
120.928
120.902
121.119
121.445
121.737
122.167
122.805
123.464
124.047
124.604
125.228
126.035
127.021
128.204
129.595
131.193
132.942
134.84
136.873
139.122
141.585
144.335
147.258
150.376
153.597
156.931
160.233
163.501
166.596
169.479
172.006
173.994
175.267
175.651
174.795
172.5
168.337
162.002
152.863
140.351
123.826
102.803
76.6386
44.4809
5.69968
-40.3833
-94.671
-158.138
-231.315
-305.477
121.26
119.825
119.082
118.754
118.659
118.769
119.006
119.19
119.314
119.509
119.815
120.274
120.816
121.512
122.342
123.348
124.446
125.64
126.843
128.224
129.747
131.471
133.304
135.184
137.064
138.95
140.701
142.309
143.583
144.499
144.907
144.587
143.347
140.887
137.121
131.51
123.667
113.376
99.9581
82.6512
60.8028
33.7946
1.21419
-37.8112
-84.2658
-138.939
-202.581
-276.614
-362.55
-451.688
123.062
119.376
117.482
116.508
116.021
115.78
115.552
115.257
114.992
114.824
114.829
114.951
115.103
115.382
115.74
116.2
116.723
117.254
117.788
118.34
119.02
119.854
120.728
121.525
122.172
122.679
122.952
122.96
122.55
121.614
119.954
117.413
113.646
108.476
101.549
92.5205
81.1394
66.8803
49.0196
26.8195
-0.334876
-33.1502
-72.2326
-118.349
-172.526
-235.738
-308.459
-392.146
-489.825
-593.399
-20.7712
-32.5896
-34.9767
-40.0764
-41.9295
-49.0606
-59.0519
-69.2842
-107.674
-179.806
-330.993
-500.571
-541.839
-431.279
-274.431
-126.528
-0.936856
96.0798
141.733
157.979
168.117
161.613
141.958
119.372
103.085
91.4317
82.2184
71.4308
65.7934
76.6823
-13.5152
-26.0288
-30.6829
-36.5965
-38.1538
-43.9816
-51.836
-63.8842
-104.482
-196.819
-418.268
-732.316
-880.827
-777.82
-529.628
-291.358
-108.255
22.9635
96.1296
117.75
146.518
145.462
124.258
99.9419
83.9419
72.9317
67.0264
60.8917
60.331
73.1042
-18.3903
-24.1783
-26.6603
-31.6223
-34.4302
-38.26
-46.7129
-63.4419
-111.94
-271.494
-576.102
-1020
-1390.25
-1277.79
-899.484
-532.306
-255.995
-87.8465
9.71917
43.7029
77.5785
90.2863
80.6125
67.7081
61.4752
55.4949
51.1946
50.5621
50.7536
56.6572
-20.2665
-21.3221
-21.9496
-25.658
-29.3694
-33.2521
-41.6929
-62.4436
-115.288
-350.305
-764.446
-1312.02
-1900.8
-1801.54
-1226.24
-780.816
-409.821
-223.062
-113.304
-70.1358
-45.4598
-29.5199
-19.3758
2.38056
23.0617
31.6936
34.2563
36.9637
36.652
38.2987
-18.8183
-18.4816
-18.1427
-20.7528
-24.7376
-30.7426
-40.8808
-68.937
-126.537
-394.795
-897.943
-1497.16
-2096
-2040.34
-1368.19
-906.73
-559.031
-360.142
-259.278
-223.007
-219.74
-209.605
-172.887
-102.99
-44.1145
-9.45724
7.77923
15.0882
17.0942
17.8525
-16.1479
-16.2618
-16.1587
-18.2536
-22.1564
-29.7015
-41.0597
-74.8666
-130.834
-375.924
-827.484
-1346.05
-1834.8
-1819.74
-1302.72
-906.821
-627.846
-470.783
-403.322
-399.419
-430.16
-430.365
-364.898
-239.803
-131.185
-66.3621
-31.0492
-14.6134
-6.79826
-4.40577
-13.4875
-13.825
-14.3062
-15.5885
-19.7058
-26.6664
-35.5102
-69.2752
-109.138
-289.891
-608.077
-981.601
-1309.06
-1342.65
-1041.7
-779.826
-609.005
-528.684
-524.098
-588.194
-665.7
-672.395
-566.488
-383.03
-222.968
-121.872
-72.9787
-46.2754
-32.5753
-26.0823
-9.76524
-10.0166
-10.6183
-11.2519
-13.8842
-18.383
-25.1206
-47.2273
-76.5366
-174.324
-368.342
-601.67
-798.034
-854.897
-730.267
-599.234
-525.754
-521.029
-583.357
-698.966
-839.799
-875.509
-728.714
-471.287
-279.876
-164.286
-106.277
-72.9703
-54.9301
-44.8293
-4.79322
-5.41282
-5.83637
-5.58534
-6.57458
-8.69522
-11.5187
-26.0093
-40.629
-83.2422
-186.53
-312.276
-421.589
-479.626
-451.54
-416.581
-412.92
-445.847
-536.917
-672.632
-822.506
-883.752
-739.939
-487.753
-300.817
-184.815
-124.27
-89.4128
-69.4056
-60.8523
-0.57967
-1.35621
-1.4868
-0.682725
-0.206931
-0.461358
-0.254002
-7.60394
-12.818
-25.7352
-72.2083
-129.986
-189.305
-237.343
-245.618
-263.919
-296.197
-348.831
-438.884
-562.329
-683.142
-714.292
-590.944
-420.105
-274.078
-181.69
-127.003
-94.4509
-75.0636
-67.9149
2.03933
1.62791
1.85463
2.97069
4.47856
5.83881
8.31872
7.38941
8.19456
10.0893
-6.01851
-22.4688
-56.4948
-91.9316
-114.421
-150.775
-192.431
-243.906
-342.176
-429.479
-510.836
-517.363
-428.967
-329.381
-229.553
-164.312
-120.368
-91.9605
-73.7015
-65.2607
3.66398
3.69423
4.42536
5.79256
8.02532
10.9244
15.1421
18.9406
23.95
32.0777
31.8985
32.8298
14.4758
-5.68613
-36.274
-76.8549
-118.819
-170.908
-242.213
-309.843
-365.374
-359.56
-308.464
-249.424
-186.734
-141.773
-108.479
-85.3638
-69.2555
-60.8079
4.62963
5.06135
6.42914
8.20636
10.9116
14.9914
20.2929
26.6938
34.1905
43.6626
51.636
57.1405
50.6431
38.1991
6.4019
-30.393
-68.5939
-115.005
-168.09
-216.757
-253.282
-254.671
-223.771
-187.306
-150.379
-118.416
-93.8084
-76.1223
-62.875
-56.2165
5.17154
5.86428
7.72505
10.0048
13.1357
17.74
23.4655
30.7514
39.1521
48.7005
59.8455
66.3367
66.9296
53.3711
25.2979
-5.4711
-38.6097
-76.4214
-115.465
-148.588
-167.042
-177.547
-165.661
-140.356
-118.716
-96.0531
-78.2434
-65.1428
-54.5595
-49.5424
5.34399
6.06432
8.14996
10.6385
13.9308
18.5926
24.331
31.4585
39.6757
49.0841
59.8431
66.0685
68.8608
53.6914
31.0657
6.25446
-21.8178
-51.3467
-80.0323
-103.588
-116.03
-120.422
-117.753
-103.882
-91.2182
-75.66
-63.0204
-53.5142
-45.3974
-41.6104
5.03014
5.64209
7.67668
10.0759
13.2212
17.4415
22.8278
29.3697
36.7056
45.6313
54.6668
60.6765
61.7204
48.6361
29.776
10.0898
-12.4609
-34.7709
-55.1708
-71.7295
-81.6196
-85.0075
-83.8681
-75.7896
-68.1171
-57.6627
-49.0219
-42.2584
-36.3283
-33.3713
4.26871
4.76126
6.51578
8.40953
11.2083
14.7155
19.4716
25.037
31.2296
38.9972
45.9362
51.3332
49.8398
39.6971
25.1515
10.0468
-6.73208
-23.0888
-37.1601
-48.2833
-55.6736
-58.6248
-58.3059
-53.4408
-48.64
-41.6547
-36.1324
-31.4175
-27.5171
-25.1497
3.17948
3.63329
5.02402
6.37277
8.65128
11.3346
15.0667
19.2705
24.1701
30.2354
36.2176
39.9055
36.4106
29.3577
19.3779
7.75707
-3.8816
-14.399
-23.1383
-30.5612
-35.6222
-37.7942
-37.8917
-34.9582
-32.1874
-27.7274
-24.4592
-21.4051
-19.0909
-17.2067
2.08378
2.30618
3.187
4.08035
5.66961
7.30634
9.83797
12.5486
15.5615
19.208
23.0213
25.1495
23.016
17.8599
11.2046
4.32601
-2.17334
-7.51014
-12.3195
-17.1256
-19.9042
-21.119
-20.8977
-19.6044
-18.366
-15.7009
-14.2071
-12.3159
-11.2147
-10.0448
0.740178
0.794967
1.0984
1.3091
2.06651
2.27686
3.5083
4.82218
6.14324
7.67564
8.15163
7.86027
7.48281
6.04921
3.53853
2.15245
-0.329234
-2.61248
-3.96546
-5.1888
-6.30946
-7.17423
-6.86578
-6.51104
-6.36346
-5.63013
-5.49175
-4.56499
-4.44811
-4.07138
)
;

boundaryField
{
    INLET
    {
        type            zeroGradient;
    }
    OUTLET
    {
        type            fixedValue;
        value           uniform 0;
    }
    WALL
    {
        type            zeroGradient;
    }
    CYLINDER
    {
        type            zeroGradient;
    }
    frontAndBackPlanes
    {
        type            empty;
    }
}


// ************************************************************************* //
