/*--------------------------------*- C++ -*----------------------------------*\
| =========                 |                                                 |
| \\      /  F ield         | OpenFOAM: The Open Source CFD Toolbox           |
|  \\    /   O peration     | Version:  v1912                                 |
|   \\  /    A nd           | Website:  www.openfoam.com                      |
|    \\/     M anipulation  |                                                 |
\*---------------------------------------------------------------------------*/
FoamFile
{
    version     2.0;
    format      ascii;
    class       volScalarField;
    location    "0.21";
    object      p;
}
// * * * * * * * * * * * * * * * * * * * * * * * * * * * * * * * * * * * * * //

dimensions      [0 2 -2 0 0 0 0];


internalField   nonuniform List<scalar> 
6600
(
45.116
40.144
37.6396
36.1681
35.4609
35.128
35.122
35.5754
36.3458
37.4622
38.9537
40.8903
43.2285
45.9582
49.0927
52.6189
56.5676
60.924
65.6953
70.8807
76.446
82.3376
88.4864
94.8717
101.555
108.37
115.178
121.875
128.352
134.486
140.137
145.148
149.311
152.36
154.019
153.953
151.777
147.127
139.61
128.855
114.216
95.2182
71.2638
41.6537
5.72097
-37.3087
-87.6022
-146.139
-214.001
-282.656
41.4453
36.1119
34.0931
32.1462
31.0036
30.2758
29.8291
29.8819
30.3773
31.2672
32.4999
34.0708
36.0499
38.4053
41.1398
44.2484
47.7358
51.5966
55.8311
60.4284
65.3622
70.5874
76.0562
81.6048
87.2158
92.9586
98.665
104.129
109.311
114.092
118.229
121.532
123.827
124.863
124.361
121.969
117.305
110.001
99.6442
85.8041
67.9443
45.5077
17.9234
-15.4701
-55.3231
-102.393
-156.794
-218.849
-288.752
-357.247
36.337
30.4075
29.2265
26.9575
25.5678
24.6126
23.9564
23.6597
23.8639
24.4383
25.4125
26.7635
28.4303
30.461
32.8766
35.6285
38.7264
42.1632
45.9178
49.9696
54.295
58.8501
63.5617
68.3172
73.0687
77.7808
82.3372
86.5761
90.3898
93.6319
96.1034
97.5925
97.8922
96.7459
93.8763
88.9659
81.63
71.4917
58.1381
41.1098
19.9398
-5.89813
-36.922
-73.7077
-116.846
-167.028
-224.411
-288.249
-357.226
-421.683
30.1671
23.7009
23.0449
20.4711
18.9689
17.7856
16.9562
16.5137
16.4656
16.838
17.5734
18.6409
20.067
21.8385
23.9421
26.3602
29.0957
32.1184
35.3996
38.9107
42.6182
46.4901
50.4893
54.4483
58.2472
61.8862
65.2755
68.2142
70.5734
72.2406
73.0021
72.6097
70.8425
67.4545
62.1706
54.6738
44.6124
31.6183
15.2834
-4.81762
-29.0965
-58.0006
-91.9601
-131.43
-176.882
-228.904
-287.487
-351.181
-417.394
-475.413
22.9928
16.0655
15.5837
12.7107
11.092
9.77305
8.85639
8.3191
8.10995
8.19431
8.68236
9.53889
10.6779
12.1436
13.9149
15.9722
18.2981
20.8607
23.6274
26.5584
29.6003
32.7168
35.8449
38.9036
41.779
44.3735
46.5692
48.2169
49.1538
49.2151
48.2252
45.9572
42.1678
36.5948
28.9671
18.9967
6.35093
-9.31657
-28.3548
-51.1308
-77.9921
-109.274
-145.299
-186.411
-232.949
-285.281
-343.4
-405.573
-467.522
-517.339
14.971
7.46821
6.86027
3.71625
1.99271
0.52738
-0.526963
-1.19303
-1.55596
-1.63431
-1.47368
-0.956898
-0.106325
1.00688
2.37937
3.99079
5.82343
7.84762
10.0257
12.3094
14.638
16.9728
19.2803
21.4217
23.2492
24.7202
25.7171
26.0511
25.5592
24.0875
21.4386
17.3802
11.6742
4.07099
-5.68556
-17.8797
-32.7901
-50.6969
-71.9065
-96.7071
-125.355
-158.093
-195.137
-236.712
-283.064
-334.43
-390.489
-449.624
-506.319
-546.49
5.48641
-2.27756
-3.07076
-6.5531
-8.22737
-9.78104
-11.0939
-12.0017
-12.6015
-12.9617
-12.9956
-12.8385
-12.4328
-11.7682
-10.8896
-9.81301
-8.56397
-7.17267
-5.66988
-4.10968
-2.56099
-1.07001
0.310839
1.49035
2.33957
2.73117
2.52765
1.5848
-0.257129
-3.1943
-7.41448
-13.1198
-20.5368
-29.9108
-41.4823
-55.4726
-72.1224
-91.6727
-114.344
-140.351
-169.872
-203.047
-239.986
-280.827
-325.764
-375.05
-428.272
-483.402
-533.814
-563.638
-5.60512
-13.2533
-14.2512
-18.0253
-19.7697
-21.4687
-22.9205
-24.1305
-24.9857
-25.6222
-26.1466
-26.395
-26.4529
-26.3587
-26.0788
-25.6349
-25.0649
-24.3876
-23.634
-22.8581
-22.1267
-21.4897
-20.9829
-20.7567
-20.9519
-21.6377
-22.9615
-25.1203
-28.2603
-32.5127
-38.0818
-45.1907
-54.0392
-64.8247
-77.7418
-93.0064
-110.8
-131.281
-154.624
-180.974
-210.43
-243.062
-278.908
-318.021
-360.531
-406.746
-456.522
-507.026
-550.841
-571.273
-18.5994
-25.5526
-26.7387
-30.5559
-32.3795
-34.3233
-35.983
-37.4948
-38.8546
-39.8966
-40.7837
-41.6079
-42.2807
-42.8101
-43.2083
-43.4961
-43.6829
-43.7871
-43.8473
-43.9064
-44.0269
-44.2795
-44.7315
-45.4489
-46.5623
-48.2221
-50.5924
-53.8005
-57.9913
-63.3597
-70.0719
-78.285
-88.1715
-99.9144
-113.69
-129.635
-147.89
-168.591
-191.834
-217.701
-246.245
-277.475
-311.36
-347.903
-387.207
-429.557
-475.095
-520.978
-559.548
-573.647
-32.9142
-39.1519
-40.3795
-44.2193
-46.1909
-48.3963
-50.4235
-52.2261
-53.9578
-55.6956
-57.2248
-58.6123
-59.9376
-61.1873
-62.3455
-63.4266
-64.4246
-65.3728
-66.2904
-67.2009
-68.1653
-69.2484
-70.5176
-72.1082
-74.1417
-76.7103
-79.9429
-84.0225
-89.0985
-95.2825
-102.736
-111.639
-122.139
-134.368
-148.436
-164.477
-182.592
-202.836
-225.275
-249.946
-276.847
-305.958
-337.234
-370.605
-406.038
-444.109
-484.267
-524.614
-558.815
-571.639
-48.3669
-54.0789
-55.2042
-58.8904
-60.9948
-63.5238
-65.9468
-68.3023
-70.5215
-72.739
-74.9797
-77.1871
-79.3061
-81.3529
-83.3594
-85.287
-87.1568
-88.9848
-90.7716
-92.5444
-94.3607
-96.2771
-98.3794
-100.762
-103.506
-106.74
-110.633
-115.303
-120.871
-127.519
-135.389
-144.592
-155.238
-167.437
-181.303
-196.9
-214.275
-233.484
-254.54
-277.426
-302.114
-328.541
-356.615
-386.258
-417.513
-450.484
-483.925
-515.875
-540.653
-553.229
-64.7735
-69.7344
-70.8773
-74.4887
-76.7211
-79.7014
-82.5013
-85.3627
-88.328
-91.2397
-94.2693
-97.283
-100.271
-103.252
-106.167
-109.025
-111.817
-114.534
-117.195
-119.817
-122.428
-125.069
-127.813
-130.792
-134.121
-137.878
-142.16
-147.125
-152.932
-159.681
-167.496
-176.514
-186.844
-198.572
-211.736
-226.397
-242.59
-260.298
-279.502
-300.169
-322.217
-345.541
-369.995
-395.319
-422.121
-449.122
-474.546
-494.753
-504.686
-513.487
-81.8631
-86.2184
-87.2111
-90.7654
-93.2221
-96.4758
-99.8895
-103.36
-107.052
-110.838
-114.677
-118.622
-122.627
-126.601
-130.518
-134.374
-138.127
-141.775
-145.325
-148.778
-152.152
-155.486
-158.845
-162.316
-165.954
-169.872
-174.238
-179.164
-184.755
-191.171
-198.559
-207.014
-216.613
-227.415
-239.486
-252.839
-267.446
-283.294
-300.337
-318.485
-337.632
-357.601
-378.089
-399.193
-420.418
-440.635
-458.272
-470.439
-473.842
-476.411
-99.1257
-102.663
-103.753
-107.296
-110.024
-113.864
-117.787
-122.05
-126.475
-131.239
-136.164
-141.151
-146.2
-151.253
-156.273
-161.193
-165.976
-170.599
-175.046
-179.305
-183.382
-187.283
-191.041
-194.754
-198.532
-202.455
-206.609
-211.132
-216.194
-221.924
-228.439
-235.864
-244.304
-253.839
-264.469
-276.185
-288.978
-302.77
-317.47
-332.979
-349.15
-365.733
-382.613
-399.487
-415.591
-429.92
-440.856
-447.183
-453.669
-454.019
-116.001
-118.784
-119.955
-123.665
-126.684
-131.075
-135.677
-140.743
-146.242
-151.973
-157.983
-164.219
-170.505
-176.791
-183.012
-189.099
-195.012
-200.694
-206.095
-211.189
-215.959
-220.402
-224.544
-228.432
-232.11
-235.662
-239.265
-243.056
-247.147
-251.716
-256.954
-263.004
-269.968
-277.888
-286.815
-296.739
-307.562
-319.204
-331.576
-344.532
-357.907
-371.477
-385.078
-398.208
-410.188
-420.289
-427.333
-430.528
-433.755
-435.032
-131.933
-133.688
-135.149
-139.088
-142.697
-147.712
-153.217
-159.203
-165.703
-172.699
-180.014
-187.506
-195.155
-202.854
-210.454
-217.887
-225.084
-231.937
-238.379
-244.357
-249.828
-254.759
-259.131
-262.977
-266.388
-269.466
-272.294
-274.991
-277.781
-280.871
-284.437
-288.662
-293.712
-299.744
-306.775
-314.74
-323.586
-333.2
-343.432
-354.162
-365.188
-376.142
-386.815
-396.938
-405.817
-412.506
-416.325
-420.474
-421.139
-422.411
-146.044
-147.16
-148.934
-153.176
-157.324
-163.186
-169.522
-176.678
-184.438
-192.696
-201.382
-210.41
-219.623
-228.89
-238.076
-247.065
-255.721
-263.929
-271.59
-278.604
-284.898
-290.405
-295.089
-298.961
-302.035
-304.353
-306.069
-307.397
-308.507
-309.615
-311.025
-313.034
-315.894
-319.727
-324.622
-330.611
-337.562
-345.318
-353.786
-362.795
-371.747
-380.382
-388.848
-396.578
-402.748
-406.693
-409.633
-411.594
-412.682
-413.324
-157.875
-158.419
-160.675
-165.377
-170.169
-177.002
-184.344
-192.582
-201.722
-211.514
-221.826
-232.493
-243.43
-254.491
-265.504
-276.307
-286.692
-296.51
-305.62
-313.878
-321.171
-327.384
-332.423
-336.237
-338.88
-340.452
-341.034
-340.741
-339.838
-338.668
-337.561
-336.869
-336.929
-338.122
-340.654
-344.504
-349.616
-355.896
-363.198
-370.688
-377.824
-384.917
-391.5
-396.903
-400.58
-402.683
-404.623
-405.815
-406.891
-407.189
-166.474
-166.986
-169.823
-175.049
-180.537
-188.352
-196.833
-206.475
-217.023
-228.372
-240.397
-252.952
-265.894
-279.001
-292.118
-305.006
-317.429
-329.185
-340.072
-349.908
-358.515
-365.74
-371.452
-375.552
-377.984
-378.764
-377.976
-375.892
-372.758
-368.845
-364.581
-360.527
-357.316
-355.383
-355.015
-356.473
-359.828
-365.136
-371.427
-377.634
-383.981
-390.012
-394.62
-397.438
-398.811
-400.179
-400.986
-402.105
-403.084
-403.363
-170.763
-172.284
-175.914
-181.832
-188.216
-197.137
-206.566
-217.564
-229.678
-242.829
-256.746
-271.337
-286.439
-301.838
-317.335
-332.644
-347.509
-361.649
-374.767
-386.598
-396.924
-405.55
-412.261
-416.858
-419.215
-419.405
-417.546
-413.695
-408.064
-401.088
-393.304
-385.361
-377.93
-371.842
-367.855
-366.35
-367.528
-371.76
-377.354
-383.866
-390.542
-395.557
-398.055
-398.593
-398.751
-398.807
-399.312
-400.123
-400.875
-401.211
-171.052
-174.255
-178.667
-185.41
-192.672
-202.745
-213.284
-225.644
-239.293
-254.096
-269.961
-286.781
-304.281
-322.259
-340.45
-358.559
-376.274
-393.235
-409.084
-423.469
-436.077
-446.642
-454.924
-460.666
-463.63
-463.702
-460.845
-455.215
-447.107
-436.855
-424.933
-412.064
-399.401
-388.117
-379.269
-373.607
-371.833
-374.545
-380.802
-389.222
-396.743
-400.904
-401.953
-401.462
-400.378
-399.622
-399.178
-399.036
-399.147
-399.436
-167.171
-172.841
-177.841
-185.654
-193.897
-204.967
-216.589
-230.32
-245.434
-261.969
-279.853
-298.866
-318.865
-339.617
-360.796
-382.072
-403.066
-423.368
-442.549
-460.156
-475.749
-488.968
-499.485
-506.92
-510.948
-511.396
-508.239
-501.37
-490.901
-477.191
-460.824
-442.668
-423.717
-405.356
-389.545
-377.862
-371.761
-372.473
-379.656
-390.651
-400.332
-405.4
-406.373
-405.127
-403.374
-401.149
-399.027
-397.524
-396.712
-396.523
-160.276
-167.889
-173.653
-182.418
-191.87
-203.69
-216.372
-231.424
-247.852
-265.997
-285.756
-306.997
-329.567
-353.198
-377.586
-402.35
-427.053
-451.225
-474.348
-495.881
-515.26
-531.933
-545.472
-555.527
-561.665
-563.467
-560.669
-553.052
-540.736
-523.933
-503.102
-478.853
-452.268
-425.382
-400.291
-379.411
-365.65
-361.891
-369.583
-384.812
-399.359
-407.003
-408.808
-406.983
-404.268
-400.814
-397.237
-394.387
-392.654
-391.859
-150.513
-160.122
-166.48
-176.296
-186.532
-199.032
-212.752
-228.768
-246.417
-266.066
-287.59
-310.935
-335.967
-362.505
-390.215
-418.699
-447.482
-476.008
-503.694
-529.888
-553.889
-575.019
-592.667
-606.323
-615.351
-619.269
-617.759
-610.663
-597.481
-578.17
-553.018
-522.783
-488.576
-451.709
-414.144
-379.751
-354.105
-343.722
-350.294
-368.839
-389.183
-402.084
-406.305
-405.241
-402.221
-398.474
-394.341
-390.694
-388.26
-386.692
-139.081
-150.419
-156.688
-167.381
-178.197
-191.163
-205.688
-222.505
-241.139
-262.041
-285.107
-310.385
-337.767
-367.1
-398.11
-430.422
-463.534
-496.816
-529.595
-561.132
-590.628
-617.236
-640.097
-658.448
-671.708
-679.248
-680.445
-674.748
-661.783
-641.203
-612.992
-577.391
-534.948
-486.52
-435.159
-385.103
-343.75
-320.793
-321.831
-340.652
-367.541
-387.277
-399.165
-404.32
-404.321
-401.19
-396.77
-392.32
-389.166
-387.021
-126.088
-138.909
-145.38
-156.51
-167.541
-180.755
-195.641
-212.894
-232.219
-254.079
-278.447
-305.376
-334.84
-366.762
-400.931
-437.034
-474.575
-512.877
-551.203
-588.714
-624.484
-657.529
-686.806
-711.295
-730.131
-742.372
-747.386
-744.714
-733.692
-713.639
-683.774
-643.855
-594.413
-536.607
-471.251
-401.796
-339.739
-302.579
-295.124
-311.791
-344.978
-377.697
-400.218
-411.281
-413.075
-410.196
-405.012
-399.569
-395.64
-393.389
-113.713
-126.021
-133.234
-144.173
-155.075
-168.287
-183.18
-200.522
-220.148
-242.468
-267.659
-295.89
-327.147
-361.376
-398.49
-438.223
-480.138
-523.571
-567.709
-611.631
-654.357
-694.761
-731.61
-763.574
-789.375
-808.094
-818.926
-820.979
-813.363
-795.468
-766.296
-725.077
-671.799
-604.916
-523.785
-438.863
-362.182
-309.89
-286.548
-295.949
-330.456
-370.732
-401.43
-417.813
-421.963
-418.27
-412.898
-407.533
-404.13
-402.805
-102.856
-112.835
-120.753
-131.287
-141.784
-154.702
-169.186
-186.191
-205.669
-228.052
-253.637
-282.575
-315.084
-351.155
-390.789
-433.916
-480.065
-528.596
-578.668
-629.32
-679.508
-728.02
-773.449
-814.12
-848.481
-875.246
-893.244
-901.645
-899.526
-886.173
-860.894
-820.784
-764.985
-688.902
-598.474
-503.875
-421.172
-355.908
-323.374
-321.403
-341.115
-371.617
-398.296
-413.899
-418.103
-416.67
-413.014
-409.757
-407.899
-407.583
-97.6909
-99.7692
-108.541
-118.193
-128.366
-140.734
-154.571
-170.928
-189.794
-211.673
-236.997
-266.152
-299.321
-336.639
-378.248
-424.3
-474.395
-527.91
-583.927
-641.45
-699.471
-756.719
-811.494
-861.886
-906.112
-942.54
-969.565
-986.709
-992.568
-985.526
-964.841
-926.609
-867.621
-786.902
-696.678
-602.645
-514.417
-446.305
-403.786
-384.726
-384.435
-396.006
-408.983
-415.536
-416.168
-412.787
-409.71
-408.074
-408.065
-408.893
-112.338
-90.4806
-97.6634
-105.786
-115.722
-127.471
-140.551
-155.971
-173.893
-195.074
-219.823
-248.639
-281.849
-319.835
-362.807
-411.007
-464.385
-522.409
-584.074
-648.447
-714.466
-780.822
-844.955
-905.087
-959.867
-1007.57
-1045.01
-1072.43
-1088.79
-1088.43
-1070.63
-1037.59
-976.635
-899.084
-812.3
-723.304
-642.377
-573.366
-518.352
-479.84
-456.666
-443.753
-435.739
-428.82
-420.727
-412.86
-408.051
-406.877
-408.006
-409.463
65.4841
60.6422
58.1859
56.8392
56.2376
56.048
56.2621
57.0283
58.1917
59.7684
61.8032
64.3577
67.4137
70.9435
74.9687
79.5019
84.5523
90.134
96.2312
102.852
109.971
117.542
125.462
133.725
142.502
151.533
160.627
169.816
179.028
188.056
196.744
204.998
212.664
219.468
225.185
229.585
232.296
232.967
231.295
226.841
219.151
207.743
192.096
171.58
145.618
113.626
75.0152
29.4541
-25.8433
-80.6444
61.9796
56.8623
54.933
53.194
52.2033
51.6904
51.5405
51.9643
52.8967
54.301
56.1356
58.4025
61.161
64.3908
68.1
72.2981
76.9729
82.1437
87.7906
93.9111
100.488
107.504
114.919
122.429
130.092
138.152
146.363
154.462
162.421
170.157
177.458
184.133
190.035
194.934
198.553
200.686
200.965
199.018
194.541
187.086
176.161
161.274
141.91
117.454
87.3243
50.8524
7.74302
-42.0789
-100.339
-156.636
57.1472
51.5507
50.4708
48.4436
47.3137
46.6558
46.3665
46.5148
47.2321
48.404
50.0776
52.2257
54.7873
57.7977
61.3028
65.2583
69.6642
74.5254
79.8125
85.5139
91.5996
98.0342
104.772
111.726
118.75
125.823
132.896
139.86
146.587
152.902
158.634
163.611
167.644
170.468
171.837
171.529
169.176
164.426
156.964
146.331
132.056
113.657
90.6527
62.4859
28.6057
-11.6417
-58.419
-111.19
-169.793
-224.055
51.3589
45.3146
44.8334
42.5183
41.3997
40.5853
40.2073
40.2822
40.8528
41.9103
43.4565
45.432
47.8674
50.7581
54.0854
57.8413
62.0219
66.604
71.5555
76.8525
82.4545
88.3482
94.5329
100.751
106.927
113.105
119.19
124.961
130.309
135.152
139.3
142.509
144.578
145.283
144.358
141.541
136.515
128.947
118.486
104.711
87.2024
65.5248
39.259
7.95106
-28.8819
-71.8157
-120.883
-174.822
-232.233
-282.467
44.6763
38.216
38.0211
35.4307
34.2587
33.3848
33.0054
33.0808
33.5869
34.4935
35.8776
37.7509
40.0301
42.7381
45.8685
49.397
53.3039
57.5655
62.1451
67.0047
72.0844
77.303
82.7078
88.2517
93.7122
98.9484
103.913
108.532
112.622
115.977
118.463
119.904
120.068
118.693
115.534
110.335
102.769
92.5244
79.2801
62.6802
42.3648
17.9824
-10.8075
-44.3692
-83.0584
-127.294
-177.058
-230.863
-286.024
-330.694
37.1648
30.2422
29.9943
27.2048
25.9546
25.004
24.5531
24.5931
25.0369
25.8773
27.0818
28.7204
30.8071
33.2906
36.1482
39.3634
42.9128
46.7743
50.9057
55.2579
59.7847
64.4305
69.1149
73.7487
78.253
82.5897
86.5659
89.9832
92.7359
94.7008
95.6572
95.3958
93.7225
90.4079
85.1912
77.8077
67.9833
55.4324
39.8702
21.0123
-1.41277
-27.6813
-58.0446
-92.7583
-132.099
-176.359
-225.476
-277.895
-329.604
-367.406
28.3597
21.2117
20.7612
17.7244
16.5614
15.5788
14.9422
14.8061
15.1217
15.771
16.855
18.2655
20.0387
22.1813
24.6688
27.4726
30.5709
33.9362
37.5322
41.2984
45.1782
49.1092
53.0567
56.923
60.5488
63.8329
66.7017
69.0381
70.6069
71.1882
70.659
68.8497
65.5456
60.4957
53.4769
44.2792
32.6319
18.2948
1.05677
-19.3009
-42.9869
-70.1854
-101.061
-135.809
-174.666
-217.918
-265.235
-315
-362.395
-392.302
18.1641
10.9821
10.2594
7.01497
5.82117
4.75376
4.06353
3.71535
3.81369
4.28451
5.00807
6.09464
7.51396
9.23003
11.2389
13.5429
16.0973
18.8844
21.8646
24.9866
28.1935
31.4333
34.6292
37.6218
40.3422
42.7363
44.6148
45.7656
46.1093
45.5129
43.7351
40.5704
35.8454
29.3808
20.9683
10.3927
-2.53148
-17.9914
-36.1661
-57.2176
-81.2788
-108.472
-138.89
-172.642
-209.958
-251.246
-296.101
-342.273
-384.452
-406.49
5.96019
-0.617466
-1.55969
-4.82355
-6.06747
-7.31696
-8.14387
-8.69527
-8.99201
-8.8509
-8.42536
-7.75439
-6.82317
-5.62586
-4.15274
-2.4427
-0.504741
1.63904
3.9449
6.3705
8.85912
11.3122
13.7019
15.9528
17.888
19.3522
20.2551
20.4989
19.8625
18.1563
15.2677
11.0356
5.27878
-2.20472
-11.5752
-22.9644
-36.5511
-52.4804
-70.8676
-91.8207
-115.435
-141.766
-170.848
-202.776
-237.729
-275.999
-317.56
-359.824
-396.705
-412.196
-7.75627
-13.6365
-14.6044
-17.8696
-19.2474
-20.6911
-21.8219
-22.5871
-23.1481
-23.5641
-23.6465
-23.4673
-23.056
-22.427
-21.5822
-20.52
-19.2484
-17.7986
-16.1932
-14.4727
-12.6834
-10.8898
-9.20079
-7.74858
-6.62775
-5.90531
-5.76811
-6.41
-7.89521
-10.3532
-13.981
-18.9447
-25.3922
-33.4457
-43.2389
-54.9164
-68.5789
-84.3229
-102.238
-122.4
-144.848
-169.603
-196.658
-226.009
-257.813
-292.515
-329.748
-367.457
-399.779
-411.965
-22.9158
-28.17
-29.0065
-32.0834
-33.5428
-35.244
-36.6887
-37.9272
-38.8589
-39.6703
-40.3373
-40.8166
-41.0823
-41.122
-40.9708
-40.6043
-40.0549
-39.3236
-38.4295
-37.4207
-36.3462
-35.2791
-34.2974
-33.461
-32.901
-32.7983
-33.2661
-34.3872
-36.356
-39.3316
-43.4147
-48.7292
-55.3895
-63.5438
-73.2979
-84.7135
-97.8877
-112.89
-129.765
-148.537
-169.222
-191.796
-216.212
-242.439
-270.429
-300.781
-332.505
-363.806
-389.802
-401.65
-39.2259
-43.6721
-44.4962
-47.4347
-48.9772
-51.0484
-52.7825
-54.4324
-56.0328
-57.3939
-58.7286
-59.9025
-60.8733
-61.6974
-62.3048
-62.6979
-62.8903
-62.8841
-62.6995
-62.3634
-61.9185
-61.4042
-60.9258
-60.6296
-60.6006
-60.8839
-61.6402
-63.0804
-65.2757
-68.3339
-72.4092
-77.6276
-84.1118
-91.9287
-101.148
-111.855
-124.086
-137.863
-153.203
-170.117
-188.57
-208.492
-229.778
-252.272
-276.298
-301.397
-326.3
-348.282
-363.178
-373.719
-56.3287
-60.2857
-60.9303
-63.7382
-65.4359
-67.7054
-69.9942
-72.1503
-74.3486
-76.503
-78.5065
-80.4595
-82.3098
-83.9547
-85.3901
-86.6096
-87.5877
-88.3283
-88.8429
-89.149
-89.2896
-89.328
-89.3253
-89.3452
-89.4749
-89.9185
-90.7662
-92.0769
-94.0507
-96.8558
-100.583
-105.335
-111.179
-118.221
-126.529
-136.111
-146.992
-159.173
-172.642
-187.355
-203.251
-220.205
-237.991
-256.627
-275.971
-295.173
-312.88
-326.067
-331.306
-336.975
-73.8635
-77.0418
-77.7962
-80.5838
-82.5243
-85.3028
-88.0188
-90.9104
-93.7495
-96.7212
-99.7056
-102.552
-105.269
-107.839
-110.195
-112.275
-114.077
-115.587
-116.797
-117.706
-118.337
-118.73
-118.943
-119.116
-119.354
-119.651
-120.182
-121.169
-122.669
-124.794
-127.711
-131.534
-136.386
-142.307
-149.321
-157.472
-166.745
-177.088
-188.441
-200.761
-213.952
-227.85
-242.27
-257.051
-271.578
-285.06
-296.282
-303.823
-308.742
-310.996
-91.5361
-93.9336
-94.6777
-97.5902
-99.7986
-103.076
-106.394
-109.975
-113.797
-117.668
-121.555
-125.51
-129.338
-132.963
-136.333
-139.401
-142.126
-144.466
-146.395
-147.906
-149.008
-149.739
-150.156
-150.289
-150.206
-150.124
-150.139
-150.301
-150.835
-151.931
-153.708
-156.302
-159.776
-164.221
-169.695
-176.179
-183.64
-192.008
-201.216
-211.162
-221.733
-232.765
-244.072
-255.302
-265.849
-275.093
-282.05
-285.862
-290.52
-292.025
-108.685
-110.035
-110.995
-114.082
-116.814
-120.66
-124.848
-129.307
-134.057
-139.063
-144.2
-149.256
-154.266
-159.124
-163.669
-167.851
-171.6
-174.847
-177.557
-179.695
-181.238
-182.18
-182.56
-182.503
-182.102
-181.36
-180.442
-179.594
-178.921
-178.586
-178.796
-179.69
-181.456
-184.182
-187.869
-192.529
-198.125
-204.571
-211.72
-219.479
-227.742
-236.214
-244.8
-253.236
-260.877
-266.923
-270.763
-274.284
-276.22
-277.857
-124.499
-125.068
-126.282
-129.639
-132.9
-137.522
-142.485
-148.045
-153.997
-160.232
-166.615
-173.074
-179.508
-185.712
-191.649
-197.178
-202.145
-206.469
-210.097
-212.965
-215.021
-216.247
-216.671
-216.338
-215.286
-213.671
-211.672
-209.387
-207.049
-204.895
-203.152
-202.083
-201.827
-202.502
-204.217
-206.965
-210.685
-215.26
-220.606
-226.643
-232.883
-239.195
-245.67
-251.872
-257.283
-261.244
-263.647
-265.866
-267.253
-268.333
-138.28
-138.203
-139.889
-143.668
-147.57
-153.157
-159.14
-165.779
-173.059
-180.754
-188.731
-196.741
-204.741
-212.586
-220.117
-227.174
-233.574
-239.19
-243.933
-247.688
-250.374
-251.924
-252.295
-251.611
-249.986
-247.42
-244.066
-240.144
-235.896
-231.593
-227.529
-223.951
-221.191
-219.529
-219.043
-219.745
-221.593
-224.553
-228.537
-233.004
-237.508
-242.3
-247.095
-251.387
-254.743
-257.072
-259.454
-260.512
-261.554
-262.101
-149.105
-148.885
-151.182
-155.519
-160.163
-166.683
-173.854
-181.875
-190.587
-199.844
-209.499
-219.385
-229.289
-238.996
-248.39
-257.245
-265.388
-272.647
-278.797
-283.719
-287.314
-289.467
-290.119
-289.239
-286.887
-283.183
-278.369
-272.612
-266.137
-259.247
-252.314
-245.834
-240.204
-235.704
-232.619
-231.085
-231.102
-232.548
-235.173
-238.386
-242.039
-245.911
-249.182
-251.488
-252.941
-254.526
-255.785
-256.838
-257.709
-258.022
-156.167
-156.657
-159.777
-164.736
-170.335
-177.98
-186.222
-195.695
-205.985
-217.041
-228.583
-240.479
-252.52
-264.482
-276.104
-287.151
-297.418
-306.638
-314.563
-321.012
-325.823
-328.829
-329.88
-328.945
-326.145
-321.62
-315.326
-307.52
-298.553
-288.799
-278.716
-268.732
-259.393
-251.382
-245.165
-240.989
-238.891
-238.744
-240.439
-243.271
-246.695
-249.695
-251.428
-252.226
-252.464
-252.907
-253.726
-254.634
-255.386
-255.662
-159.339
-161.341
-165.213
-170.951
-177.46
-186.336
-195.794
-206.7
-218.716
-231.546
-245.109
-259.27
-273.698
-288.19
-302.424
-316.11
-328.922
-340.543
-350.725
-359.208
-365.742
-370.118
-372.178
-371.773
-368.799
-363.331
-355.575
-345.822
-334.298
-321.367
-307.442
-293.237
-279.616
-267.267
-256.946
-249.294
-244.541
-242.906
-244.101
-247.239
-250.783
-253.026
-253.949
-253.806
-253.503
-253.169
-253.285
-253.684
-254.107
-254.395
-158.149
-162.421
-167.001
-173.887
-181.446
-191.509
-202.207
-214.62
-228.255
-243.017
-258.745
-275.224
-292.259
-309.562
-326.751
-343.475
-359.35
-373.99
-387.041
-398.149
-406.983
-413.26
-416.725
-417.121
-414.448
-408.769
-400.055
-388.415
-374.2
-357.815
-339.893
-321.093
-302.115
-284.068
-268.334
-255.927
-247.447
-243.572
-244.104
-248.09
-252.751
-255.791
-256.726
-256.526
-255.678
-254.54
-253.554
-252.95
-252.679
-252.733
-153.543
-159.797
-165.369
-173.301
-182.081
-193.276
-205.027
-219.044
-234.327
-250.874
-268.736
-287.685
-307.466
-327.769
-348.239
-368.446
-387.914
-406.176
-422.733
-437.134
-448.952
-457.888
-463.603
-465.8
-464.171
-458.59
-449.092
-435.946
-419.384
-399.772
-377.495
-353.162
-327.953
-303.269
-280.468
-261.181
-246.741
-238.734
-238.576
-244.256
-251.561
-256.735
-258.51
-258.219
-256.815
-254.85
-252.868
-251.382
-250.545
-250.222
-145.628
-154.179
-160.491
-169.566
-179.346
-191.461
-204.459
-219.761
-236.512
-254.959
-274.893
-296.221
-318.796
-342.273
-366.271
-390.285
-413.805
-436.246
-457.038
-475.565
-491.29
-503.733
-512.449
-516.966
-516.958
-512.377
-503.308
-489.421
-470.858
-447.927
-421.252
-391.639
-359.765
-326.881
-294.857
-266.025
-243.126
-230.044
-228.268
-234.91
-244.853
-253.212
-257.148
-257.255
-255.778
-253.605
-251.276
-249.303
-248.043
-247.192
-135.847
-146.178
-152.615
-162.792
-173.48
-186.127
-200.312
-216.751
-234.717
-254.8
-276.803
-300.54
-325.813
-352.446
-380.075
-408.185
-436.163
-463.334
-489.005
-512.455
-532.968
-549.863
-562.597
-570.689
-573.658
-571.124
-562.866
-548.782
-528.96
-503.693
-473.339
-438.195
-398.816
-356.997
-314.772
-274.481
-240.906
-219.634
-214.229
-220.283
-232.705
-243.844
-251.647
-255.477
-256.058
-254.582
-252.208
-249.848
-248.158
-246.867
-124.184
-136.242
-142.885
-153.749
-164.848
-177.986
-192.885
-210.014
-229.125
-250.65
-274.342
-300.247
-328.167
-357.918
-389.185
-421.522
-454.265
-486.613
-517.746
-546.853
-573.082
-595.559
-613.53
-626.247
-632.953
-633.327
-627.169
-614.34
-594.731
-567.977
-534.059
-493.934
-448.681
-398.652
-344.783
-290.043
-243.912
-214.57
-203.381
-207.058
-221.632
-237.928
-250.512
-257.591
-259.882
-258.889
-256.331
-253.423
-251.238
-249.771
-113.018
-124.614
-132.053
-142.862
-153.968
-167.373
-182.542
-200.118
-219.966
-242.455
-267.593
-295.353
-325.653
-358.36
-393.201
-429.747
-467.398
-505.281
-542.392
-577.812
-610.597
-639.687
-664.01
-682.609
-694.683
-699.601
-696.891
-686.213
-667.54
-640.586
-605.394
-562.219
-511.426
-452.338
-385.784
-321.218
-264.343
-225.912
-204.354
-202.283
-215.772
-234.436
-250.232
-259.993
-263.703
-263.148
-260.405
-257.501
-255.617
-254.751
-102.995
-112.507
-120.472
-131.159
-141.966
-155.261
-170.301
-187.835
-207.941
-230.991
-257.042
-286.143
-318.357
-353.649
-391.879
-432.574
-475.167
-518.79
-562.233
-604.491
-644.584
-681.296
-713.164
-739.05
-757.738
-768.245
-770.134
-763.133
-747.042
-722.437
-688.168
-642.31
-585.501
-517.15
-443.182
-370.943
-309.629
-261.42
-233.416
-223.536
-226.944
-238.368
-249.962
-258.195
-261.841
-261.697
-260.092
-258.285
-257.284
-257.174
-98.6194
-100.352
-109.008
-118.888
-129.443
-142.366
-156.936
-174.181
-193.967
-217.044
-243.355
-273.192
-306.777
-343.985
-385.241
-429.903
-477.303
-526.763
-576.782
-626.275
-674.408
-719.537
-759.946
-794.332
-821.161
-838.917
-847.369
-846.069
-834.026
-811.007
-778.663
-728.81
-666.794
-592.098
-517.317
-443.109
-376.722
-324.731
-290.373
-269.3
-259.851
-258.5
-260.697
-262.385
-261.872
-260.029
-258.06
-257.073
-257.03
-257.68
-113.466
-91.8424
-98.659
-107.092
-117.608
-130.029
-143.964
-160.403
-179.805
-202.434
-228.384
-258.324
-292.656
-331.357
-374.778
-422.835
-474.395
-529.072
-585.752
-642.91
-699.44
-753.115
-802.402
-846.133
-882.582
-908.803
-925.331
-931.625
-925.28
-902.752
-870.361
-822.393
-754.222
-681.496
-605.008
-531.792
-466.972
-411.93
-367.17
-333.649
-310.124
-294.275
-282.919
-274.294
-267.126
-261.118
-257.471
-256.585
-257.033
-258.043
-94.3084
-79.7365
-87.4137
-96.6455
-107.374
-119.508
-133.093
-149.166
-167.712
-189.411
-215.006
-245.599
-281.231
-321.801
-367.889
-419.937
-477.263
-538.467
-603.771
-671.018
-737.39
-801.261
-860.759
-914.227
-959.618
-995.912
-1021.17
-1035.49
-1034.49
-1018.16
-970.935
-908.808
-837.459
-760.899
-681.6
-608.747
-540.525
-481.007
-430.768
-390.04
-357.706
-332.003
-311.094
-293.255
-278.055
-266.267
-259.242
-256.922
-258.088
-259.425
-81.4197
-79.2061
-84.3787
-92.5897
-102.934
-114.826
-128.855
-145.716
-165.729
-189.756
-218.225
-252.262
-291.807
-337.351
-389.98
-449.736
-515.882
-586.519
-660.43
-737.026
-813.477
-887.142
-955.833
-1017.11
-1068.8
-1107.55
-1131.72
-1138.38
-1123.32
-1082.94
-1026.99
-959.493
-886.165
-807.985
-730.291
-655.126
-589.203
-530.156
-478.674
-433.944
-395.741
-363.387
-335.853
-312.316
-292.422
-276.438
-265.33
-260.278
-260.886
-262.71
-72.6799
-78.4967
-84.4556
-92.4609
-102.465
-114.625
-130.168
-149.52
-173.355
-201.668
-234.606
-273.321
-319.555
-374.2
-436.863
-506.398
-581.921
-663.474
-749.157
-836.961
-923.647
-1005.41
-1080.64
-1144.66
-1195.82
-1229.67
-1243.05
-1229.69
-1196.41
-1146.2
-1083.57
-1011.58
-935.012
-857.251
-781.809
-708.431
-639.686
-577.298
-520.906
-471.399
-427.826
-390.172
-357.871
-330.359
-307.323
-288.654
-274.814
-266.757
-264.651
-268.004
-66.4625
-74.7527
-82.3458
-91.0898
-101.865
-115.614
-133.481
-155.299
-182.051
-214.031
-252.514
-298.944
-354.295
-418.51
-491.188
-572.776
-663.404
-760.845
-861.822
-961.252
-1055.68
-1143.12
-1221.78
-1288.24
-1333.75
-1353.67
-1345.85
-1317.8
-1272.05
-1213.34
-1144.17
-1069.34
-989.923
-909.806
-829.771
-753.692
-681.298
-614.792
-554.138
-499.854
-451.985
-410.233
-374.542
-344.5
-319.739
-299.913
-284.854
-274.876
-270.969
-275.393
-60.134
-68.131
-76.8022
-86.7418
-98.9484
-114.42
-133.721
-157.873
-188.075
-224.925
-270.091
-324.198
-387.699
-462.544
-550.041
-650.364
-760.802
-875.599
-989.631
-1099.63
-1202.64
-1297.06
-1378.21
-1437.94
-1465.13
-1464.64
-1441.77
-1400.79
-1344.52
-1277.13
-1201.84
-1121.13
-1037.05
-952.199
-868.93
-788.377
-712.334
-641.548
-577.028
-519.022
-467.655
-422.941
-384.875
-353.187
-327.444
-307.176
-291.989
-281.875
-277.93
-280.162
-51.7441
-59.4967
-68.7144
-79.4622
-92.4998
-108.988
-129.564
-156.518
-190.971
-233.377
-284.522
-345.278
-419.109
-509.882
-618.83
-741.764
-871.746
-1002.64
-1130.48
-1252.73
-1367.7
-1465.9
-1536.12
-1569.99
-1577.7
-1560.79
-1523.85
-1470.51
-1405.52
-1329.52
-1247.1
-1160.22
-1071.11
-981.758
-894.349
-810.157
-730.314
-656.196
-588.555
-527.631
-473.652
-426.672
-387.108
-354.502
-328.396
-308.226
-293.505
-284.11
-280.244
-280.603
-42.168
-49.5268
-58.2343
-68.7529
-81.4923
-98.3592
-120.913
-151.23
-189.699
-236.739
-293.724
-364.85
-455.356
-567.521
-699.564
-844.583
-993.982
-1143.17
-1288.11
-1423.25
-1539.95
-1620.16
-1664.25
-1678.09
-1667.47
-1636.61
-1586.46
-1522.62
-1447.9
-1364.92
-1275.67
-1183.62
-1089.97
-996.492
-905.39
-817.967
-735.291
-658.447
-588.478
-525.494
-469.593
-421.337
-380.83
-347.747
-321.528
-301.592
-287.417
-278.505
-275.019
-274.952
-31.0098
-36.5916
-43.4245
-52.8651
-65.4139
-83.1392
-107.867
-139.966
-181.04
-233.785
-300.892
-387.587
-497.892
-633.147
-789.849
-958.367
-1130.37
-1300.32
-1458.85
-1590.22
-1678.26
-1733.59
-1758.41
-1755.91
-1729.36
-1686.3
-1626.18
-1552.51
-1470.56
-1381.61
-1287.62
-1190.73
-1093.43
-996.653
-902.435
-812.581
-727.701
-648.923
-577.046
-512.49
-455.606
-406.827
-366.092
-332.915
-306.755
-286.995
-273.06
-264.528
-261.152
-260.706
-15.0545
-18.3314
-23.3589
-32.0829
-45.1185
-62.9743
-87.0887
-119.927
-164.738
-225.247
-305.46
-409.772
-541.629
-702.53
-886.992
-1082.43
-1277.71
-1457.67
-1599.38
-1702.89
-1770.07
-1806.39
-1815.9
-1800.96
-1762.77
-1707.96
-1643.23
-1562.27
-1473.95
-1380.91
-1283.48
-1183.24
-1082.83
-983.611
-887.414
-795.581
-709.036
-628.818
-555.597
-490.39
-433.673
-385.209
-344.659
-311.6
-285.476
-265.686
-251.702
-243.063
-239.422
-238.306
6.02504
3.49349
-0.0621331
-5.82883
-16.5293
-32.963
-56.3399
-89.9122
-137.945
-206.159
-299.965
-422.804
-577.589
-768.807
-982.908
-1201.82
-1400.3
-1557.25
-1676.57
-1762.07
-1815.03
-1838.33
-1836.85
-1814.22
-1769.13
-1708.43
-1637.56
-1554.45
-1462.97
-1366.5
-1266.44
-1164.14
-1061.67
-960.69
-862.84
-769.673
-682.182
-601.532
-528.525
-463.774
-407.486
-359.46
-319.243
-286.349
-260.246
-240.335
-226.058
-216.959
-212.543
-210.736
28.9079
29.8767
29.8571
27.6451
21.0494
8.45636
-12.209
-44.2127
-93.3429
-167.433
-273.781
-416.842
-597.74
-811.028
-1042.37
-1261.87
-1447.15
-1590.01
-1696.14
-1771.83
-1814.33
-1831.6
-1828.14
-1801.59
-1754.42
-1691.79
-1617.92
-1534.55
-1442.19
-1343.85
-1241.26
-1137.67
-1034.37
-932.384
-833.765
-740.237
-652.925
-572.724
-500.412
-436.437
-380.898
-333.515
-293.828
-261.306
-235.329
-215.265
-200.6
-190.866
-185.561
-183.062
54.7382
61.2021
66.9166
70.9443
71.4531
66.0743
50.9619
21.4556
-28.9562
-109.015
-224.786
-378.306
-568.951
-792.724
-1034.95
-1249.52
-1424.04
-1562.87
-1664.16
-1735.09
-1782.34
-1803.31
-1799.27
-1773.33
-1728.85
-1667.97
-1593.52
-1510.01
-1418.35
-1318.64
-1215.23
-1111.23
-1008.15
-906.646
-808.187
-714.677
-627.717
-548.245
-476.81
-413.741
-359.033
-312.367
-273.235
-241.016
-215.069
-194.851
-179.885
-169.657
-163.634
-160.503
84.6326
98.4107
112.411
125.579
135.418
139.283
131.621
104.674
52.6621
-28.8418
-145.859
-301.007
-491.435
-715.437
-957.381
-1169.41
-1344.58
-1488.43
-1602.01
-1686.49
-1741.32
-1768.32
-1769.19
-1747.28
-1707.11
-1649.12
-1575.66
-1493.39
-1403.45
-1306.25
-1204.38
-1099.98
-995.599
-892.895
-793.677
-699.954
-613.164
-534.054
-463.046
-400.405
-346.128
-299.907
-261.213
-229.396
-203.779
-183.741
-168.672
-158.008
-151.382
-147.634
119.034
141.173
164.791
187.631
205.851
215.311
212.214
193.232
149.033
69.5781
-42.7212
-193.296
-381.666
-600.212
-836.157
-1057.92
-1252.79
-1415.42
-1542.99
-1639.16
-1705.26
-1742.77
-1753.6
-1739.62
-1705.2
-1652.96
-1585.69
-1506.83
-1418.33
-1321.41
-1218.01
-1111.23
-1004.13
-898.973
-797.801
-702.487
-614.314
-534.099
-462.316
-399.204
-344.723
-298.537
-260.085
-228.672
-203.532
-183.812
-168.711
-157.627
-150.445
-146.205
150.366
173.798
199.127
224.102
247.752
265.268
270.759
255.28
217.101
145.815
35.2539
-110.404
-294.903
-507.384
-738.413
-969.088
-1180.65
-1363.19
-1511.46
-1625.18
-1706.08
-1755.29
-1775.78
-1769.65
-1740.08
-1691.42
-1627.28
-1549.45
-1460.08
-1361.53
-1256.39
-1147.54
-1037.93
-929.992
-825.815
-727.229
-635.774
-552.51
-478.111
-412.868
-356.727
-309.329
-270.097
-238.332
-213.25
-194.01
-179.801
-169.958
-163.981
-160.692
149.686
177.736
207.691
238.326
266.966
287.244
296.102
284.2
256.78
186.808
76.9035
-73.8619
-266.69
-483.241
-714.31
-951.9
-1175.21
-1371.91
-1533.88
-1659.3
-1749.78
-1807.28
-1834.79
-1835.23
-1810.67
-1764.85
-1700.74
-1620.87
-1528.64
-1427.12
-1319.48
-1208.39
-1096.06
-984.845
-876.726
-773.625
-677.371
-589.388
-510.619
-441.559
-382.278
-332.459
-291.51
-258.705
-233.293
-214.515
-201.531
-193.432
-189.277
-187.161
129.973
155.329
182.609
210.44
236.652
257.065
266.883
261.016
235.748
170.336
66.3913
-91.4387
-288.771
-509.835
-753.983
-1002.16
-1234.47
-1439.94
-1608.28
-1739.63
-1834.64
-1896.4
-1927.51
-1929.71
-1907
-1862.44
-1798.66
-1717.94
-1623.33
-1518.44
-1406.76
-1292.29
-1176.84
-1061.88
-949.181
-840.773
-738.696
-644.765
-560.288
-486.056
-422.344
-368.977
-325.433
-290.939
-264.594
-245.493
-232.748
-225.402
-222.362
-220.911
94.2144
112.565
132.033
152.262
171.61
186.957
194.174
187.694
157.422
94.2328
-4.98756
-150.396
-340.009
-563.896
-813.209
-1064.95
-1306.29
-1512.89
-1680.21
-1812.08
-1906.46
-1969.5
-2002.34
-2007.05
-1986.46
-1943.7
-1881.79
-1804.08
-1713.19
-1612.23
-1503.67
-1389.5
-1272.33
-1154.36
-1037.86
-924.973
-817.657
-717.851
-627.197
-546.872
-477.53
-419.304
-371.894
-334.626
-306.494
-286.331
-273.041
-265.674
-263.111
-262.004
64.3051
74.4848
85.722
96.8693
106.021
111.281
109.306
96.6729
66.7015
10.8568
-80.2846
-212.709
-387.943
-601.132
-842.9
-1095.37
-1340.39
-1547.7
-1722.16
-1855.65
-1952.17
-2020.95
-2057.76
-2065.72
-2048.99
-2009.6
-1950.68
-1875.96
-1788.33
-1690.46
-1584.84
-1473.4
-1358.19
-1241.26
-1124.63
-1010.35
-900.521
-797.092
-701.973
-616.694
-542.299
-479.264
-427.549
-386.686
-355.842
-333.889
-319.589
-311.825
-309.461
-308.501
37.2785
41.9102
46.7495
50.4408
51.6416
48.8533
39.2459
20.6006
-11.7085
-63.5911
-142.956
-257.957
-413.988
-608.135
-833.237
-1075.47
-1317.63
-1535.41
-1716.63
-1856.26
-1963.48
-2041.43
-2084.17
-2098.21
-2087.7
-2053.05
-1998.87
-1928.59
-1844.49
-1749.98
-1647.48
-1539.16
-1427.04
-1312.75
-1198.19
-1085.05
-975.237
-870.749
-773.431
-685.091
-607.09
-540.299
-484.994
-440.958
-407.508
-383.604
-368.065
-359.806
-357.714
-356.997
13.6622
14.7827
15.4229
13.9717
9.40884
0.934022
-13.5841
-36.2574
-69.7742
-118.647
-189.056
-288.428
-420.695
-585.456
-785.453
-1009.24
-1239.53
-1461.46
-1653.79
-1808.26
-1928.68
-2016.25
-2070.21
-2094.54
-2093.37
-2066.81
-2018.59
-1955.75
-1877.19
-1787.09
-1689.02
-1584.65
-1476.16
-1365.33
-1253.75
-1143.16
-1035.11
-931.392
-833.944
-744.477
-664.569
-595.32
-537.365
-490.757
-455.107
-429.533
-412.845
-403.969
-402.099
-402.304
-6.49198
-7.78438
-10.3819
-14.5527
-22.0474
-33.7333
-50.9413
-75.3359
-108.55
-154.199
-216.669
-302.009
-413.393
-552.355
-720.39
-912.101
-1117.82
-1330.25
-1533.6
-1706.24
-1843.56
-1945.53
-2013.96
-2052.25
-2062.95
-2047.43
-2009.44
-1953.72
-1883.05
-1800.04
-1706.77
-1607.68
-1503.62
-1396.9
-1289.17
-1181.87
-1076.61
-974.98
-878.731
-789.685
-709.371
-639.097
-579.652
-531.302
-493.909
-466.79
-448.888
-439.169
-437.1
-437.678
-23.762
-27.5933
-32.104
-37.597
-45.9228
-59.0017
-77.4131
-102.094
-134.178
-176.374
-231.234
-303.282
-396.439
-512.801
-653.402
-816.184
-995.811
-1182.72
-1369.9
-1550.4
-1708.68
-1830.05
-1916.74
-1971.34
-1996.47
-1994.17
-1968.49
-1923.24
-1861.82
-1786.18
-1700.52
-1607.04
-1508.22
-1406.46
-1303.05
-1199.85
-1098.09
-999.495
-905.667
-818.166
-738.656
-668.508
-608.518
-559.171
-520.491
-492.038
-472.79
-461.683
-458.311
-458.622
-36.8652
-42.5364
-48.8268
-56.394
-66.051
-79.0052
-96.243
-119.833
-150.668
-189.893
-239.013
-300.684
-378.288
-474.486
-591.554
-728.824
-882.526
-1046.15
-1211.63
-1374.89
-1531.21
-1672.09
-1781.41
-1854.5
-1896.08
-1909.36
-1897.81
-1864.59
-1813.11
-1747.28
-1669.73
-1582.93
-1490.29
-1393.82
-1295.33
-1196.52
-1099.05
-1004.28
-913.73
-828.972
-751.294
-682.252
-622.688
-573.075
-533.556
-503.787
-482.957
-470.34
-465.436
-465.456
-47.6909
-54.1919
-61.2413
-69.8473
-80.2955
-93.4341
-110.014
-131.729
-160.092
-195.777
-240.306
-294.474
-360.528
-440.749
-537.532
-651.61
-780.906
-921.648
-1067.8
-1213.14
-1354.24
-1488.47
-1609.54
-1706.24
-1766.59
-1797.31
-1800.93
-1781.18
-1740.87
-1684.6
-1615.42
-1536.54
-1450.43
-1359.8
-1266.28
-1172.57
-1079.75
-989.476
-903.178
-822.046
-747.462
-680.606
-622.416
-573.361
-533.61
-502.89
-480.494
-466.143
-460.566
-462.198
-56.8596
-63.7819
-70.8813
-79.261
-89.3961
-102.107
-118.278
-138.575
-164.183
-196.085
-235.699
-283.553
-341.016
-409.788
-490.824
-584.864
-691.92
-810.315
-936.919
-1066.6
-1193.99
-1315.03
-1427.76
-1530.99
-1614.02
-1663.56
-1683.3
-1677.53
-1649.78
-1603.39
-1542.67
-1470.77
-1391.43
-1306.02
-1217.98
-1129.09
-1041.26
-956.132
-874.797
-798.58
-728.269
-664.884
-609.214
-561.686
-522.558
-491.661
-468.472
-453.095
-447.618
-453.494
-63.9276
-71.3028
-77.898
-85.4613
-94.8398
-106.642
-121.656
-140.404
-163.773
-192.231
-226.719
-268.241
-318.03
-377.394
-446.43
-525.395
-614.335
-712.819
-819.727
-932.732
-1047.32
-1158.11
-1262.35
-1358.45
-1445.46
-1512.08
-1550.99
-1559.69
-1544.56
-1508.82
-1456.75
-1391.14
-1316.84
-1236.75
-1152.89
-1068.29
-985.353
-905.448
-830.032
-759.674
-695.074
-636.76
-585.18
-540.642
-503.456
-473.708
-451.401
-437.1
-431.748
-439.602
-70.9493
-76.1858
-81.5321
-88.5382
-97.5121
-108.516
-122.178
-138.901
-159.944
-185.312
-215.281
-250.919
-293.387
-343.8
-402.666
-470.092
-545.733
-628.916
-719.006
-815.037
-915.157
-1016.3
-1113.57
-1204.23
-1284.65
-1354.43
-1407.36
-1435.99
-1434.76
-1411.57
-1368.1
-1309.15
-1236.9
-1157.34
-1075.84
-994.758
-915.18
-840.358
-770.932
-707.701
-650.477
-599.066
-553.45
-513.597
-479.819
-452.594
-432.966
-422.451
-421.036
-425.291
-80.5857
-77.4839
-82.543
-90.1557
-99.6132
-110.428
-123.192
-138.431
-156.623
-178.299
-204.122
-235.459
-272.62
-315.663
-365.359
-422.519
-487.296
-559.757
-638.541
-721.957
-808.94
-897.597
-984.973
-1067.76
-1143.53
-1210.24
-1264.73
-1305.34
-1327.08
-1319.84
-1285.4
-1231.46
-1162.21
-1082.91
-998.14
-912.652
-833.617
-762.414
-699.121
-643.614
-595.176
-553.053
-516.119
-483.52
-455.359
-432.727
-418.025
-412.418
-414.61
-417.084
-93.3777
-78.1357
-85.9637
-95.0878
-105.107
-116.242
-128.863
-143.662
-160.6
-180.648
-204.458
-233.102
-266.922
-305.91
-350.418
-400.934
-457.934
-521.551
-590.954
-664.577
-740.79
-817.575
-892.918
-964.839
-1031.28
-1089.69
-1138.93
-1177.61
-1207.58
-1218.66
-1201.04
-1151.5
-1086.15
-1008.35
-920.286
-833.557
-752.927
-680.765
-619.501
-570.245
-531.872
-501.866
-476.724
-454.218
-434.078
-418.434
-409.173
-407.518
-409.745
-411.643
65.5609
62.1148
60.4591
59.7666
59.7508
60.0709
60.6954
61.7282
63.1738
65.0621
67.484
70.4567
73.9629
77.9775
82.5087
87.5621
93.1597
99.3188
106.022
113.268
121.009
129.211
137.893
147.171
156.775
166.559
176.58
186.816
197.068
207.206
217.169
226.827
235.991
244.467
252.037
258.407
263.268
266.315
267.207
265.533
260.873
252.781
240.75
224.205
202.587
175.282
141.646
100.886
51.7679
3.49321
64.39
63.4971
63.1778
63.3254
63.9615
64.9203
66.1406
67.6866
69.6262
72.0307
74.9614
78.4435
82.4534
86.9889
92.0629
97.6946
103.913
110.719
118.1
126.041
134.5
143.486
153.001
163.011
173.419
184.137
195.122
206.317
217.625
228.928
240.125
251.1
261.705
271.761
281.052
289.316
296.276
301.643
305.07
306.166
304.538
299.771
291.387
278.861
261.664
239.183
210.791
175.636
132.887
91.5769
65.1009
65.657
66.4363
67.445
68.746
70.3271
72.1612
74.2545
76.6952
79.6006
83.0492
87.0653
91.6246
96.7403
102.43
108.718
115.617
123.122
131.232
139.917
149.172
158.985
169.33
180.176
191.472
203.144
215.138
227.395
239.83
252.343
264.831
277.177
289.248
300.891
311.913
322.086
331.166
338.864
344.846
348.759
350.234
348.855
344.179
335.746
323.066
305.561
282.66
253.866
218.604
185.112
67.4494
68.7335
70.303
72.0726
74.0065
76.1525
78.5379
81.194
84.19
87.618
91.5813
96.1296
101.267
107
113.339
120.306
127.901
136.127
144.975
154.436
164.511
175.173
186.397
198.151
210.394
223.073
236.135
249.517
263.147
276.94
290.792
304.585
318.201
331.507
344.335
356.499
367.762
377.844
386.432
393.192
397.762
399.758
398.791
394.443
386.258
373.723
356.386
333.687
305.12
279.868
70.9621
72.6845
74.7753
77.1347
79.6584
82.3546
85.2609
88.4464
91.9801
95.9433
100.435
105.532
111.266
117.628
124.627
132.278
140.589
149.559
159.177
169.449
180.361
191.898
204.034
216.734
229.964
243.689
257.862
272.424
287.311
302.438
317.709
333.015
348.248
363.285
377.995
392.205
405.691
418.189
429.403
439.019
446.705
452.102
454.842
454.543
450.801
443.17
431.216
414.603
393.089
374.815
75.3711
77.3814
79.8575
82.6195
85.6062
88.8097
92.2463
95.9566
100.018
104.519
109.555
115.204
121.529
128.521
136.187
144.531
153.572
163.301
173.715
184.806
196.566
208.984
222.039
235.705
249.957
264.764
280.085
295.868
312.046
328.542
345.267
362.133
379.037
395.874
412.52
428.812
444.544
459.466
473.294
485.725
496.426
505.06
511.322
514.879
515.338
512.256
505.277
493.967
478.102
465.709
80.5397
82.7227
85.4183
88.4347
91.777
95.4371
99.3882
103.611
108.176
113.194
118.768
124.973
131.872
139.485
147.812
156.855
166.618
177.102
188.299
200.203
212.808
226.11
240.097
254.75
270.045
285.95
302.43
319.435
336.906
354.777
372.975
391.422
410.023
428.676
447.259
465.617
483.553
500.822
517.15
532.243
545.805
557.577
567.28
574.53
578.906
580.027
577.539
571.191
561.001
553.377
86.3259
88.5085
91.2447
94.4154
98.0347
102.09
106.498
111.211
116.267
121.789
127.886
134.646
142.118
150.342
159.321
169.045
179.514
190.73
202.694
215.399
228.845
243.03
257.945
273.575
289.892
306.872
324.483
342.685
361.435
380.675
400.342
420.357
440.632
461.064
481.532
501.886
521.926
541.418
560.108
577.735
594.047
608.772
621.549
631.989
639.748
644.438
645.719
643.254
637.043
632.859
92.3995
94.4275
97.0948
100.358
104.19
108.574
113.382
118.547
124.076
130.085
136.684
143.972
151.998
160.8
170.385
180.746
191.881
203.793
216.489
229.963
244.217
259.248
275.05
291.609
308.906
326.922
345.631
365.004
385.001
405.57
426.645
448.151
469.999
492.094
514.316
536.51
558.484
580.02
600.885
620.837
639.615
656.904
672.363
685.679
696.478
704.341
708.937
710.124
708.053
706.654
98.3271
100.162
102.743
106.035
110.025
114.651
119.805
125.364
131.336
137.805
144.885
152.663
161.201
170.534
180.677
191.629
203.387
215.958
229.341
243.541
258.557
274.385
291.021
308.456
326.682
345.679
365.426
385.894
407.041
428.816
451.157
473.992
497.25
520.841
544.645
568.506
592.241
615.643
638.486
660.527
681.484
701.038
718.849
734.511
747.58
757.691
764.652
768.297
768.733
769.043
103.804
105.425
107.896
111.186
115.279
120.082
125.493
131.401
137.772
144.658
152.167
160.39
169.391
179.201
189.836
201.308
213.619
226.769
240.76
255.597
271.28
287.808
305.177
323.387
342.427
362.283
382.932
404.344
426.481
449.3
472.747
496.763
521.282
546.212
571.428
596.77
622.048
647.052
671.541
695.248
717.866
739.064
758.475
775.736
790.552
802.766
812.23
818.729
822.204
824.504
108.453
109.891
112.25
115.524
119.668
124.611
130.225
136.403
143.1
150.341
158.22
166.823
176.213
186.421
197.472
209.377
222.15
235.786
250.291
265.665
281.913
299.037
317.035
335.905
355.639
376.22
397.627
419.833
442.804
466.503
490.891
515.924
541.528
567.596
593.984
620.518
646.997
673.194
698.861
723.719
747.472
769.809
790.433
809.086
825.536
839.444
850.281
857.639
861.643
863.943
111.943
113.231
115.512
118.767
122.954
127.987
133.738
140.109
147.05
154.579
162.754
171.655
181.339
191.852
203.216
215.455
228.575
242.583
257.479
273.268
289.951
307.531
326.006
345.369
365.612
386.72
408.674
431.449
455.02
479.362
504.447
530.227
556.615
583.486
610.685
638.029
665.312
692.305
718.756
744.393
768.931
792.078
813.537
832.998
850.157
864.822
876.981
886.704
893.602
898.097
114.016
115.197
117.434
120.68
124.888
129.971
135.812
142.309
149.41
157.126
165.503
174.602
184.481
195.189
206.757
219.208
232.551
246.795
261.943
277.998
294.961
312.831
331.604
351.276
371.836
393.269
415.558
438.684
462.63
487.389
512.931
539.194
566.079
593.45
621.144
648.978
676.747
704.229
731.18
757.336
782.421
806.16
828.288
848.531
866.588
882.074
894.517
903.384
908.629
911.652
114.529
115.633
117.857
121.102
125.311
130.408
136.288
142.845
150.024
157.827
166.292
175.473
185.431
196.218
207.867
220.4
233.829
248.163
263.408
279.563
296.63
314.606
333.488
353.268
373.936
395.477
417.871
441.105
465.174
490.071
515.762
542.175
569.201
596.699
624.506
652.437
680.294
707.858
734.894
761.14
786.316
810.113
832.202
852.257
869.968
885.023
897.11
905.926
911.367
914.527
113.225
114.398
116.659
119.943
124.177
129.27
135.126
141.663
148.825
156.605
165.041
174.186
184.102
194.841
206.439
218.917
232.287
246.558
261.735
277.818
294.808
312.699
331.49
351.172
371.734
393.16
415.431
438.532
462.458
487.202
512.726
538.958
565.786
593.066
620.632
648.303
675.88
703.149
729.876
755.805
780.651
804.093
825.766
845.28
862.255
876.415
887.642
895.975
901.309
904.386
110.224
111.531
113.896
117.251
121.51
126.571
132.352
138.786
145.831
153.484
161.774
170.763
180.514
191.082
202.5
214.789
227.957
242.013
256.959
272.797
289.525
307.143
325.646
345.026
365.271
386.365
408.287
431.016
454.536
478.838
503.887
529.615
555.914
582.642
609.63
636.693
663.63
690.22
716.232
741.411
765.483
788.156
809.126
828.079
844.678
858.475
868.849
875.241
878.03
879.151
105.708
107.209
109.696
113.112
117.378
122.39
128.061
134.325
141.161
148.576
156.614
165.338
174.816
185.097
196.212
208.181
221.015
234.716
249.281
264.712
281.01
298.175
316.203
335.087
354.815
375.367
396.719
418.842
441.709
465.295
489.57
514.473
539.906
565.733
591.785
617.873
643.78
669.278
694.118
718.047
740.801
762.111
781.672
799.126
814.067
826.219
835.516
841.87
845.059
846.643
99.9011
101.621
104.262
107.754
112.006
116.936
122.441
128.471
135.014
142.098
149.782
158.149
167.257
177.149
187.852
199.387
211.761
224.976
239.025
253.91
269.63
286.187
303.575
321.789
340.817
360.637
381.221
402.534
424.537
447.192
470.458
494.283
518.579
543.224
568.057
592.891
617.506
641.661
665.093
687.521
708.662
728.232
745.969
761.613
774.841
785.174
792.208
795.705
795.794
795.19
93.1337
95.0782
97.8812
101.444
105.663
110.461
115.734
121.456
127.632
134.316
141.579
149.507
158.156
167.568
177.771
188.78
200.595
213.211
226.629
240.847
255.867
271.683
288.289
305.679
323.838
342.744
362.366
382.664
403.593
425.101
447.131
469.619
492.488
515.633
538.911
562.146
585.13
607.622
629.354
650.023
669.296
686.841
702.318
715.467
726.133
734.102
738.952
740.383
738.487
736.496
85.7517
87.9236
90.8858
94.4718
98.6179
103.228
108.218
113.564
119.315
125.531
132.322
139.753
147.88
156.737
166.364
176.765
187.938
199.874
212.575
226.042
240.269
255.252
270.98
287.444
304.624
322.499
341.035
360.19
379.912
400.139
420.798
441.813
463.1
484.556
506.04
527.378
548.368
568.786
588.378
606.866
623.921
639.196
652.335
662.931
670.67
675.339
676.747
674.563
668.788
664.108
78.1376
80.5117
83.5718
87.1509
91.1634
95.51
100.147
105.079
110.354
116.077
122.346
129.229
136.783
145.046
154.046
163.781
174.242
185.428
197.338
209.976
223.331
237.397
252.163
267.61
283.715
300.448
317.775
335.654
354.034
372.85
392.021
411.457
431.058
450.714
470.282
489.575
508.378
526.457
543.562
559.429
573.761
586.202
596.411
604.051
608.714
610.049
607.803
601.902
592.517
584.882
70.6848
73.1623
76.2262
79.7348
83.5509
87.5772
91.8003
96.2469
101.022
106.242
111.973
118.279
125.22
132.85
141.184
150.216
159.932
170.335
181.425
193.195
205.64
218.749
232.513
246.907
261.902
277.459
293.532
310.075
327.03
344.328
361.89
379.618
397.411
415.152
432.693
449.844
466.362
481.99
496.461
509.503
520.847
530.16
537.037
541.075
541.917
539.211
532.672
521.922
506.982
495.039
63.7342
66.1728
69.1347
72.4595
76.0064
79.6557
83.4023
87.3346
91.604
96.2973
101.472
107.183
113.499
120.473
128.107
136.393
145.334
154.929
165.176
176.059
187.569
199.695
212.424
225.736
239.592
253.954
268.764
283.965
299.486
315.245
331.156
347.122
363.035
378.781
394.205
409.11
423.246
436.322
448.039
458.093
466.189
472.036
475.284
475.499
472.227
465.066
453.674
437.849
417.585
400.134
57.5424
59.8154
62.5356
65.5481
68.7141
71.9022
75.1328
78.5597
82.3046
86.456
91.0629
96.1884
101.889
108.204
115.128
122.659
130.816
139.594
148.989
158.982
169.562
180.716
192.419
204.647
217.359
230.51
244.049
257.906
272.001
286.241
300.521
314.74
328.785
342.532
355.823
368.446
380.143
390.614
399.525
406.543
411.323
413.521
412.774
408.693
400.841
388.738
371.989
350.094
322.978
299.186
52.2889
54.2653
56.5872
59.1444
61.7846
64.4528
67.1766
70.0904
73.2889
76.8779
80.9145
85.4576
90.5514
96.2041
102.423
109.209
116.586
124.551
133.089
142.191
151.846
162.041
172.744
183.917
195.516
207.485
219.77
232.299
244.988
257.738
270.434
282.958
295.193
306.995
318.184
328.534
337.774
345.597
351.658
355.585
357.007
355.55
350.813
342.347
329.685
312.324
289.804
261.801
228.234
197.454
48.1315
49.6266
51.389
53.31
55.3071
57.4092
59.6278
62.0183
64.6792
67.7064
71.1854
75.1557
79.6467
84.6433
90.1658
96.2321
102.851
110.025
117.731
125.962
134.708
143.957
153.679
163.829
174.357
185.196
196.274
207.521
218.846
230.149
241.32
252.232
262.745
272.692
281.863
290.009
296.848
302.057
305.283
306.134
304.184
299.01
290.185
277.244
259.673
236.901
208.414
173.574
132.25
93.7272
45.291
46.0142
46.9588
48.063
49.366
50.8668
52.5408
54.3853
56.4949
58.9736
61.9201
65.3488
69.2471
73.6074
78.4506
83.8142
89.7026
96.11
103.017
110.411
118.28
126.613
135.388
144.557
154.063
163.828
173.761
183.781
193.802
203.72
213.434
222.819
231.705
239.884
247.121
253.149
257.662
260.33
260.783
258.614
253.386
244.624
231.834
214.49
192.05
163.898
129.44
88.033
39.5236
-8.11653
44.2039
43.462
43.2502
43.4361
44.0302
44.8793
45.9412
47.2363
48.827
50.7869
53.1998
56.0961
59.4249
63.1906
67.3999
72.0856
77.2637
82.9221
89.0567
95.6499
102.677
110.127
118.002
126.261
134.807
143.555
152.413
161.28
170.061
178.668
187.008
194.946
202.289
208.788
214.177
218.168
220.44
220.648
218.415
213.304
204.847
192.564
175.916
154.307
127.131
93.7521
53.5376
5.43201
-50.8916
-106.789
45.1934
41.7884
40.1632
39.4548
39.3514
39.5485
40.0007
40.7581
41.8275
43.2572
45.1466
47.5219
50.3315
53.5646
57.2229
61.3048
65.8353
70.8086
76.2271
82.0812
88.3328
94.9487
101.938
109.38
117.051
124.798
132.616
140.421
148.033
155.383
162.41
168.936
174.735
179.557
183.127
185.113
185.173
182.96
178.091
170.134
158.571
142.899
122.544
96.8497
65.168
26.8177
-18.6763
-72.4727
-134.894
-197.951
-52.0004
-62.0201
-60.4209
-56.5626
-51.7733
-44.1852
-34.5475
-24.6891
-10.9505
8.668
28.3151
49.5395
72.6408
98.4396
126.859
123.515
106.893
77.6444
56.3276
34.4477
13.8208
-4.64674
-19.615
-30.5053
-40.4161
-48.9381
-54.458
-58.5832
-60.9673
-50.0116
-35.4762
-47.0904
-48.6035
-46.9331
-43.4013
-36.825
-27.563
-18.3622
-6.58037
10.4167
27.2719
44.8177
62.6989
80.6799
103.767
99.3259
86.5455
64.8148
49.3465
31.7703
14.395
-1.85462
-14.9667
-24.5325
-33.5188
-40.7326
-44.9327
-46.5422
-45.5102
-33.4999
-35.0612
-38.226
-39.1867
-38.3425
-35.4731
-29.8259
-21.4105
-12.7053
-2.38755
11.6898
25.92
40.3673
54.7081
66.8762
84.2419
79.3762
70.5272
55.3495
43.3972
28.8438
14.8427
1.43123
-9.88079
-18.7587
-27.0589
-33.1005
-36.3467
-37.0465
-36.3145
-33.1927
-34.9139
-33.503
-32.1815
-31.0233
-28.1891
-23.1756
-15.9349
-8.0826
1.00653
12.5316
24.2493
36.0123
47.8477
56.269
68.599
63.7428
58.2177
47.5787
38.1407
25.9455
14.8094
3.93221
-5.56154
-13.424
-20.7839
-26.0598
-29.0967
-30.1471
-31.6517
-33.0577
-32.5606
-29.9003
-27.1894
-24.9907
-21.9375
-17.514
-11.4113
-4.5817
3.34627
12.9287
22.4733
31.8852
41.5994
47.6247
56.645
51.7163
48.3574
40.7684
33.3528
23.4845
14.584
5.44403
-2.54077
-9.28502
-15.4338
-19.9837
-23.1819
-25.3035
-28.2088
-30.7598
-28.096
-26.3943
-23.3348
-20.4741
-17.187
-13.1963
-7.8398
-1.89176
4.91765
12.9143
20.6008
27.8958
35.6937
40.2709
46.4995
43.2583
40.4483
34.6731
28.8155
21.199
14.1953
6.45797
-0.278828
-6.19985
-11.4462
-15.4667
-18.8366
-21.588
-24.8005
-26.4867
-23.2463
-22.7178
-20.0154
-17.2358
-13.7433
-9.93407
-5.03491
0.116333
5.77811
12.2881
18.5461
24.191
30.3166
34.203
38.2855
36.3679
33.9569
29.3998
24.6825
18.7802
13.2525
6.95252
1.45133
-3.70617
-8.42705
-12.2586
-15.7706
-18.4337
-21.2334
-21.7735
-18.7259
-18.8979
-16.9629
-14.5008
-10.9579
-7.51102
-3.13527
1.21296
5.87198
11.1575
16.4278
20.975
25.6473
28.9493
31.6749
30.7884
28.4711
24.9624
21.2352
16.4374
11.8859
6.75891
2.34807
-1.98706
-6.15193
-9.64137
-13.1746
-15.5595
-17.5374
-17.3378
-14.6305
-14.9867
-13.8808
-11.9672
-8.76989
-5.89255
-2.13699
1.55762
5.50358
9.90909
14.3509
18.0784
21.6729
24.3232
26.3925
26.0793
23.835
21.2213
18.2949
14.3686
10.5294
6.18225
2.53861
-1.15855
-4.68286
-7.575
-10.7369
-12.613
-13.7462
-13.3265
-11.5208
-11.3878
-10.7693
-9.71064
-7.1878
-4.86141
-1.67156
1.60606
4.95859
8.65481
12.2805
15.3418
18.2287
20.3551
21.9456
22.0926
19.9942
17.9817
15.5685
12.3925
9.22205
5.52554
2.47118
-0.854342
-3.79959
-6.12598
-8.58115
-9.61098
-10.2264
-10.2916
-9.51062
-8.91866
-8.2258
-7.68107
-5.83958
-4.06204
-1.34984
1.53234
4.30859
7.37911
10.3323
12.9196
15.297
16.9624
18.1314
18.5988
16.7237
15.2386
13.1018
10.4741
7.84395
4.79106
2.29313
-0.662054
-3.11987
-4.92422
-6.68371
-7.16588
-7.80112
-8.39563
-8.14807
-7.60191
-6.68321
-6.12702
-4.62142
-3.28514
-1.01232
1.38246
3.64827
6.20516
8.66932
10.873
12.7787
14.0751
14.911
15.5545
13.8544
12.8421
10.9549
8.81101
6.53692
4.05272
2.01661
-0.406811
-2.46573
-3.86946
-5.2498
-5.72429
-6.59872
-7.19917
-7.04681
-6.90376
-5.94775
-5.35575
-3.62006
-2.4618
-0.657744
1.27467
3.1114
5.25106
7.29836
9.02098
10.5492
11.5473
12.2033
12.9949
11.3968
10.6772
9.02681
7.47342
5.48125
3.44209
1.7752
-0.143106
-1.76871
-3.01093
-4.61347
-5.15752
-6.07121
-6.29148
-6.16117
-6.27748
-5.15372
-4.54663
-2.8586
-1.96353
-0.367744
1.19507
2.7052
4.42979
6.08221
7.31593
8.65015
9.38268
9.92216
10.6984
9.2417
8.71192
7.28167
6.26927
4.5961
2.97175
1.60259
-0.00266414
-1.38741
-2.35375
-3.92456
-4.60981
-5.7153
-5.54113
-5.50247
-5.4186
-4.10796
-3.77175
-2.22614
-1.56803
-0.12628
1.05768
2.33402
3.65055
4.94649
5.85011
6.89482
7.50057
7.84158
8.68257
7.3579
7.03099
5.79372
5.11837
3.73706
2.55108
1.43656
0.0903545
-1.1065
-1.80116
-3.29934
-3.67852
-4.93837
-4.95262
-4.53191
-4.49651
-3.30384
-2.95574
-1.65798
-1.20939
0.0543886
0.846056
1.95684
2.93127
3.93601
4.66579
5.31121
5.8449
6.00266
6.83865
5.65209
5.65152
4.58173
4.14218
2.97238
2.16901
1.20851
0.235651
-0.767505
-1.21568
-2.50095
-2.88817
-4.05907
-4.09579
-3.58307
-3.50286
-2.45484
-2.25247
-1.16136
-0.970679
0.167896
0.718172
1.52632
2.2544
3.02881
3.58208
4.01778
4.47631
4.3433
5.18429
4.22776
4.31254
3.4199
3.19255
2.26221
1.80714
0.986726
0.433305
-0.417475
-0.770954
-1.79925
-2.10726
-3.18389
-3.26871
-2.67192
-2.55304
-1.7216
-1.68562
-0.714759
-0.604228
0.245192
0.453544
1.13752
1.52976
2.13214
2.57623
2.88155
3.15126
2.97532
3.73382
2.91963
3.09366
2.32563
2.37915
1.60988
1.34261
0.729659
0.543996
-0.302886
-0.602615
-1.35467
-1.46971
-2.34929
-2.46389
-1.51991
-1.52975
-0.981282
-1.15445
-0.514583
-0.351544
0.108945
0.156659
0.785334
0.877559
1.27849
1.47871
1.73958
1.94673
1.80019
2.32043
1.60561
1.82239
1.40439
1.48852
0.86623
0.836599
0.37689
0.344735
-0.303954
-0.495969
-0.995202
-0.845178
-1.40838
-1.39016
-0.352679
-0.522086
-0.411477
-0.613601
-0.318453
-0.248882
-0.0460225
0.0418157
0.256125
0.29138
0.428782
0.435135
0.61039
0.596902
0.711662
0.915447
0.538445
0.694646
0.532072
0.552813
0.221144
0.329407
0.0967342
-0.0245426
-0.261987
-0.3107
-0.643849
-0.360443
-0.48843
-0.301294
)
;

boundaryField
{
    INLET
    {
        type            zeroGradient;
    }
    OUTLET
    {
        type            fixedValue;
        value           uniform 0;
    }
    WALL
    {
        type            zeroGradient;
    }
    CYLINDER
    {
        type            zeroGradient;
    }
    frontAndBackPlanes
    {
        type            empty;
    }
}


// ************************************************************************* //
