/*--------------------------------*- C++ -*----------------------------------*\
| =========                 |                                                 |
| \\      /  F ield         | OpenFOAM: The Open Source CFD Toolbox           |
|  \\    /   O peration     | Version:  v1912                                 |
|   \\  /    A nd           | Website:  www.openfoam.com                      |
|    \\/     M anipulation  |                                                 |
\*---------------------------------------------------------------------------*/
FoamFile
{
    version     2.0;
    format      ascii;
    class       volScalarField;
    location    "0.26";
    object      p;
}
// * * * * * * * * * * * * * * * * * * * * * * * * * * * * * * * * * * * * * //

dimensions      [0 2 -2 0 0 0 0];


internalField   nonuniform List<scalar> 
6600
(
98.7176
93.9715
91.7374
90.4571
89.9991
90.111
90.6502
91.6229
93.1379
95.2848
98.0184
101.302
105.203
109.733
114.864
120.599
126.945
133.893
141.452
149.586
158.233
167.311
176.763
186.889
197.317
207.796
218.438
229.202
239.854
250.255
260.362
270.026
278.983
287.037
293.961
299.435
303.207
304.96
304.314
300.882
294.277
284.032
269.598
250.582
226.155
195.71
159.071
115.416
63.6626
12.507
95.4759
90.5275
88.8437
87.3684
86.5956
86.3824
86.6282
87.4224
88.8021
90.7754
93.3368
96.4624
100.197
104.536
109.459
114.968
121.058
127.708
134.923
142.691
150.97
159.811
168.67
177.718
187.385
197.275
207.047
216.8
226.441
235.712
244.499
252.709
260.088
266.364
271.353
274.782
276.35
275.747
272.601
266.512
257.066
243.806
226.233
203.78
175.889
141.927
101.717
54.9788
1.45329
-49.5371
90.9585
85.7123
84.7704
83.1589
82.2875
81.9403
82.0956
82.7722
84.1239
86.095
88.6015
91.7085
95.4236
99.7141
104.572
109.994
115.963
122.457
129.462
136.951
144.824
153.088
161.744
170.486
179.309
188.175
197.054
205.817
214.268
222.248
229.632
236.249
241.848
246.208
249.104
250.263
249.424
246.277
240.454
231.561
219.18
202.878
182.198
156.633
125.759
89.0067
46.1564
-2.14516
-54.9125
-102.689
85.577
80.0428
79.6655
77.7198
76.8821
76.5062
76.6619
77.4592
78.8637
80.849
83.4154
86.5934
90.3492
94.6649
99.5336
104.933
110.84
117.217
124.026
131.253
138.903
146.815
154.756
162.875
171.102
179.28
187.182
194.79
202.032
208.687
214.562
219.496
223.273
225.642
226.387
225.263
221.989
216.271
207.765
196.116
180.941
161.85
138.474
110.433
77.3999
38.9191
-5.08489
-53.4211
-103.972
-146.493
79.4307
73.501
73.483
71.1958
70.4313
70.1096
70.3303
71.1528
72.6655
74.744
77.3916
80.6132
84.3896
88.7164
93.5673
98.9127
104.725
110.965
117.571
124.468
131.575
139.029
146.695
154.285
161.708
168.944
175.967
182.567
188.552
193.816
198.199
201.493
203.468
203.925
202.622
199.299
193.725
185.614
174.659
160.56
143.017
121.72
96.404
66.8147
32.7021
-6.2183
-49.9502
-97.0688
-144.114
-179.942
72.5947
66.0842
65.998
63.6045
62.8428
62.5831
62.9231
63.7994
65.3066
67.4164
70.0948
73.3192
77.0734
81.3488
86.1099
91.3262
96.9665
102.982
109.32
115.93
122.762
129.621
136.51
143.396
150.24
156.764
162.778
168.279
173.128
177.096
180.018
181.73
182.032
180.697
177.511
172.247
164.661
154.517
141.569
125.594
106.374
83.7044
57.4219
27.3476
-6.72134
-45.0057
-87.1537
-131.85
-174.691
-202.795
64.3149
57.6582
57.3129
54.8541
54.1887
53.9688
54.2614
55.1672
56.6847
58.7812
61.3968
64.5343
68.1861
72.3154
76.8892
81.8869
87.2652
92.9802
98.9672
105.155
111.463
117.907
124.351
130.589
136.499
142.127
147.348
151.879
155.551
158.264
159.871
160.171
158.952
156.048
151.265
144.373
135.199
123.56
109.263
92.1403
72.0674
48.9282
22.6423
-6.87083
-39.7775
-76.3901
-116.335
-157.772
-195.641
-216.002
54.662
47.9524
47.3995
44.8162
44.2256
43.9902
44.3341
45.2091
46.5996
48.5786
51.0846
54.0748
57.5354
61.4366
65.762
70.4734
75.5265
80.8724
86.4612
92.2324
98.1529
104.027
109.714
115.284
120.659
125.529
129.724
133.243
135.94
137.583
137.997
137.046
134.582
130.413
124.378
116.337
106.122
93.5948
78.633
61.1451
41.0541
18.3171
-7.08028
-35.1903
-66.1111
-100.034
-137.118
-174.973
-208.029
-222.243
42.8458
36.6993
36.0108
33.4383
32.853
32.5562
32.8364
33.6767
35.0262
36.8366
39.1314
41.8852
45.0723
48.689
52.6915
57.047
61.7191
66.6575
71.814
77.0972
82.394
87.7564
93.1121
98.1157
102.637
106.725
110.252
112.957
114.684
115.35
114.839
112.968
109.557
104.509
97.699
88.9819
78.2743
65.4951
50.5638
33.4213
14.0512
-7.54814
-31.3396
-57.2923
-85.5441
-116.373
-149.516
-183.283
-212.494
-223.599
29.2478
23.75
23.0886
20.5603
19.9739
19.6304
19.7918
20.5035
21.6829
23.3053
25.358
27.8158
30.694
33.9707
37.6077
41.5887
45.8634
50.3843
55.1076
59.9963
64.9675
69.7881
74.3687
78.7917
82.9294
86.459
89.2166
91.2066
92.3138
92.3437
91.1374
88.6002
84.6482
79.1385
71.9816
63.1236
52.4871
40.0189
25.6932
9.5114
-8.52251
-28.3734
-49.9747
-73.2749
-98.2038
-125.267
-153.568
-181.772
-205.573
-216.228
13.9325
8.89264
8.43748
6.12923
5.60272
5.12708
5.16777
5.68576
6.63212
7.99407
9.73182
11.8459
14.3634
17.245
20.4863
24.0594
27.9245
32.041
36.346
40.7656
45.219
49.701
54.1159
58.1654
61.6814
64.7156
67.168
68.786
69.4152
69.0022
67.4771
64.71
60.5621
55.0028
47.9723
39.4026
29.2857
17.6208
4.41035
-10.3309
-26.5528
-44.1904
-63.1337
-83.2239
-104.681
-127.122
-149.435
-169.402
-183.006
-192.175
-2.81552
-7.39685
-7.7423
-9.85315
-10.3461
-10.9419
-11.0791
-10.8418
-10.2365
-9.26734
-7.90643
-6.15124
-4.0524
-1.58333
1.25802
4.42982
7.91181
11.6693
15.6426
19.7844
24.0306
28.1701
32.0775
35.8292
39.3308
42.2634
44.4235
45.8465
46.4448
46.0443
44.5132
41.7872
37.8583
32.6369
26.0845
18.2116
9.01748
-1.47979
-13.239
-26.1898
-40.2591
-55.3396
-71.2534
-87.9549
-105.238
-122.348
-138.107
-149.848
-154.174
-158.712
-21.2026
-25.1878
-25.3236
-27.1775
-27.7358
-28.4842
-28.8917
-28.9656
-28.7222
-28.1859
-27.3324
-26.0915
-24.4622
-22.4442
-20.0634
-17.3095
-14.1972
-10.7712
-7.08029
-3.2009
0.782329
4.83607
8.90687
12.703
16.0211
18.9385
21.3863
23.0738
23.8495
23.6827
22.5264
20.3004
16.8887
12.3144
6.58543
-0.308222
-8.32519
-17.4025
-27.4605
-38.4201
-50.1649
-62.5436
-75.3506
-88.5801
-101.527
-113.34
-123.052
-129.488
-133.496
-135.02
-40.8406
-44.0119
-44.0394
-45.8361
-46.4797
-47.4909
-48.2131
-48.7078
-48.9805
-48.9703
-48.6642
-47.988
-46.9255
-45.4311
-43.5071
-41.148
-38.3773
-35.224
-31.7184
-27.9119
-23.8459
-19.7278
-15.7448
-11.7969
-7.95678
-4.54312
-1.78801
0.360298
1.79368
2.33841
1.87839
0.34681
-2.20844
-5.83256
-10.5346
-16.2486
-22.9059
-30.4287
-38.7336
-47.6943
-57.1678
-66.9574
-76.8737
-86.6977
-95.9705
-103.948
-109.791
-112.863
-117.014
-117.797
-61.7013
-63.6764
-63.5949
-65.3174
-66.1182
-67.5089
-68.688
-69.7119
-70.5614
-71.162
-71.5392
-71.574
-71.1708
-70.2966
-68.9221
-67.035
-64.6357
-61.725
-58.3458
-54.5604
-50.4791
-46.121
-41.5104
-36.9218
-32.6406
-28.6182
-24.9229
-21.8357
-19.5199
-18.053
-17.5014
-17.9066
-19.3909
-21.9173
-25.4112
-29.8301
-35.0982
-41.1122
-47.7281
-54.8255
-62.2763
-69.7844
-77.2701
-84.5443
-91.0768
-96.1755
-99.336
-102.38
-104.015
-105.052
-82.5784
-83.6254
-83.4854
-85.2725
-86.3764
-88.2356
-89.9928
-91.7398
-93.3989
-94.8668
-96.0154
-96.8672
-97.2463
-97.0848
-96.3276
-94.9404
-92.9061
-90.2232
-86.904
-82.9848
-78.5006
-73.6416
-68.6451
-63.4843
-58.1468
-52.9473
-48.1492
-43.8516
-40.2105
-37.3653
-35.4546
-34.6311
-34.8243
-36.0357
-38.2661
-41.4176
-45.3627
-49.9652
-55.1303
-60.7708
-66.4321
-72.0107
-77.6436
-82.9451
-87.5178
-90.8475
-92.8979
-94.8845
-96.0149
-96.6753
-103.107
-102.945
-103.088
-104.983
-106.543
-109.04
-111.581
-114.204
-116.838
-119.293
-121.42
-123.303
-124.667
-125.424
-125.484
-124.768
-123.225
-120.835
-117.602
-113.547
-108.786
-103.383
-97.3267
-90.8276
-84.3199
-77.9083
-71.6396
-65.7208
-60.3646
-55.8593
-52.355
-49.8667
-48.5568
-48.4317
-49.3748
-51.2781
-54.0249
-57.5305
-61.7098
-66.0094
-70.1171
-74.3714
-78.5458
-82.2011
-85.0474
-87.0824
-89.2514
-90.1766
-91.0296
-91.3288
-122.351
-121.337
-121.658
-123.934
-126.116
-129.487
-133.006
-136.723
-140.589
-144.433
-147.891
-150.87
-153.456
-155.354
-156.385
-156.469
-155.536
-153.541
-150.435
-146.184
-140.83
-134.568
-127.706
-120.319
-112.329
-103.956
-95.6342
-87.6973
-80.3993
-73.8205
-68.193
-63.8754
-60.8832
-59.1979
-58.8002
-59.5865
-61.4276
-64.1435
-67.3813
-70.6562
-74.0684
-77.4909
-80.2696
-82.1514
-83.4204
-84.8987
-86.1057
-87.0727
-87.7982
-87.9452
-139.139
-137.475
-138.595
-141.394
-144.376
-148.746
-153.435
-158.555
-163.844
-169.153
-174.315
-178.882
-182.851
-186.182
-188.6
-189.844
-189.808
-188.434
-185.657
-181.45
-175.836
-168.915
-160.696
-151.345
-141.417
-131.277
-120.977
-110.656
-100.649
-91.4877
-83.5427
-76.8804
-71.7739
-68.3847
-66.6364
-66.3843
-67.4356
-69.5443
-72.3289
-75.5509
-78.76
-81.2538
-82.4547
-82.9816
-83.1256
-83.6219
-84.4842
-85.4202
-86.092
-86.2673
-152.435
-150.876
-153.06
-156.583
-160.644
-166.375
-172.46
-179.134
-186.221
-193.418
-200.459
-207.111
-213.029
-218.074
-222.115
-224.837
-226.023
-225.554
-223.341
-219.27
-213.205
-205.295
-196.104
-185.717
-173.962
-161.198
-147.899
-134.659
-121.884
-109.759
-98.6095
-89.0793
-81.4981
-76.0115
-72.6223
-71.232
-71.6557
-73.656
-77.012
-80.727
-83.7863
-85.208
-85.4179
-84.8867
-84.5316
-84.3189
-84.6011
-85.1346
-85.5508
-85.777
-162.453
-161.838
-164.765
-169.044
-174.349
-181.455
-189.112
-197.674
-206.667
-215.96
-225.35
-234.411
-242.746
-250.046
-256.165
-260.924
-263.892
-264.817
-263.601
-260.172
-254.395
-246.171
-235.649
-223.087
-208.865
-193.671
-177.726
-161.282
-144.739
-128.761
-114.083
-101.046
-90.1573
-81.8407
-76.4038
-73.7425
-73.7776
-76.1683
-80.317
-84.7897
-88.0646
-89.4178
-89.2157
-88.4049
-87.4208
-86.4375
-85.626
-85.0932
-84.8765
-84.9703
-167.534
-169.066
-172.895
-178.373
-184.98
-193.667
-203.034
-213.573
-224.88
-236.552
-248.401
-260.227
-271.552
-281.865
-290.743
-297.955
-303.24
-306.141
-306.441
-303.998
-298.594
-289.972
-278.519
-264.788
-248.821
-230.765
-211.169
-190.714
-170.138
-150.006
-130.73
-113.12
-97.9735
-86.0683
-77.7212
-73.035
-72.0946
-74.8304
-80.4035
-86.5969
-91.0221
-92.9564
-92.8843
-91.7509
-89.8529
-87.7407
-85.7313
-84.2036
-83.3995
-83.1337
-167.861
-171.864
-176.989
-184.062
-192.011
-202.445
-213.461
-226.127
-239.704
-254.04
-268.818
-283.675
-298.282
-312.097
-324.505
-334.966
-343.241
-348.947
-351.613
-350.92
-346.743
-338.98
-327.356
-311.89
-293.234
-272.106
-249.11
-224.73
-199.458
-173.946
-149.242
-126.228
-105.872
-88.9053
-76.0615
-68.0326
-65.5211
-69.0791
-76.7864
-84.8981
-90.8584
-93.7326
-94.0662
-92.6862
-90.1806
-87.3222
-84.6012
-82.3285
-80.9139
-80.0921
-163.44
-170.717
-176.824
-185.624
-195.276
-207.372
-220.106
-234.969
-251.058
-268.04
-285.837
-304.125
-322.436
-340.22
-356.821
-371.521
-383.686
-393.016
-398.872
-400.802
-398.394
-391.489
-379.852
-363.827
-344.003
-320.274
-293.429
-264.243
-233.469
-202.258
-171.382
-141.778
-114.493
-90.8795
-72.1899
-59.5578
-55.1911
-59.0973
-68.2909
-78.2192
-86.3375
-90.9146
-92.484
-92.04
-90.306
-87.5761
-84.4097
-81.6243
-79.7008
-78.3112
-156.184
-165.826
-172.882
-183.213
-194.464
-207.876
-222.554
-239.547
-257.9
-277.772
-298.813
-320.631
-342.894
-365.067
-386.415
-406.106
-423.207
-436.953
-447.029
-452.744
-453.489
-448.916
-438.75
-422.903
-401.291
-374.747
-344.158
-310.343
-274.261
-236.601
-198.329
-160.635
-125.499
-94.4053
-68.1499
-49.6833
-42.2356
-45.6346
-55.5137
-67.9465
-78.8055
-87.7253
-93.0662
-95.0927
-94.5366
-92.0756
-88.5564
-84.9927
-82.4598
-80.7379
-146.174
-158.049
-165.772
-177.406
-189.77
-204.405
-220.892
-239.637
-260.234
-282.802
-307.047
-332.605
-359.086
-385.954
-412.496
-437.798
-460.764
-480.397
-495.831
-506.439
-511.677
-510.271
-501.976
-486.925
-465.179
-437.156
-403.561
-365.177
-322.929
-277.79
-231.692
-185.923
-142.221
-101.469
-66.1541
-42.821
-32.0641
-33.5802
-43.6923
-59.0646
-74.5465
-87.3517
-96.1692
-100.711
-101.532
-99.5563
-95.819
-91.7888
-88.8894
-87.2343
-135.746
-147.897
-156.278
-168.579
-181.611
-197.201
-214.919
-235.182
-257.79
-282.911
-310.201
-339.372
-370.123
-401.921
-434.03
-465.472
-495.041
-521.443
-543.657
-560.544
-571.322
-575.149
-571.087
-558.388
-537.228
-507.979
-471.579
-428.678
-380.697
-329.357
-275.485
-220.249
-165.188
-114.317
-74.2836
-46.4422
-32.9019
-29.8655
-37.9223
-53.4386
-71.35
-87.2207
-98.3522
-104.158
-105.783
-104.418
-101.391
-97.5955
-95.306
-94.4641
-125.377
-136.359
-145.324
-157.901
-171.219
-187.257
-205.574
-226.884
-251.01
-278.159
-308.08
-340.62
-375.54
-412.375
-450.369
-488.455
-525.231
-559.234
-589.259
-614.046
-632.204
-642.842
-643.898
-634.571
-615.529
-586.754
-549.023
-503.713
-451.282
-392.844
-330.368
-263.647
-199.034
-140.189
-94.4066
-63.6478
-46.7134
-41.8256
-46.6302
-57.6279
-72.1334
-86.1894
-96.7134
-102.65
-104.531
-104.042
-102.141
-99.9382
-98.7113
-98.5834
-120.374
-124.027
-133.773
-145.835
-159.164
-175.346
-193.75
-215.587
-240.713
-269.111
-300.975
-336.251
-374.886
-416.711
-460.824
-505.678
-550.266
-592.396
-631.297
-665.375
-692.426
-711.289
-720.177
-717.162
-702.222
-675.104
-636.426
-588.012
-532.776
-464.672
-391.541
-315.079
-242.161
-179.813
-129.85
-94.1338
-72.6576
-63.4901
-62.9774
-68.6444
-78.0587
-88.2408
-96.5061
-101.078
-102.336
-101.691
-100.469
-99.7155
-99.6197
-100.235
-133.823
-114.478
-122.874
-134.195
-147.407
-163.288
-181.499
-203.077
-228.553
-257.686
-290.797
-328.225
-369.738
-415.843
-465.603
-516.533
-568.763
-619.767
-668.311
-712.471
-749.482
-778.577
-796.909
-800.54
-791.591
-769.826
-732.876
-682.085
-623.53
-550.925
-463.366
-381.254
-304.247
-236.434
-180.209
-139.141
-110.249
-93.3158
-85.9439
-85.0193
-88.6211
-93.607
-98.2033
-100.737
-101.084
-100.226
-99.4676
-99.5688
-100.227
-101.128
24.6448
19.6121
17.2306
15.7488
15.0136
14.6914
14.5287
14.5945
14.9676
15.7211
16.8359
18.2572
20.0167
22.1175
24.5306
27.2521
30.2959
33.6729
37.4207
41.5002
45.872
50.4991
55.371
60.4828
65.7156
71.0417
76.3846
81.6117
86.5818
91.2058
95.3281
98.7923
101.46
103.035
103.179
101.62
98.0122
91.9668
83.0777
70.8879
54.9317
34.6045
9.41049
-21.5042
-58.7946
-103.272
-155.057
-214.934
-285.602
-356.818
20.9482
15.1845
13.2373
11.2024
9.91526
9.00718
8.39603
8.08369
8.12576
8.49416
9.2122
10.2227
11.5401
13.1748
15.0971
17.3188
19.8304
22.6358
25.7684
29.1935
32.8528
36.7406
40.6913
44.763
48.9674
53.2137
57.3309
61.2228
64.8112
67.9525
70.4097
72.0168
72.6633
72.068
69.8904
65.8085
59.4795
50.509
38.4691
22.9072
3.31016
-20.9419
-50.4055
-85.7202
-127.694
-177.091
-233.981
-298.634
-372.587
-445.326
15.3119
8.97196
7.69942
5.21102
3.58723
2.26835
1.30323
0.635592
0.35887
0.435551
0.769779
1.39947
2.35108
3.56528
5.04941
6.81294
8.83755
11.1167
13.6566
16.4424
19.4117
22.5173
25.6666
28.8294
32.0329
35.1501
38.0293
40.5645
42.6466
44.1541
44.8464
44.5024
42.9821
40.0271
35.3088
28.5099
19.2667
7.19081
-8.1429
-27.2129
-50.5215
-78.6622
-112.2
-151.695
-197.795
-251.24
-312.136
-379.909
-454.118
-524.196
8.47523
1.46089
0.65789
-2.2896
-4.20567
-5.7782
-7.03516
-7.91681
-8.44987
-8.70102
-8.6776
-8.35287
-7.7675
-6.92957
-5.84084
-4.51917
-2.96845
-1.20706
0.741649
2.86782
5.13334
7.48765
9.82995
12.0819
14.2008
16.137
17.7431
18.8697
19.3855
19.1562
17.9867
15.6343
11.8764
6.46711
-0.867144
-10.4559
-22.6569
-37.8716
-56.5145
-79.0224
-105.883
-137.599
-174.677
-217.62
-266.908
-323.214
-386.593
-455.569
-528.265
-593.422
0.618198
-7.04348
-7.77652
-11.1588
-13.2158
-15.0009
-16.4699
-17.6158
-18.406
-18.9225
-19.1887
-19.2047
-18.9856
-18.5316
-17.8699
-17.0086
-15.9658
-14.7671
-13.4531
-12.046
-10.5678
-9.06363
-7.64923
-6.40419
-5.36376
-4.62883
-4.33035
-4.62872
-5.68554
-7.64936
-10.706
-15.0957
-21.0499
-28.8315
-38.7292
-51.0345
-66.0991
-84.2871
-105.979
-131.586
-161.507
-196.162
-235.964
-281.31
-332.561
-390.227
-454.257
-522.909
-592.893
-651.47
-8.30703
-16.6554
-17.6397
-21.3943
-23.5229
-25.4671
-27.1244
-28.4991
-29.6119
-30.4375
-31.0172
-31.3965
-31.5811
-31.5759
-31.4017
-31.075
-30.6189
-30.0604
-29.4453
-28.8137
-28.1887
-27.5988
-27.094
-26.8486
-26.9783
-27.5308
-28.589
-30.3288
-32.9545
-36.625
-41.518
-47.8624
-55.915
-65.9398
-78.197
-92.9797
-110.586
-131.352
-155.611
-183.688
-215.921
-252.616
-294.071
-340.601
-392.481
-450.061
-513.314
-580.4
-646.354
-696.804
-19.0714
-27.6298
-28.7735
-32.8273
-35.0263
-37.1028
-39.0183
-40.6693
-42.0503
-43.2293
-44.2322
-45.0491
-45.7158
-46.2467
-46.662
-46.9711
-47.1975
-47.3672
-47.525
-47.7283
-47.9921
-48.3704
-48.9467
-49.8313
-51.078
-52.8182
-55.2147
-58.4126
-62.5641
-67.8481
-74.4524
-82.6224
-92.5852
-104.587
-118.894
-135.749
-155.427
-178.193
-204.313
-234.065
-267.681
-305.385
-347.389
-393.91
-445.202
-501.571
-562.642
-626.601
-687.464
-728.396
-31.4416
-39.8822
-41.1741
-45.4711
-47.72
-50.0771
-52.2031
-54.1082
-55.8992
-57.519
-58.9709
-60.3398
-61.5973
-62.7689
-63.8686
-64.9068
-65.9087
-66.901
-67.9124
-69.0062
-70.2126
-71.5745
-73.1602
-75.0939
-77.5108
-80.5093
-84.1978
-88.7448
-94.3226
-101.109
-109.291
-119.058
-130.65
-144.295
-160.208
-178.617
-199.736
-223.791
-250.999
-281.538
-315.589
-353.286
-394.752
-440.146
-489.695
-543.791
-602.034
-661.861
-716.363
-747.214
-45.7913
-53.4662
-54.8833
-59.2315
-61.6161
-64.2467
-66.6545
-68.9403
-71.1177
-73.2212
-75.2951
-77.2942
-79.2466
-81.158
-83.0383
-84.9055
-86.7703
-88.651
-90.5776
-92.6029
-94.7724
-97.1316
-99.8024
-102.863
-106.368
-110.467
-115.348
-121.151
-128.005
-136.061
-145.519
-156.593
-169.452
-184.285
-201.297
-220.671
-242.588
-267.21
-294.683
-325.157
-358.733
-395.49
-435.503
-478.873
-525.785
-576.612
-631.224
-686.217
-733.749
-755.182
-61.3772
-68.263
-69.7338
-74.1386
-76.6443
-79.5498
-82.3662
-85.0516
-87.7656
-90.4696
-93.1826
-95.9323
-98.6784
-101.424
-104.187
-106.956
-109.743
-112.571
-115.463
-118.458
-121.6
-124.949
-128.585
-132.614
-137.182
-142.382
-148.304
-155.101
-162.961
-172.062
-182.535
-194.519
-208.2
-223.75
-241.321
-261.062
-283.103
-307.568
-334.575
-364.199
-396.507
-431.533
-469.282
-509.803
-553.267
-600.048
-649.971
-699.946
-741.882
-757.023
-78.2257
-84.2398
-85.6589
-89.9831
-92.6061
-95.8736
-99.1234
-102.374
-105.646
-109.046
-112.544
-116.09
-119.706
-123.379
-127.084
-130.821
-134.604
-138.434
-142.323
-146.306
-150.415
-154.718
-159.325
-164.325
-169.777
-175.792
-182.547
-190.193
-198.807
-208.52
-219.542
-232.028
-246.093
-261.851
-279.436
-298.969
-320.545
-344.245
-370.118
-398.223
-428.58
-461.189
-496.049
-533.116
-572.381
-614.473
-658.474
-702.201
-738.759
-752.763
-95.546
-101.057
-102.342
-106.565
-109.371
-113.068
-116.774
-120.649
-124.719
-128.896
-133.205
-137.669
-142.245
-146.895
-151.604
-156.375
-161.183
-166.024
-170.915
-175.888
-180.961
-186.186
-191.639
-197.392
-203.565
-210.285
-217.627
-225.69
-234.697
-244.781
-256.018
-268.545
-282.488
-297.969
-315.075
-333.882
-354.452
-376.822
-401.032
-427.077
-454.94
-484.586
-515.942
-548.928
-583.675
-620.094
-656.68
-691.024
-716.902
-730.49
-113.368
-118.082
-119.397
-123.535
-126.63
-130.726
-135.018
-139.591
-144.406
-149.486
-154.805
-160.28
-165.896
-171.607
-177.4
-183.257
-189.135
-195.038
-200.961
-206.904
-212.877
-218.905
-225.099
-231.533
-238.28
-245.397
-253.037
-261.366
-270.413
-280.336
-291.319
-303.461
-316.868
-331.622
-347.791
-365.429
-384.565
-405.215
-427.346
-450.928
-475.899
-502.159
-529.573
-557.91
-587.804
-617.718
-645.583
-667.519
-678.455
-688.281
-131.273
-135.056
-136.38
-140.572
-143.954
-148.629
-153.518
-158.831
-164.575
-170.668
-177.049
-183.66
-190.432
-197.332
-204.314
-211.314
-218.323
-225.3
-232.218
-239.093
-245.935
-252.775
-259.614
-266.499
-273.517
-280.822
-288.499
-296.611
-305.374
-314.886
-325.242
-336.595
-349.034
-362.644
-377.492
-393.601
-410.97
-429.561
-449.343
-470.232
-492.1
-514.777
-537.964
-561.853
-585.845
-608.634
-628.398
-642.119
-647.024
-650.584
-148.414
-151.367
-152.779
-157.142
-160.838
-166.099
-171.754
-177.936
-184.654
-191.901
-199.465
-207.318
-215.4
-223.623
-231.904
-240.165
-248.348
-256.423
-264.366
-272.168
-279.849
-287.336
-294.697
-301.975
-309.225
-316.497
-323.89
-331.583
-339.654
-348.273
-357.609
-367.756
-378.85
-390.992
-404.21
-418.517
-433.895
-450.298
-467.627
-485.764
-504.551
-523.714
-543.183
-562.727
-581.476
-598.27
-611.193
-618.786
-626.057
-627.275
-164.18
-166.159
-167.977
-172.537
-176.797
-182.776
-189.207
-196.398
-204.214
-212.557
-221.37
-230.565
-240.02
-249.638
-259.328
-269.011
-278.579
-287.972
-297.142
-306.001
-314.517
-322.69
-330.531
-338.015
-345.183
-352.166
-359.096
-366.028
-373.136
-380.586
-388.518
-397.137
-406.568
-416.899
-428.234
-440.574
-453.869
-468.024
-482.943
-498.497
-514.522
-530.776
-546.997
-562.669
-577.179
-589.548
-598.277
-602.345
-605.828
-607.803
-177.601
-179.256
-181.329
-186.206
-191.033
-197.813
-205.23
-213.489
-222.518
-232.197
-242.459
-253.127
-264.125
-275.336
-286.616
-297.89
-309.027
-319.873
-330.321
-340.304
-349.71
-358.569
-366.858
-374.561
-381.725
-388.375
-394.553
-400.461
-406.274
-412.156
-418.354
-425.032
-432.406
-440.684
-449.923
-460.153
-471.332
-483.37
-496.137
-509.508
-523.274
-537.021
-550.447
-563.087
-574.23
-582.741
-587.701
-592.4
-593.188
-594.987
-188.768
-189.533
-192.311
-197.627
-203.171
-210.831
-219.213
-228.686
-239.081
-250.24
-262.07
-274.431
-287.198
-300.206
-313.31
-326.341
-339.156
-351.6
-363.504
-374.771
-385.316
-395.074
-403.941
-411.836
-418.784
-424.897
-430.297
-435.065
-439.362
-443.447
-447.529
-451.943
-456.979
-462.824
-469.708
-477.713
-486.81
-496.89
-507.844
-519.53
-531.355
-542.937
-554.166
-564.365
-572.494
-577.688
-581.185
-583.366
-584.61
-585.632
-196.126
-197.053
-200.354
-206.25
-212.506
-221.222
-230.694
-241.398
-253.226
-265.966
-279.473
-293.658
-308.312
-323.287
-338.417
-353.458
-368.238
-382.604
-396.346
-409.291
-421.238
-432.058
-441.648
-449.981
-457.044
-462.798
-467.302
-470.72
-473.286
-475.226
-476.899
-478.627
-480.776
-483.81
-487.992
-493.516
-500.451
-508.754
-518.413
-528.676
-538.832
-548.899
-558.292
-566.09
-571.386
-574.202
-576.328
-577.542
-578.72
-579.255
-198.971
-201.133
-204.98
-211.772
-218.78
-228.592
-239.075
-251.174
-264.464
-278.813
-294.112
-310.213
-326.929
-344.09
-361.487
-378.887
-396.03
-412.685
-428.607
-443.533
-457.238
-469.495
-480.179
-489.269
-496.522
-501.955
-505.691
-507.893
-508.676
-508.325
-507.196
-505.767
-504.638
-504.275
-505.186
-507.755
-512.252
-518.977
-527.271
-536.237
-545.666
-554.864
-562.479
-567.607
-570.248
-572.067
-572.762
-573.732
-574.692
-575.092
-197.639
-201.598
-206.121
-213.953
-221.658
-232.685
-244.138
-257.533
-272.311
-288.348
-305.496
-323.645
-342.614
-362.183
-382.101
-402.126
-421.95
-441.234
-459.689
-477.004
-492.919
-507.146
-519.493
-529.696
-537.633
-543.305
-546.664
-547.659
-546.586
-543.766
-539.577
-534.587
-529.389
-524.835
-521.701
-520.536
-521.747
-526.16
-533.005
-541.879
-551.789
-560.385
-566.175
-568.893
-570.208
-570.506
-570.835
-571.321
-571.887
-572.225
-192.061
-198.633
-203.92
-212.679
-221.326
-233.317
-245.672
-260.43
-276.611
-294.222
-313.237
-333.486
-354.799
-376.934
-399.594
-422.489
-445.296
-467.637
-489.156
-509.477
-528.202
-544.976
-559.503
-571.406
-580.593
-586.86
-590.049
-590.351
-587.765
-582.526
-575.098
-566.006
-556.137
-546.489
-538.099
-531.835
-528.556
-529.684
-535.356
-544.885
-555.556
-564.126
-568.988
-570.771
-570.684
-570.275
-569.769
-569.456
-569.351
-569.434
-183.403
-192.24
-198.185
-207.961
-217.754
-230.525
-243.78
-259.642
-277.031
-296.165
-316.953
-339.245
-362.876
-387.622
-413.188
-439.221
-465.36
-491.192
-516.277
-540.148
-562.321
-582.376
-599.832
-614.275
-625.456
-633.069
-636.982
-637.056
-633.256
-625.815
-615.065
-601.721
-586.523
-570.56
-555.373
-542.349
-532.999
-529.3
-532.803
-542.529
-554.793
-564.963
-570.239
-571.801
-571.176
-569.792
-568.307
-567.112
-566.455
-566.186
-171.568
-182.974
-189.373
-200.255
-210.895
-224.24
-238.537
-255.376
-273.696
-294.112
-316.471
-340.659
-366.538
-393.907
-422.473
-451.861
-481.644
-511.361
-540.491
-568.494
-594.796
-618.817
-640.023
-657.879
-671.929
-681.709
-686.975
-687.547
-683.384
-674.353
-660.811
-643.122
-622.13
-599.251
-575.865
-553.745
-535.33
-524.136
-523.815
-533.259
-547.717
-560.334
-567.749
-569.842
-569.421
-567.818
-565.955
-564.279
-563.249
-562.572
-158.014
-171.258
-177.891
-189.763
-201.123
-215.024
-229.991
-247.5
-266.727
-288.23
-311.899
-337.756
-365.705
-395.542
-427.037
-459.824
-493.432
-527.332
-560.919
-593.578
-624.684
-653.513
-679.333
-701.558
-719.452
-732.497
-740.369
-742.681
-738.99
-729.239
-713.298
-691.685
-665.39
-635.056
-601.88
-568.239
-537.63
-516.252
-509.636
-516.517
-532.062
-548.711
-559.376
-565.04
-567.162
-566.891
-565.155
-563.402
-562.167
-561.087
-143.069
-157.739
-164.88
-177.33
-188.895
-203.011
-218.548
-236.493
-256.39
-278.736
-303.382
-330.606
-360.34
-392.451
-426.715
-462.8
-500.262
-538.531
-576.919
-614.733
-651.23
-685.601
-717.025
-744.664
-767.587
-785.135
-796.599
-801.409
-799.503
-790.358
-773.786
-749.531
-717.708
-679.684
-636.999
-591.02
-545.961
-510.997
-494.135
-495.424
-511.172
-531.728
-550.993
-563.931
-570.2
-571.182
-569.395
-567.117
-565.4
-564.032
-128.666
-143.063
-150.797
-163.175
-174.959
-189.123
-204.701
-222.719
-242.868
-265.779
-291.194
-319.478
-350.632
-384.693
-421.416
-460.541
-501.701
-544.378
-587.847
-631.214
-673.645
-714.289
-752.147
-786.182
-815.392
-838.708
-855.177
-864.404
-865.684
-858.37
-842.245
-816.477
-781.523
-737.671
-685.559
-625.85
-564.739
-516.3
-488.743
-482.965
-493.448
-519.743
-545.354
-565.597
-576.384
-578.921
-577.002
-574.576
-572.756
-571.473
-115.826
-127.797
-136.586
-148.469
-159.97
-173.936
-189.256
-207.007
-226.963
-249.926
-275.815
-304.731
-336.828
-372.466
-411.376
-453.296
-497.934
-544.873
-593.447
-642.609
-691.343
-738.753
-783.806
-825.312
-861.929
-892.356
-915.419
-930.238
-935.929
-932.146
-918.164
-894.478
-858.948
-810.365
-748.231
-675.816
-603.455
-543.286
-504.262
-488.427
-494.726
-516.563
-543.311
-566.927
-580.52
-584.272
-582.902
-580.858
-579.603
-578.847
-108.411
-112.759
-122.612
-133.631
-144.918
-158.393
-173.192
-190.219
-209.498
-232.048
-257.863
-287.068
-319.699
-356.494
-397.167
-441.578
-489.382
-540.211
-593.776
-648.783
-704.037
-758.594
-811.458
-861.247
-906.23
-945.039
-976.255
-998.315
-1010.71
-1012.63
-1002.78
-981.01
-947.891
-893.077
-822.894
-741.801
-665.821
-598.087
-547.628
-522.694
-517.981
-528.779
-548.041
-568.23
-582.044
-587.259
-586.839
-585.372
-584.941
-584.863
-122.126
-101.666
-109.828
-119.629
-130.657
-143.409
-157.416
-173.575
-192.003
-213.771
-239.002
-268.009
-300.841
-338.243
-380.223
-426.712
-477.41
-531.747
-589.642
-650.332
-712.295
-774.2
-835.131
-893.156
-946.733
-994.53
-1035.77
-1066.9
-1087.66
-1096.85
-1091.76
-1070.03
-1037.38
-985.655
-908.399
-828.914
-748.726
-677.453
-624.124
-587
-567.578
-562.868
-568.577
-578.452
-586.306
-589.449
-589.41
-588.721
-588.954
-589.611
-101.997
-87.5999
-96.8792
-107.023
-118.464
-130.823
-143.607
-158.723
-176.224
-197.211
-221.939
-250.977
-284.567
-322.672
-365.972
-414.798
-469.302
-528.709
-591.674
-658.622
-728.801
-800.471
-871.192
-938.762
-1002.27
-1059.32
-1108.91
-1150.01
-1179.84
-1198.13
-1200.35
-1187.61
-1141.73
-1073.45
-995.643
-912.191
-831.316
-761.772
-704.09
-660.302
-630.79
-613.726
-604.819
-600.122
-596.985
-593.602
-591.039
-591.756
-592.864
-594.266
-89.0547
-86.6654
-92.6941
-101.214
-112.084
-124.208
-137.605
-153.626
-172.125
-194.818
-221.959
-253.589
-290.056
-332.315
-380.755
-435.393
-496.344
-562.831
-634.098
-708.677
-786.324
-866.461
-946.648
-1023.72
-1094.54
-1158.85
-1213.87
-1258.15
-1289.11
-1303.68
-1294.37
-1254.65
-1198.35
-1128.96
-1052.22
-970.877
-893.033
-823.936
-767.685
-722.096
-687.442
-661.596
-642.597
-627.625
-615.063
-604.82
-598.447
-596.965
-598.857
-600.844
-79.5917
-84.9162
-90.9493
-98.9954
-109.486
-121.941
-137.102
-154.98
-176.162
-201.505
-231.714
-267.967
-310.414
-359.848
-416.332
-479.702
-549.294
-624.664
-704.691
-789.129
-876.986
-966.49
-1054.78
-1137.83
-1213.26
-1280.23
-1338.77
-1380.31
-1401.75
-1395.57
-1367.32
-1321.36
-1261.95
-1192.89
-1117.23
-1040.53
-967.557
-898.1
-837.111
-784.899
-741.995
-707.558
-679.63
-656.888
-637.696
-621.988
-610.901
-605.776
-608.193
-610.306
-72.3627
-79.7416
-86.878
-95.582
-106.228
-119.26
-135.366
-154.76
-178.588
-206.913
-241.116
-282.492
-331.769
-389.487
-454.929
-527.967
-608.103
-694.896
-787.529
-885.033
-985.256
-1084.8
-1180.03
-1267.43
-1346.56
-1417.99
-1473.31
-1501.87
-1503.41
-1485.18
-1449.91
-1400.18
-1338.8
-1270.31
-1195.99
-1119.01
-1043.2
-970.279
-902.623
-843.501
-792.167
-749.781
-714.729
-686.043
-662.427
-643.121
-628.602
-620.424
-618.964
-622.621
-64.0624
-71.826
-79.6434
-88.9552
-99.6027
-113.183
-130.016
-150.605
-176.277
-207.409
-246.421
-293.823
-350.768
-416.981
-492.626
-577.136
-670.458
-771.798
-879.833
-992.001
-1104.13
-1212.07
-1314.08
-1409.88
-1494.3
-1560
-1597.74
-1611.17
-1603.07
-1577.4
-1536.86
-1483.69
-1419.24
-1349.02
-1273.49
-1193.53
-1112.95
-1035.23
-960.985
-894.464
-836.011
-786.559
-745.812
-712.787
-686.255
-665.129
-649.002
-638.581
-634.162
-641.151
-54.5575
-61.4011
-68.7309
-77.809
-88.859
-102.495
-119.423
-141.104
-168.422
-203.134
-247.076
-301.083
-366.531
-443.118
-530.754
-630.032
-739.553
-857.571
-981.662
-1107.41
-1231
-1349.08
-1461.03
-1562.24
-1637.39
-1684.42
-1708.98
-1712.33
-1696.3
-1663.86
-1616.77
-1559.52
-1493.12
-1418.15
-1338.82
-1255.3
-1169.98
-1086.59
-1006.99
-934.029
-869.811
-815.205
-770.322
-734.489
-706.32
-684.439
-667.989
-657.577
-654.319
-659.984
-42.4527
-48.1348
-54.5159
-62.0256
-72.6207
-86.2898
-103.718
-126.404
-155.042
-192.782
-242.184
-304.014
-379.539
-469.311
-572.725
-689.123
-817.297
-952.638
-1092.52
-1232.91
-1370.64
-1500.51
-1612.1
-1697.72
-1756.94
-1792.02
-1806.42
-1800.14
-1775.01
-1736.05
-1683.32
-1620.21
-1549.42
-1470.39
-1386.46
-1298.95
-1209.55
-1121.16
-1036.76
-959.033
-890.464
-832.343
-785.006
-747.79
-719.251
-697.855
-682.459
-673.493
-671.084
-673.917
-27.7346
-31.316
-36.0804
-42.2025
-51.264
-63.5396
-79.9756
-102.742
-133.522
-175.86
-231.432
-302.491
-390.885
-496.467
-617.916
-753.415
-903.624
-1057.29
-1215.82
-1373.06
-1518.14
-1641.6
-1736.97
-1807.17
-1854.31
-1879.12
-1883.2
-1868.1
-1834.14
-1787.59
-1729.97
-1660.48
-1583.95
-1501.26
-1413.25
-1321.6
-1228.22
-1135.82
-1047.47
-966.205
-894.892
-834.873
-786.649
-749.407
-721.646
-701.822
-688.745
-681.713
-680.371
-682.141
-9.20718
-10.0345
-12.5201
-16.5221
-22.4769
-31.9931
-47.0169
-68.6855
-100.396
-146.931
-209.932
-292.41
-395.845
-521.165
-664.975
-824.013
-998.194
-1175.14
-1347.69
-1506.1
-1638.97
-1748.13
-1830.87
-1889.77
-1927.34
-1940.72
-1934.35
-1910.57
-1870.15
-1815.65
-1750.83
-1677.05
-1595.59
-1508.42
-1416.7
-1321.24
-1223.92
-1127.9
-1036.41
-953.024
-880.707
-820.664
-773.158
-737.164
-711.167
-693.374
-683.076
-678.732
-679.078
-681.417
12.4783
15.0484
16.7191
16.6809
15.067
10.1218
-1.27067
-21.0129
-53.5749
-103.582
-175.487
-272.007
-394.085
-543.687
-716.73
-904.148
-1095.83
-1285.44
-1454
-1601.37
-1726.34
-1821.86
-1893.86
-1943.4
-1970.07
-1973.99
-1958.57
-1925.98
-1877.6
-1816.7
-1747.14
-1667.82
-1581.94
-1490.73
-1394.69
-1295.12
-1194.08
-1094.94
-1001.7
-918.137
-846.873
-788.939
-743.982
-710.847
-687.616
-672.594
-664.242
-661.732
-664.731
-668.085
38.2214
45.1684
53.3744
60.237
64.7173
65.9704
60.7435
44.165
11.4438
-43.4958
-126.996
-242.535
-389.358
-566.589
-766.057
-972.47
-1173.19
-1359.42
-1524.91
-1662.82
-1775.48
-1864.55
-1925.82
-1963.98
-1982.25
-1976.03
-1952.25
-1911.75
-1857.27
-1791.22
-1715.71
-1632.03
-1541.66
-1445.44
-1344.41
-1240.43
-1136.22
-1035.79
-943.38
-862.428
-794.86
-741.408
-701.049
-671.835
-651.753
-639.04
-632.56
-631.736
-636.584
-640.722
66.8895
81.58
97.4267
112.342
125.945
136.918
139.997
126.457
91.6601
25.7153
-75.189
-215.349
-390.004
-591.463
-807.318
-1021.3
-1225.36
-1408.38
-1564.64
-1697.18
-1799.77
-1877.16
-1929.21
-1956.82
-1963.35
-1948.69
-1916.55
-1869.37
-1809.01
-1737.69
-1657.2
-1568.51
-1472.23
-1369.69
-1263.33
-1155.91
-1050.96
-952.702
-864.917
-790.199
-729.659
-682.736
-647.815
-622.754
-605.554
-594.775
-589.639
-589.756
-594.572
-599.988
103.778
128.283
153.399
178.134
201.392
220.016
228.677
208.043
158.616
73.8659
-35.7251
-197.999
-398.502
-613.804
-840.934
-1059.69
-1262.08
-1438.69
-1586.59
-1707.85
-1800.7
-1866.26
-1906.54
-1923.56
-1920.53
-1899.14
-1859.4
-1803.71
-1735.21
-1656.11
-1568.27
-1472.09
-1368.79
-1260.65
-1151.25
-1044.45
-943.908
-853.061
-774.483
-709.487
-657.844
-618.189
-588.498
-566.816
-551.635
-542.069
-537.606
-537.959
-542.637
-547.687
135.415
159.946
188.734
216.72
240.963
253.475
255.704
219.826
149.837
44.5673
-96.7066
-272.148
-478.237
-696.224
-916.44
-1123.28
-1309.06
-1468.87
-1599.17
-1700.71
-1776.32
-1825.5
-1850.7
-1854.59
-1839.05
-1806.08
-1757.47
-1695.77
-1621.17
-1533.17
-1435.98
-1332.21
-1226.1
-1120.34
-1016.97
-918.716
-828.919
-750.002
-683.149
-628.466
-585.125
-551.52
-525.832
-506.608
-492.948
-484.315
-480.271
-480.379
-484.212
-487.796
155.85
188.249
216.894
236.044
244.612
236.362
209.103
143.374
42.9293
-86.5294
-249.058
-436.819
-650.988
-871.442
-1079.63
-1262.72
-1418.38
-1545.67
-1643.16
-1712.87
-1758.29
-1782.32
-1784.1
-1765.95
-1730.62
-1680.09
-1616.57
-1542.28
-1459.15
-1370.26
-1274.84
-1174.92
-1074.48
-976.429
-883.355
-797.451
-720.607
-653.98
-597.856
-551.788
-514.781
-485.544
-462.828
-445.686
-433.458
-425.59
-421.538
-420.926
-423.431
-426.266
164.339
181.659
198.731
209.322
208.894
186.902
134.467
42.2322
-85.0412
-247.315
-440.935
-659.702
-888.925
-1112.2
-1302.05
-1455.9
-1576.69
-1664.54
-1721.56
-1753.93
-1763.29
-1753.67
-1727.92
-1686.4
-1631.24
-1564.84
-1488.88
-1405.71
-1317.22
-1224.42
-1128.64
-1033.15
-939.237
-849.6
-767.175
-692.378
-626.14
-569.031
-520.965
-481.311
-449.048
-423.133
-402.733
-387.2
-375.97
-368.507
-364.353
-363.271
-364.997
-367.193
118.059
133.886
145.52
148.247
134.336
97.3629
29.1202
-80.7878
-232.197
-418.841
-638.824
-886.127
-1144.2
-1361.99
-1535.7
-1668.67
-1758.61
-1806.29
-1823.18
-1816.64
-1790.92
-1747.61
-1690.25
-1625.02
-1553.52
-1473.01
-1384.81
-1292.93
-1198.79
-1103.6
-1009.08
-917.324
-829.84
-748.098
-672.617
-605.147
-546.108
-495.816
-453.317
-417.915
-388.885
-365.522
-347.156
-333.113
-322.804
-315.836
-311.989
-311.121
-312.729
-314.67
74.2337
79.1597
79.8304
72.2029
50.502
8.09518
-67.2209
-183.16
-344.035
-544.56
-783.937
-1055.71
-1336.53
-1564.41
-1732.86
-1847.92
-1911.51
-1939.77
-1938.15
-1905.09
-1850.11
-1776.11
-1689.09
-1598.4
-1505.19
-1408.39
-1308.54
-1207.91
-1108.16
-1010.48
-916.311
-826.853
-743.095
-665.932
-595.98
-533.853
-479.707
-433.13
-394.153
-361.986
-335.899
-314.97
-298.431
-285.654
-276.234
-269.894
-266.373
-265.398
-266.53
-268.238
36.8972
33.7481
26.0891
10.3172
-17.7632
-62.5968
-134.896
-248.361
-406.321
-604.707
-847.672
-1125.81
-1414.34
-1660.59
-1840.53
-1952.79
-2019.96
-2037.52
-2019.54
-1973.42
-1904.31
-1817.03
-1715.83
-1605.59
-1489.54
-1374.01
-1261.28
-1150.98
-1043.69
-941.295
-844.914
-755.097
-672.469
-597.786
-531.26
-472.684
-421.889
-378.708
-342.836
-313.541
-289.823
-270.988
-256.291
-245.077
-236.825
-231.121
-227.555
-225.896
-226.028
-226.812
6.92839
-1.11453
-13.9787
-34.7833
-66.3481
-111.711
-180.047
-282.625
-419.483
-599.237
-831.376
-1096.9
-1380.04
-1644.1
-1848.58
-1981.76
-2053.59
-2079.39
-2067.75
-2018.81
-1943.19
-1849.1
-1738.95
-1619.04
-1493.61
-1366.94
-1241.53
-1119.54
-1003.43
-895.283
-794.574
-701.799
-618.321
-544.52
-479.671
-423.172
-374.741
-334.035
-300.471
-273.253
-251.537
-234.533
-221.421
-211.462
-204.121
-199.256
-196.261
-194.992
-195.162
-195.741
-18.4987
-29.1648
-44.5751
-67.1289
-98.9448
-142.453
-205.001
-292.676
-408.194
-560.535
-757.387
-991.632
-1252.83
-1518.03
-1751.44
-1915.38
-2015.71
-2061.67
-2064.5
-2025.51
-1954.58
-1864.23
-1754.84
-1630.23
-1501.56
-1369.88
-1236.59
-1106.12
-982.951
-868.433
-762.355
-665.523
-579.921
-505.517
-440.86
-385.141
-338.011
-298.915
-267.005
-241.423
-221.412
-206.094
-194.537
-185.986
-179.862
-175.519
-172.966
-171.931
-172.017
-172.365
-41.127
-52.3427
-68.8241
-91.4666
-121.362
-161.655
-216.618
-290.136
-385.037
-507.497
-667.055
-867.781
-1094.6
-1327.23
-1552.89
-1754.73
-1898.54
-1975.89
-2003.55
-1983.73
-1930.9
-1850.65
-1747.3
-1628.52
-1502.58
-1369.45
-1233.23
-1099.53
-971.907
-852.163
-741.701
-641.569
-553.691
-477.978
-412.611
-356.83
-310.316
-272.121
-241.193
-216.734
-197.956
-183.863
-173.466
-165.971
-160.772
-157.389
-155.504
-154.777
-154.96
-155.376
-57.3615
-69.4332
-85.3287
-106.747
-134.809
-172.51
-221.807
-283.921
-361.081
-458.826
-585.51
-748.23
-938.466
-1139.26
-1337.37
-1526.72
-1694.2
-1820.77
-1879.9
-1891.75
-1862.92
-1800.92
-1712.28
-1604.78
-1485.79
-1356.17
-1222.39
-1089.99
-960.768
-838.537
-725.403
-623.74
-534.453
-457.294
-391.325
-335.567
-289.445
-251.886
-221.729
-198.175
-180.343
-167.12
-157.542
-150.844
-146.41
-143.737
-142.42
-142.141
-142.609
-143.132
-68.2144
-81.249
-96.9268
-116.503
-141.911
-175.443
-219.293
-274.243
-339.67
-418.637
-517.478
-643.748
-798.537
-969.567
-1141.3
-1305.47
-1460.11
-1597.55
-1699.34
-1748.18
-1748.83
-1712.77
-1643.44
-1554.37
-1446
-1325.81
-1198.97
-1070.3
-943.263
-821.478
-708.364
-606.58
-516.787
-439.244
-373.181
-317.945
-272.398
-235.501
-206.27
-183.694
-166.708
-154.243
-145.359
-139.297
-135.43
-133.243
-132.318
-132.322
-132.932
-133.823
-76.5626
-89.4585
-104.693
-123.179
-146.129
-175.533
-212.519
-259.398
-316.458
-383.975
-464.601
-562.033
-681.453
-820.902
-969.03
-1113.17
-1247.51
-1371.2
-1479.9
-1558.41
-1594.53
-1584.68
-1543.31
-1472.24
-1382.25
-1276.03
-1158.9
-1037.28
-915.319
-797.064
-686.494
-586.142
-496.78
-420.051
-355.048
-300.755
-256.376
-220.818
-192.924
-171.571
-155.578
-143.881
-135.625
-130.076
-126.614
-124.738
-124.04
-124.212
-124.924
-126.221
-83.4673
-95.4684
-109.527
-126.207
-146.239
-172.109
-203.892
-243.17
-291.447
-349.188
-417.906
-498.217
-591.183
-698.675
-819.649
-944.507
-1062.91
-1173.05
-1271.75
-1355.39
-1412.19
-1434.63
-1415.59
-1368.42
-1295.96
-1204.66
-1101.29
-990.38
-875.723
-762.958
-657.001
-559.139
-472.349
-397.496
-334.05
-281.709
-239.264
-205.74
-179.921
-160.254
-145.637
-135.008
-127.492
-122.424
-119.262
-117.554
-116.966
-117.258
-118.118
-119.451
-88.5333
-99.7967
-111.369
-125.778
-143.017
-165.191
-193.086
-226.505
-266.832
-314.633
-371.791
-439.888
-517.273
-603.484
-697.691
-798.012
-901.806
-1000.01
-1090.77
-1170.48
-1234.14
-1271.99
-1279.31
-1253.06
-1199.68
-1124.27
-1032.72
-932.915
-826.584
-721.813
-619.172
-525.705
-441.704
-369.554
-308.822
-259.073
-219.613
-188.913
-165.691
-148.489
-135.898
-126.788
-120.302
-115.828
-112.952
-111.366
-110.902
-111.323
-112.321
-113.58
-92.8907
-101.937
-110.884
-122.99
-138.004
-156.185
-179.972
-209.222
-243.636
-283.484
-329.753
-384.816
-449.88
-523.133
-600.198
-681.829
-767.065
-852.018
-933.757
-1007.38
-1071.65
-1118.06
-1141.12
-1135.04
-1103.69
-1043.99
-968.351
-875.852
-777.273
-675.977
-579.155
-488.742
-407.264
-337.641
-279.188
-232.679
-196.543
-169.327
-149.532
-135.504
-125.696
-118.776
-113.77
-110.149
-107.65
-106.22
-105.953
-106.64
-107.865
-108.828
-99.9292
-100.92
-108.896
-120.202
-134.508
-150.928
-170.864
-194.944
-223.157
-257.202
-296.928
-342.643
-395.496
-455.61
-522.364
-593.57
-665.314
-738.106
-808.189
-873.179
-931.485
-978.508
-1009.75
-1019.1
-1005.71
-972.666
-913.577
-830.266
-738.428
-642.151
-548.047
-454.234
-371.852
-302.318
-246.904
-203.107
-170.176
-146.767
-130.843
-120.745
-114.564
-110.621
-107.775
-105.485
-103.604
-102.34
-102.211
-103.11
-104.162
-105.036
-112.573
-100.829
-110.971
-123.065
-136.925
-152.847
-171.179
-192.723
-217.617
-247.183
-282.325
-322.666
-368.072
-418.947
-475.431
-535.561
-597.52
-660.18
-719.584
-775.223
-823.163
-862.386
-890.36
-904.344
-901.259
-883.826
-844.619
-791.513
-710.157
-621.509
-529.089
-437.867
-354.854
-281.802
-221.97
-176.145
-143.472
-122.211
-110.022
-104.044
-102.231
-102.192
-102.448
-102.061
-101.044
-100.028
-99.7602
-100.574
-101.637
-102.474
24.7782
21.5992
20.1215
19.4741
19.3681
19.5388
19.8398
20.3443
21.1442
22.3215
23.8621
25.7806
28.0762
30.7264
33.7025
37.0101
40.6689
44.7001
49.1302
53.9216
59.0614
64.5699
70.5346
76.687
82.9103
89.2528
95.7375
102.18
108.443
114.445
120.084
125.232
129.672
133.133
135.363
136.086
134.963
131.622
125.668
116.676
104.181
87.6764
66.594
40.1985
7.85488
-31.1255
-77.2541
-131.599
-195.424
-258.919
24.1809
23.7171
23.7052
24.089
24.7578
25.6129
26.5901
27.7249
29.0809
30.7606
32.8134
35.2545
38.0839
41.281
44.8462
48.7973
53.1447
57.9109
63.1034
68.6951
74.6966
81.1116
87.9039
94.9798
102.276
109.752
117.358
124.991
132.555
139.954
147.086
153.811
159.932
165.239
169.508
172.46
173.781
173.125
170.116
164.34
155.351
142.665
125.73
103.952
76.7256
43.4123
3.37445
-44.4587
-100.905
-155.713
25.7902
26.8337
28.107
29.4815
30.9407
32.4928
34.1202
35.8423
37.7447
39.9484
42.5193
45.5074
48.9196
52.7385
56.9704
61.6338
66.7354
72.2943
78.3044
84.7627
91.6726
99.0078
106.739
114.83
123.222
131.851
140.644
149.545
158.473
167.333
175.998
184.332
192.184
199.376
205.691
210.883
214.667
216.726
216.704
214.207
208.794
199.997
187.338
170.308
148.368
120.892
87.2309
46.7478
-1.01391
-46.3504
29.3054
31.2044
33.4135
35.6661
37.8891
40.0865
42.2908
44.5774
47.0368
49.7768
52.8924
56.4556
60.4768
64.9552
69.8891
75.2899
81.1728
87.5511
94.4199
101.787
109.636
117.948
126.703
135.864
145.384
155.205
165.267
175.521
185.887
196.267
206.539
216.577
226.245
235.387
243.825
251.336
257.667
262.518
265.543
266.345
264.505
259.617
251.276
239.016
222.339
200.69
173.582
140.355
100.62
65.3043
34.3756
36.834
39.6717
42.6433
45.5613
48.3593
51.0847
53.8765
56.8744
60.1832
63.8981
68.073
72.7342
77.8885
83.5391
89.698
96.3892
103.616
111.382
119.687
128.51
137.844
147.661
157.933
168.628
179.696
191.095
202.759
214.616
226.566
238.506
250.321
261.882
273.064
283.71
293.625
302.57
310.25
316.322
320.419
322.186
321.271
317.294
309.83
298.427
282.588
261.831
235.809
204.343
177.457
40.7891
43.6233
46.9317
50.4181
53.8861
57.2007
60.4295
63.7433
67.3
71.2048
75.5313
80.3258
85.6317
91.4666
97.8458
104.79
112.313
120.419
129.107
138.366
148.186
158.561
169.468
180.895
192.81
205.177
217.948
231.06
244.437
258.002
271.661
285.312
298.853
312.158
325.084
337.449
349.02
359.507
368.591
375.957
381.281
384.243
384.49
381.61
375.168
364.72
349.95
330.418
305.985
286.511
48.4273
51.4707
55.0798
58.919
62.794
66.5524
70.2699
74.1117
78.224
82.711
87.6248
93.0358
98.987
105.518
112.647
120.388
128.754
137.744
147.356
157.577
168.407
179.84
191.868
204.477
217.637
231.316
245.465
260.028
274.948
290.151
305.564
321.099
336.652
352.1
367.305
382.089
396.223
409.439
421.464
432.013
440.809
447.556
451.887
453.395
451.674
446.343
437.037
423.525
405.9
392.574
57.135
60.2144
63.9625
67.9892
72.1255
76.262
80.4501
84.8113
89.4804
94.529
100.035
106.062
112.674
119.907
127.785
136.32
145.518
155.384
165.913
177.099
188.944
201.443
214.592
228.374
242.765
257.738
273.251
289.267
305.732
322.589
339.768
357.178
374.718
392.268
409.692
426.817
443.431
459.305
474.19
487.83
499.953
510.216
518.234
523.624
526.005
524.997
520.394
511.946
499.681
491.132
66.6389
69.6276
73.337
77.4177
81.7147
86.1731
90.7986
95.6587
100.854
106.453
112.537
119.171
126.421
134.331
142.928
152.227
162.232
172.95
184.373
196.504
209.339
222.876
237.114
252.039
267.638
283.883
300.748
318.197
336.183
354.651
373.524
392.718
412.135
431.668
451.19
470.536
489.517
507.915
525.492
541.986
557.091
570.462
581.761
590.645
596.743
599.766
599.466
595.659
588.531
583.803
76.5791
79.3679
82.9281
86.9856
91.3766
96.0717
101.058
106.381
112.077
118.215
124.852
132.059
139.913
148.469
157.761
167.795
178.579
190.113
202.4
215.436
229.222
243.758
259.044
275.072
291.832
309.299
327.452
346.248
365.648
385.592
406.015
426.844
448.001
469.392
490.894
512.347
533.562
554.32
574.373
593.437
611.191
627.297
641.41
653.165
662.264
668.443
671.475
671.128
667.531
665.368
86.5748
89.082
92.436
96.3974
100.829
105.701
110.986
116.703
122.858
129.488
136.637
144.388
152.811
161.972
171.901
182.61
194.105
206.388
219.46
233.324
247.979
263.43
279.671
296.704
314.515
333.087
352.392
372.397
393.063
414.343
436.188
458.533
481.313
504.43
527.753
551.109
574.294
597.073
619.178
640.316
660.171
678.424
694.76
708.926
720.739
730.01
736.394
739.513
739.431
739.274
96.2228
98.4064
101.512
105.336
109.771
114.761
120.291
126.332
132.879
139.938
147.554
155.791
164.726
174.418
184.906
196.211
208.338
221.289
235.064
249.667
265.101
281.366
298.463
316.389
335.134
354.681
375.006
396.08
417.867
440.332
463.436
487.133
511.342
535.945
560.791
585.692
610.438
634.793
658.507
681.312
702.938
723.113
741.579
758.069
772.264
783.704
791.893
796.615
798.117
798.948
105.12
106.951
109.81
113.488
117.886
122.948
128.654
134.959
141.825
149.239
157.242
165.892
175.259
185.401
196.365
208.171
220.828
234.336
248.698
263.919
279.999
296.941
314.743
333.4
352.903
373.235
394.375
416.299
438.98
462.395
486.516
511.287
536.614
562.368
588.386
614.48
640.445
666.059
691.089
715.288
738.4
760.155
780.242
798.293
813.9
826.758
836.846
844.168
848.516
851.331
112.883
114.408
116.994
120.526
124.875
129.983
135.813
142.31
149.406
157.083
165.376
174.345
184.049
194.546
205.877
218.069
231.132
245.069
259.884
275.578
292.155
309.615
327.955
347.168
367.242
388.16
409.906
432.461
455.815
479.956
504.851
530.434
556.6
583.21
610.103
637.096
663.994
690.587
716.646
741.924
766.147
789.026
810.257
829.53
846.515
860.777
871.701
878.699
882.166
884.026
119.199
120.478
122.843
126.193
130.462
135.599
141.527
148.143
155.38
163.222
171.704
180.881
190.809
201.543
213.122
225.574
238.91
253.136
268.254
284.265
301.17
318.97
337.659
357.227
377.661
398.945
421.064
444.01
467.782
492.37
517.734
543.801
570.459
597.567
624.964
652.472
679.897
707.03
733.645
759.487
784.275
807.686
829.363
848.931
866.029
880.387
891.877
900.525
906.239
909.786
123.85
124.939
127.108
130.315
134.526
139.676
145.641
152.296
159.576
167.478
176.035
185.302
195.337
206.189
217.893
230.473
243.939
258.299
273.556
289.712
306.766
324.717
343.558
363.277
383.862
405.297
427.566
450.663
474.587
499.329
524.852
551.078
577.898
605.17
632.732
660.405
687.994
715.286
742.049
768.03
792.954
816.519
838.4
858.267
875.802
890.698
902.663
911.425
916.893
920.142
126.688
127.697
129.721
132.795
136.967
142.133
148.096
154.718
161.944
169.788
178.295
187.528
197.548
208.397
220.1
232.673
246.126
260.467
275.702
291.832
308.856
326.769
345.565
365.234
385.762
407.134
429.331
452.337
476.144
500.746
526.109
552.167
578.813
605.91
633.294
660.782
688.175
715.252
741.775
767.488
792.124
815.413
837.099
856.911
874.542
889.598
901.59
909.976
914.778
917.43
127.767
128.696
130.673
133.739
137.885
142.981
148.86
155.377
162.469
170.156
178.507
187.599
197.491
208.218
219.796
232.235
245.542
259.725
274.787
290.731
307.556
325.255
343.821
363.246
383.514
404.611
426.515
449.2
472.643
496.829
521.731
547.292
573.419
599.979
626.812
653.736
680.547
707.019
732.905
757.94
781.842
804.325
825.099
843.863
860.331
874.315
885.802
894.789
900.828
904.441
127.164
128.197
130.196
133.211
137.257
142.259
148.033
154.396
161.276
168.713
176.813
185.663
195.326
205.822
217.163
229.35
242.388
256.281
271.034
286.648
303.12
320.447
338.618
357.625
377.453
398.086
419.497
441.658
464.533
488.092
512.303
537.117
562.453
588.191
614.181
640.244
666.181
691.768
716.762
740.89
763.863
785.374
805.129
822.863
838.342
851.222
861.018
867.412
870.531
871.954
125.254
126.404
128.396
131.365
135.338
140.234
145.838
151.957
158.53
165.64
173.408
181.941
191.284
201.46
212.466
224.303
236.97
250.466
264.797
279.962
295.957
312.774
330.403
348.832
368.048
388.03
408.751
430.178
452.272
474.989
498.278
522.085
546.342
570.944
595.754
620.603
645.299
669.633
693.369
716.241
737.949
758.165
776.538
792.716
806.412
817.485
825.755
830.925
832.909
833.739
122.246
123.535
125.561
128.495
132.37
137.1
142.462
148.258
154.458
161.179
168.567
176.722
185.68
195.455
206.041
217.44
229.644
242.654
256.473
271.1
286.526
302.741
319.731
337.48
355.972
375.185
395.091
415.654
436.83
458.563
480.794
503.461
526.491
549.786
573.208
596.59
619.738
642.446
664.494
685.636
705.596
724.053
740.674
755.077
766.831
775.564
781.105
783.34
782.324
781.114
118.427
119.948
122.02
124.852
128.56
133.073
138.142
143.558
149.333
155.617
162.58
170.304
178.83
188.147
198.26
209.151
220.823
233.27
246.497
260.5
275.27
290.793
307.051
324.027
341.693
360.026
378.992
398.556
418.672
439.285
460.329
481.731
503.407
525.262
547.16
568.924
590.348
611.207
631.277
650.322
668.084
684.248
698.468
710.429
719.788
726.163
729.208
728.717
724.738
721.167
113.96
115.84
118.061
120.728
124.18
128.4
133.112
138.108
143.427
149.254
155.749
163.002
171.038
179.857
189.447
199.793
210.892
222.744
235.342
248.685
262.756
277.545
293.028
309.183
325.983
343.393
361.374
379.878
398.856
418.247
437.982
457.988
478.176
498.451
518.681
538.687
558.251
577.128
595.062
611.808
627.125
640.74
652.288
661.37
667.624
670.69
670.29
666.108
658.076
651.484
109.488
111.461
113.787
116.326
119.491
123.34
127.61
132.134
136.981
142.344
148.363
155.118
162.631
170.909
179.93
189.686
200.169
211.384
223.323
235.976
249.323
263.344
278.02
293.318
309.217
325.675
342.649
360.081
377.905
396.05
414.441
432.997
451.634
470.25
488.714
506.844
524.419
541.183
556.857
571.151
583.793
594.528
603.065
609.023
611.984
611.554
607.373
599.167
586.827
576.097
105.499
107.219
109.409
111.823
114.698
118.095
121.845
125.861
130.23
135.115
140.644
146.889
153.874
161.596
170.037
179.186
189.036
199.595
210.858
222.811
235.433
248.691
262.556
276.997
291.982
307.476
323.426
339.774
356.441
373.345
390.4
407.513
424.596
441.547
458.226
474.442
489.958
504.517
517.839
529.62
539.532
547.261
552.501
554.894
554.04
549.515
540.968
527.96
510.308
494.852
102.093
103.497
105.31
107.454
109.944
112.81
116
119.501
123.387
127.779
132.794
138.509
144.949
152.102
159.952
168.486
177.701
187.597
198.175
209.424
221.321
233.828
246.898
260.502
274.597
289.146
304.094
319.375
334.907
350.595
366.347
382.062
397.639
412.959
427.87
442.177
455.63
467.948
478.841
488.006
495.108
499.796
501.717
500.491
495.697
486.876
473.602
455.55
432.49
411.361
99.3721
100.388
101.709
103.346
105.293
107.579
110.207
113.189
116.576
120.477
124.991
130.183
136.072
142.647
149.9
157.822
166.409
175.657
185.565
196.122
207.302
219.064
231.368
244.156
257.398
271.036
285.023
299.278
313.715
328.238
342.739
357.124
371.275
385.044
398.252
410.695
422.122
432.241
440.736
447.282
451.53
453.095
451.589
446.603
437.688
424.341
406.111
382.454
353.113
325.84
97.6306
97.9466
98.5234
99.4841
100.816
102.538
104.599
107.002
109.858
113.275
117.313
122.001
127.346
133.346
140.002
147.315
155.287
163.912
173.178
183.066
193.552
204.6
216.168
228.195
240.611
253.387
266.468
279.757
293.158
306.579
319.91
333.037
345.836
358.138
369.727
380.376
389.832
397.799
403.945
407.928
409.384
407.912
403.073
394.406
381.429
363.583
340.333
311.168
275.776
241.091
97.3538
96.2549
95.7994
95.971
96.6543
97.7523
99.2067
101.067
103.424
106.362
109.926
114.114
118.93
124.382
130.465
137.19
144.561
152.578
161.219
170.443
180.242
190.605
201.516
212.852
224.505
236.474
248.698
261.088
273.526
285.912
298.159
310.124
321.646
332.548
342.6
351.544
359.116
365.005
368.865
370.337
369.042
364.562
356.444
344.172
327.203
304.952
276.85
242.074
200.251
159.05
98.7337
95.2775
93.6187
92.9425
92.9551
93.4384
94.3068
95.6167
97.4817
99.9652
103.054
106.758
111.091
116.058
121.638
127.839
134.668
142.121
150.188
158.808
167.951
177.631
187.966
198.683
209.618
220.846
232.313
243.856
255.385
266.811
278.015
288.85
299.14
308.673
317.195
324.455
330.164
334.003
335.619
334.641
330.685
323.304
312.024
296.319
275.541
249.087
216.512
176.872
129.834
82.9557
-56.5111
-67.8467
-66.1758
-61.692
-54.7784
-46.172
-35.6461
-23.0205
-6.30643
13.9173
35.2683
54.9311
82.5198
116.154
123.751
144.061
100.591
69.0989
38.7802
13.357
-9.24845
-31.0688
-46.4417
-56.2523
-64.6069
-72.2062
-76.7075
-79.2707
-80.0349
-70.2014
-38.5123
-50.9379
-52.4457
-50.4738
-45.3127
-37.5891
-28.4438
-16.6268
-2.40691
14.9714
32.5049
48.77
67.7303
95.2836
98.0169
120.2
84.2879
63.4256
38.238
17.6085
-2.13567
-21.8776
-36.2974
-45.6431
-53.8773
-61.4464
-65.2258
-65.9416
-64.4944
-52.675
-37.3328
-40.8039
-41.4212
-40.3705
-36.3585
-29.4123
-21.2859
-10.8013
0.916505
15.4216
30.3984
45.6027
57.3611
77.8606
79.553
96.6362
72.3509
57.368
36.7352
20.0719
3.07378
-13.9303
-27.3396
-36.5326
-44.4453
-51.3847
-54.6421
-54.7778
-54.3702
-50.8797
-36.3997
-35.1983
-33.3005
-32.028
-28.4932
-22.4859
-15.1467
-6.23712
3.95719
16.0427
28.7107
41.9269
49.9945
64.6319
65.1688
77.9855
64.1343
51.2794
35.4077
21.3024
7.01184
-7.50836
-19.6549
-28.4445
-35.8709
-42.104
-45.3421
-45.982
-47.9258
-49.1107
-33.3734
-30.8721
-27.6574
-25.5398
-22.0787
-16.8734
-10.1505
-2.47832
6.51689
16.1613
26.5861
37.0672
44.0085
54.6686
55.6107
62.3611
57.8588
45.4889
33.8502
21.2628
9.79623
-2.76353
-13.4269
-21.4665
-28.2989
-33.9703
-37.4987
-39.3376
-42.6501
-45.2101
-28.5444
-26.6846
-23.3512
-20.5726
-16.9374
-12.2077
-6.20027
0.341221
8.06872
15.7998
24.3799
32.6755
38.2883
46.6631
48.3958
52.3017
49.7375
40.2416
31.2093
20.2074
11.3523
0.433234
-8.63951
-15.8716
-22.1417
-27.3448
-31.2278
-33.9939
-37.5429
-39.4413
-23.3134
-22.5056
-19.5686
-16.6475
-12.9628
-8.5369
-3.27639
2.10435
8.66732
15.2304
22.0513
28.7426
33.4217
39.924
42.4144
44.667
42.4035
35.0588
27.4118
18.5208
11.6287
2.17714
-5.21995
-11.5974
-17.3725
-22.3106
-26.3018
-29.3175
-32.5078
-33.2877
-18.5434
-18.3839
-16.1102
-13.3942
-9.95295
-5.923
-1.33656
3.08915
8.61179
14.3785
19.6338
25.1392
29.1316
33.9602
37.5778
38.0916
35.867
29.7953
23.7646
16.642
10.993
2.74695
-3.14949
-8.62383
-13.752
-18.3537
-22.161
-25.0464
-27.5508
-27.6781
-14.4047
-14.5518
-12.9672
-10.6781
-7.68461
-4.18494
-0.188218
3.59685
8.17381
13.2579
17.3467
21.8407
25.4738
28.8665
33.155
32.1406
29.8473
25.0777
20.5313
14.8672
9.93937
2.7681
-2.01705
-6.75835
-11.1653
-15.1753
-18.5438
-21.0249
-22.8165
-22.7493
-11.1887
-11.2682
-10.2352
-8.51774
-6.06327
-3.05956
0.479133
3.84534
7.57876
11.9474
15.2534
18.8718
22.1064
24.4461
28.8431
26.8214
24.4408
21.0039
17.6642
12.9092
8.80724
2.75177
-1.15371
-5.44515
-9.32477
-12.7196
-15.5136
-17.3423
-18.5805
-18.6491
-8.94499
-8.77894
-7.974
-6.70938
-4.73422
-2.19121
0.866497
3.81656
6.82085
10.4904
13.3035
16.1835
19.1328
20.553
25.0556
22.113
19.6348
17.5102
15.0043
10.9132
7.60218
2.57038
-0.485161
-4.33014
-7.7335
-10.578
-12.9171
-14.194
-15.1778
-15.4764
-7.28045
-6.92388
-6.06522
-5.05981
-3.45503
-1.41872
1.02584
3.49965
5.90487
8.9726
11.5353
13.7823
16.5559
17.3281
21.7304
17.8853
15.4459
14.3616
12.4646
9.03856
6.43237
2.09899
-0.227899
-3.48305
-6.27867
-8.50678
-10.475
-11.4389
-12.4973
-12.9348
-5.89333
-5.31693
-4.45819
-3.66174
-2.44343
-0.902398
1.01165
3.07563
5.05112
7.6224
9.97677
11.5345
14.0854
14.4409
18.5158
14.2113
11.8435
11.6466
10.1728
7.40004
5.42947
1.61763
-0.143631
-2.8987
-5.09342
-6.70674
-8.32972
-9.07088
-10.1212
-10.7308
-4.63574
-4.14314
-3.30828
-2.65366
-1.72715
-0.563699
0.997382
2.73468
4.35398
6.41441
8.45949
9.40721
11.8155
11.7791
15.4696
11.1309
8.84167
9.26031
8.18578
6.01677
4.52966
1.37319
0.0612286
-2.36115
-4.06875
-5.31652
-6.70615
-7.38222
-8.27018
-8.6993
-3.73198
-3.38875
-2.70777
-2.07144
-1.1307
-0.197336
1.07069
2.4419
3.70107
5.24928
7.04572
7.54756
9.63253
9.27459
12.6101
8.42854
6.49265
7.10813
6.42626
4.75539
3.70488
1.15994
0.270224
-1.75851
-3.13787
-4.19936
-5.51815
-6.07408
-6.73476
-7.10083
-2.95935
-2.9605
-2.39826
-1.75997
-0.721153
0.100476
1.15463
2.16112
3.11188
4.20664
5.76219
5.85975
7.67126
7.08427
9.83802
6.08551
4.91711
5.2908
5.16013
3.39206
3.07212
0.944595
0.360202
-1.18331
-2.31011
-3.17179
-4.41412
-4.85227
-5.4939
-5.60491
-2.24546
-2.38607
-1.86776
-1.47711
-0.539367
0.120054
1.01101
1.76762
2.53018
3.25645
4.50397
4.38406
5.78818
5.35658
7.264
3.77595
3.94798
3.71498
3.97994
2.46072
2.41317
0.793282
0.339754
-0.786067
-1.67734
-2.32824
-3.34366
-3.65069
-4.3388
-4.15387
-1.64754
-1.59312
-1.10297
-1.00163
-0.345029
-0.00622582
0.763873
1.32041
1.91813
2.38423
3.33631
3.08045
4.00633
3.98022
4.94147
2.40417
2.83872
2.59273
2.92221
1.61878
1.75532
0.608647
0.273698
-0.572501
-1.30028
-1.56844
-2.25731
-2.43455
-3.04211
-3.02748
-0.645242
-0.719811
-0.421102
-0.459858
-0.107408
-0.0105284
0.500954
0.797606
1.17717
1.40494
2.12394
1.83894
2.36483
2.53766
2.78163
1.16891
1.88005
1.56034
1.79137
0.935625
1.12077
0.307797
0.228075
-0.322995
-0.86021
-0.897882
-1.37651
-1.38386
-1.58894
-1.49012
-0.130987
-0.153092
-0.111895
-0.147176
0.000149027
-0.00351489
0.161953
0.214675
0.35716
0.374512
0.707013
0.699755
0.839871
0.837124
0.958011
0.333244
0.459283
0.305577
0.530785
0.285461
0.387287
-0.0414972
0.0585367
-0.125825
-0.39067
-0.348473
-0.514367
-0.470952
-0.460304
-0.440922
)
;

boundaryField
{
    INLET
    {
        type            zeroGradient;
    }
    OUTLET
    {
        type            fixedValue;
        value           uniform 0;
    }
    WALL
    {
        type            zeroGradient;
    }
    CYLINDER
    {
        type            zeroGradient;
    }
    frontAndBackPlanes
    {
        type            empty;
    }
}


// ************************************************************************* //
