/*--------------------------------*- C++ -*----------------------------------*\
| =========                 |                                                 |
| \\      /  F ield         | OpenFOAM: The Open Source CFD Toolbox           |
|  \\    /   O peration     | Version:  v1912                                 |
|   \\  /    A nd           | Website:  www.openfoam.com                      |
|    \\/     M anipulation  |                                                 |
\*---------------------------------------------------------------------------*/
FoamFile
{
    version     2.0;
    format      ascii;
    class       volScalarField;
    location    "0.3";
    object      p;
}
// * * * * * * * * * * * * * * * * * * * * * * * * * * * * * * * * * * * * * //

dimensions      [0 2 -2 0 0 0 0];


internalField   nonuniform List<scalar> 
6600
(
66.0781
61.3897
59.0769
57.5807
56.6577
56.0906
55.5299
55.0375
54.739
54.6268
54.6575
54.8404
55.1296
55.4358
55.7753
56.1674
56.611
57.1363
57.5503
57.8258
58.5886
59.3344
59.7093
59.8566
60.0026
60.0944
59.9894
59.5115
58.6864
57.4312
55.5807
52.9546
49.3627
44.5868
38.3735
30.4255
20.3806
7.80582
-7.74376
-26.7702
-49.8146
-77.4965
-110.344
-149.483
-195.467
-249.181
-310.909
-381.051
-462.824
-551.194
62.8981
57.7591
55.9813
54.1559
52.7676
51.7496
50.8465
50.0656
49.451
48.9759
48.6197
48.3603
48.2224
48.0793
47.9353
47.7866
47.6113
47.4591
47.2595
46.7304
46.2982
45.998
45.4644
44.551
43.3944
42.0561
40.4238
38.3312
35.716
32.5016
28.5331
23.6045
17.5027
9.99672
0.789908
-10.4267
-23.994
-40.3782
-60.0323
-83.4629
-111.279
-144.149
-182.388
-227.362
-279.495
-339.796
-408.339
-485.09
-571.674
-663.466
58.2625
52.7892
51.6248
49.5441
47.9165
46.57
45.3421
44.2713
43.3667
42.5198
41.7327
40.9996
40.3695
39.7543
39.0874
38.3513
37.5
36.5765
35.599
34.4247
33.0128
31.5689
29.8783
27.8216
25.3896
22.5604
19.2983
15.4879
10.9612
5.59387
-0.750062
-8.23253
-17.0762
-27.533
-39.9265
-54.6059
-71.8903
-92.3113
-116.257
-144.282
-176.956
-214.943
-258.745
-309.252
-367.04
-433.079
-507.502
-589.356
-677.816
-767.88
52.7234
46.9424
46.2955
43.7801
42.0675
40.5089
38.9985
37.6443
36.4076
35.2179
34.0691
32.9271
31.7202
30.6242
29.3669
27.9959
26.4519
24.767
23.0217
21.1119
18.749
16.0464
13.0294
9.62677
5.78922
1.45142
-3.52628
-9.24819
-15.837
-23.441
-32.2436
-42.4289
-54.1971
-67.8013
-83.5583
-101.845
-123.034
-147.566
-175.874
-208.449
-245.891
-288.809
-337.716
-393.14
-455.72
-526.389
-605.143
-690.113
-778.739
-864.709
46.493
40.3298
40.0081
37.0626
35.354
33.632
31.9198
30.317
28.8274
27.3204
25.7959
24.2692
22.6251
20.9258
19.0622
17.028
14.7891
12.3029
9.57701
6.5717
3.24594
-0.521796
-4.93588
-9.83078
-15.2546
-21.3279
-28.1588
-35.8862
-44.675
-54.6564
-66.0003
-78.9422
-93.7008
-110.522
-129.707
-151.624
-176.682
-205.251
-237.759
-274.699
-316.529
-363.806
-416.985
-476.436
-542.634
-616.383
-697.667
-784.288
-871.954
-952.37
39.5999
33.1891
32.9396
29.5576
27.8547
25.9754
24.0996
22.2791
20.4797
18.7129
16.8881
14.9527
12.8873
10.6196
8.11617
5.38105
2.36201
-1.0156
-4.72388
-8.83362
-13.509
-18.6518
-24.3717
-30.8301
-37.9687
-45.8484
-54.6564
-64.5248
-75.5672
-87.9394
-101.851
-117.544
-135.271
-155.287
-177.87
-203.342
-232.047
-264.372
-300.689
-341.409
-386.996
-437.851
-494.293
-556.578
-625.074
-700.431
-782.76
-869.793
-955.332
-1028.34
31.8084
25.3424
25.0401
21.4359
19.6597
17.6008
15.567
13.5554
11.5376
9.40357
7.15518
4.78221
2.20599
-0.658819
-3.8325
-7.35521
-11.2544
-15.6292
-20.5261
-25.8448
-31.6987
-38.2725
-45.5819
-53.6012
-62.4439
-72.2415
-83.0761
-95.0878
-108.452
-123.32
-139.848
-158.264
-178.831
-201.828
-227.539
-256.24
-288.236
-323.814
-363.352
-407.208
-455.68
-509.113
-567.738
-631.732
-701.296
-776.94
-858.89
-944.968
-1027.05
-1090.73
23.4074
16.9999
16.3328
12.6755
10.8581
8.60262
6.35918
4.09217
1.73022
-0.746983
-3.44655
-6.43241
-9.64167
-13.2189
-17.1695
-21.5619
-26.4247
-31.7992
-37.8054
-44.4959
-51.8101
-59.7655
-68.5097
-78.1841
-88.8441
-100.548
-113.442
-127.628
-143.249
-160.483
-179.536
-200.592
-223.858
-249.595
-278.084
-309.574
-344.306
-382.574
-424.624
-470.749
-521.222
-576.235
-635.945
-700.462
-769.997
-844.968
-925.363
-1008.82
-1086.19
-1139.02
13.6848
8.0559
7.04533
3.39777
1.52889
-0.915772
-3.3974
-5.95833
-8.69512
-11.7051
-14.9752
-18.5443
-22.508
-26.8812
-31.7225
-37.0734
-42.9986
-49.5773
-56.7425
-64.6071
-73.3368
-82.8879
-93.295
-104.643
-117.047
-130.654
-145.554
-161.865
-179.725
-199.282
-220.679
-244.127
-269.823
-297.97
-328.791
-362.529
-399.398
-439.593
-483.386
-530.954
-582.463
-638.101
-697.952
-762.07
-830.594
-903.947
-981.72
-1061.27
-1132.66
-1174.1
3.581
-1.62597
-2.69824
-6.20658
-8.2026
-10.8793
-13.6402
-16.6031
-19.7878
-23.2593
-27.114
-31.3903
-36.1358
-41.3686
-47.1615
-53.5378
-60.5199
-68.2356
-76.8027
-86.1009
-96.1997
-107.244
-119.231
-132.332
-146.609
-162.126
-178.994
-197.315
-217.212
-238.835
-262.368
-287.939
-315.708
-345.854
-378.57
-414.023
-452.405
-493.918
-538.686
-586.894
-638.647
-694.008
-753.063
-815.855
-882.466
-953.309
-1028.15
-1102.95
-1167.16
-1198.11
-7.7498
-11.8643
-12.8319
-16.261
-18.3534
-21.177
-24.1773
-27.456
-31.1068
-35.1612
-39.6478
-44.5977
-50.0777
-56.1656
-62.9296
-70.4152
-78.6175
-87.519
-97.2355
-107.872
-119.531
-132.183
-145.91
-160.76
-176.791
-194.11
-212.837
-233.074
-254.928
-278.489
-303.862
-331.22
-360.697
-392.421
-426.532
-463.19
-502.499
-544.612
-589.701
-637.794
-688.996
-743.382
-800.938
-861.712
-925.76
-993.264
-1064.07
-1133.72
-1191.03
-1213.91
-19.2921
-22.6283
-23.414
-26.5425
-28.736
-31.7767
-34.9721
-38.5278
-42.504
-46.9964
-52.0344
-57.6541
-63.9037
-70.816
-78.4504
-86.8909
-96.1849
-106.401
-117.572
-129.69
-142.772
-156.93
-172.228
-188.768
-206.599
-225.773
-246.326
-268.32
-291.849
-317.052
-344.039
-372.889
-403.705
-436.604
-471.693
-509.055
-548.813
-591.02
-635.743
-683.145
-733.214
-785.929
-841.28
-899.262
-960.061
-1023.8
-1089.56
-1153.6
-1205.18
-1222.53
-30.3851
-33.55
-34.1522
-36.9902
-39.0592
-42.1515
-45.5195
-49.3328
-53.6903
-58.6146
-64.1529
-70.3418
-77.2498
-84.971
-93.5162
-102.942
-113.293
-124.618
-136.976
-150.397
-164.996
-180.836
-197.813
-215.987
-235.413
-256.161
-278.304
-301.924
-327.093
-353.814
-382.141
-412.179
-444.026
-477.743
-513.407
-551.077
-590.765
-632.59
-676.591
-722.714
-771.055
-821.613
-874.302
-929.027
-985.763
-1044.77
-1104.12
-1160.32
-1203.45
-1218.7
-41.2214
-43.6241
-44.3903
-47.114
-49.1998
-52.3022
-55.7224
-59.6791
-64.2234
-69.4267
-75.3465
-82.0393
-89.5436
-97.917
-107.237
-117.562
-128.946
-141.418
-155.07
-169.921
-185.892
-202.948
-221.394
-241.175
-262.247
-284.656
-308.421
-333.527
-359.991
-387.928
-417.402
-448.43
-481.029
-515.265
-551.161
-588.775
-628.165
-669.225
-711.977
-756.527
-802.785
-850.657
-900.041
-950.907
-1003.12
-1056.31
-1107.46
-1152.12
-1181.15
-1193.89
-52.2163
-53.8959
-54.2502
-56.5769
-58.5872
-61.662
-65.1258
-69.2157
-73.9316
-79.3424
-85.5745
-92.6468
-100.588
-109.528
-119.504
-130.574
-142.818
-156.264
-170.94
-186.872
-204.191
-222.975
-242.904
-264.088
-286.622
-310.453
-335.574
-362.035
-389.875
-419.031
-449.473
-481.254
-514.435
-549.004
-584.97
-622.288
-660.956
-701.061
-742.471
-785.046
-828.853
-873.824
-919.638
-965.891
-1013.33
-1059.48
-1101.03
-1132.09
-1145.66
-1154.12
-62.2255
-63.3059
-63.6163
-65.7219
-67.4909
-70.3513
-73.6517
-77.6349
-82.3008
-87.7582
-94.0421
-101.311
-109.61
-118.951
-129.475
-141.225
-154.217
-168.556
-184.329
-201.537
-220.013
-239.798
-261.121
-283.865
-307.891
-333.244
-359.855
-387.656
-416.6
-446.718
-478.042
-510.515
-544.104
-578.824
-614.627
-651.541
-689.561
-728.529
-768.389
-809.069
-850.35
-892.111
-934.187
-976.351
-1017.94
-1056.69
-1089.69
-1112.16
-1119.57
-1122.77
-71.6961
-71.7819
-71.9647
-73.7355
-75.3508
-78.032
-81.1273
-84.8852
-89.4036
-94.7548
-101.006
-108.245
-116.614
-126.149
-136.907
-149.036
-162.604
-177.624
-194.162
-212.288
-232.064
-253.334
-276.021
-300.092
-325.55
-352.3
-380.272
-409.405
-439.651
-470.931
-503.137
-536.254
-570.261
-605.143
-640.885
-677.35
-714.504
-752.385
-790.793
-829.5
-868.422
-907.335
-945.895
-984.733
-1021.27
-1053.35
-1078.71
-1094.48
-1103.47
-1103.63
-80.434
-80.1205
-79.843
-81.0995
-82.4225
-84.7505
-87.4898
-90.8895
-95.0023
-99.9492
-105.788
-112.71
-120.973
-130.544
-141.468
-153.818
-167.784
-183.302
-200.622
-219.568
-240.198
-262.686
-286.744
-312.308
-339.359
-367.724
-397.236
-427.804
-459.301
-491.629
-524.76
-558.615
-593.134
-628.247
-663.856
-699.975
-736.55
-773.454
-810.59
-847.798
-884.797
-921.349
-957.709
-992.664
-1025.16
-1053.14
-1072.76
-1081.12
-1086.4
-1087.29
-87.961
-87.1816
-86.9816
-87.9076
-88.7332
-90.6332
-92.9029
-95.7835
-99.4245
-103.852
-109.19
-115.542
-123.079
-132.066
-142.678
-154.922
-168.996
-184.896
-202.655
-222.522
-244.184
-267.586
-292.953
-320.092
-348.726
-378.683
-409.81
-442.013
-475.156
-508.949
-543.272
-578.069
-613.191
-648.634
-684.468
-720.476
-756.533
-792.7
-828.84
-864.741
-900.451
-935.497
-969.674
-1002.14
-1031.19
-1053.78
-1067.54
-1074.72
-1075.21
-1076.79
-95.0075
-93.4025
-93.182
-93.8888
-94.5509
-95.9336
-97.6529
-99.9034
-102.73
-106.303
-110.774
-116.219
-122.828
-130.995
-140.97
-152.945
-166.745
-182.501
-200.109
-220.194
-242.84
-267.614
-294.444
-323.156
-353.573
-385.513
-418.738
-452.848
-487.574
-522.952
-558.723
-594.68
-630.817
-666.965
-703.001
-739.068
-775.017
-810.707
-846.258
-881.53
-916.203
-950.074
-982.394
-1012.1
-1038.19
-1056.78
-1064.17
-1068
-1068.32
-1069.31
-101.438
-99.8703
-99.2745
-99.5417
-99.8274
-100.882
-102.006
-103.564
-105.592
-108.174
-111.511
-115.833
-121.304
-128.221
-136.861
-147.645
-160.708
-176.061
-193.775
-213.949
-236.912
-262.657
-290.808
-321.141
-353.471
-387.442
-422.754
-459.229
-496.519
-534.022
-571.584
-609.138
-646.464
-683.516
-720.312
-756.769
-792.833
-828.445
-863.594
-898.327
-932.251
-964.901
-995.128
-1022.42
-1043.7
-1056.1
-1062.98
-1062.81
-1063.38
-1063.72
-106.051
-104.875
-105.037
-105.305
-105.277
-105.869
-106.499
-107.297
-108.319
-109.702
-111.627
-114.411
-118.296
-123.516
-130.438
-139.476
-151.058
-165.552
-183.06
-203.338
-226.478
-252.731
-281.955
-313.963
-348.46
-385.005
-423.051
-461.968
-501.641
-541.809
-581.861
-621.412
-660.475
-698.868
-736.549
-773.633
-810.068
-845.628
-880.698
-914.987
-948.09
-979.37
-1007.6
-1030.46
-1046.85
-1054.77
-1057.86
-1058.44
-1058.99
-1059.2
-109.71
-108.651
-109.8
-110.357
-110.61
-111.101
-111.287
-111.498
-111.65
-111.85
-112.336
-113.318
-115.165
-118.332
-123.225
-130.188
-139.752
-152.428
-168.515
-188.167
-211.269
-237.89
-268.061
-301.591
-338.064
-376.965
-417.947
-460.589
-503.702
-546.776
-589.651
-631.913
-673.154
-713.311
-752.253
-790.146
-827.255
-863.372
-898.256
-931.692
-963.891
-993.514
-1019.33
-1038.45
-1047.41
-1053.04
-1054.06
-1054.94
-1055.5
-1055.75
-112.338
-112.881
-114.152
-115.049
-115.84
-116.627
-116.785
-116.581
-115.974
-115.04
-113.963
-112.991
-112.522
-113.105
-115.311
-119.612
-126.661
-137.06
-151.232
-169.434
-191.834
-218.416
-249.126
-283.939
-322.541
-364.435
-408.596
-454.326
-501.229
-548.523
-595.286
-640.849
-684.79
-727.063
-767.961
-807.128
-844.474
-880.721
-915.723
-949.083
-979.31
-1007.73
-1030.35
-1043.05
-1050.09
-1051.25
-1052.1
-1052.65
-1052.97
-1053.17
-114.218
-115.926
-117.657
-119.314
-120.865
-122.246
-122.867
-122.762
-121.809
-120.044
-117.621
-114.773
-111.918
-109.589
-108.548
-109.564
-113.351
-120.584
-131.93
-147.801
-168.638
-194.559
-225.425
-261.115
-301.272
-345.647
-393.552
-443.88
-495.413
-547.215
-598.278
-647.927
-695.695
-741.067
-783.619
-824.132
-862.942
-899.795
-934.265
-966.394
-996.289
-1020.66
-1038
-1047.02
-1050.12
-1050.74
-1050.99
-1050.91
-1050.85
-1050.84
-112.802
-116.012
-119.073
-122.375
-125.311
-128.009
-129.551
-130.11
-129.309
-127.081
-123.533
-118.99
-113.761
-108.327
-103.565
-100.545
-100.226
-103.521
-111.268
-124.14
-142.552
-166.902
-197.221
-233.341
-275.097
-322.014
-373.363
-427.94
-484.657
-541.989
-598.845
-653.906
-706.007
-754.68
-800.264
-842.849
-882.597
-918.715
-951.466
-983.598
-1011.59
-1032.41
-1042.67
-1048.59
-1049.73
-1049.95
-1049.61
-1049.05
-1048.62
-1048.31
-109.133
-114.364
-118.689
-123.742
-128.32
-132.748
-135.942
-137.944
-138.035
-136.132
-132.344
-126.617
-119.394
-111.124
-102.62
-95.151
-89.9123
-88.0312
-90.7107
-99.3323
-114.338
-136.109
-164.944
-200.644
-243.039
-291.969
-347.044
-406.736
-469.385
-533.507
-597.087
-658.235
-716.021
-769.735
-818.7
-863.157
-903.655
-939.731
-972.231
-1001.68
-1025.86
-1038.61
-1046.51
-1048.07
-1048.77
-1048.52
-1047.76
-1046.87
-1046.17
-1045.61
-105.852
-110.738
-116.6
-123.315
-129.623
-136.092
-141.41
-145.544
-147.587
-147.02
-143.697
-137.542
-128.714
-117.836
-105.507
-93.0865
-82.3728
-74.829
-71.9329
-74.857
-85.1134
-103.047
-129.228
-163.832
-206.632
-257.187
-315.198
-379.95
-449.098
-520.724
-592.531
-662.03
-726.821
-786.013
-839.02
-885.834
-927.665
-964.325
-996.106
-1021.79
-1036.56
-1044.71
-1046.63
-1047.29
-1047.38
-1046.88
-1045.95
-1044.83
-1043.95
-1043.37
-106.127
-105.728
-113.29
-120.93
-128.596
-136.984
-144.594
-151.405
-155.866
-157.955
-156.655
-151.47
-142.38
-130.009
-114.704
-97.8906
-80.8086
-65.8916
-56.055
-52.598
-56.8984
-69.7391
-91.7122
-123.244
-165.143
-217.074
-278.27
-348.094
-424.538
-504.756
-586.749
-666.08
-738.756
-804.42
-862.483
-911.386
-954.463
-995.312
-1025.33
-1041.92
-1047.99
-1048.55
-1047.26
-1047.06
-1046.67
-1045.86
-1044.55
-1043.08
-1042.05
-1041.61
-127.01
-104.3
-110.206
-117.488
-126.297
-136.373
-145.486
-154.737
-161.72
-168.053
-170.398
-167.777
-159.514
-145.921
-127.939
-106.836
-84.1882
-62.6482
-44.7373
-33.2777
-29.7126
-36.5062
-53.8911
-82.6423
-123.174
-175.421
-238.821
-313.056
-396.845
-486.993
-580.364
-671.534
-754.394
-828.72
-890.606
-940.257
-982.341
-1020.42
-1050.64
-1057.2
-1056.91
-1052.22
-1049.3
-1048.19
-1046.98
-1045.58
-1043.57
-1041.32
-1039.9
-1039.8
124.39
119.881
117.75
116.495
116.056
116.09
116.35
116.966
118.079
119.643
121.672
124.175
127.129
130.542
134.417
138.732
143.519
148.719
154.36
160.451
166.944
173.747
180.833
188.072
195.715
203.605
211.457
219.15
226.72
234.116
241.169
247.74
253.597
258.529
262.36
264.783
265.467
264.1
260.339
253.758
243.873
230.164
212.071
188.945
160.292
125.268
83.5873
34.5864
-24.4109
-82.6912
121.483
116.911
115.394
114.086
113.418
113.141
113.225
113.707
114.681
116.124
118.008
120.336
123.096
126.295
129.933
133.998
138.513
143.304
148.574
154.242
160.268
166.541
173.221
179.837
186.326
193.057
199.934
206.802
213.269
219.299
224.851
229.756
233.807
236.751
238.516
238.633
236.8
232.722
226.052
216.349
203.113
185.799
163.873
136.684
103.724
64.1294
17.8489
-35.4318
-97.3487
-156.876
117.607
112.855
112.098
110.76
109.997
109.62
109.612
110.069
110.995
112.369
114.186
116.437
119.107
122.184
125.671
129.559
133.822
138.423
143.391
148.669
154.23
160.016
165.981
171.974
177.921
183.816
189.559
195.077
200.285
204.968
208.942
212.063
214.145
214.99
214.403
212.008
207.482
200.51
190.747
177.763
161.052
140.113
114.468
83.485
46.594
3.22202
-46.7556
-102.907
-164.985
-222.112
112.936
108.221
107.986
106.484
105.697
105.304
105.314
105.792
106.735
108.103
109.898
112.125
114.747
117.757
121.146
124.889
128.962
133.35
138.027
142.939
148.036
153.292
158.705
164.038
169.124
174.048
178.752
183.084
186.867
190.01
192.339
193.634
193.719
192.378
189.361
184.368
177.08
167.183
154.314
138.069
118.015
93.6869
64.6864
30.4924
-9.38455
-55.3974
-107.604
-164.752
-225.339
-277.958
107.729
102.779
102.949
101.269
100.565
100.19
100.211
100.73
101.687
103.046
104.827
107.007
109.563
112.495
115.774
119.364
123.236
127.361
131.707
136.22
140.821
145.445
150.06
154.693
159.081
163.113
166.663
169.68
172.088
173.672
174.269
173.713
171.776
168.239
162.856
155.331
145.371
132.669
116.9
97.7134
74.748
47.6398
16.0481
-20.4151
-62.099
-109.328
-162.099
-218.91
-276.845
-323.315
102.326
96.7926
97.0776
95.082
94.4625
94.1502
94.2146
94.706
95.6469
96.9912
98.7248
100.824
103.276
106.075
109.178
112.546
116.157
119.962
123.911
127.958
132.024
136.044
140.006
143.742
147.128
150.111
152.61
154.403
155.362
155.402
154.323
151.916
148.013
142.368
134.731
124.85
112.463
97.314
79.1105
57.5569
32.3891
3.32758
-29.8664
-67.4593
-109.706
-156.836
-208.784
-263.939
-317.955
-356.926
95.7121
90.2961
90.2664
88.0572
87.4854
87.1613
87.2458
87.7435
88.6139
89.8671
91.4924
93.4549
95.747
98.3391
101.19
104.269
107.538
110.943
114.427
117.94
121.404
124.706
127.797
130.732
133.285
135.244
136.493
136.965
136.57
135.098
132.388
128.254
122.472
114.863
105.228
93.3343
78.9537
61.858
41.8382
18.6728
-7.83864
-37.8673
-71.5688
-109.142
-150.814
-196.819
-246.81
-299.029
-348.268
-378.718
88.2499
82.7192
82.4345
80.1348
79.5561
79.2262
79.246
79.6501
80.4579
81.6069
83.0806
84.8562
86.9167
89.2292
91.758
94.4742
97.3317
100.269
103.231
106.165
109.002
111.676
114.035
115.913
117.329
118.202
118.437
117.743
115.948
112.999
108.744
103.002
95.6084
86.3581
75.0682
61.5719
45.7056
27.3023
6.18613
-17.8004
-44.7729
-74.8416
-108.089
-144.624
-184.656
-228.571
-275.949
-324.372
-368.047
-390.127
78.8654
73.897
73.5246
71.1645
70.6359
70.1931
70.1365
70.481
71.1624
72.1392
73.4086
74.9381
76.7116
78.6968
80.8608
83.1622
85.5524
87.9709
90.37
92.6797
94.8194
96.6895
98.236
99.3487
99.9055
99.7331
98.7001
96.7616
93.7891
89.5661
83.9567
76.8389
68.0615
57.4991
45.0184
30.4722
13.7184
-5.37208
-26.8925
-50.9283
-77.5582
-106.828
-138.77
-173.46
-211.036
-251.803
-295.74
-340.188
-378.569
-393.943
68.1196
63.693
63.3477
61.0677
60.5604
60.0821
59.9043
60.1072
60.6263
61.4085
62.4118
63.6419
65.0899
66.7063
68.4598
70.3105
72.2098
74.107
75.9393
77.6389
79.129
80.3486
81.1542
81.3711
80.9051
79.7493
77.8025
74.8554
70.7231
65.3663
58.6693
50.4922
40.7351
29.2854
16.0313
0.883956
-16.2253
-35.3725
-56.6306
-80.0505
-105.646
-133.431
-163.405
-195.548
-229.956
-267.011
-306.394
-346.166
-380.208
-392.877
56.1962
52.0521
51.8336
49.819
49.3478
48.7312
48.4748
48.508
48.7915
49.3293
50.0563
50.951
51.9955
53.1987
54.5352
55.9372
57.3488
58.7259
60.0056
61.1189
61.9772
62.4772
62.5541
62.1273
61.0491
59.1327
56.1993
52.2628
47.3069
41.1344
33.6128
24.6852
14.2722
2.3145
-11.2401
-26.4613
-43.4059
-62.1194
-82.612
-104.858
-128.855
-154.58
-181.991
-211.051
-241.702
-274.29
-307.836
-340.696
-367.641
-380.331
42.9574
39.3845
39.2635
37.3125
36.8722
36.1732
35.7367
35.5497
35.5753
35.7933
36.2428
36.7859
37.4474
38.2461
39.124
40.0622
41.0264
41.9385
42.7392
43.3558
43.71
43.7253
43.2671
42.1629
40.3209
37.719
34.31
29.8525
24.1852
17.3636
9.34352
0.0172265
-10.6664
-22.7516
-36.2739
-51.2394
-67.6344
-85.4447
-104.682
-125.332
-147.312
-170.55
-194.954
-220.36
-247.012
-274.289
-300.741
-323.272
-337.52
-348.264
28.6583
25.5077
25.5619
23.8164
23.3334
22.4124
21.8298
21.4486
21.1787
21.0292
21.0841
21.3112
21.5431
21.8699
22.3191
22.8409
23.3775
23.8714
24.2565
24.4685
24.4023
23.9461
23.0182
21.5475
19.4669
16.5698
12.6292
7.69197
1.77487
-5.29396
-13.5867
-23.0797
-33.7869
-45.7112
-58.8468
-73.1876
-88.6998
-105.349
-123.088
-141.846
-161.532
-182.006
-203.046
-224.579
-246.375
-267.612
-286.742
-300.489
-305.345
-310.458
13.4274
10.8111
10.9247
9.24993
8.78091
7.76034
6.90667
6.18459
5.56958
5.03134
4.5439
4.33431
4.29276
4.19954
4.23183
4.35292
4.5266
4.69477
4.79126
4.74001
4.44675
3.83054
2.75125
1.03657
-1.44321
-4.62312
-8.5288
-13.428
-19.5024
-26.6758
-34.9267
-44.2986
-54.777
-66.3379
-78.9317
-92.4986
-106.972
-122.254
-138.275
-154.992
-172.28
-189.97
-207.804
-225.487
-242.462
-257.911
-270.352
-278.331
-283.978
-285.935
-2.73561
-4.52436
-4.30026
-5.85091
-6.46641
-7.7665
-8.86288
-9.96209
-11.0044
-11.9536
-12.8492
-13.6475
-14.1192
-14.5846
-14.9456
-15.1818
-15.3368
-15.4398
-15.5461
-15.7456
-16.126
-16.8325
-17.9652
-19.59
-21.7413
-24.6793
-28.6536
-33.5863
-39.4242
-46.3383
-54.4025
-63.5331
-73.6628
-84.7292
-96.6682
-109.379
-122.738
-136.644
-151.005
-165.743
-180.77
-195.903
-210.748
-224.937
-237.981
-249.133
-257.224
-261.347
-265.901
-267.447
-19.093
-19.9054
-19.7932
-21.3707
-22.0973
-23.6978
-25.1901
-26.7426
-28.3136
-29.8525
-31.2909
-32.6504
-33.7201
-34.4594
-35.2156
-35.7519
-36.1165
-36.3495
-36.5167
-36.6868
-36.9531
-37.4071
-38.1969
-39.5501
-41.6248
-44.3488
-47.7375
-52.0809
-57.617
-64.2684
-71.9544
-80.6837
-90.3903
-100.965
-112.276
-124.19
-136.576
-149.285
-162.169
-175.17
-188.229
-200.995
-213.162
-224.724
-234.904
-242.539
-246.881
-251.064
-252.706
-254.334
-35.3439
-35.2146
-35.0555
-36.6167
-37.7193
-39.7439
-41.7104
-43.7885
-45.9618
-48.1262
-50.1717
-52.1357
-53.9157
-55.1646
-56.2904
-57.1581
-57.7534
-58.0893
-58.2318
-58.2405
-58.229
-58.3322
-58.7151
-59.4543
-60.6236
-62.4774
-65.3649
-69.2816
-74.1507
-80.1604
-87.4175
-95.7697
-105.079
-115.225
-126.069
-137.437
-149.1
-160.858
-172.623
-184.353
-195.706
-206.241
-216.349
-225.67
-233.355
-238.532
-241.304
-243.401
-244.917
-245.852
-50.3061
-49.5639
-49.6728
-51.4671
-52.8069
-55.4042
-57.9982
-60.8048
-63.7737
-66.7506
-69.6006
-72.2703
-74.7849
-76.8616
-78.3768
-79.522
-80.2518
-80.6016
-80.5963
-80.3001
-79.794
-79.2008
-78.7086
-78.6093
-79.1395
-80.301
-82.0618
-84.7595
-88.7853
-94.1609
-100.803
-108.722
-117.756
-127.681
-138.284
-149.328
-160.615
-171.97
-183.213
-193.953
-203.6
-212.44
-220.693
-227.631
-232.673
-235.849
-238.591
-239.47
-240.619
-241.008
-63.7713
-62.1873
-62.8969
-65.0195
-67.0079
-70.3253
-73.6658
-77.3798
-81.2941
-85.2393
-89.0521
-92.559
-95.8476
-98.7473
-100.927
-102.625
-103.672
-104.086
-103.927
-103.256
-102.144
-100.769
-99.3513
-98.1238
-97.1753
-96.7405
-97.3058
-99.0171
-101.836
-106.083
-112.011
-119.48
-128.3
-138.205
-148.881
-160.093
-171.578
-183.033
-194.067
-204.014
-212.689
-220.443
-226.396
-230.192
-232.333
-234.37
-235.889
-237.156
-238.109
-238.31
-74.7239
-73.2688
-74.5711
-77.1022
-79.8089
-84.0323
-88.2692
-93.0727
-98.1555
-103.306
-108.404
-113.209
-117.517
-121.351
-124.376
-126.697
-128.107
-128.633
-128.292
-127.161
-125.334
-122.923
-120.128
-117.347
-115.021
-113.346
-112.238
-111.993
-113.22
-116.181
-121.003
-127.852
-136.543
-146.672
-157.88
-169.727
-181.888
-194.039
-205.349
-215.161
-223.809
-230.134
-233.027
-233.417
-233.272
-233.635
-234.875
-236.427
-237.486
-237.743
-82.8713
-82.263
-83.9497
-87.1839
-90.7377
-96.0094
-101.354
-107.471
-113.907
-120.479
-126.968
-133.205
-139.031
-144.179
-148.289
-151.459
-153.622
-154.512
-154.174
-152.679
-150.098
-146.594
-142.458
-138.058
-133.62
-129.419
-126.131
-124.125
-123.416
-124.446
-127.771
-133.635
-142.015
-152.565
-164.605
-177.731
-191.639
-204.998
-216.804
-227.683
-236.388
-240.644
-240.897
-238.986
-236.965
-236.161
-236.475
-237.539
-238.451
-238.974
-87.0049
-88.0655
-90.5298
-94.7643
-99.3257
-105.992
-112.42
-119.935
-127.968
-136.198
-144.56
-152.744
-160.31
-167.225
-173.155
-177.396
-180.451
-181.886
-181.719
-179.931
-176.651
-171.986
-166.138
-159.488
-152.833
-146.637
-140.867
-135.927
-132.505
-131.173
-132.376
-136.595
-144.196
-154.926
-168.351
-183.996
-200.042
-214.677
-228.511
-240.771
-248.657
-251.288
-250.275
-247.357
-244.577
-242.276
-240.509
-239.769
-239.726
-240.248
-87.6688
-90.9661
-94.3385
-99.6111
-105.086
-113.548
-121.018
-130.182
-139.893
-150.024
-160.292
-170.559
-180.46
-189.515
-197.533
-203.769
-208.171
-210.848
-211.321
-209.618
-205.879
-200.163
-192.739
-184.062
-174.628
-164.922
-155.769
-147.794
-141.314
-136.764
-134.996
-136.717
-142.445
-153.009
-167.892
-186.079
-205.044
-223.49
-239.924
-252.019
-258.73
-260.942
-259.763
-256.829
-253.179
-249.061
-244.988
-241.659
-239.835
-239.816
-85.5894
-90.8101
-95.0685
-101.572
-108.584
-117.668
-126.98
-137.848
-149.162
-161.451
-174.222
-186.9
-199.278
-211.029
-221.732
-230.774
-237.324
-241.592
-243.087
-241.886
-237.936
-231.348
-222.279
-211.086
-198.572
-185.775
-173.157
-160.974
-150.142
-141.595
-135.981
-134.019
-136.82
-145.393
-160.552
-181.676
-205.782
-229.993
-248.966
-259.911
-264.933
-266.793
-266.446
-263.52
-258.499
-252.516
-245.913
-239.698
-236.036
-235.044
-81.2535
-88.0107
-92.891
-100.608
-108.689
-118.595
-129.711
-142.377
-155.066
-169.828
-185.117
-200.767
-216.195
-230.938
-244.727
-257.013
-266.689
-273.202
-276.851
-277.007
-273.495
-266.53
-256.204
-242.897
-227.319
-210.301
-192.806
-175.877
-160.452
-146.877
-136.014
-129.189
-127.435
-132.237
-146.254
-169.088
-198.514
-230.687
-254.122
-263.741
-266.373
-266.35
-266.292
-263.626
-258.25
-250.951
-242.048
-233.586
-227.843
-225.137
-74.8198
-83.0933
-88.1514
-96.8658
-105.822
-116.765
-129.122
-143.159
-158.309
-175.064
-192.875
-211.341
-230.198
-248.746
-266.305
-282.387
-296.055
-306.288
-312.794
-314.846
-312.469
-305.709
-294.572
-279.25
-260.301
-239.284
-217.272
-194.861
-173.219
-153.58
-136.945
-123.805
-115.387
-114.299
-124.261
-147.09
-181.279
-219.933
-250.18
-264.381
-267.194
-270.059
-271.608
-269.527
-263.204
-253.262
-241.268
-229.875
-221.583
-216.755
-68.0995
-76.3161
-81.8415
-90.8368
-100.215
-111.803
-125.017
-140.317
-157.358
-176.214
-196.802
-218.52
-240.849
-263.31
-285.219
-305.893
-324.402
-339.283
-349.471
-354.785
-354.85
-349.287
-338.259
-321.889
-300.546
-275.167
-247.035
-218.013
-189.761
-163.512
-139.755
-119.159
-102.579
-93.3574
-96.4725
-116.979
-151.745
-192.444
-231.944
-258.76
-275.95
-288.234
-293.982
-292.707
-285.16
-272.032
-255.746
-240.046
-229.111
-222.802
-61.5577
-68.5744
-74.3775
-83.4654
-92.9053
-104.817
-118.545
-134.668
-153.03
-173.841
-196.719
-221.517
-247.534
-274.205
-300.887
-326.816
-350.985
-371.801
-387.375
-397.143
-400.377
-396.877
-386.988
-370.326
-346.647
-317.144
-284.135
-248.712
-212.39
-177.684
-146.027
-117.666
-92.3019
-72.3745
-65.7608
-79.3276
-112.894
-152.775
-198.431
-247.401
-286.837
-315.099
-328.776
-329.748
-321.603
-306.971
-287.671
-267.609
-253.193
-245.625
-60.5003
-59.9359
-66.689
-75.0806
-84.4267
-96.4242
-110.138
-126.54
-145.478
-167.737
-192.924
-220.36
-249.761
-280.483
-312.122
-344.066
-374.832
-402.188
-424.581
-440.085
-448.04
-448.33
-440.968
-425.586
-401.408
-368.982
-329.679
-286.325
-241.279
-197.746
-158.029
-120.977
-86.0442
-55.9995
-42.1613
-46.9355
-79.5708
-122.808
-171.67
-230.351
-288.118
-331.66
-354.645
-362.271
-359.47
-346.665
-326.951
-305.828
-290.596
-283.135
-77.3829
-54.1789
-59.5608
-66.5661
-75.8681
-87.6627
-101.208
-117.565
-136.91
-159.734
-186.327
-216.027
-248.461
-283.103
-319.234
-357.295
-395.003
-429.813
-459.251
-481.43
-495.936
-502.759
-500.054
-486.774
-462.411
-426.444
-381.27
-332.539
-279.496
-225.391
-174.738
-125.813
-85.6193
-53.9055
-32.9197
-34.2397
-50.824
-93.0202
-151.791
-215.387
-285.782
-334.962
-362.088
-375.828
-381.645
-375.95
-360.926
-341.666
-327.362
-321.068
-60.1682
-43.9048
-50.5499
-58.3634
-67.8063
-79.3722
-93.1074
-109.501
-129.207
-152.631
-179.927
-211.998
-248.745
-288.959
-331.272
-376.168
-421.725
-465.836
-505.227
-536.302
-557.462
-568.398
-567.436
-554.554
-528.901
-490.806
-442.06
-383.344
-321.654
-255.358
-196.544
-147.129
-95.9473
-60.5362
-44.0916
-50.2518
-75.4953
-116.177
-171.342
-231.598
-294.954
-341.845
-367.898
-380.65
-391.589
-390.108
-380.36
-365.354
-355.293
-351.582
-46.8771
-43.6653
-47.6902
-54.9304
-65.0001
-77.207
-92.1811
-110.648
-133.022
-159.803
-191.148
-228.764
-271.186
-317.286
-367.802
-421.967
-478.12
-529.992
-574.424
-610.56
-634.116
-646.292
-645.007
-626.911
-590.182
-538.561
-474.511
-399.019
-328.049
-259.548
-192.857
-134.687
-92.535
-67.477
-65.4904
-81.5128
-112.351
-155.013
-206.162
-261.87
-316.56
-353.345
-372.531
-384.301
-391.619
-390.952
-384.53
-376.277
-372.531
-371.799
-38.9808
-44.0628
-48.867
-56.5429
-67.8357
-81.784
-98.9101
-120.236
-147.686
-181.782
-220.306
-263.395
-313.173
-369.708
-432.595
-498.191
-560.575
-618.324
-667.008
-705.792
-733.551
-745.836
-735.032
-700.018
-642.906
-569.16
-490.286
-405.113
-319.701
-245.744
-185.187
-139.723
-110.278
-98.5694
-103.789
-124.039
-155.368
-195.109
-238.947
-283.888
-324.846
-353.417
-368.886
-377.094
-381.982
-382.678
-380.014
-380.097
-382.756
-385.592
-34.3537
-41.4493
-48.4774
-58.1333
-71.0022
-87.8641
-109.336
-136.301
-169.51
-208.646
-255.185
-309.784
-373.041
-444.044
-518.986
-594.512
-666.857
-732.686
-791.59
-836.479
-863.644
-863.815
-831.654
-770.461
-691.236
-594.549
-496.908
-407.06
-326.156
-257.612
-203.584
-165.865
-143.581
-138.669
-148.123
-169.282
-198.639
-233.351
-269.989
-304.771
-334.006
-354.461
-365.201
-370.3
-372.896
-375.573
-379.478
-386.046
-391.689
-396.208
-28.826
-36.4831
-45.7332
-57.7334
-72.4309
-92.1095
-118.371
-151.252
-192.193
-241.482
-298.983
-365.45
-443.695
-530.904
-621.719
-714.721
-807.873
-888.911
-954.422
-999.771
-1014.74
-989.12
-926.86
-832.508
-729.717
-624.515
-522.142
-430.575
-351.164
-287.219
-237.71
-204.754
-188.213
-186.024
-196.3
-215.235
-240.386
-268.316
-296.455
-321.891
-342.283
-356.625
-364.516
-367.093
-370.903
-377.312
-386.808
-395.936
-402.124
-405.528
-21.3744
-28.8815
-39.1831
-53.1589
-71.5641
-96.0197
-127.71
-167.908
-216.777
-275.73
-347.724
-432.073
-527.311
-636.062
-757.557
-880.827
-990.972
-1082.41
-1148.93
-1182.25
-1170.53
-1110.51
-1016.78
-906.744
-788.148
-674.422
-565.647
-471.603
-393.139
-330.629
-284.995
-254.3
-239.505
-237.361
-245.339
-260.418
-280.084
-301.446
-322.161
-340.378
-355.091
-365.844
-373.149
-378.555
-382.658
-389.448
-399.332
-408.359
-413.92
-415.936
-13.6008
-21.7252
-32.8014
-48.3306
-69.4842
-97.5126
-134.009
-182.098
-243.628
-319.022
-406.152
-507.866
-633.755
-785.23
-944.923
-1091.8
-1212.08
-1306.08
-1361.32
-1371.79
-1336.64
-1255.9
-1139.36
-1008.45
-872.961
-744.304
-628.03
-527.615
-448.377
-386.398
-341.398
-311.444
-295.346
-290.695
-294.709
-305.042
-318.915
-334.184
-348.927
-361.937
-372.726
-381.472
-388.616
-394.814
-401.098
-408.778
-418.031
-424.959
-429.421
-431.107
-2.14122
-10.043
-21.8807
-39.6877
-64.8798
-98.5338
-143.797
-202.804
-274.68
-363.084
-475.852
-615.527
-787.053
-983.997
-1179.33
-1343.58
-1471.78
-1564.34
-1609.48
-1604.82
-1548.85
-1443.13
-1306.03
-1145.07
-984.631
-835.292
-705.956
-598.316
-514.171
-451.01
-404.429
-372.271
-353.107
-344.55
-343.953
-349.297
-358.069
-368.259
-378.385
-387.696
-396.039
-403.561
-410.589
-417.479
-424.618
-432.442
-440.441
-446.341
-450.413
-452.39
13.8156
6.47996
-5.4814
-24.4306
-52.837
-92.3475
-145.794
-216.591
-310.002
-428.412
-573.803
-759.898
-988.592
-1231.78
-1459.25
-1645.93
-1788.65
-1880.87
-1913.08
-1886.75
-1811.11
-1687.53
-1510.92
-1308.34
-1113.03
-941.012
-795.982
-679.411
-588.598
-520.823
-470.122
-434.517
-411.264
-398.541
-393.905
-394.747
-399.108
-405.197
-411.848
-418.509
-425.051
-431.506
-438.092
-444.894
-451.929
-459.043
-465.975
-471.844
-475.886
-478.117
35.7417
28.5873
14.8415
-7.2649
-40.6749
-88.9385
-154.179
-240.073
-352.508
-503.921
-705.805
-956.781
-1239.61
-1530.13
-1792.44
-2006.39
-2162.39
-2241.09
-2243.15
-2184.49
-2071.79
-1912.93
-1697.75
-1461.55
-1238.84
-1047.8
-890.636
-764.127
-665.848
-591.626
-536.442
-496.798
-470.492
-454.267
-446.139
-443.25
-443.94
-446.732
-450.622
-455.107
-460.031
-465.171
-470.83
-476.778
-482.901
-488.985
-494.784
-500.404
-504.757
-507.519
57.4764
50.4696
35.5832
11.0181
-26.2898
-79.3784
-155.867
-266.363
-418.991
-615.045
-866.414
-1178.49
-1526.05
-1869.14
-2165.93
-2390.09
-2510.3
-2528.66
-2481.27
-2386.91
-2249.51
-2069.12
-1837.61
-1584.7
-1349.52
-1146.72
-980.017
-844.711
-740.329
-660.971
-603.06
-561.549
-532.73
-513.914
-502.571
-496.605
-494.231
-494.199
-495.642
-498.035
-501.119
-504.787
-508.999
-513.599
-518.422
-523.306
-528.105
-532.93
-537.432
-540.482
82.2765
75.5279
59.7745
31.2551
-13.2576
-77.9651
-167.809
-296.308
-484.702
-732.395
-1054.97
-1434.68
-1836.81
-2210.09
-2495.18
-2667.12
-2729.1
-2701.1
-2616.05
-2496.95
-2345.12
-2153.98
-1922.07
-1673.51
-1436.38
-1227.93
-1055.06
-916.691
-809.949
-730.616
-671.687
-629.479
-599.372
-578.518
-564.671
-556.087
-551.1
-548.486
-547.498
-547.647
-548.647
-550.382
-552.778
-555.709
-559.04
-562.659
-566.365
-570.267
-574.543
-577.342
103.942
99.644
85.5364
55.4556
9.89354
-61.1133
-169.686
-332.375
-568.074
-863.717
-1218.52
-1634.22
-2060.72
-2433.46
-2695.86
-2826.72
-2844.82
-2783.54
-2675.62
-2538.92
-2374.01
-2180.37
-1957.4
-1721.04
-1488.06
-1281.41
-1113.32
-980.817
-878.463
-801.215
-743.941
-701.756
-671.26
-649.14
-633.456
-622.55
-615.049
-609.826
-606.208
-603.806
-602.37
-601.772
-601.965
-602.888
-604.516
-606.639
-609.178
-612.131
-615.444
-617.877
122.442
124.067
103.569
68.9161
22.3701
-55.9806
-169.19
-342.966
-603.011
-940.242
-1329.97
-1758.49
-2188.02
-2547.37
-2780.73
-2882.03
-2875.81
-2791.39
-2662.02
-2509.82
-2340.64
-2152.42
-1939.4
-1714.2
-1498.46
-1310.78
-1159.87
-1039.85
-946.318
-874.667
-820.072
-779.762
-749.944
-727.247
-709.756
-696.413
-686.101
-677.878
-671.206
-665.814
-661.506
-658.187
-655.808
-654.259
-654.081
-654.496
-655.589
-657.365
-659.674
-661.517
68.3267
67.5718
68.466
66.2037
25.1729
-60.9604
-183.193
-375.24
-642.107
-978.696
-1357.85
-1765.44
-2172.5
-2505.15
-2709.79
-2787.44
-2766.46
-2680.1
-2551.8
-2404.74
-2241.42
-2056.75
-1855.68
-1655.61
-1472.41
-1318.79
-1193.38
-1091.81
-1011.19
-949.083
-902.893
-866.72
-837.173
-813.28
-793.513
-776.984
-763.098
-751.207
-740.908
-732.028
-724.47
-718.178
-713.176
-709.629
-706.689
-704.997
-704.407
-704.857
-706.171
-707.317
2.97811
-12.3694
-24.4102
-42.9749
-75.0114
-116.42
-215.685
-397.318
-644.79
-957.41
-1297.33
-1647.69
-1983.92
-2258.56
-2435.37
-2512.22
-2516.65
-2453.15
-2347.74
-2212.94
-2052.21
-1879.82
-1710.54
-1554.34
-1414.9
-1298.29
-1205.99
-1133.19
-1075.76
-1030.1
-992.164
-958.885
-929.877
-904.178
-881.266
-860.911
-842.904
-826.891
-812.599
-799.929
-788.836
-779.329
-771.449
-764.935
-759.823
-756.171
-753.943
-753.095
-753.48
-754.074
-61.2362
-93.5747
-125.699
-158.865
-198.249
-258.319
-339.237
-463.217
-652.339
-891.702
-1160.87
-1444.28
-1710.88
-1934.88
-2095.01
-2184.16
-2191.51
-2137.77
-2037.62
-1908.92
-1772.16
-1640.2
-1518.8
-1414.29
-1327.64
-1258.8
-1207.81
-1171.38
-1142.19
-1113.04
-1082.2
-1051.87
-1022.38
-994.111
-967.615
-943.237
-921.039
-900.867
-882.581
-866.111
-851.486
-838.957
-828.094
-818.99
-811.681
-806.162
-802.399
-800.361
-799.938
-800.113
-108.271
-160.284
-214.399
-272.915
-338.293
-413.124
-485.408
-586.358
-707.284
-851.729
-1020.99
-1205.84
-1387.43
-1543.21
-1658.97
-1721.99
-1736.71
-1687.24
-1610.85
-1522.83
-1436.33
-1356.61
-1291.88
-1246.21
-1216.83
-1201.86
-1199.48
-1199.97
-1196.46
-1186.55
-1167.95
-1141.73
-1110.85
-1078.79
-1047.91
-1019.22
-992.912
-968.897
-947.045
-927.25
-909.354
-893.99
-880.605
-869.302
-860.109
-852.998
-847.914
-844.826
-843.82
-843.442
-131.475
-197.361
-269.301
-354.985
-462.858
-576.727
-650.628
-724.074
-801.494
-859.002
-918.798
-979.335
-1048.28
-1118.06
-1174.93
-1207.53
-1210.2
-1199.88
-1164.44
-1119.1
-1074.76
-1040.86
-1024.82
-1030.21
-1055.93
-1097.86
-1149.52
-1196.8
-1230.88
-1247.27
-1244.01
-1223.25
-1190.97
-1154.54
-1118.8
-1085.62
-1055.27
-1027.69
-1002.76
-980.372
-960.465
-942.349
-926.861
-913.839
-903.204
-894.907
-888.863
-884.913
-883.355
-882.753
-141.193
-197.998
-273.36
-369.119
-486.82
-631.249
-766.697
-886.207
-935.632
-912.335
-865.088
-798.924
-757.588
-750.874
-761.064
-772.101
-773.423
-760.597
-739.641
-716.888
-701.285
-702.002
-725.842
-776.165
-853.369
-950.751
-1059.11
-1160.52
-1239.87
-1288.69
-1304.58
-1291.45
-1258.28
-1217.59
-1177.23
-1140.06
-1106.27
-1075.73
-1048.29
-1023.9
-1001.76
-982.334
-965.58
-951.424
-939.805
-930.69
-924.091
-919.867
-917.889
-917.167
-135.309
-184.546
-251.84
-333.434
-438.295
-568.569
-725.219
-892.415
-1005.46
-1002.1
-862.08
-671.811
-527.792
-448.146
-411.555
-393.527
-381.443
-372.2
-352.815
-341.742
-345.751
-369.993
-420.664
-501.91
-619.051
-763.299
-925.536
-1083.15
-1215.98
-1307.78
-1350.48
-1348.67
-1314.65
-1268.54
-1222.58
-1182.35
-1146.1
-1113.47
-1084.07
-1057.6
-1034.65
-1014.34
-996.752
-981.85
-969.6
-960
-953.004
-948.461
-946.402
-945.826
-128.499
-166.139
-215.177
-284.869
-369.795
-471.495
-596.859
-742.588
-875.963
-944.912
-859.744
-651.463
-410.923
-260.618
-175.981
-119.59
-77.3365
-44.3166
-29.2722
-26.2257
-41.8905
-80.3079
-147.757
-246.774
-388.659
-562.518
-759.929
-962.943
-1146.08
-1290.11
-1374.92
-1393.37
-1361.68
-1310.65
-1254.38
-1213.26
-1175.67
-1141.99
-1111.77
-1084.74
-1060.74
-1039.61
-1021.31
-1005.79
-993.017
-982.966
-975.557
-970.918
-968.988
-968.699
-120.769
-151.063
-188.158
-235.94
-301.768
-383.345
-467.912
-570.247
-679.746
-762.332
-757.329
-633.263
-418.609
-223.177
-98.6115
-6.22427
64.969
123.983
156.189
160.912
140.15
95.9466
21.3648
-81.3674
-216.622
-386.217
-586.93
-811.277
-1029.83
-1218.12
-1352.15
-1405.43
-1387.77
-1334.28
-1279.64
-1233.72
-1194.5
-1160.49
-1130.45
-1103.54
-1079.55
-1058.28
-1039.7
-1023.86
-1010.79
-1000.51
-992.971
-988.367
-986.447
-986.378
-112.679
-138.131
-169.055
-203.055
-246.342
-298.565
-365.958
-437.171
-508.677
-573.158
-589.574
-531.224
-412.645
-280.273
-147.595
-32.677
64.6423
142.623
195.875
210.349
199.231
160.562
93.4315
1.9155
-119.58
-271.535
-455.068
-662.498
-886.278
-1098.19
-1267.9
-1364.7
-1377.5
-1333.63
-1282.39
-1238.32
-1200.37
-1167.61
-1138.88
-1113.33
-1090.46
-1070.05
-1052.02
-1036.47
-1023.53
-1013.37
-1005.99
-1001.46
-999.583
-999.786
-106.483
-125.919
-150.425
-179.689
-211.27
-246.28
-287.887
-333.763
-384.759
-425.847
-440.397
-411.333
-342.548
-258.078
-168.187
-74.391
18.8388
96.9599
151.088
174.445
172.905
146.323
93.9726
15.3487
-88.2671
-217.017
-373.928
-551.054
-745.709
-951.214
-1135.83
-1269.8
-1320.85
-1303.9
-1263.36
-1226.84
-1193.98
-1164.52
-1138.34
-1114.87
-1093.93
-1075.25
-1058.71
-1044.27
-1032.06
-1022.4
-1015.41
-1010.99
-1009.26
-1009.83
-101.675
-117.279
-135.511
-157.686
-183.81
-212.348
-239.921
-273.779
-305.842
-327.108
-333.482
-316.192
-278.739
-223.454
-158.69
-87.7504
-14.3325
51.6805
101.102
128.488
132.006
111.529
68.8959
4.04491
-80.7807
-187.963
-318.774
-468.904
-635.481
-816.008
-992.343
-1134.76
-1225.55
-1246.92
-1226.57
-1201.81
-1177.38
-1153.36
-1131.04
-1110.66
-1092.23
-1075.88
-1061.47
-1048.81
-1037.86
-1028.97
-1022.43
-1018.17
-1016.58
-1017.43
-97.4128
-109.79
-124.35
-140.835
-158.773
-179.799
-204.8
-229.808
-253.071
-271.849
-275.929
-262.647
-234.651
-195.968
-147.878
-93.094
-36.0947
16.5433
57.9971
83.7933
91.1834
79.1693
47.0776
-4.63444
-74.2644
-163.367
-271.672
-396.664
-538.615
-696.62
-860.013
-997.782
-1097.45
-1159.75
-1179.15
-1169.57
-1154.77
-1136.84
-1118.85
-1102.11
-1086.6
-1073.1
-1061.47
-1051.27
-1042.14
-1034.21
-1028.21
-1024.07
-1022.59
-1023.47
-94.8359
-102.969
-113.173
-126.758
-141.34
-157.429
-174.906
-193.056
-213.682
-228.677
-236.002
-230.699
-213.08
-184.421
-147.093
-104.401
-59.8028
-17.5039
17.71
42.0605
52.9429
48.4389
26.661
-12.8756
-68.8906
-141.674
-230.764
-335.098
-455.317
-590.12
-733.711
-868.316
-974.695
-1054.62
-1100.82
-1123.77
-1127.48
-1119.49
-1105.84
-1092.45
-1079.28
-1068.34
-1059.5
-1052.07
-1045.31
-1038.97
-1033.43
-1029.45
-1027.9
-1028.59
-96.4583
-97.8128
-104.587
-114.983
-128.898
-144.321
-157.939
-171.744
-186.534
-200.231
-208.28
-206.784
-196.872
-176.742
-149.184
-116.233
-80.799
-45.6605
-14.7996
8.73061
21.9253
22.1569
6.75053
-23.8192
-69.0897
-129.134
-203.844
-292.59
-395.848
-511.52
-634.023
-755.719
-865.508
-950.44
-1012.53
-1054.25
-1086.25
-1099.7
-1095
-1085.92
-1072.96
-1063.2
-1056.38
-1051.46
-1047.14
-1042.48
-1038.01
-1034.47
-1032.65
-1033.15
-106.884
-95.2507
-103.446
-112.619
-123.858
-136.041
-147.871
-160.565
-171.358
-181.882
-188.196
-187.864
-180.261
-165.798
-144.569
-118.548
-90.3714
-61.6761
-35.3668
-15.2382
-3.98228
-4.81773
-18.8345
-45.4642
-84.9647
-137.842
-203.727
-282.762
-374.376
-476.453
-582.48
-688.447
-787.919
-871.343
-936.33
-986.366
-1027.16
-1062.04
-1084.11
-1082.88
-1068.34
-1058.83
-1053.35
-1050.15
-1047.66
-1044.87
-1041.64
-1038.66
-1036.88
-1037.1
124.51
120.87
119.12
118.424
118.334
118.631
119.156
120.045
121.377
123.211
125.542
128.371
131.685
135.465
139.728
144.459
149.672
155.362
161.512
168.112
175.117
182.474
190.211
198.448
207.01
215.66
224.232
232.819
241.472
250.05
258.406
266.38
273.806
280.51
286.239
290.716
293.663
294.78
293.712
290.026
283.283
273.002
258.664
239.688
215.469
185.349
148.743
104.667
51.9574
0.14185
122.739
121.287
120.614
120.696
121.22
122.05
123.118
124.463
126.21
128.442
131.172
134.4
138.102
142.298
146.994
152.193
157.914
164.127
170.81
177.964
185.552
193.571
202.055
210.997
220.274
229.711
239.243
248.869
258.579
268.294
277.885
287.222
296.161
304.514
312.081
318.596
323.791
327.367
328.969
328.185
324.601
317.782
307.252
292.468
272.847
247.761
216.548
178.246
132.029
87.4731
122.498
122.401
122.591
123.354
124.49
125.91
127.506
129.29
131.425
134.032
137.158
140.789
144.93
149.613
154.819
160.561
166.85
173.641
180.92
188.71
196.986
205.749
215.001
224.686
234.741
245.051
255.596
266.346
277.226
288.15
299.034
309.784
320.258
330.293
339.706
348.28
355.744
361.799
366.098
368.27
367.929
364.66
358.024
347.528
332.641
312.757
287.25
255.558
217.134
180.705
123.644
124.178
124.947
126.265
127.98
129.933
132.03
134.292
136.84
139.827
143.345
147.395
152.017
157.213
162.974
169.293
176.153
183.542
191.463
199.927
208.93
218.467
228.515
239.022
249.94
261.23
272.852
284.75
296.853
309.088
321.379
333.629
345.714
357.516
368.878
379.583
389.371
397.953
405.003
410.171
413.095
413.404
410.699
404.525
394.378
379.704
360.009
334.682
303.242
275.451
125.637
126.5
127.601
129.33
131.588
134.094
136.676
139.36
142.315
145.7
149.638
154.162
159.281
165.004
171.313
178.193
185.643
193.661
202.261
211.441
221.207
231.548
242.428
253.82
265.692
278.024
290.76
303.852
317.238
330.858
344.63
358.457
372.253
385.91
399.281
412.157
424.303
435.446
445.277
453.476
459.728
463.678
464.928
463.046
457.582
448.058
434.015
415.121
391.152
370.71
128.195
129.185
130.557
132.605
135.286
138.29
141.336
144.428
147.775
151.58
155.961
160.976
166.611
172.858
179.705
187.15
195.207
203.882
213.193
223.119
233.674
244.834
256.577
268.892
281.765
295.16
309.041
323.369
338.093
353.148
368.457
383.946
399.527
415.095
430.511
445.593
460.13
473.855
486.475
497.701
507.214
514.664
519.693
521.919
520.908
516.191
507.413
494.131
476.144
461.965
131.129
132.227
133.818
136.018
138.972
142.393
145.883
149.402
153.146
157.366
162.199
167.689
173.821
180.587
187.977
196.004
204.681
214.028
224.034
234.71
246.043
258.022
270.644
283.907
297.794
312.278
327.34
342.935
359.016
375.527
392.405
409.582
426.965
444.455
461.922
479.211
496.107
512.35
527.675
541.809
554.45
565.301
574.021
580.173
583.303
583.034
579.034
571.089
559.213
550.163
134.347
135.489
137.091
139.37
142.539
146.305
150.196
154.121
158.276
162.914
168.183
174.132
180.753
188.033
195.968
204.567
213.854
223.844
234.529
245.932
258.034
270.838
284.352
298.569
313.471
329.053
345.283
362.13
379.558
397.517
415.955
434.796
453.955
473.337
492.825
512.261
531.433
550.108
568.047
584.976
600.614
614.634
626.627
636.18
642.929
646.512
646.641
642.957
635.402
630.115
137.629
138.609
140.1
142.497
145.855
149.861
154.097
158.405
162.975
168.025
173.72
180.103
187.183
194.937
203.375
212.509
222.366
232.953
244.301
256.398
269.253
282.868
297.245
312.376
328.262
344.893
362.25
380.31
399.038
418.395
438.322
458.749
479.599
500.784
522.186
543.647
564.968
585.935
606.293
625.768
644.055
660.804
675.666
688.305
698.334
705.404
709.224
709.61
706.642
704.522
140.515
141.297
142.737
145.223
148.724
152.905
157.409
162.066
167.011
172.457
178.538
185.325
192.812
200.998
209.898
219.526
229.912
241.078
253.041
265.802
279.365
293.736
308.91
324.896
341.7
359.316
377.727
396.916
416.849
437.486
458.772
480.651
503.057
525.907
549.082
572.419
595.728
618.781
641.319
663.059
683.682
702.844
720.195
735.341
747.937
757.696
764.345
767.559
767.363
767.221
142.715
143.369
144.802
147.35
150.915
155.225
159.922
164.873
170.162
175.955
182.394
189.526
197.367
205.931
215.221
225.28
236.126
247.795
260.286
273.614
287.785
302.798
318.67
335.409
353.019
371.496
390.831
411.004
431.988
453.748
476.244
499.425
523.236
547.586
572.345
597.341
622.366
647.184
671.525
695.089
717.538
738.527
757.704
774.786
789.576
801.869
811.29
817.502
820.509
822.396
144.001
144.615
146.101
148.656
152.246
156.612
161.449
166.627
172.185
178.274
185
192.418
200.549
209.4
219.008
229.4
240.618
252.678
265.598
279.388
294.053
309.61
326.07
343.44
361.726
380.929
401.037
422.036
443.901
466.607
490.132
514.439
539.459
565.075
591.135
617.451
643.805
669.954
695.632
720.549
744.403
766.891
787.738
806.687
823.442
837.513
848.296
855.44
859.107
861.11
144.237
144.881
146.422
148.983
152.562
156.904
161.802
167.122
172.885
179.196
186.135
193.755
202.077
211.123
220.937
231.559
243.029
255.367
268.589
282.704
297.727
313.671
330.545
348.362
367.125
386.835
407.485
429.065
451.561
474.963
499.257
524.401
550.304
576.832
603.819
631.072
658.369
685.471
712.121
738.05
762.985
786.641
808.694
828.744
846.351
861.234
873.417
882.974
889.525
893.691
143.182
143.931
145.484
148.028
151.573
155.895
160.807
166.217
172.121
178.568
185.623
193.332
201.722
210.848
220.751
231.481
243.073
255.545
268.914
283.191
298.395
314.537
331.634
349.691
368.716
388.709
409.666
431.585
454.467
478.314
503.106
528.803
555.28
582.394
609.977
637.841
665.774
693.546
720.909
747.593
773.307
797.75
820.604
841.534
860.185
876.096
888.655
897.18
901.851
904.4
140.705
141.542
143.201
145.774
149.266
153.524
158.406
163.842
169.8
176.29
183.348
191.017
199.361
208.438
218.303
229.001
240.559
252.999
266.337
280.594
295.786
311.928
329.033
347.11
366.162
386.19
407.197
429.186
452.169
476.138
501.052
526.964
553.629
580.928
608.701
636.763
664.907
692.909
720.518
747.459
773.416
798.043
820.956
841.757
860.048
875.458
887.69
896.578
902.112
905.366
136.764
137.791
139.631
142.25
145.676
149.825
154.621
160.01
165.937
172.36
179.292
186.799
194.961
203.858
213.55
224.068
235.437
247.675
260.804
274.845
289.817
305.738
322.621
340.477
359.309
379.121
399.915
421.698
444.488
468.294
493.098
518.705
545.139
572.234
599.812
627.683
655.635
683.439
710.837
737.545
763.245
787.578
810.142
830.522
848.328
863.284
875.244
884.203
890.038
893.444
131.521
132.785
134.829
137.506
140.865
144.898
149.565
154.83
160.62
166.862
173.553
180.77
188.627
197.216
206.593
216.783
227.803
239.673
252.41
266.038
280.581
296.058
312.489
329.884
348.251
367.591
387.905
409.192
431.46
454.712
478.918
503.993
529.857
556.371
583.364
610.64
637.982
665.152
691.886
717.898
742.877
766.5
788.445
808.393
825.983
840.739
852.035
859.242
862.611
864.05
125.202
126.711
128.969
131.717
134.99
138.872
143.377
148.464
154.031
159.98
166.311
173.134
180.576
188.734
197.662
207.382
217.905
229.244
241.421
254.455
268.374
283.204
298.963
315.668
333.326
351.938
371.501
392.009
413.454
435.827
459.108
483.24
508.133
533.652
559.629
585.865
612.137
638.194
663.767
688.559
712.261
734.552
755.098
773.532
789.466
802.594
812.832
820.198
824.337
826.573
118.098
119.851
122.267
125.077
128.292
132.012
136.31
141.139
146.373
151.92
157.816
164.165
171.111
178.744
187.112
196.241
206.136
216.804
228.26
240.533
253.651
267.641
282.529
298.326
315.044
332.684
351.243
370.71
391.068
412.296
434.367
457.239
480.83
505.013
529.629
554.481
579.342
603.957
628.046
651.301
673.392
693.977
712.733
729.353
743.551
754.921
762.943
767.303
768.112
767.886
110.518
112.477
115.029
117.894
121.014
124.556
128.616
133.118
137.949
143.024
148.407
154.223
160.592
167.606
175.325
183.761
192.921
202.799
213.414
224.789
236.962
249.959
263.803
278.505
294.075
310.513
327.818
345.976
364.971
384.769
405.335
426.611
448.534
470.997
493.852
516.911
539.958
562.743
584.984
606.364
626.526
645.087
661.643
675.828
687.373
696.122
701.821
704.118
702.88
701.232
102.754
104.913
107.59
110.434
113.437
116.777
120.538
124.663
129.02
133.587
138.419
143.647
149.378
155.721
162.724
170.403
178.744
187.749
197.421
207.798
218.916
230.805
243.482
256.959
271.239
286.328
302.217
318.894
336.335
354.504
373.348
392.813
412.82
433.275
454.033
474.912
495.696
516.148
536.007
554.978
572.725
588.87
603.002
614.642
623.322
628.694
630.572
628.804
623.399
618.812
95.0954
97.4105
100.176
103.008
105.874
108.917
112.285
115.953
119.837
123.9
128.185
132.799
137.872
143.51
149.757
156.63
164.1
172.159
180.821
190.123
200.093
210.769
222.16
234.282
247.135
260.724
275.038
290.068
305.781
322.145
339.101
356.586
374.507
392.763
411.212
429.672
447.914
465.684
482.711
498.708
513.363
526.31
537.164
545.527
550.929
552.901
551.093
545.401
535.961
528.024
87.8088
90.1903
92.9992
95.8139
98.4964
101.202
104.118
107.297
110.69
114.236
117.968
121.975
126.385
131.303
136.787
142.823
149.397
156.49
164.121
172.32
181.121
190.545
200.611
211.321
222.679
234.68
247.319
260.57
274.412
288.799
303.683
318.986
334.633
350.503
366.459
382.305
397.812
412.702
426.682
439.441
450.662
459.997
467.036
471.349
472.499
470.033
463.558
452.693
437.366
424.734
81.2361
83.5559
86.2924
88.9806
91.4366
93.804
96.2741
98.9462
101.807
104.824
108.001
111.412
115.173
119.388
124.092
129.292
134.953
141.075
147.664
154.747
162.361
170.518
179.235
188.514
198.358
208.75
219.679
231.113
243.02
255.347
268.047
281.041
294.24
307.54
320.802
333.839
346.392
358.167
368.845
378.091
385.553
390.881
393.682
393.535
389.965
382.476
370.663
354.251
333.095
314.426
75.6435
77.7323
80.199
82.6379
84.835
86.8521
88.8692
91.0187
93.3355
95.8223
98.4658
101.317
104.475
108.001
111.961
116.333
121.112
126.28
131.852
137.846
144.278
151.173
158.535
166.371
174.683
183.45
192.658
202.27
212.239
222.506
233
243.654
254.358
265.008
275.456
285.524
294.962
303.452
310.64
316.165
319.643
320.681
318.843
313.663
304.722
291.517
273.538
250.288
221.478
195.563
71.1161
72.8419
74.8671
76.8818
78.7272
80.3952
81.9966
83.6476
85.4219
87.3556
89.4709
91.802
94.3837
97.2752
100.51
104.093
108.018
112.284
116.886
121.826
127.119
132.785
138.833
145.265
152.058
159.212
166.692
174.473
182.504
190.716
199.019
207.333
215.55
223.542
231.152
238.172
244.365
249.417
252.955
254.57
253.851
250.374
243.709
233.322
218.644
199.176
174.461
144.085
107.796
73.8322
67.6777
68.9177
70.3626
71.7881
73.1318
74.4207
75.6521
76.8555
78.114
79.517
81.1298
82.9619
85.0113
87.3067
89.8524
92.6895
95.8063
99.2181
102.911
106.864
111.072
115.552
120.338
125.413
130.757
136.357
142.176
148.168
154.275
160.446
166.597
172.619
178.395
183.77
188.56
192.54
195.445
196.978
196.754
194.352
189.298
181.102
169.286
153.358
132.711
106.65
74.6225
36.0883
-9.39458
-52.8638
65.5129
65.9857
66.6208
67.3398
68.1241
68.9772
69.8081
70.5455
71.3073
72.2529
73.4291
74.811
76.3652
78.0947
80.0149
82.1438
84.5162
87.1113
89.9568
93.0156
96.2219
99.5858
103.153
106.914
110.856
114.946
119.18
123.486
127.765
131.942
135.965
139.742
143.131
145.947
147.968
148.947
148.589
146.574
142.53
136.006
126.541
113.596
96.5863
74.9377
48.0549
15.2431
-24.2045
-70.965
-125.541
-180.271
65.0034
64.0081
63.5514
63.4978
63.7379
64.0923
64.4086
64.6686
65.0117
65.5736
66.3635
67.3314
68.4153
69.6137
70.9493
72.4364
74.1019
75.9427
77.9458
80.2097
82.5601
84.9277
87.3323
89.8091
92.3953
95.0955
97.7828
100.441
102.975
105.279
107.282
108.887
109.936
110.23
109.527
107.551
103.981
98.4513
90.5796
79.8956
65.9031
48.0998
25.8327
-1.58488
-34.8329
-74.623
-121.65
-176.964
-241.655
-307.836
66.2756
62.7982
61.0802
60.2473
59.9116
59.7411
59.527
59.3594
59.3437
59.5276
59.9324
60.5406
61.2097
61.9419
62.7515
63.6652
64.6853
65.8162
67.0027
68.425
70.0485
71.587
72.8737
74.0905
75.4157
76.7859
78.0713
79.1776
80.0167
80.5141
80.5732
80.0516
78.7725
76.5355
73.0985
68.1641
61.3828
52.3631
40.6607
25.8147
7.31801
-15.3991
-42.9738
-76.2115
-115.813
-162.545
-216.981
-280.121
-353.787
-430.709
-21.1392
-31.1299
-29.4965
-27.3204
-21.8025
-14.9836
-7.01684
3.8621
18.8926
39.4168
60.1109
81.3186
106.001
108.161
69.3419
21.176
-28.397
-60.29
-81.2692
-93.7662
-99.0248
-99.238
-97.1847
-93.6374
-90.7416
-87.7222
-85.3828
-82.7872
-78.1815
-69.7465
-7.03943
-19.2539
-20.451
-20.7116
-15.6347
-9.54293
-1.89669
8.53341
22.6506
40.1321
59.8992
74.8216
100.4
93.2649
70.5713
38.8423
3.18793
-27.9556
-48.8968
-61.2759
-71.8531
-76.1667
-77.9163
-77.9601
-76.967
-75.0006
-73.6719
-70.8476
-64.664
-53.2298
-8.72615
-12.4301
-13.0962
-14.0935
-9.94021
-4.46983
2.61752
12.2605
25.7532
38.6372
56.5912
66.8254
85.6311
82.7313
68.552
47.5616
18.9675
-7.41264
-25.508
-39.6459
-51.6008
-58.2756
-62.4257
-64.2868
-64.9355
-64.2227
-63.3892
-60.8829
-56.8594
-52.0539
-10.5117
-9.41857
-7.66266
-8.12802
-4.59825
0.277983
6.95449
15.1417
26.5018
37.2215
50.9532
58.3474
67.8026
69.5621
62.6394
47.6246
24.3163
3.65543
-11.2813
-24.4622
-35.9876
-44.0047
-49.3983
-52.3354
-54.487
-54.8635
-54.6693
-53.0511
-52.1696
-51.78
-10.0997
-7.66801
-4.49426
-3.58412
-0.162448
3.93679
10.1797
16.6441
25.6899
33.9594
43.9001
48.6564
50.8498
54.7407
53.5658
42.4782
25.1689
9.41324
-2.82117
-13.9899
-23.671
-32.3459
-38.1602
-42.0297
-45.1766
-46.4575
-47.0708
-46.727
-47.8559
-49.3599
-7.66932
-6.09587
-2.73591
-0.833472
2.69581
6.04136
11.5395
16.4763
23.3354
29.0067
35.5886
38.3326
34.605
40.7811
44.1278
35.2365
23.5046
11.9539
2.26749
-6.78137
-14.5761
-23.1698
-28.7517
-33.1867
-36.7426
-38.8461
-40.3038
-41.1901
-43.1473
-44.5231
-4.58758
-4.21013
-1.39714
0.652947
3.94445
6.77884
11.5955
14.8222
20.101
23.716
26.9197
28.3085
18.7823
29.3794
35.1092
28.074
20.4256
12.2497
5.18442
-1.92044
-8.66678
-16.5785
-21.4806
-25.9242
-29.4689
-32.2723
-34.4378
-36.083
-38.0652
-38.7353
-1.85949
-2.20823
-0.258886
1.35124
4.39606
6.73296
10.7927
13.1693
16.944
18.7891
19.5033
19.4762
6.58874
19.196
25.4211
22.5378
17.2151
11.5708
6.53503
1.13239
-5.11736
-12.0503
-16.3662
-20.4678
-23.7837
-27.0077
-29.4956
-31.4382
-33.155
-33.1445
0.199091
-0.317435
0.828905
1.82728
4.62288
6.59213
9.71284
11.3568
14.5746
14.3
14.2509
12.2708
1.51036
8.36801
15.1826
19.6176
14.2404
10.4862
6.59164
2.74564
-3.00819
-8.85727
-12.8558
-16.5606
-19.6682
-22.9715
-25.3233
-27.1709
-28.5948
-28.2859
1.58743
1.2871
1.95741
2.66147
4.76218
6.37955
8.47075
9.63993
11.5514
11.1487
11.0314
7.67963
0.412407
-0.800955
7.17873
17.0391
11.2413
9.236
5.82759
3.39963
-1.89437
-6.6972
-10.3717
-13.6419
-16.6238
-19.7441
-21.7559
-23.3042
-24.4192
-24.2262
2.48407
2.31203
2.80137
3.30285
4.62924
5.90077
7.25609
8.08487
9.21316
8.81353
8.59668
5.231
0.374661
-5.23503
2.03256
13.107
8.66517
7.91114
4.97241
3.65487
-1.24663
-5.18412
-8.53417
-11.2786
-14.0587
-16.8421
-18.5833
-19.8402
-20.7752
-20.7882
2.90502
3.01284
3.27697
3.4836
4.27276
5.20858
6.0994
6.74811
7.40781
7.00998
6.65332
3.94485
-0.00689681
-4.17023
-1.80917
8.81391
7.49151
6.66386
4.41581
3.60151
-0.727503
-4.03819
-7.06631
-9.37248
-11.8836
-14.2112
-15.6816
-16.6497
-17.508
-17.8544
2.93091
3.08877
3.40105
3.42859
3.85836
4.50688
5.14888
5.67644
6.04432
5.73387
5.18612
3.53815
0.29754
-2.30455
-4.07837
6.33363
7.78875
5.37823
4.15062
3.32042
-0.259128
-3.04761
-5.67097
-7.72711
-9.99334
-11.9143
-13.1615
-13.8916
-14.795
-15.2121
2.66655
2.78916
3.24004
3.26319
3.5318
3.9223
4.39108
4.73277
4.91073
4.75791
4.17834
3.4483
0.705379
-0.280021
-2.1949
2.80828
7.98613
4.4616
4.10948
2.92934
0.121156
-2.24261
-4.40072
-6.22348
-8.20747
-9.80506
-10.9435
-11.6218
-12.5381
-12.9363
2.2712
2.44746
2.88002
3.02757
3.25903
3.41731
3.7624
3.85126
3.96014
3.96924
3.43269
3.24049
1.37801
1.37734
-0.679208
1.65121
7.1722
3.80204
3.41751
2.42459
0.301013
-1.77989
-3.48126
-4.97632
-6.5305
-7.77741
-8.86719
-9.59699
-10.459
-10.8426
2.02259
2.08827
2.38624
2.58843
2.84769
2.9087
3.23015
3.18897
3.24219
3.36173
2.8922
2.8442
1.64994
0.880386
0.765537
1.33928
5.99733
3.30056
2.88116
1.97085
0.40335
-1.3052
-2.70235
-3.94396
-5.08016
-6.04699
-7.03624
-7.72783
-8.45833
-8.69309
1.8031
1.78688
1.90731
2.02157
2.3047
2.37546
2.65892
2.59405
2.60501
2.75817
2.38297
2.34037
1.84825
0.786558
2.10545
1.30287
4.34724
2.54362
2.28494
1.63056
0.490859
-0.853037
-1.94952
-2.9856
-3.89029
-4.67142
-5.50559
-6.00258
-6.495
-6.57617
1.27231
1.2268
1.29052
1.35326
1.74864
1.8386
2.14023
2.01838
2.02138
2.20729
1.81775
1.86043
1.32064
0.926262
3.14428
1.53902
2.57873
1.7756
1.84074
1.15685
0.360238
-0.469207
-1.22355
-1.956
-2.684
-3.32884
-3.99828
-4.27214
-4.68357
-4.7086
0.708931
0.407833
0.543288
0.588481
0.965296
1.05783
1.37171
1.38403
1.27749
1.41093
1.20426
1.2701
1.26901
1.27676
2.10975
0.931297
2.02882
1.2893
1.13722
0.789193
0.280982
-0.170528
-0.608399
-1.02673
-1.52947
-1.9721
-2.41369
-2.57112
-2.95937
-2.80743
0.057933
-0.156711
0.0126481
-0.0269091
0.0639363
0.0864674
0.270191
0.332968
0.171637
0.296685
0.343998
0.193856
0.345472
-0.0121392
0.884848
0.595391
1.52799
1.26263
0.84953
0.657386
0.412095
0.10105
-0.0936445
-0.274044
-0.506631
-0.65386
-0.812341
-0.837961
-1.03006
-0.964359
)
;

boundaryField
{
    INLET
    {
        type            zeroGradient;
    }
    OUTLET
    {
        type            fixedValue;
        value           uniform 0;
    }
    WALL
    {
        type            zeroGradient;
    }
    CYLINDER
    {
        type            zeroGradient;
    }
    frontAndBackPlanes
    {
        type            empty;
    }
}


// ************************************************************************* //
