/*--------------------------------*- C++ -*----------------------------------*\
| =========                 |                                                 |
| \\      /  F ield         | OpenFOAM: The Open Source CFD Toolbox           |
|  \\    /   O peration     | Version:  v1912                                 |
|   \\  /    A nd           | Website:  www.openfoam.com                      |
|    \\/     M anipulation  |                                                 |
\*---------------------------------------------------------------------------*/
FoamFile
{
    version     2.0;
    format      ascii;
    class       volScalarField;
    location    "0.33";
    object      p;
}
// * * * * * * * * * * * * * * * * * * * * * * * * * * * * * * * * * * * * * //

dimensions      [0 2 -2 0 0 0 0];


internalField   nonuniform List<scalar> 
6600
(
185.689
181.685
179.978
178.883
178.116
177.759
177.733
177.871
178.12
178.622
179.436
180.539
181.882
183.425
185.159
187.114
189.265
191.691
194.48
197.508
200.71
204.126
207.765
211.635
215.721
219.85
224.021
228.15
232.185
235.979
239.378
242.155
244.133
245.149
245.016
243.509
240.207
234.597
226.162
214.439
198.963
179.097
154.094
123.224
85.6716
40.4471
-12.6949
-73.7967
-146.745
-225.751
183.593
180.119
178.952
177.943
177.277
176.946
176.803
176.814
177.033
177.479
178.177
179.128
180.276
181.62
183.126
184.795
186.59
188.412
190.551
192.962
195.503
198.179
200.964
203.874
206.962
210.206
213.302
216.138
218.635
220.742
222.307
223.097
222.795
221.267
218.36
213.837
207.259
198.096
185.92
170.174
150.318
125.684
95.5875
59.2778
16.0415
-35.2897
-94.7189
-162.186
-239.651
-321.735
181.167
178.099
177.506
176.63
176.084
175.815
175.66
175.618
175.77
176.167
176.769
177.568
178.476
179.531
180.768
182.178
183.815
185.477
187.034
188.733
190.563
192.512
194.532
196.55
198.42
200.309
202.096
203.563
204.479
204.767
204.273
202.961
200.333
196.194
190.395
182.669
172.655
159.792
143.65
123.587
99.1044
69.6014
34.4065
-7.14678
-55.8576
-112.598
-177.532
-249.902
-329.098
-409.407
178.624
175.903
175.823
175.049
174.643
174.373
174.167
174.125
174.254
174.561
175.027
175.662
176.419
177.225
178.111
179.071
180.163
181.518
182.793
183.993
185.185
186.384
187.504
188.479
189.234
189.776
190.035
189.875
189.041
187.407
184.783
181.288
176.103
169.283
160.568
149.586
135.966
119.219
98.9616
74.6138
45.628
11.4373
-28.4943
-74.7929
-128.085
-189.114
-258.02
-333.182
-412.374
-488.522
176.117
173.652
173.979
173.14
172.87
172.595
172.337
172.226
172.287
172.463
172.713
173.04
173.496
174.06
174.688
175.334
175.946
176.557
177.217
177.835
178.452
178.956
179.202
179.197
178.685
177.778
176.432
174.513
171.82
168.189
163.417
157.324
149.616
140.064
128.36
114.107
96.9917
76.5727
52.2951
23.8005
-9.30402
-47.5463
-91.4756
-141.54
-198.132
-261.913
-332.955
-409.299
-487.161
-557.527
173.793
171.329
171.992
171.04
170.782
170.461
170.122
169.948
169.892
169.869
169.926
170.002
170.063
170.124
170.232
170.344
170.485
170.593
170.579
170.415
170.154
169.71
168.873
167.68
166.176
163.914
160.919
157.112
152.423
146.681
139.675
131.119
120.807
108.482
93.8195
76.436
55.9441
31.9949
4.25193
-27.6567
-64.181
-105.688
-152.518
-205.045
-263.521
-328.43
-399.93
-476.032
-551.198
-613.88
171.459
169.054
169.813
168.567
168.341
167.982
167.594
167.269
166.974
166.669
166.404
166.176
165.936
165.628
165.249
164.729
164.078
163.389
162.605
161.608
160.356
158.789
156.829
154.308
151.297
147.546
142.995
137.471
130.848
122.977
113.646
102.683
89.8308
74.7855
57.2622
36.9503
13.5635
-13.2662
-43.9193
-78.6051
-117.589
-161.214
-209.772
-263.461
-322.458
-387.127
-457.63
-532.03
-602.969
-656.131
168.927
166.617
167.496
165.909
165.702
165.228
164.765
164.311
163.835
163.295
162.664
161.938
161.138
160.262
159.32
158.27
156.97
155.443
153.699
151.658
149.278
146.394
142.982
139.039
134.504
129.217
122.978
115.68
107.167
97.2598
85.7984
72.5465
57.2713
39.7372
19.6964
-3.10196
-28.9665
-58.1325
-90.8088
-127.299
-167.867
-212.629
-261.718
-315.347
-373.696
-437.106
-505.288
-576.127
-641.569
-683.943
166.194
164.115
164.754
163.273
163.05
162.323
161.661
160.963
160.192
159.364
158.471
157.434
156.193
154.704
152.985
151.072
148.955
146.586
143.848
140.724
137.119
133
128.276
122.794
116.523
109.484
101.517
92.4321
82.0664
70.1908
56.6421
41.2289
23.7905
4.11343
-18.0123
-42.8155
-70.4507
-101.174
-135.232
-172.727
-213.792
-258.599
-307.241
-359.776
-416.37
-477.45
-542.609
-608.899
-667.563
-699.06
163.563
161.827
161.855
160.453
160.141
159.261
158.398
157.471
156.4
155.154
153.721
152.132
150.358
148.367
146.097
143.441
140.407
137.001
133.136
128.82
123.963
118.468
112.28
105.399
97.6851
89.0062
79.2639
68.347
56.1067
42.4042
27.0062
9.75601
-9.47934
-30.8896
-54.6179
-80.8156
-109.704
-141.39
-175.963
-213.631
-254.502
-298.55
-345.805
-396.358
-450.306
-508.007
-569.41
-630.636
-682.125
-704.372
160.308
159.044
158.974
157.597
157.083
155.894
154.805
153.592
152.177
150.555
148.708
146.557
144.078
141.274
138.181
134.757
130.876
126.538
121.64
116.1
110.028
103.36
95.8994
87.5791
78.271
68.0328
56.6998
44.0426
30.0439
14.5908
-2.46036
-21.2272
-41.8677
-64.5426
-89.3883
-116.52
-145.966
-177.886
-212.419
-249.557
-289.34
-331.826
-376.99
-424.798
-475.341
-528.935
-585.382
-641.389
-687.452
-703.339
157.358
155.92
155.81
154.401
153.795
152.482
151.146
149.564
147.732
145.591
143.143
140.398
137.342
133.88
129.939
125.56
120.699
115.311
109.371
102.783
95.4556
87.3876
78.5798
68.9463
58.3828
46.758
33.9325
19.8891
4.45672
-12.4058
-30.7648
-50.7303
-72.4472
-96.0314
-121.528
-149.013
-178.615
-210.334
-244.149
-280.142
-318.32
-358.627
-401.021
-445.422
-491.717
-540.462
-590.703
-639.873
-679.522
-694.046
153.618
152.86
152.697
151.241
150.48
148.937
147.426
145.535
143.268
140.688
137.71
134.278
130.391
126.101
121.358
116.074
110.25
103.841
96.7649
89.083
80.754
71.5827
61.5551
50.6248
38.6421
25.7431
11.6537
-3.60478
-20.1761
-38.133
-57.5508
-78.4532
-100.916
-125.009
-150.82
-178.352
-207.529
-238.42
-271.097
-305.493
-341.506
-379.077
-418.144
-458.579
-500.255
-543.085
-585.315
-624.039
-651.827
-665.092
150.29
149.522
149.519
148.278
147.427
145.664
143.866
141.662
139.042
135.949
132.445
128.495
123.993
118.896
113.251
107.025
100.168
92.7443
84.66
75.795
66.1922
55.857
44.6303
32.5471
19.6342
5.54135
-9.64385
-25.9555
-43.4679
-62.2526
-82.3526
-103.884
-126.843
-151.212
-176.947
-204.072
-232.644
-262.582
-293.745
-326.072
-359.557
-394.075
-429.397
-465.194
-501.79
-537.762
-570.746
-595.94
-607.398
-616.878
147.41
146.514
146.43
145.25
144.48
142.714
140.783
138.308
135.368
131.928
127.875
123.24
118.087
112.326
105.907
98.8485
91.088
82.5883
73.4223
63.5562
52.8885
41.3548
29.0806
15.8347
1.63876
-13.4981
-29.6128
-46.8314
-65.1477
-84.6454
-105.33
-127.214
-150.307
-174.614
-200.155
-226.812
-254.393
-282.872
-312.302
-342.58
-373.425
-404.638
-436
-467.353
-497.924
-526.497
-550.974
-567.273
-571.535
-574.694
144.975
144.475
144.158
142.795
141.97
140.19
138.245
135.636
132.429
128.653
124.278
119.197
113.398
106.928
99.7441
91.829
83.2128
73.8289
63.601
52.5784
40.856
28.2611
14.7491
0.601537
-14.4598
-30.5891
-47.6891
-65.7453
-84.8092
-104.846
-125.924
-148.096
-171.318
-195.52
-220.542
-246.372
-273.062
-300.41
-328.125
-356.067
-384.257
-412.503
-440.309
-467.497
-492.895
-515.008
-531.824
-541.599
-549.204
-549.907
142.28
142.175
142.364
141.286
140.378
138.587
136.579
133.884
130.559
126.509
121.716
116.227
109.963
102.892
95.0523
86.3875
76.878
66.6032
55.5183
43.5629
30.7369
17.1964
2.84987
-12.614
-28.8973
-45.8655
-63.6753
-82.4339
-102.119
-122.771
-144.306
-166.668
-189.858
-213.85
-238.619
-263.963
-289.599
-315.475
-341.557
-367.736
-393.758
-419.307
-444.233
-467.705
-488.904
-506.439
-518.16
-522.717
-527.509
-529.154
139.943
140.105
140.52
139.973
139.518
137.98
136.068
133.355
129.874
125.665
120.649
114.772
108.064
100.437
91.9096
82.5425
72.2785
61.1173
49.0876
36.2224
22.5023
7.79703
-7.61793
-23.6461
-40.6698
-58.6575
-77.345
-96.8245
-117.133
-138.201
-160.074
-182.766
-206.188
-230.219
-254.616
-279.287
-304.309
-329.424
-354.333
-378.832
-403.055
-426.82
-449.191
-469.937
-487.993
-500.796
-506.94
-512.239
-513.202
-515.224
137.926
138.748
139.301
139.076
139.125
138.079
136.457
133.953
130.666
126.375
121.176
115.004
107.888
99.833
90.744
80.6648
69.6446
57.6946
44.8253
31.034
16.438
1.09263
-15.3279
-32.7647
-50.708
-69.2653
-88.696
-108.885
-129.79
-151.449
-173.803
-196.76
-220.309
-244.401
-268.993
-293.774
-318.31
-342.594
-366.548
-390.204
-413.372
-435.063
-455.285
-473.688
-488.838
-498.501
-501.833
-504.043
-505.405
-506.397
135.244
136.996
138.475
139.011
139.426
139.026
138.064
135.847
132.838
128.865
123.684
117.32
109.782
101.2
91.5856
80.8818
69.1365
56.3741
42.6351
27.9804
12.3583
-4.21288
-21.2742
-39.0948
-58.0008
-77.6373
-97.8531
-118.754
-140.331
-162.516
-185.305
-208.753
-232.797
-257.3
-282.049
-306.838
-331.537
-355.831
-379.632
-402.686
-424.228
-444.274
-462.628
-478.433
-489.953
-495.821
-500.327
-499.895
-501.08
-501.264
131.614
134.402
136.943
138.903
140.385
140.762
140.605
139.099
136.427
132.716
127.772
121.554
113.952
104.982
94.7791
83.4256
70.9542
57.4314
42.8814
27.3071
10.8774
-6.39141
-24.8725
-43.9518
-63.5253
-83.8955
-104.972
-126.637
-148.895
-171.761
-195.194
-219.142
-243.606
-268.55
-293.963
-319.675
-345.02
-369.602
-393.255
-415.781
-436.584
-455.164
-471.324
-483.233
-489.462
-493.992
-495.961
-497.172
-498.152
-498.232
127.067
131.506
134.782
137.803
140.927
142.788
143.782
143.418
141.625
138.308
133.608
127.534
119.997
110.926
100.365
88.4379
75.2231
60.8278
45.348
28.8372
11.2717
-7.14292
-26.0978
-46.0516
-66.8964
-88.2039
-110.114
-132.624
-155.687
-179.23
-203.262
-227.84
-253.024
-278.763
-304.919
-331.356
-357.849
-383.701
-408.409
-430.796
-449.895
-466.427
-479.357
-487.309
-490.384
-492.449
-494.297
-496.129
-497.147
-497.296
120.309
127.153
131.738
136.215
140.876
144.372
146.862
147.945
147.543
145.267
141.286
135.55
128.106
118.967
108.152
95.7737
81.957
66.7933
50.3949
32.9109
14.4878
-5.07865
-25.5952
-46.668
-68.3185
-90.6927
-113.588
-136.949
-160.824
-185.235
-210.085
-235.367
-261.143
-287.517
-314.59
-342.427
-370.822
-398.81
-424.669
-447.034
-465.595
-478.913
-486.817
-490.469
-493.559
-494.054
-495.519
-496.834
-497.541
-497.647
110.769
120.255
126.138
132.982
139.849
145.601
150.187
153.128
154.123
153.11
150.109
145.016
137.91
128.871
117.938
105.198
90.7898
74.8462
57.5012
38.8771
19.1531
-1.24785
-22.6735
-44.9889
-67.9654
-91.4259
-115.341
-139.742
-164.531
-189.691
-215.304
-241.334
-267.889
-295.14
-323.118
-352.03
-382.158
-412.962
-442.288
-466.974
-484.456
-492.848
-493.538
-495.92
-497.025
-497.796
-498.209
-498.448
-498.581
-498.499
98.4192
110.919
118.288
127.845
136.903
145.002
152.054
157.273
160.501
161.437
159.87
155.86
149.441
140.635
129.661
116.638
101.742
85.1303
66.9456
47.3903
26.5055
4.32586
-18.4495
-41.8251
-65.9879
-90.715
-115.858
-141.269
-166.974
-193.021
-219.415
-246.259
-273.453
-301.162
-329.924
-359.942
-392.077
-426.268
-459.967
-488.167
-505.973
-509.156
-505.563
-502.959
-503.228
-502.72
-501.519
-500.575
-500.069
-499.748
83.2063
98.8266
106.476
119.345
131.803
142.924
153.14
161.154
166.943
169.903
170.103
167.514
162.047
153.839
143.038
129.821
114.449
97.1265
78.0002
57.2288
35.3464
12.2009
-12.0798
-37.2109
-62.7966
-88.7564
-115.047
-141.652
-168.441
-195.271
-222.326
-249.737
-277.641
-306.188
-335.294
-365.555
-398.421
-435.346
-474.763
-509.673
-526.58
-525.085
-520.633
-513.815
-511.315
-508.578
-505.811
-503.525
-502.283
-501.753
64.2636
84.429
92.5807
107.719
122.527
137.026
150.868
162.59
171.982
178.12
180.663
179.808
175.671
168.349
157.965
144.762
129.064
111.123
91.2067
69.1876
45.4237
20.8309
-4.76834
-31.2992
-58.3865
-85.8271
-113.477
-141.262
-169.101
-196.944
-224.6
-252.369
-280.712
-309.42
-338.89
-368.98
-401.487
-440.46
-485.606
-525.256
-542.789
-540.89
-531.478
-526.163
-521.476
-516.947
-512.779
-509.264
-506.858
-505.277
42.1471
66.7907
74.8048
93.006
110.329
128.487
146.522
162.435
175.47
185.088
190.982
192.493
189.945
183.635
173.867
160.86
144.985
126.353
105.528
82.5128
57.5606
31.1895
3.71818
-24.4386
-53.1444
-82.153
-111.232
-140.278
-169.227
-198.077
-226.527
-254.343
-282.399
-311.521
-340.568
-370.275
-401.965
-439.504
-484.648
-525.267
-545.144
-552.32
-544.586
-542.906
-540.229
-534.746
-528.032
-522.199
-518.893
-516.969
15.1545
48.2475
54.4502
74.1919
93.24
114.892
137.348
158.961
177.17
190.863
200.149
204.541
204.147
199.376
190.505
178.156
162.274
143.235
120.985
96.6332
70.3147
42.1953
12.9122
-16.9516
-47.2907
-78.0721
-108.798
-139.184
-169.148
-199.134
-229.001
-256.166
-283.926
-312.242
-340.065
-369.341
-401.266
-438.623
-479.59
-508.19
-530.992
-544.089
-555.775
-564.425
-568.568
-564.595
-555.497
-546.748
-541.484
-538.948
-24.6217
20.1422
33.4978
52.7803
73.3067
98.8519
125.66
152.083
175.426
194.192
207.79
215.577
217.554
214.566
207.247
195.624
179.302
159.324
136.243
110.806
82.6405
53.0941
21.9846
-9.58729
-41.6689
-74.2554
-106.998
-138.475
-169.666
-200.717
-230.909
-259.233
-286.733
-313.03
-338.382
-362.704
-388.161
-421.977
-455.496
-477.267
-506.755
-536.587
-566.931
-592.013
-606.574
-605.789
-595.149
-582.905
-574.87
-571.548
70.5577
65.946
63.6567
62.1711
61.1094
60.2218
59.329
58.3913
57.4863
56.6819
55.9181
55.0593
54.0763
52.9787
51.8051
50.5682
49.2726
47.9127
46.4565
44.9225
43.1449
41.1207
39.2795
37.4405
35.0562
32.2903
29.3642
26.1954
22.6131
18.4302
13.5813
7.94552
1.32263
-6.59491
-16.1415
-27.5714
-41.2939
-57.8241
-77.5851
-101.176
-129.202
-162.325
-201.363
-247.27
-300.674
-362.558
-433.671
-512.884
-607.885
-711.057
67.3706
62.5086
60.6034
58.8146
57.2546
55.9555
54.7273
53.5358
52.3483
51.1745
49.9908
48.7449
47.3445
45.7965
44.0789
42.2491
40.2732
38.1551
35.8394
33.4094
30.7413
27.6371
24.4072
21.2434
17.7184
13.4677
8.76631
3.68324
-1.9507
-8.34845
-15.6497
-24.023
-33.6845
-44.8669
-57.9732
-73.3839
-91.4252
-112.62
-137.477
-166.579
-200.643
-240.299
-286.229
-339.671
-401.217
-471.694
-551.876
-640.216
-742.414
-854.033
62.8683
57.7666
56.3066
54.3173
52.5075
50.8529
49.2822
47.7547
46.2032
44.5964
42.8912
41.0998
39.157
37.0502
34.788
32.3095
29.6045
26.6879
23.4759
20.0264
16.3045
12.1368
7.65876
3.00346
-2.04809
-7.85186
-14.2849
-21.3318
-29.1678
-38.002
-47.9484
-59.2185
-72.1111
-86.8736
-103.821
-123.379
-145.947
-172.09
-202.319
-237.236
-277.509
-323.863
-376.818
-437.644
-506.858
-585.46
-673.774
-770.505
-876.764
-989.278
57.5859
52.1544
51.0931
48.6979
46.7348
44.9036
43.0173
41.0899
39.0866
36.9728
34.7188
32.2817
29.6761
26.8704
23.8738
20.6152
17.09
13.2897
9.16058
4.66466
-0.115466
-5.44221
-11.2892
-17.4537
-24.103
-31.6868
-40.0879
-49.2489
-59.4198
-70.7831
-83.5176
-97.8457
-114.078
-132.504
-153.52
-177.555
-204.837
-236.132
-271.833
-312.544
-359.009
-411.885
-471.702
-539.392
-615.635
-701.436
-796.803
-899.759
-1008.22
-1118.26
51.6743
45.9164
45.2057
42.3559
40.2757
38.1876
36.0163
33.7097
31.282
28.7004
25.9295
22.8999
19.62
16.0877
12.2229
8.05229
3.52988
-1.37057
-6.64023
-12.3859
-18.4364
-24.8463
-32.0351
-39.9441
-48.5546
-58.0131
-68.4044
-79.7636
-92.3787
-106.434
-122.122
-139.69
-159.458
-181.735
-206.834
-235.24
-267.368
-303.67
-344.775
-391.195
-443.521
-502.504
-568.642
-642.41
-724.479
-815.928
-916.702
-1024.1
-1134.01
-1240.65
45.1612
39.2235
38.8761
35.3819
33.3674
31.0246
28.4794
25.8104
22.9918
19.9406
16.6254
13.0174
9.07498
4.76947
0.117419
-4.95019
-10.4543
-16.4315
-22.8602
-29.8179
-37.4278
-45.52
-54.3263
-63.8309
-74.3316
-86.0423
-98.7594
-112.556
-127.783
-144.729
-163.547
-184.447
-207.751
-233.791
-262.979
-295.755
-332.59
-373.875
-420.016
-471.646
-529.272
-593.462
-664.769
-743.579
-830.343
-925.913
-1030.29
-1140.89
-1251.75
-1354.09
38.0721
31.9309
31.8481
27.8673
25.904
23.2386
20.3859
17.3845
14.1774
10.6484
6.79121
2.56838
-2.06506
-7.16033
-12.6842
-18.7207
-25.2901
-32.4125
-40.1118
-48.4293
-57.381
-67.0671
-77.6841
-89.281
-101.809
-115.521
-130.536
-146.89
-164.854
-184.701
-206.661
-231.01
-258.018
-287.977
-321.231
-358.157
-399.193
-444.862
-495.624
-551.837
-614.007
-682.632
-758.051
-840.512
-930.438
-1028.69
-1135.57
-1248.29
-1358.97
-1455.12
30.2371
24.3787
24.1769
19.8565
18.0255
15.001
11.9071
8.5183
4.8069
0.721902
-3.78654
-8.72795
-14.1018
-19.96
-26.4088
-33.3985
-40.9831
-49.222
-58.1739
-67.9888
-78.6402
-90.1361
-102.549
-115.914
-130.515
-146.512
-163.953
-183.014
-203.905
-226.792
-251.813
-279.322
-309.697
-343.189
-380.114
-420.924
-466.004
-515.633
-570.219
-630.242
-696.034
-767.966
-846.362
-931.451
-1023.39
-1122.9
-1230.63
-1344.09
-1453.24
-1540.82
21.9825
16.8799
16.1386
11.9894
9.82768
6.47699
3.01425
-0.810914
-5.05427
-9.76673
-14.9443
-20.6689
-26.9718
-33.8258
-41.3157
-49.4463
-58.2518
-67.7755
-78.0492
-89.1469
-101.247
-114.37
-128.708
-144.248
-160.971
-179.109
-198.844
-220.356
-243.851
-269.528
-297.633
-328.375
-361.989
-398.845
-439.277
-483.452
-531.75
-584.662
-642.426
-705.349
-773.811
-848.092
-928.378
-1014.81
-1107.64
-1207.48
-1314.88
-1427.1
-1532.17
-1608
13.7874
9.36832
8.19381
4.2114
1.76363
-1.94367
-5.82489
-10.1883
-15.0926
-20.5097
-26.5063
-33.0413
-40.1972
-48.0279
-56.5542
-65.8496
-75.9642
-86.9369
-98.834
-111.631
-125.406
-140.288
-156.328
-173.699
-192.563
-212.996
-235.136
-259.152
-285.266
-313.621
-344.354
-377.785
-414.266
-453.946
-497.079
-544.131
-595.262
-650.662
-710.769
-775.819
-846.04
-921.684
-1002.92
-1089.85
-1182.55
-1281.47
-1386.64
-1495.25
-1594.92
-1657.76
5.34878
1.55371
0.443536
-3.49549
-6.30293
-10.3321
-14.6682
-19.5693
-25.0375
-31.1531
-37.8929
-45.3689
-53.5591
-62.4874
-72.1686
-82.6813
-94.0586
-106.348
-119.626
-134.044
-149.593
-166.34
-184.417
-203.821
-224.728
-247.323
-271.669
-297.922
-326.289
-357.032
-390.4
-426.47
-465.355
-507.455
-553.054
-602.234
-655.385
-712.768
-774.43
-840.707
-911.766
-987.762
-1068.86
-1155.16
-1246.78
-1344.06
-1446.33
-1549.9
-1642.03
-1692.1
-2.36954
-6.08188
-7.1686
-11.0414
-13.9849
-18.3415
-23.0791
-28.458
-34.5234
-41.3414
-48.8798
-57.1368
-66.2157
-76.1803
-87.0494
-98.8604
-111.647
-125.461
-140.312
-156.239
-173.416
-191.866
-211.743
-233.212
-256.236
-280.922
-307.458
-335.995
-366.69
-399.659
-435.037
-473.168
-514.321
-558.472
-605.8
-656.653
-711.117
-769.469
-832.044
-898.814
-969.942
-1045.59
-1125.86
-1210.73
-1300.18
-1394.38
-1493
-1590.95
-1674.73
-1713.44
-10.2204
-13.1864
-14.1958
-17.9955
-21.1387
-25.7334
-30.8198
-36.6479
-43.2831
-50.7112
-59.0159
-68.1861
-78.2355
-89.1579
-101.05
-113.965
-127.944
-143.046
-159.399
-177.01
-195.902
-216.195
-237.889
-261.104
-286.04
-312.789
-341.377
-371.905
-404.54
-439.507
-476.978
-516.949
-559.562
-605.188
-653.995
-706.073
-761.642
-820.716
-883.343
-949.857
-1020.3
-1094.66
-1173.04
-1255.58
-1342.32
-1433.33
-1527.71
-1619.85
-1695.24
-1723.98
-16.7856
-18.9766
-20.2827
-23.901
-27.268
-32.1325
-37.5807
-43.8701
-50.977
-59.0252
-67.9157
-77.7859
-88.6544
-100.594
-113.581
-127.668
-142.903
-159.296
-176.879
-195.816
-216.193
-238.026
-261.509
-286.622
-313.369
-341.897
-372.333
-404.774
-439.32
-476.022
-515.029
-556.618
-600.89
-647.826
-697.539
-750.163
-805.866
-864.865
-927.264
-992.972
-1062.12
-1134.85
-1211.02
-1290.52
-1373.6
-1460.33
-1549.35
-1635.62
-1704.34
-1725.36
-21.7316
-23.4354
-24.9042
-28.5608
-32.1434
-37.1617
-42.8203
-49.5148
-57.0928
-65.6502
-75.2413
-85.803
-97.3765
-110.066
-123.929
-139.005
-155.333
-172.998
-192.034
-212.352
-234.146
-257.477
-282.374
-309.019
-337.465
-367.699
-399.789
-433.866
-470.003
-508.326
-548.858
-591.624
-636.785
-684.516
-734.966
-788.21
-844.154
-902.873
-964.439
-1028.89
-1096.22
-1166.41
-1239.55
-1315.56
-1394.35
-1476.26
-1558.81
-1637.15
-1696.89
-1715.63
-24.911
-26.2776
-27.868
-31.4364
-35.1684
-40.4412
-46.444
-53.4329
-61.3844
-70.297
-80.3094
-91.4245
-103.746
-117.31
-132.015
-147.947
-165.141
-183.689
-203.756
-225.408
-248.561
-273.337
-299.766
-327.85
-357.725
-389.53
-423.238
-458.83
-496.388
-535.965
-577.695
-621.634
-667.817
-716.323
-767.079
-820.152
-875.79
-933.831
-994.235
-1057.11
-1122.4
-1190.1
-1260.05
-1332.05
-1405.85
-1481.49
-1555.3
-1621.4
-1666.97
-1684.93
-26.5917
-27.9777
-29.4978
-32.9886
-36.6878
-41.9383
-47.976
-55.1377
-63.3843
-72.7023
-83.1287
-94.6784
-107.384
-121.507
-136.919
-153.699
-171.886
-191.487
-212.46
-235.017
-259.275
-285.224
-312.963
-342.537
-373.895
-406.998
-441.994
-478.967
-517.916
-558.837
-601.693
-646.566
-693.424
-742.239
-793.271
-846.496
-901.667
-959.029
-1018.51
-1079.71
-1142.57
-1207.1
-1273.33
-1341.06
-1409.95
-1477.82
-1540.96
-1591.37
-1618.96
-1633.08
-26.1738
-27.5262
-29.3033
-32.768
-36.5467
-41.7892
-47.7901
-54.8545
-63.0663
-72.4449
-83.0717
-95.0691
-108.328
-122.748
-138.486
-155.678
-174.461
-194.915
-217.013
-240.66
-265.998
-293.089
-321.943
-352.666
-385.333
-419.967
-456.458
-494.804
-534.962
-576.944
-620.768
-666.406
-713.957
-763.483
-814.758
-867.795
-922.708
-979.168
-1037.06
-1096.52
-1157.35
-1219.2
-1281.75
-1344.77
-1407.87
-1468.33
-1521.2
-1558.53
-1571.92
-1580.43
-24.4468
-25.7534
-27.6078
-30.91
-34.553
-39.6066
-45.4775
-52.4117
-60.5374
-69.8655
-80.4227
-92.2538
-105.576
-120.268
-136.533
-154.236
-173.449
-194.347
-217.134
-241.712
-268.068
-296.263
-326.331
-358.284
-392.137
-427.936
-465.701
-505.323
-546.829
-590.147
-635.244
-682
-730.306
-780.074
-831.425
-884.439
-938.991
-994.946
-1052.21
-1110.33
-1168.97
-1228.08
-1287.52
-1346.96
-1404.67
-1457.43
-1501.35
-1529.85
-1540.83
-1543.99
-21.8682
-23.1864
-24.8582
-27.8609
-31.3586
-36.0639
-41.5317
-48.1225
-55.9037
-64.9165
-75.2122
-86.8921
-99.9468
-114.574
-130.908
-148.952
-168.678
-190.008
-213.187
-238.416
-265.635
-294.811
-325.928
-359.07
-394.286
-431.451
-470.602
-511.761
-554.699
-599.313
-645.45
-693.118
-742.21
-792.767
-844.842
-898.094
-952.419
-1007.99
-1064.32
-1121.24
-1178.55
-1235.8
-1292.82
-1348.91
-1402.61
-1449.88
-1485.5
-1504.65
-1515.62
-1516.48
-17.9753
-19.6757
-21.402
-24.1558
-27.1153
-31.3162
-36.2543
-42.2367
-49.4099
-57.8751
-67.6703
-78.9285
-91.595
-105.932
-122.032
-140.056
-160.037
-181.896
-205.541
-231.183
-258.966
-288.937
-321.082
-355.3
-391.605
-430.095
-470.662
-513.186
-557.568
-603.717
-651.497
-700.564
-750.959
-802.518
-854.877
-908.405
-963.192
-1018.53
-1074.54
-1131.12
-1187.81
-1244.28
-1299.84
-1354.2
-1404.01
-1446.7
-1475.83
-1485.41
-1490.6
-1493.28
-13.1478
-15.3251
-17.257
-19.8303
-22.4231
-25.9677
-30.191
-35.4162
-41.7233
-49.3091
-58.2881
-68.8129
-80.9591
-94.8546
-110.6
-128.247
-147.924
-169.889
-193.938
-220.067
-248.387
-278.949
-311.881
-347.184
-384.766
-424.539
-466.637
-510.878
-557.037
-604.854
-654.198
-704.909
-756.474
-808.889
-862.533
-916.97
-971.953
-1027.96
-1084.42
-1140.86
-1197.16
-1253.24
-1308.47
-1360.53
-1407.53
-1444.58
-1465.82
-1474.59
-1473.4
-1476.59
-8.57493
-11.1442
-13.1497
-15.3239
-17.506
-20.4284
-23.7997
-28.1411
-33.4613
-39.9914
-47.9189
-57.3981
-68.6609
-81.8418
-96.9514
-114.058
-133.287
-154.815
-178.8
-205.16
-233.97
-265.238
-298.946
-335.162
-373.822
-414.973
-458.501
-504.412
-552.417
-602.348
-653.623
-705.889
-759.361
-813.77
-868.568
-923.914
-979.981
-1036.39
-1093.14
-1150.3
-1207.82
-1264.62
-1319.18
-1369.29
-1411.89
-1441.76
-1453.87
-1459.99
-1459.47
-1461.85
-4.61314
-7.51489
-9.54608
-11.366
-13.0956
-15.3568
-17.7314
-20.8789
-24.956
-30.1972
-36.7995
-44.9798
-54.9529
-67.0041
-81.2257
-97.6747
-116.431
-137.505
-161.123
-187.346
-216.205
-247.856
-282.352
-319.578
-359.386
-401.773
-446.94
-494.647
-544.583
-596.26
-649.799
-704.852
-760.477
-816.303
-872.619
-929.512
-986.757
-1044.26
-1102.1
-1160.03
-1217.74
-1274.57
-1327.98
-1376.4
-1415.01
-1436.96
-1445.43
-1445.68
-1446.94
-1448.62
-1.33845
-4.41708
-6.43016
-8.04891
-9.45174
-11.0027
-12.5039
-14.5103
-17.2789
-21.0621
-26.1582
-32.7988
-41.3278
-51.8907
-64.7181
-79.9443
-97.657
-117.977
-141.05
-167.061
-195.931
-227.736
-262.547
-300.436
-341.334
-385.109
-431.695
-481.372
-533.77
-588.371
-644.372
-701.343
-759.113
-817.504
-876.079
-934.584
-993.099
-1051.95
-1110.89
-1169.79
-1228.69
-1286.26
-1339.46
-1384.83
-1416.12
-1428.83
-1434.61
-1433.89
-1435.12
-1436.56
1.70594
-0.92066
-3.42629
-5.33092
-6.70014
-7.77405
-8.53328
-9.36458
-10.6295
-12.6639
-15.9074
-20.7077
-27.3944
-36.2696
-47.5465
-61.3753
-77.9769
-97.3946
-119.657
-144.908
-173.45
-205.254
-240.299
-278.756
-320.515
-365.645
-413.966
-465.369
-519.89
-576.868
-635.796
-696.125
-757.192
-818.147
-878.655
-939.111
-999.589
-1059.35
-1118.98
-1178.94
-1238.59
-1295.89
-1347.78
-1390.8
-1415.52
-1423.33
-1422.58
-1423.09
-1423.98
-1425.31
3.94535
2.28085
-0.869221
-2.90315
-4.25432
-5.28933
-5.66619
-5.81723
-5.83604
-6.3025
-7.70113
-10.5374
-15.1923
-22.0284
-31.2746
-43.2055
-58.0203
-75.9328
-97.1625
-121.664
-149.527
-180.838
-215.764
-254.359
-296.792
-342.82
-392.775
-446.407
-503.71
-564.02
-626.377
-689.93
-753.937
-817.935
-881.416
-943.806
-1005.44
-1066.99
-1127.74
-1187.77
-1247.75
-1306.19
-1359.76
-1395.75
-1409.54
-1415.25
-1413.01
-1412.9
-1413.29
-1414.31
5.54129
6.09307
1.49085
-0.604749
-2.47864
-3.88218
-4.1456
-3.83681
-2.56532
-1.19264
-0.675874
-1.1921
-3.73618
-8.5156
-15.7643
-25.7619
-38.7288
-54.8633
-74.5718
-98.0069
-124.984
-155.695
-190.28
-228.815
-271.724
-318.84
-369.846
-425.358
-485.38
-549.291
-615.465
-682.922
-750.951
-818.698
-885.262
-950.2
-1013.24
-1075.15
-1136.99
-1198.28
-1257.24
-1313.89
-1363.48
-1395.94
-1406.03
-1404.06
-1403.12
-1402.34
-1402.06
-1402.6
4.02829
9.22817
3.08248
1.70195
-0.683867
-2.42907
-3.28804
-3.3832
-1.34257
1.6686
3.95976
4.95579
4.52898
2.04334
-2.89523
-10.5486
-21.3167
-35.4648
-53.2964
-75.1107
-100.8
-130.323
-163.948
-202.269
-245.28
-293.329
-345.767
-402.603
-464.9
-532.822
-604.181
-676.639
-749.008
-821.016
-891.62
-958.859
-1023.16
-1086.46
-1147.94
-1209.29
-1270.52
-1327.94
-1369.7
-1386.92
-1395.81
-1392.62
-1391.4
-1390.31
-1389.54
-1389.8
-23.2965
5.96559
2.09593
2.3766
0.691019
-1.47767
-3.35554
-3.55302
-1.29796
3.80427
8.5776
9.72824
11.9382
13.0044
9.86616
3.58111
-6.00808
-19.0297
-35.1535
-55.2055
-79.3009
-107.646
-140.481
-178.356
-221.108
-269.499
-323.321
-381.966
-446.516
-518.015
-594.22
-671.93
-750.143
-827.819
-903.211
-973.176
-1038.94
-1101.39
-1161.38
-1219.67
-1276.44
-1327.26
-1362.71
-1379.13
-1378.4
-1377.66
-1377.13
-1376.59
-1376.29
-1376.31
-6.22103
10.6126
6.98637
3.1525
0.052768
-2.98831
-7.22907
-9.63092
-8.95492
-4.23951
4.73997
9.1591
11.0719
13.7338
15.1627
11.9532
5.08367
-5.40198
-19.7522
-38.7096
-62.6754
-90.9808
-123.439
-160.67
-203.308
-251.391
-305.442
-365.03
-432.234
-508.295
-590.161
-675.837
-761.951
-845.986
-925.956
-1000.35
-1067.86
-1126.74
-1182.46
-1238.39
-1292.31
-1336.72
-1358.49
-1364.97
-1362.86
-1362.81
-1362.44
-1362.43
-1362.6
-1362.84
5.685
9.40459
6.95636
2.14697
-2.0466
-6.16503
-12.23
-15.9746
-12.182
-5.92356
-0.140456
4.21191
9.36064
14.215
15.9721
12.7926
5.61761
-3.87641
-17.836
-37.1626
-61.7377
-91.2186
-125.59
-164.191
-207.852
-257.011
-311.944
-372.419
-441.819
-523.791
-614.879
-708.739
-801.365
-891.69
-977.319
-1056.9
-1119.87
-1173.62
-1222.27
-1268.72
-1309.05
-1333.48
-1342.81
-1343.12
-1344.23
-1345.82
-1347.1
-1348.18
-1349.14
-1349.89
8.67302
6.61841
4.87731
-0.828144
-6.96549
-13.12
-17.896
-20.332
-16.3883
-9.36388
-1.52121
6.6842
11.5319
16.1331
15.1996
10.7799
3.26767
-8.45665
-25.0431
-46.7133
-74.0485
-106.396
-142.964
-184.212
-230.815
-283.442
-342.053
-406.295
-479.794
-567.135
-666.452
-768.851
-869.211
-967.403
-1061.44
-1134.54
-1189.12
-1235.03
-1269.38
-1296.42
-1311.89
-1318.67
-1321.47
-1324.37
-1327.74
-1330.8
-1333.18
-1335.07
-1336.74
-1338.1
10.1727
3.49707
-2.4439
-9.74804
-17.0141
-24.9958
-31.8648
-33.3262
-27.0374
-13.5049
0.398102
5.00436
5.06976
10.3137
11.1932
6.78571
0.156722
-13.0743
-32.032
-58.1242
-90.635
-127.749
-168.848
-213.136
-262.313
-318.318
-381.284
-451.209
-532.121
-629.764
-738.724
-851.823
-963.858
-1069.6
-1158.97
-1221.65
-1265.45
-1292.6
-1307.2
-1306.69
-1304.36
-1304.52
-1307.68
-1311.82
-1315.65
-1318.82
-1321.39
-1323.7
-1325.99
-1328.49
6.68765
-1.73306
-11.895
-22.9323
-36.5252
-48.7262
-56.6758
-58.624
-48.4366
-32.0398
-27.9525
-17.5571
-8.33511
-7.56344
-4.45028
-5.12845
-11.634
-24.8688
-45.3668
-74.6884
-110.671
-149.567
-193.566
-241.98
-295.321
-356.177
-424.946
-502.389
-591.531
-702.215
-828.479
-958.189
-1080.98
-1186.31
-1265.42
-1312.93
-1335.76
-1338.34
-1323.67
-1310.38
-1304.86
-1303.31
-1304.37
-1306.99
-1309.06
-1310.92
-1312.87
-1315.4
-1318.35
-1321.55
2.97873
-9.98662
-27.2122
-44.7237
-64.3296
-88.4028
-104.605
-105.254
-98.0375
-89.5209
-72.745
-59.1653
-47.9911
-42.6356
-35.0599
-31.5836
-34.7736
-47.2413
-72.5982
-106.35
-142.607
-181.363
-224.421
-272.135
-326.619
-392.691
-469.229
-558.231
-664.111
-792.15
-939.732
-1085.38
-1212.43
-1313.19
-1379.81
-1406.33
-1396.36
-1372.8
-1349.52
-1333.47
-1323.92
-1317.27
-1313.69
-1311.17
-1309.51
-1308.64
-1309.15
-1311.27
-1314.55
-1318.29
-6.9658
-24.1158
-47.5781
-80.4097
-118.839
-153.823
-182.04
-203.177
-196.028
-173.36
-147.986
-129.289
-116.742
-101.291
-88.9815
-78.9214
-82.4674
-101.826
-129.51
-160.029
-192.769
-228.858
-267.294
-312.302
-364.003
-430.126
-513
-613.178
-744.272
-900.487
-1070.04
-1227.52
-1353.97
-1447.48
-1494.39
-1491.95
-1465.86
-1435.18
-1406.6
-1382.48
-1363.07
-1347.49
-1334.98
-1324.95
-1317.51
-1312.76
-1310.8
-1311.6
-1314.49
-1318.48
-20.2946
-50.8032
-90.4837
-137.328
-197.129
-280.299
-359.504
-387.601
-361.936
-329.547
-297.955
-265.741
-229.702
-195.814
-164.494
-147.279
-159.016
-194.223
-229.703
-253.644
-268.195
-290.8
-320.707
-359.587
-408.664
-472.468
-561.116
-675.914
-830.853
-1017.17
-1208.53
-1380.56
-1511.44
-1584.39
-1609.61
-1600.02
-1568.73
-1529.59
-1489.31
-1452.07
-1418.41
-1389.31
-1364.53
-1345.24
-1330.94
-1321.39
-1316.12
-1314.74
-1316.45
-1320.11
-46.1317
-90.2658
-150.402
-246.597
-385.562
-534.083
-653.887
-691.059
-646.838
-579.786
-509.864
-434.77
-365.092
-310.807
-270.649
-257.011
-282.418
-327.959
-363.923
-378.143
-372.677
-367.243
-382.172
-411.768
-458.243
-526.565
-626.292
-761.152
-940.002
-1149.69
-1361.71
-1542.55
-1664.31
-1732.62
-1758.23
-1742.86
-1699.07
-1644
-1587.08
-1529.34
-1476.66
-1431.3
-1394.25
-1365.46
-1344.33
-1329.87
-1321.06
-1317.12
-1317.31
-1320.22
-82.5506
-159.569
-270.942
-434.933
-667.137
-912.777
-1093.54
-1111.58
-1036.91
-892.305
-759.744
-631.91
-531.131
-459.714
-413.774
-410.68
-446.532
-492.676
-506.589
-506.491
-482.119
-452.801
-446.902
-466.138
-508.647
-587.334
-707.858
-867.28
-1066.54
-1294.99
-1518.5
-1701.76
-1822.33
-1892.32
-1919.03
-1893.88
-1830.36
-1754.32
-1671.99
-1591.62
-1521.31
-1461.92
-1414.22
-1377.57
-1350.74
-1332.23
-1320.43
-1314.33
-1313.06
-1315
-141.687
-265.239
-435.293
-701.381
-1057.76
-1414.15
-1647.62
-1664.16
-1464.03
-1244.23
-1026.5
-841.288
-707.185
-608.334
-561.022
-557.096
-586.443
-629.647
-654.799
-617.742
-573.221
-527.164
-504.331
-516.214
-554.241
-642.397
-782.928
-966.998
-1183.12
-1425.35
-1657.44
-1842.24
-1963.68
-2028.72
-2043.5
-2005.02
-1924.82
-1823.57
-1719.63
-1623.11
-1539.96
-1470.93
-1416.05
-1374.22
-1343.77
-1322.94
-1309.44
-1302.05
-1299.54
-1300.5
-209.788
-397.441
-660.234
-1014.45
-1464.39
-1902.29
-2123.38
-2075.33
-1831.07
-1536.42
-1253.37
-1017.63
-843.796
-724.503
-673.073
-654.986
-675.521
-705.71
-713.504
-685.276
-631.555
-585.378
-548.385
-556.051
-598.454
-687.19
-840.32
-1036.3
-1262.31
-1509.71
-1744.03
-1924.33
-2040.2
-2094.83
-2092.08
-2037.77
-1943.73
-1829.82
-1715.13
-1611.67
-1523.77
-1450.82
-1393.6
-1350.09
-1318.51
-1297.75
-1283.6
-1275.96
-1273.21
-1273.89
-295.436
-532.574
-850.089
-1279.57
-1788.43
-2248.31
-2457.88
-2365.31
-2084.45
-1714.05
-1380.73
-1108.15
-904.89
-783.02
-724.835
-701.89
-716.837
-740.64
-748.954
-722.736
-665.509
-615.428
-585.264
-582.164
-632.877
-719.557
-868.053
-1058.5
-1280.19
-1514.33
-1732.61
-1898.88
-2001.73
-2049.39
-2035.25
-1974.67
-1877.83
-1764.39
-1652.72
-1553.56
-1469.63
-1400.74
-1346.25
-1304.83
-1274.87
-1254.44
-1241.31
-1234.3
-1232.75
-1234.23
-360.12
-613.51
-976.787
-1410.72
-1894.56
-2312.44
-2490.45
-2393.01
-2123.95
-1749.96
-1383.48
-1081.07
-882.836
-776.2
-711.326
-690.612
-707.272
-736.748
-754.122
-732.835
-676.679
-618.93
-598.26
-602.412
-638.867
-723.282
-849.395
-1013.43
-1222.58
-1418.25
-1604.96
-1750.6
-1842.9
-1882.17
-1869.93
-1816.85
-1734.51
-1637.71
-1541.97
-1456.46
-1383.6
-1323.48
-1275.82
-1239.73
-1213.84
-1196.41
-1185.74
-1180.56
-1179.8
-1182.85
-414.064
-638.799
-972.263
-1360.18
-1765.19
-2113.09
-2265.91
-2181.06
-1935.55
-1593.47
-1236.4
-959.685
-792.497
-703.034
-644.782
-632.54
-655.554
-697.007
-737.474
-736.722
-692.693
-641.385
-607.233
-609.827
-633.831
-689.25
-782.703
-914.646
-1072.16
-1234.57
-1388.69
-1513.69
-1598.73
-1638.28
-1635.04
-1599.11
-1542.1
-1471.26
-1399.06
-1332.85
-1275.14
-1226.93
-1188.77
-1160.28
-1140.34
-1127.48
-1120.28
-1117.63
-1118.58
-1121.58
-432.419
-628.515
-890.051
-1181.41
-1471.1
-1717.57
-1817.67
-1749.39
-1549.37
-1274.42
-998.637
-784.285
-647.106
-572.598
-534.2
-537.951
-569.066
-623.848
-689.516
-722.715
-710.264
-675.519
-641.242
-625.386
-628.268
-645.216
-696.422
-779.169
-890.416
-1016.87
-1139.7
-1245.38
-1323.16
-1367.98
-1381.24
-1367.98
-1336.14
-1292.26
-1244.19
-1197.76
-1155.96
-1120.83
-1093.51
-1073.85
-1060.86
-1053.36
-1050.2
-1050.44
-1053.18
-1056.85
-453.231
-591.636
-758.645
-943.719
-1112.64
-1244.06
-1290.01
-1244.81
-1108.74
-921.996
-728.592
-563.439
-460.87
-418.017
-405.153
-421.332
-457.618
-520.993
-596.847
-662.759
-693.048
-680.909
-653.673
-631.136
-610.624
-598.547
-594.661
-636.77
-714.543
-806.492
-902.731
-991.054
-1063.78
-1116.89
-1146.7
-1153.55
-1142.3
-1119.88
-1092.45
-1063.71
-1037.05
-1015.06
-998.801
-988.063
-982.043
-979.846
-980.69
-983.78
-988.325
-992.738
-520.074
-604.179
-657.681
-733.871
-794.631
-837.636
-838.814
-794.018
-699.557
-575.236
-443.06
-333.179
-278.469
-267.762
-269.831
-291.544
-332.024
-396.068
-476.142
-562.926
-630.996
-647.882
-633.504
-606.61
-569.335
-530.74
-507.288
-520.182
-568.692
-632.824
-707.824
-781.855
-850.977
-907.271
-945.017
-965.112
-970.524
-965.836
-954.943
-941.58
-928.731
-918.58
-912.2
-909.199
-909.151
-911.594
-916.022
-921.584
-927.782
-932.32
-609.971
-683.659
-621.828
-590.16
-548.749
-507.827
-464.12
-411.194
-353.194
-278.857
-199.282
-138.33
-115.458
-120.117
-137.03
-168.404
-214.466
-276.875
-356.115
-441.536
-520.615
-580.451
-596.655
-570.335
-528.512
-483.874
-452.093
-449.06
-473.948
-519.049
-571.729
-631.313
-691.602
-743.989
-783.767
-811.477
-829.607
-839.538
-842.723
-841.659
-839.453
-838.041
-838.303
-840.802
-845.34
-851.761
-859.281
-866.813
-873.52
-877.784
-774.612
-812.349
-672.689
-503.056
-368.315
-263.978
-191.589
-142.74
-89.8161
-41.3648
3.9552
29.9638
28.0265
6.48072
-24.9654
-63.9605
-112.879
-171.956
-243.815
-326.401
-401.527
-473.41
-524.985
-534.429
-501.606
-455.355
-420.101
-415.363
-426.96
-452.631
-485.888
-531.778
-584.1
-633.197
-675.193
-708.896
-734.245
-751.013
-761.195
-766.972
-770.514
-773.82
-778.272
-784.522
-792.315
-801.486
-811.081
-819.945
-826.359
-830.062
-782.997
-890.025
-750.232
-466.996
-249.594
-87.6011
16.9732
76.6056
113.276
140.837
159.939
158.12
135.447
104.506
66.6894
23.6501
-27.8945
-83.2673
-145.407
-219.165
-299.413
-366.527
-422.161
-463.902
-472.149
-448.515
-417.527
-398.395
-399.723
-413.555
-438.067
-475.032
-521.207
-565.039
-605.033
-640.187
-668.163
-688.835
-703.372
-713.382
-720.486
-726.521
-732.809
-740.525
-747.234
-757.931
-770.174
-780.382
-786.967
-790.012
-577.587
-725.689
-688.491
-455.023
-181.485
24.1216
158.246
224.691
251.298
264.225
262.976
247.27
216.521
176.118
135.048
90.282
39.5528
-11.6455
-69.1484
-131.008
-205.45
-273.968
-329.182
-377.047
-408.712
-420.677
-414.101
-391.594
-382.02
-389.94
-408.75
-439.191
-476.959
-515.852
-554.109
-589.37
-619.134
-643.175
-661.742
-675.487
-685.609
-693.433
-700.002
-706.395
-713.34
-723.332
-736.772
-749.314
-757.469
-760.538
-363.409
-432.752
-448.829
-355.028
-131.807
84.0785
229.166
304.764
330.567
329.591
315.73
293.673
260.995
223.197
184.123
139.355
92.8636
43.3584
-10.6607
-65.9102
-127.069
-191.327
-251.888
-300.304
-340.469
-367.049
-379.906
-387.712
-383.444
-379.317
-391.566
-413.342
-444.197
-477.798
-512.995
-547.653
-579.036
-606.022
-628.772
-647.058
-661.411
-673.113
-682.467
-688.795
-692.756
-701.011
-714.327
-729.376
-739.756
-744.196
-193.831
-233.182
-238.905
-163.34
-53.2772
102.58
236.737
306.084
328.111
334.717
329.206
312.309
286.571
253.056
215.584
175.169
131.848
83.7154
35.4489
-17.0778
-71.3246
-126.17
-181.247
-234.57
-278.04
-311.492
-338.012
-354.227
-368.833
-381.973
-385.243
-397.704
-421.007
-448.865
-479.576
-511.508
-543.096
-572.698
-599.388
-623.269
-644.822
-665.028
-682.664
-691.333
-693.121
-698.495
-708.209
-720.305
-730.088
-736.108
-119.87
-124.636
-96.5056
-56.8302
10.3274
114.144
213.751
277.66
310.637
322.3
323.075
313.126
292.842
265.757
234.057
197.098
156.065
113.267
68.0811
21.1364
-26.3155
-76.656
-124.678
-172.809
-218.825
-260.299
-291.321
-317.604
-338.365
-356.602
-378.6
-396.337
-409.904
-429.463
-451.799
-480.439
-510.331
-541.127
-571.327
-600.352
-630.533
-662.389
-694.153
-712.573
-716.625
-715.462
-715.06
-719.52
-725.68
-730.78
-75.8303
-69.9515
-50.4677
-12.4296
45.2034
117.198
191.982
245.979
280.866
298.188
304.67
302.6
289.541
267.87
239.609
207.823
173.2
135.127
95.1171
54.9545
11.9592
-32.2044
-77.8958
-121.601
-165.304
-208.621
-246.305
-277.516
-305.644
-329.56
-352.747
-377.848
-404.043
-415.539
-429.729
-451.761
-479.413
-510.026
-542.866
-575.073
-612.918
-656.513
-704.149
-737.76
-745.37
-739.736
-730.744
-723.549
-722.436
-724.586
-43.7495
-34.4889
-20.2384
8.18956
53.283
108.708
165.706
215.685
251.397
271.771
282.789
284.549
276.535
261.847
241.36
216.257
187.433
155.531
121.005
84.0573
45.5207
5.24394
-36.6062
-79.249
-122.024
-161.279
-200.835
-237.583
-269.799
-297.867
-324.949
-350.121
-375.399
-400.52
-416.669
-428.659
-449.906
-477.663
-511.24
-547
-590.566
-642.252
-699.949
-750.245
-763.584
-752.391
-736.226
-720.687
-713.17
-712.539
-30.6463
-17.1638
-1.53046
20.3399
52.6346
93.8648
141.424
185.209
217.844
241.499
256.796
263.291
262.302
254.264
240.656
221.584
197.978
170.333
140.266
108.099
72.8797
34.5976
-4.37195
-43.5764
-83.2699
-123.844
-161.713
-197.999
-232.038
-265.322
-293.539
-321.106
-348.839
-374.518
-395.654
-414.227
-429.069
-449.706
-475.506
-515.523
-560.744
-614.433
-674.592
-730.199
-749.773
-740.983
-721.415
-702.406
-691.829
-689.901
-25.0452
-9.05986
6.87052
25.0635
50.6021
82.7401
119.233
156.066
189.312
214.864
233.064
244.712
248.763
245.377
235.368
220.188
200.815
177.64
150.921
121.135
89.4479
54.9651
18.5184
-19.1226
-56.2547
-93.6264
-130.968
-165.937
-199.864
-232.997
-263.544
-291.984
-320.555
-349.22
-372.399
-391.926
-415.846
-433.672
-452.402
-486.16
-527.649
-578.693
-633.213
-684.237
-709.074
-705.472
-686.938
-668.68
-657.847
-655.493
-30.6494
1.34287
17.1781
33.3178
53.2914
80.9678
112.452
143.861
173.935
198.358
217.227
229.726
234.133
231.888
224.149
211.958
195.321
173.686
148.965
122.36
92.9615
60.7006
27.4691
-7.05641
-42.0603
-76.9771
-111.976
-145.821
-178.266
-209.916
-240.187
-269.989
-297.337
-324.43
-350.355
-372.618
-396.306
-424.943
-452.621
-478.092
-505.528
-546.941
-591.51
-631.135
-653.683
-654.619
-641.361
-625.934
-616.34
-613.046
70.6914
67.2835
65.5438
64.6486
64.1297
63.7213
63.1928
62.559
61.9711
61.4604
60.9863
60.4652
59.8599
59.1788
58.4732
57.7615
57.0581
56.3618
55.6512
54.9083
54.0981
53.3584
52.7634
51.9543
50.8345
49.5763
48.2588
46.8242
45.1119
43.025
40.5103
37.4186
33.552
28.6278
22.4008
14.5715
4.74576
-7.44864
-22.4667
-40.853
-63.1993
-90.1498
-122.429
-160.767
-206.028
-259.177
-320.812
-391.592
-475.337
-561.851
69.4749
68.4624
67.9277
67.7128
67.7135
67.8087
67.7733
67.5788
67.3262
67.1032
66.9283
66.7796
66.6078
66.4263
66.2748
66.151
66.1053
66.1208
66.2116
66.3587
66.5826
66.9344
67.3834
67.7869
68.1185
68.4409
68.8075
69.164
69.3993
69.4523
69.2273
68.6194
67.4602
65.5471
62.6265
58.3644
52.4414
44.5417
34.2069
20.9112
4.13733
-16.7448
-42.3657
-73.4863
-110.907
-155.324
-207.442
-268.602
-340.679
-413.687
69.9662
70.4233
70.9265
71.3634
71.8301
72.3671
72.8871
73.2206
73.337
73.3976
73.5464
73.7918
74.0925
74.4491
74.8921
75.4228
76.0894
76.8886
77.8546
78.9735
80.2545
81.7374
83.3489
85.0758
86.929
88.9486
91.1107
93.3678
95.6615
97.9344
100.099
102.057
103.656
104.737
105.058
104.371
102.392
98.7618
93.06
84.7953
73.4789
58.5424
39.4125
15.4034
-14.1223
-49.9053
-92.8862
-143.859
-203.664
-262.38
72.1186
73.3593
74.647
75.6947
76.6131
77.5902
78.6002
79.3981
79.9584
80.3999
80.9041
81.5554
82.3454
83.2774
84.3623
85.6338
87.0791
88.7572
90.6567
92.811
95.2187
97.8882
100.812
103.988
107.456
111.21
115.214
119.442
123.871
128.457
133.108
137.709
142.141
146.272
149.913
152.853
154.775
155.374
154.224
150.909
144.923
135.794
122.957
105.813
83.7378
55.9461
21.8222
-19.1018
-67.6186
-112.609
75.5992
77.3278
79.1682
80.7274
82.1073
83.4691
84.8712
86.1704
87.2204
88.0813
88.985
90.072
91.3954
92.9821
94.7992
96.8577
99.1591
101.752
104.651
107.879
111.479
115.417
119.734
124.453
129.571
135.09
141.005
147.308
153.982
160.958
168.151
175.465
182.813
190.06
197.05
203.569
209.369
214.124
217.451
218.942
218.171
214.67
207.901
197.33
182.357
162.382
136.957
105.575
67.7597
34.083
80.2539
82.3335
84.5725
86.5291
88.2547
89.9794
91.8154
93.6051
95.1465
96.4789
97.8294
99.4148
101.353
103.624
106.214
109.084
112.294
115.841
119.792
124.179
129.004
134.308
140.109
146.411
153.244
160.611
168.525
176.964
185.906
195.286
205.05
215.122
225.414
235.778
246.093
256.163
265.765
274.574
282.253
288.41
292.605
294.364
293.218
288.713
280.325
267.562
249.855
226.667
197.693
173.41
86.037
88.3346
90.857
93.1032
95.0967
97.1835
99.44
101.687
103.721
105.559
107.407
109.547
112.111
115.095
118.467
122.219
126.353
130.928
135.982
141.56
147.691
154.396
161.702
169.632
178.212
187.458
197.364
207.923
219.11
230.889
243.22
256.025
269.202
282.645
296.218
309.756
323.019
335.721
347.514
358.013
366.809
373.509
377.721
378.937
376.635
370.292
359.458
343.966
323.713
307.43
92.8682
95.2927
97.9599
100.373
102.586
104.978
107.631
110.358
112.884
115.229
117.629
120.355
123.558
127.289
131.487
136.133
141.239
146.853
153.035
159.827
167.261
175.382
184.202
193.764
204.088
215.185
227.052
239.704
253.119
267.281
282.126
297.595
313.591
330.023
346.744
363.587
380.321
396.656
412.268
426.794
439.887
451.169
460.176
466.408
469.394
468.584
463.585
454.02
439.816
429.233
100.617
103.051
105.759
108.258
110.623
113.261
116.311
119.484
122.503
125.365
128.326
131.65
135.538
140.009
145.028
150.553
156.616
163.268
170.558
178.547
187.286
196.796
207.115
218.278
230.294
243.186
256.973
271.66
287.226
303.648
320.879
338.858
357.509
376.71
396.338
416.209
436.098
455.73
474.793
492.975
509.918
525.218
538.411
549.058
556.624
560.648
560.797
556.932
549.2
543.562
109.066
111.402
114.083
116.586
119.081
121.936
125.296
128.872
132.363
135.743
139.263
143.221
147.773
152.964
158.765
165.152
172.152
179.802
188.184
197.354
207.348
218.209
229.966
242.641
256.264
270.86
286.445
303.011
320.565
339.071
358.498
378.777
399.826
421.552
443.818
466.453
489.226
511.874
534.108
555.59
575.936
594.71
611.451
625.655
636.828
644.593
648.669
648.828
645.181
642.749
117.987
120.122
122.695
125.204
127.78
130.796
134.38
138.298
142.229
146.13
150.206
154.752
159.938
165.808
172.346
179.539
187.404
196.005
205.406
215.659
226.814
238.904
251.962
266.014
281.094
297.221
314.413
332.679
352.009
372.384
393.76
416.085
439.29
463.279
487.919
513.012
538.325
563.575
588.438
612.545
635.493
656.856
676.217
693.183
707.433
718.753
726.798
731.254
732.109
732.402
127.093
128.975
131.381
133.853
136.485
139.596
143.332
147.529
151.855
156.218
160.814
165.906
171.672
178.159
185.356
193.262
201.907
211.349
221.652
232.87
245.049
258.229
272.439
287.71
304.068
321.543
340.146
359.886
380.75
402.722
425.774
449.872
474.947
500.881
527.508
554.618
581.957
609.232
636.121
662.271
687.311
710.865
732.566
752.076
769.077
783.088
793.473
799.916
802.443
803.633
136.129
137.698
139.858
142.233
144.873
148.082
151.961
156.323
160.946
165.706
170.753
176.33
182.595
189.597
197.342
205.842
215.141
225.293
236.354
248.383
261.423
275.508
290.669
306.935
324.335
342.89
362.617
383.517
405.592
428.831
453.221
478.726
505.259
532.688
560.827
589.457
618.321
647.142
675.61
703.391
730.133
755.46
778.978
800.249
818.834
834.412
846.973
856.591
862.789
866.852
144.76
145.991
147.855
150.078
152.736
156.026
159.961
164.419
169.224
174.29
179.712
185.678
192.329
199.722
207.881
216.839
226.64
237.34
248.992
261.645
275.339
290.106
305.978
322.985
341.154
360.504
381.049
402.798
425.756
449.934
475.317
501.855
529.451
557.957
587.187
616.915
646.895
676.855
706.501
735.508
763.527
790.194
815.137
837.998
858.403
875.786
889.322
898.032
902.293
904.414
152.693
153.584
155.136
157.198
159.838
163.161
167.105
171.568
176.46
181.729
187.416
193.655
200.563
208.206
216.631
225.883
236.016
247.08
259.124
272.185
286.301
301.506
317.832
335.308
353.958
373.801
394.849
417.116
440.615
465.36
491.335
518.479
546.682
575.795
605.628
635.969
666.569
697.161
727.447
757.104
785.772
813.064
838.546
861.736
882.118
899.294
913.025
923.304
930.041
934.071
159.694
160.276
161.507
163.391
166.013
169.346
173.224
177.594
182.477
187.843
193.68
200.055
207.074
214.817
223.344
232.721
243.004
254.24
266.462
279.705
293.999
309.384
325.894
343.559
362.4
382.433
403.667
426.118
449.799
474.72
500.869
528.184
556.553
585.824
615.806
646.287
677.031
707.769
738.197
767.989
796.778
824.163
849.705
872.949
893.462
910.883
924.952
935.512
942.369
946.507
165.618
165.931
166.872
168.575
171.126
174.433
178.208
182.416
187.194
192.536
198.38
204.756
211.747
219.44
227.916
237.25
247.501
258.71
270.897
284.09
298.323
313.631
330.054
347.62
366.355
386.276
407.387
429.691
453.196
477.908
503.812
530.863
558.955
587.942
617.633
647.806
678.222
708.618
738.689
768.1
796.493
823.479
848.673
871.708
892.243
909.852
923.93
933.686
939.112
941.879
170.409
170.525
171.22
172.713
175.134
178.356
182.017
186.04
190.61
195.792
201.515
207.761
214.591
222.102
230.387
239.522
249.571
260.559
272.509
285.437
299.377
314.37
330.454
347.66
366.012
385.522
406.203
428.049
451.045
475.189
500.464
526.829
554.199
582.439
611.373
640.778
670.389
699.93
729.114
757.613
785.074
811.123
835.349
857.279
876.392
892.353
905.202
915.158
921.805
925.726
174.079
174.075
174.576
175.856
178.091
181.194
184.706
188.502
192.809
197.723
203.196
209.183
215.729
222.938
230.906
239.715
249.41
260.01
271.537
284.009
297.456
311.914
327.427
344.028
361.742
380.584
400.547
421.635
443.828
467.097
491.423
516.771
543.066
570.185
597.952
626.172
654.599
682.931
710.851
738.032
764.119
788.74
811.533
832.145
850.22
865.227
876.419
883.337
886.215
887.262
176.703
176.644
177.017
178.126
180.152
183.102
186.398
189.901
193.876
198.451
203.591
209.231
215.401
222.202
229.746
238.102
247.309
257.393
268.351
280.204
292.987
306.734
321.481
337.259
354.097
372.011
391.004
411.052
432.139
454.244
477.315
501.302
526.15
551.768
577.995
604.608
631.387
658.067
684.322
709.784
734.074
756.79
777.514
795.862
811.521
824.24
833.685
839.459
841.401
841.991
178.418
178.361
178.671
179.645
181.491
184.214
187.253
190.4
193.969
198.156
202.898
208.129
213.866
220.189
227.22
235.031
243.645
253.082
263.357
274.478
286.473
299.373
313.206
328.017
343.822
360.631
378.452
397.274
417.058
437.757
459.345
481.751
504.893
528.685
553.017
577.695
602.453
627.017
651.103
674.375
696.444
716.907
735.366
751.375
764.472
774.21
780.225
782.273
780.35
778.125
179.4
179.373
179.629
180.485
182.242
184.703
187.414
190.155
193.297
197.051
201.357
206.134
211.397
217.221
223.692
230.886
238.832
247.545
257.033
267.319
278.414
290.343
303.158
316.865
331.492
347.055
363.538
380.93
399.218
418.356
438.255
458.874
480.137
501.923
524.094
546.495
568.904
591.021
612.523
633.102
652.403
669.987
685.42
698.332
708.299
714.88
717.627
716.234
710.682
705.415
179.855
179.812
180.018
180.804
182.45
184.706
187.024
189.342
192.065
195.359
199.202
203.52
208.275
213.56
219.446
225.99
233.242
241.193
249.85
259.251
269.388
280.292
291.995
304.525
317.912
332.134
347.196
363.064
379.705
397.093
415.175
433.849
453.035
472.646
492.529
512.49
532.301
551.7
570.357
587.926
604.088
618.454
630.513
639.751
645.721
647.999
646.246
640.09
629.274
619.866
180.019
179.956
180.077
180.719
182.228
184.282
186.241
188.17
190.45
193.287
196.669
200.5
204.762
209.49
214.769
220.639
227.15
234.326
242.154
250.628
259.779
269.637
280.202
291.512
303.581
316.408
329.989
344.265
359.223
374.789
390.927
407.548
424.549
441.828
459.267
476.653
493.724
510.192
525.739
539.996
552.589
563.177
571.348
576.56
578.267
575.974
569.257
557.876
541.666
526.925
180.142
180.013
179.994
180.439
181.722
183.515
185.194
186.765
188.631
191.012
193.903
197.257
201.037
205.246
209.929
215.143
220.932
227.296
234.273
241.839
250.002
258.804
268.237
278.335
289.092
300.511
312.566
325.251
338.494
352.226
366.401
380.93
395.699
410.583
425.466
440.167
454.392
467.829
480.131
490.919
499.787
506.31
510.068
510.577
507.304
499.72
487.358
469.724
446.409
425.117
180.368
180.068
179.863
180.12
181.125
182.541
183.918
185.225
186.75
188.682
191.088
193.955
197.251
200.963
205.074
209.67
214.768
220.36
226.487
233.145
240.348
248.098
256.401
265.302
274.755
284.792
295.349
306.433
317.965
329.911
342.13
354.576
367.124
379.647
391.958
403.891
415.173
425.441
434.346
441.483
446.436
448.766
447.991
443.6
435.027
421.676
403.012
378.675
348.365
319.582
180.846
180.217
179.748
179.84
180.549
181.529
182.54
183.593
184.811
186.352
188.315
190.711
193.527
196.74
200.342
204.348
208.78
213.657
218.973
224.759
231.055
237.804
245.039
252.745
260.923
269.604
278.716
288.249
298.125
308.293
318.622
329.029
339.415
349.623
359.439
368.622
376.947
384.032
389.475
392.87
393.754
391.671
386.116
376.526
362.318
342.837
317.448
285.538
246.552
208.928
181.786
180.589
179.723
179.613
179.931
180.513
181.184
181.927
182.834
184.022
185.601
187.602
189.994
192.734
195.823
199.249
203.055
207.255
211.818
216.799
222.215
228.032
234.263
240.84
247.819
255.157
262.897
270.957
279.255
287.695
296.206
304.637
312.899
320.829
328.234
334.758
340.114
343.993
345.967
345.603
342.422
335.914
325.539
310.678
290.681
264.852
232.478
192.891
145.451
97.3063
183.35
181.131
179.731
179.357
179.285
179.427
179.754
180.213
180.881
181.794
183.05
184.691
186.675
188.96
191.55
194.446
197.655
201.219
205.14
209.383
213.968
218.925
224.219
229.774
235.609
241.696
248.123
254.796
261.622
268.451
275.215
281.763
287.944
293.612
298.61
302.584
305.054
305.716
304.2
300.065
292.811
281.859
266.611
246.395
220.519
188.255
148.858
101.29
44.3497
-14.4677
185.728
181.924
179.916
179.166
178.719
178.473
178.553
178.753
179.113
179.781
180.769
182.086
183.695
185.568
187.705
190.123
192.808
195.839
199.185
202.784
206.654
210.805
215.248
219.9
224.682
229.658
234.873
240.247
245.677
250.99
256.068
260.775
264.928
268.341
270.819
272.123
271.779
269.282
264.249
256.316
244.996
229.633
209.54
184.011
152.26
113.516
67.2463
12.5326
-52.7592
-121.389
25.7341
19.7404
16.7439
16.556
13.9488
12.3915
6.77338
0.469302
-13.9863
-34.9516
-61.621
-103.297
-145.963
-198.634
-249.228
-287.674
-359.471
-439.064
-523.053
-646.545
-596.11
-443.124
-303.316
-171.939
-112.875
-76.5555
-48.2912
-39.2292
-18.9583
-14.2869
38.2725
27.916
23.7029
21.5474
20.4454
19.4392
17.6161
14.1609
8.2126
-2.46088
-12.673
-33.8048
-56.8285
-98.3212
-137.792
-199.691
-276.85
-354.936
-433.552
-493.192
-452.463
-353.666
-248.754
-160.231
-114.178
-79.1946
-54.419
-42.2997
-21.6302
-11.9791
34.9962
30.3361
27.4932
25.2653
24.7517
24.6338
25.2251
24.2201
22.966
21.3294
18.605
12.8399
-4.20669
-31.3137
-73.5853
-146.892
-214.577
-279.584
-343.261
-376.432
-342.433
-284.332
-209.086
-151.027
-112.843
-82.0807
-60.0992
-45.1743
-29.3928
-21.1513
29.9988
29.6736
29.467
28.0478
28.0851
29.1075
31.2859
33.1017
34.4878
38.58
40.9692
40.7791
29.4441
12.0876
-43.9292
-108.043
-166.705
-219.619
-264.593
-279.876
-260.573
-222.795
-176.306
-137.765
-106.846
-81.5415
-62.1975
-48.2934
-37.3052
-32.3234
27.0574
28.6788
30.5402
30.3832
31.3696
33.52
36.6183
40.533
43.9636
50.1785
55.8467
56.1362
51.4138
32.8041
-23.4869
-79.9687
-126.991
-168.739
-201.448
-204.373
-196.563
-173.942
-145.512
-119.551
-96.3303
-76.7557
-60.9557
-49.6622
-42.0707
-39.6304
26.6128
28.2893
30.9553
32.1529
34.126
37.2013
40.7747
45.5387
50.2814
56.7109
63.3634
62.8307
65.5305
40.2281
-6.77638
-55.8184
-92.8823
-125.444
-144.48
-154.716
-147.066
-134.386
-117.328
-99.9535
-83.5372
-69.3375
-57.3387
-48.6586
-43.3372
-41.632
27.3682
28.0817
30.7387
32.8074
35.5123
39.09
42.9937
47.6996
52.8811
58.9843
64.5988
58.4906
79.0781
40.559
4.95332
-33.6176
-63.8247
-88.5932
-100.155
-113.146
-112.912
-103.56
-93.5319
-82.0703
-70.9949
-61.0557
-52.3815
-45.9599
-41.9981
-39.9492
27.9644
27.864
30.0104
32.1844
35.2525
38.7593
42.8159
47.2297
52.4045
58.3556
63.7097
64.0151
65.0464
40.9695
13.7681
-16.1074
-41.548
-57.4127
-72.0919
-80.7415
-83.2863
-79.4264
-74.1523
-66.8152
-59.725
-52.8266
-46.8026
-42.2004
-39.0415
-36.7874
27.8717
27.4842
29.0143
30.6888
33.7099
36.7986
40.734
44.8753
49.7274
54.9279
59.4088
61.9146
53.0963
39.4594
18.5913
-3.69586
-22.7919
-38.9176
-51.501
-58.813
-62.122
-61.4007
-58.8217
-54.2401
-49.9694
-45.1543
-41.2038
-37.9221
-35.3888
-33.2044
27.0929
26.736
27.955
28.9168
31.6659
34.1831
37.8066
41.5499
45.8446
49.9791
53.0678
55.6093
43.3733
35.8426
19.8987
2.78278
-12.0144
-26.2948
-35.7464
-42.5792
-46.6857
-47.8111
-46.8067
-44.1235
-41.7252
-38.423
-36.0075
-33.6165
-31.7131
-29.8071
25.6992
25.6394
26.6892
27.1773
29.6389
31.5646
34.5987
37.5878
41.0882
43.9093
45.8135
46.6638
35.9849
30.0993
18.1833
5.09018
-6.88015
-17.4668
-25.0021
-30.9179
-34.9987
-37.3046
-37.3085
-36.0761
-34.8976
-32.7266
-31.2861
-29.4697
-28.1091
-26.8019
23.912
24.0438
24.9619
25.2477
27.3014
28.7491
31.1634
33.1673
35.8406
37.3301
37.8822
36.6879
28.8373
24.2044
15.3481
5.29395
-3.68134
-11.7275
-17.4662
-22.4842
-26.0955
-29.0196
-29.5739
-29.4405
-29.039
-27.793
-26.9265
-25.554
-24.7223
-23.9771
21.7455
21.8953
22.7122
22.9076
24.495
25.4382
27.302
28.4377
30.2297
30.4361
29.7516
25.3569
21.0932
17.6205
12.1427
4.4619
-2.06165
-7.74316
-11.8872
-15.9519
-19.3309
-22.4591
-23.1709
-23.7223
-23.7702
-23.321
-22.8362
-21.9606
-21.6152
-21.2724
19.2429
19.3532
20.0755
20.1653
21.3188
21.8221
23.1357
23.6291
24.539
23.7275
21.4244
14.2155
13.6488
10.1634
9.67019
3.70333
-1.07572
-4.93367
-7.86412
-10.9799
-14.1959
-17.1946
-17.9673
-18.8199
-19.0545
-19.1534
-18.9459
-18.561
-18.6492
-18.558
16.6365
16.5317
17.1934
17.17
18.0104
18.2342
19.1089
19.1271
19.1557
18.1295
14.3207
7.41525
4.12395
3.00713
7.13317
3.04058
-0.111968
-2.9107
-4.85082
-7.26355
-10.1833
-12.8019
-13.5993
-14.5601
-14.9461
-15.4106
-15.392
-15.3818
-15.7848
-15.7663
13.8851
13.6316
14.2104
14.1862
14.8568
14.7292
15.2119
14.9059
14.2935
13.3999
9.25127
3.2567
-5.36861
0.0971405
2.41653
1.93215
-0.187446
-1.97053
-2.93893
-4.58437
-7.14007
-9.23309
-10.0305
-10.9663
-11.4315
-12.1283
-12.2491
-12.4848
-12.9359
-12.9533
10.8763
10.7728
11.124
11.1473
11.7545
11.4392
11.7072
10.926
9.95871
9.87459
5.1559
0.322348
-8.41165
-5.05868
-3.51834
3.2061
0.10543
-0.994494
-1.29826
-2.47294
-4.7944
-6.43217
-7.11637
-7.79177
-8.27354
-9.05641
-9.29539
-9.67313
-10.1799
-10.1705
7.87263
7.8277
7.98505
7.92225
8.32972
8.07811
8.42698
7.59149
6.95136
6.07862
3.20766
-0.413263
-8.6854
-8.70509
-5.49335
1.61052
-0.169641
-0.496132
-0.842247
-1.04832
-3.07096
-4.20165
-4.81128
-5.19105
-5.60524
-6.262
-6.5107
-6.90411
-7.41705
-7.37895
4.8067
4.62897
4.79959
4.7328
5.0289
4.66093
4.98473
4.64558
4.0751
3.18382
1.2807
-0.548895
-5.61229
-9.57955
-5.04004
0.955371
0.299072
-0.323162
-0.418463
0.384447
-1.71145
-2.31714
-2.71671
-2.93379
-3.33092
-3.80356
-4.00963
-4.21194
-4.60009
-4.43755
1.33828
1.37159
1.56088
1.41394
1.71154
1.5875
1.49866
1.5399
1.3114
0.971815
-0.261306
-1.22068
-1.95152
-2.38249
0.096449
-0.162867
0.726523
0.484045
0.0246224
0.240207
-0.638528
-0.668581
-0.959148
-0.977055
-1.24435
-1.39572
-1.51679
-1.53033
-1.71006
-1.57694
)
;

boundaryField
{
    INLET
    {
        type            zeroGradient;
    }
    OUTLET
    {
        type            fixedValue;
        value           uniform 0;
    }
    WALL
    {
        type            zeroGradient;
    }
    CYLINDER
    {
        type            zeroGradient;
    }
    frontAndBackPlanes
    {
        type            empty;
    }
}


// ************************************************************************* //
