/*--------------------------------*- C++ -*----------------------------------*\
| =========                 |                                                 |
| \\      /  F ield         | OpenFOAM: The Open Source CFD Toolbox           |
|  \\    /   O peration     | Version:  v1912                                 |
|   \\  /    A nd           | Website:  www.openfoam.com                      |
|    \\/     M anipulation  |                                                 |
\*---------------------------------------------------------------------------*/
FoamFile
{
    version     2.0;
    format      ascii;
    class       volScalarField;
    location    "0.2";
    object      p;
}
// * * * * * * * * * * * * * * * * * * * * * * * * * * * * * * * * * * * * * //

dimensions      [0 2 -2 0 0 0 0];


internalField   nonuniform List<scalar> 
6600
(
44.767
39.8431
37.3883
35.9003
35.2316
34.9036
34.8084
35.1411
35.9507
37.082
38.5393
40.4011
42.6855
45.3498
48.4142
51.8617
55.7214
59.9919
64.6592
69.7419
75.2031
80.9998
87.0568
93.3402
99.9379
106.669
113.389
120.018
126.465
132.574
138.209
143.228
147.411
150.509
152.256
152.301
150.255
145.765
138.446
127.82
113.543
94.8011
71.1417
41.8638
6.29894
-36.3437
-86.2404
-144.315
-211.75
-280.224
41.1346
35.8831
33.8946
31.9601
30.8451
30.1515
29.6606
29.5715
30.0582
30.9183
32.1295
33.6563
35.5505
37.8519
40.5136
43.5328
46.9339
50.7044
54.8189
59.3183
64.145
69.2693
74.6486
80.0569
85.548
91.2267
96.8884
102.273
107.376
112.117
116.235
119.526
121.826
122.889
122.451
120.148
115.587
108.413
98.2288
84.5493
66.9202
44.7066
17.3683
-15.7504
-55.3014
-102.06
-156.15
-217.846
-287.433
-355.894
36.1221
30.2925
29.0777
26.8423
25.4267
24.4643
23.8172
23.5495
23.6379
24.1794
25.1135
26.3916
28.0041
29.9667
32.284
34.9521
37.9551
41.2823
44.9262
48.8734
53.0836
57.5273
62.1466
66.7694
71.3692
75.9742
80.4739
84.6618
88.4041
91.5777
94.0112
95.4826
95.7698
94.6303
91.7996
86.9505
79.6927
69.659
56.4505
39.5809
18.5553
-7.1146
-37.9468
-74.5254
-117.443
-167.404
-224.568
-288.188
-356.995
-421.553
30.042
23.6778
22.99
20.4604
18.8999
17.6872
16.8726
16.4607
16.3702
16.6418
17.3139
18.3448
19.7167
21.3998
23.4098
25.7387
28.359
31.2655
34.4338
37.8274
41.4076
45.1516
49.0372
52.8887
56.5512
60.051
63.3332
66.193
68.4819
70.0841
70.7932
70.3655
68.5745
65.1764
59.9088
52.4494
42.44
29.5239
13.3003
-6.68201
-30.8638
-59.6606
-93.4963
-132.833
-178.151
-230.057
-288.547
-352.154
-418.349
-476.631
22.9625
16.1187
15.6397
12.8006
11.1291
9.82605
8.88609
8.31491
8.13519
8.18067
8.56034
9.32931
10.4142
11.7894
13.4679
15.412
17.6169
20.059
22.7019
25.5034
28.4054
31.373
34.3675
37.3132
40.0663
42.51
44.563
46.1074
46.9543
46.9288
45.8738
43.5586
39.7301
34.1351
26.5043
16.5453
3.92564
-11.697
-30.6693
-53.377
-80.1868
-111.42
-147.394
-188.457
-234.951
-287.267
-345.417
-407.666
-469.771
-520.005
15.0244
7.60877
7.06507
3.90681
2.25137
0.764361
-0.361685
-1.0752
-1.45535
-1.51391
-1.37659
-0.982504
-0.254014
0.761935
2.01794
3.51272
5.21571
7.10432
9.14329
11.2849
13.4593
15.6233
17.7642
19.775
21.4907
22.8258
23.6611
23.8466
23.238
21.6661
18.9291
14.8033
9.04506
1.40113
-8.37795
-20.5835
-35.5012
-53.4035
-74.5958
-99.3829
-128.032
-160.783
-197.852
-239.464
-285.867
-337.313
-393.537
-452.915
-509.869
-550.604
5.66589
-1.98802
-2.72004
-6.22717
-7.85125
-9.40365
-10.6865
-11.6801
-12.317
-12.6849
-12.8433
-12.727
-12.4271
-11.9033
-11.1404
-10.2007
-9.09283
-7.84636
-6.50496
-5.10263
-3.71562
-2.40984
-1.22044
-0.211119
0.487084
0.730457
0.380975
-0.707746
-2.69927
-5.77041
-10.0983
-15.8929
-23.386
-32.8215
-44.4431
-58.4761
-75.166
-94.7552
-117.463
-143.51
-173.09
-206.339
-243.376
-284.341
-329.43
-378.9
-432.355
-487.796
-538.631
-569.102
-5.19832
-12.7389
-13.7482
-17.4368
-19.2097
-20.9146
-22.3543
-23.5875
-24.5845
-25.2736
-25.8077
-26.2022
-26.3594
-26.3524
-26.2139
-25.9233
-25.5007
-24.9916
-24.4246
-23.8274
-23.2717
-22.8334
-22.5465
-22.5257
-22.9024
-23.7553
-25.2456
-27.5676
-30.8609
-35.2596
-40.9634
-48.1904
-57.1435
-68.0224
-81.021
-96.3624
-114.236
-134.797
-158.223
-184.669
-214.239
-247.009
-283.023
-322.334
-365.079
-411.582
-461.67
-512.502
-556.785
-577.827
-17.8814
-24.795
-25.9527
-29.7522
-31.5914
-33.5037
-35.2526
-36.7367
-38.1177
-39.3905
-40.3665
-41.2142
-42.0042
-42.6702
-43.2163
-43.6517
-44.0119
-44.3105
-44.5764
-44.8446
-45.1662
-45.624
-46.3001
-47.2657
-48.6233
-50.5008
-53.0526
-56.4302
-60.7954
-66.3339
-73.2007
-81.5575
-91.579
-103.446
-117.338
-133.398
-151.768
-172.589
-195.962
-221.974
-250.687
-282.11
-316.222
-353.034
-392.648
-435.339
-481.267
-527.514
-566.45
-580.955
-31.9554
-38.1445
-39.3254
-43.1601
-45.1266
-47.3661
-49.403
-51.3035
-53.0546
-54.7099
-56.4698
-58.0223
-59.4447
-60.8407
-62.165
-63.4307
-64.6425
-65.7953
-66.9357
-68.0955
-69.3038
-70.6296
-72.14
-73.9828
-76.2791
-79.1066
-82.5873
-86.8832
-92.1511
-98.5217
-106.159
-115.235
-125.901
-138.286
-152.502
-168.69
-186.956
-207.358
-229.965
-254.824
-281.936
-311.288
-342.84
-376.525
-412.321
-450.802
-491.455
-532.312
-566.941
-579.792
-47.121
-52.6766
-53.8283
-57.4968
-59.5631
-62.1776
-64.6186
-67.0154
-69.4074
-71.6721
-73.9112
-76.2425
-78.558
-80.7844
-82.9636
-85.1141
-87.2127
-89.2663
-91.3093
-93.3612
-95.46
-97.6629
-100.044
-102.7
-105.737
-109.269
-113.446
-118.381
-124.201
-131.078
-139.159
-148.563
-159.4
-171.78
-185.822
-201.596
-219.152
-238.547
-259.803
-282.912
-307.847
-334.548
-362.933
-392.942
-424.583
-458.037
-492.08
-524.8
-550.494
-563.126
-63.2202
-68.0316
-69.1515
-72.759
-75.0446
-77.9819
-80.9059
-83.7718
-86.7218
-89.8833
-92.9807
-96.0921
-99.2393
-102.406
-105.542
-108.621
-111.654
-114.643
-117.589
-120.513
-123.447
-126.431
-129.513
-132.807
-136.447
-140.533
-145.154
-150.442
-156.545
-163.57
-171.639
-180.891
-191.441
-203.376
-216.74
-231.596
-247.988
-265.904
-285.331
-306.24
-328.556
-352.18
-376.971
-402.683
-429.907
-457.458
-483.573
-504.698
-515.824
-524.954
-79.8688
-84.1515
-85.1512
-88.6296
-91.0983
-94.4335
-97.7914
-101.423
-105.14
-108.992
-113.005
-117.119
-121.263
-125.429
-129.574
-133.667
-137.704
-141.658
-145.523
-149.314
-153.052
-156.774
-160.528
-164.387
-168.405
-172.695
-177.434
-182.73
-188.677
-195.423
-203.107
-211.832
-221.675
-232.699
-244.983
-258.547
-273.364
-289.424
-306.693
-325.092
-344.517
-364.796
-385.628
-407.103
-428.812
-449.611
-467.896
-480.593
-484.215
-487.236
-96.5706
-100.06
-101.207
-104.736
-107.441
-111.33
-115.308
-119.553
-124.161
-128.97
-134.027
-139.18
-144.411
-149.703
-154.939
-160.123
-165.211
-170.172
-174.984
-179.628
-184.11
-188.449
-192.668
-196.85
-201.089
-205.46
-210.049
-214.99
-220.453
-226.56
-233.416
-241.144
-249.854
-259.63
-270.479
-282.4
-295.394
-309.395
-324.313
-340.061
-356.494
-373.375
-390.568
-407.818
-424.326
-439.097
-450.547
-457.387
-463.525
-464.125
-112.979
-115.651
-116.856
-120.546
-123.649
-127.936
-132.711
-137.806
-143.316
-149.215
-155.325
-161.679
-168.198
-174.707
-181.188
-187.578
-193.819
-199.877
-205.687
-211.215
-216.448
-221.387
-226.056
-230.487
-234.714
-238.809
-242.939
-247.236
-251.798
-256.795
-262.42
-268.809
-276.056
-284.212
-293.343
-303.455
-314.463
-326.287
-338.845
-352.004
-365.611
-379.44
-393.344
-406.8
-419.102
-429.528
-436.904
-440.331
-443.92
-445.088
-128.367
-130.059
-131.531
-135.467
-139.062
-144.182
-149.54
-155.68
-162.264
-169.316
-176.773
-184.427
-192.254
-200.155
-208.037
-215.804
-223.354
-230.61
-237.504
-243.985
-249.988
-255.482
-260.457
-264.943
-269.004
-272.729
-276.183
-279.478
-282.835
-286.443
-290.455
-295.046
-300.394
-306.659
-313.869
-321.979
-330.951
-340.694
-351.064
-361.937
-373.121
-384.306
-395.272
-405.707
-414.89
-421.822
-425.761
-429.914
-430.802
-432.058
-141.919
-143.127
-144.842
-149.092
-153.199
-159.071
-165.412
-172.506
-180.364
-188.713
-197.462
-206.621
-216.021
-225.503
-234.987
-244.305
-253.333
-261.968
-270.125
-277.701
-284.599
-290.752
-296.128
-300.73
-304.564
-307.657
-310.141
-312.209
-314.003
-315.723
-317.667
-320.115
-323.293
-327.329
-332.343
-338.397
-345.394
-353.189
-361.691
-370.758
-379.851
-388.718
-397.429
-405.446
-411.971
-416.257
-419.089
-421.052
-422.207
-422.879
-153.223
-153.783
-156.051
-160.678
-165.491
-172.208
-179.624
-187.927
-196.95
-206.804
-217.202
-227.954
-239.02
-250.286
-261.567
-272.685
-283.469
-293.752
-303.404
-312.279
-320.253
-327.213
-333.052
-337.718
-341.253
-343.737
-345.228
-345.819
-345.764
-345.373
-344.928
-344.745
-345.162
-346.556
-349.146
-352.954
-357.96
-364.108
-371.307
-378.796
-386.046
-393.301
-400.128
-405.865
-409.902
-412.257
-414.396
-415.386
-416.483
-416.767
-161.33
-161.779
-164.716
-169.897
-175.377
-183.108
-191.419
-200.994
-211.588
-222.912
-234.932
-247.583
-260.612
-273.878
-287.2
-300.39
-313.226
-325.475
-336.931
-347.417
-356.772
-364.84
-371.463
-376.539
-380.015
-381.883
-382.203
-381.222
-379.134
-376.17
-372.741
-369.366
-366.608
-364.88
-364.495
-365.743
-368.774
-373.686
-379.663
-385.752
-392.116
-398.323
-403.278
-406.507
-408.205
-409.775
-410.664
-411.671
-412.609
-412.86
-165.201
-166.836
-170.355
-176.279
-182.533
-191.361
-200.739
-211.492
-223.512
-236.529
-250.435
-265.01
-280.157
-295.678
-311.348
-326.927
-342.164
-356.773
-370.468
-382.986
-394.126
-403.684
-411.427
-417.153
-420.725
-422.195
-421.656
-419.118
-414.782
-409.054
-402.384
-395.324
-388.497
-382.69
-378.642
-376.785
-377.327
-380.705
-385.659
-391.765
-398.35
-403.618
-406.578
-407.557
-408.029
-408.268
-408.81
-409.568
-410.283
-410.563
-165.136
-168.576
-172.712
-179.402
-186.502
-196.394
-206.823
-219.06
-232.461
-247.076
-262.8
-279.505
-296.972
-314.972
-333.275
-351.585
-369.609
-387.005
-403.426
-418.531
-431.989
-443.528
-452.924
-459.919
-464.268
-465.841
-464.576
-460.581
-454.108
-445.414
-434.928
-423.309
-411.567
-400.748
-391.853
-385.698
-382.84
-384.252
-389.212
-396.635
-403.834
-408.345
-410.078
-410.038
-409.254
-408.723
-408.432
-408.349
-408.452
-408.697
-161.126
-166.779
-171.738
-179.332
-187.442
-198.269
-209.573
-223.09
-237.955
-254.252
-271.848
-290.668
-310.498
-331.159
-352.338
-373.707
-394.935
-415.605
-435.308
-453.602
-470.045
-484.274
-495.984
-504.818
-510.415
-512.571
-511.249
-506.333
-497.864
-486.17
-471.745
-455.325
-437.782
-420.304
-404.607
-392.429
-384.942
-383.489
-388.282
-397.423
-406.506
-411.95
-413.613
-413.129
-411.786
-409.888
-408.094
-406.811
-406.119
-405.935
-154.359
-161.644
-167.519
-176.027
-185.09
-196.7
-209.058
-223.724
-239.841
-257.596
-277.001
-297.919
-320.168
-343.574
-367.823
-392.555
-417.358
-441.783
-465.332
-487.47
-507.66
-525.375
-540.158
-551.655
-559.466
-563.175
-562.513
-557.217
-547.353
-533.06
-514.721
-492.859
-468.433
-443.09
-418.712
-397.627
-382.193
-375.357
-379.315
-391.303
-404.587
-412.608
-415.22
-414.21
-412.225
-409.392
-406.358
-403.948
-402.472
-401.75
-144.677
-154.252
-160.108
-169.78
-179.742
-191.828
-205.158
-220.75
-237.922
-257.096
-278.157
-301.026
-325.622
-351.755
-379.15
-407.433
-436.132
-464.749
-492.71
-519.386
-544.109
-566.219
-585.103
-600.239
-611.068
-617.074
-617.932
-613.477
-603.154
-586.891
-564.919
-537.88
-506.717
-472.43
-436.634
-402.796
-375.527
-361.181
-362.65
-376.131
-393.95
-407.098
-412.261
-412.207
-410.261
-407.382
-404.01
-400.973
-398.917
-397.506
-133.27
-144.416
-150.537
-160.792
-171.385
-183.951
-197.969
-214.262
-232.374
-252.607
-275.066
-299.765
-326.565
-355.311
-385.816
-417.718
-450.535
-483.696
-516.548
-548.386
-578.442
-605.896
-629.931
-649.786
-664.829
-674.497
-678.237
-675.488
-665.815
-648.844
-624.478
-592.93
-554.579
-510.056
-462.065
-413.891
-371.48
-344.438
-339.147
-351.367
-373.459
-392.274
-404.91
-411.11
-412.232
-410.082
-406.625
-402.972
-400.276
-398.37
-120.662
-132.801
-139.557
-150.203
-160.717
-173.547
-187.937
-204.555
-223.265
-244.408
-268.016
-294.158
-322.863
-354.043
-387.515
-422.974
-459.982
-497.913
-536.059
-573.627
-609.723
-643.409
-673.69
-699.56
-720.123
-734.541
-742.196
-742.625
-735.228
-719.275
-693.939
-658.892
-614.689
-562.318
-502.237
-436.682
-374.657
-333.745
-319.673
-328.381
-354.046
-382.292
-403.908
-415.922
-419.622
-418.055
-413.985
-409.648
-406.523
-404.701
-108.666
-120.467
-127.467
-138.183
-148.566
-161.249
-175.566
-192.3
-211.16
-232.748
-257.037
-284.32
-314.616
-347.879
-384.079
-422.935
-464.057
-506.833
-550.502
-594.189
-636.942
-677.7
-715.293
-748.435
-775.864
-796.605
-809.967
-815.192
-811.417
-798.03
-773.993
-738.56
-691.512
-631.7
-557.659
-477.674
-402.953
-346.986
-317.73
-317.996
-342.792
-376.345
-404.039
-420.316
-426.005
-423.817
-420.085
-415.855
-413.354
-412.34
-98.1988
-107.717
-115.297
-125.55
-135.67
-148.036
-161.863
-178.183
-196.838
-218.382
-242.965
-270.828
-302.182
-337.037
-375.527
-417.536
-462.612
-510.18
-559.462
-609.545
-659.414
-707.919
-753.746
-795.301
-831.023
-859.609
-879.988
-891.408
-893.121
-884.416
-864.857
-831.323
-782.54
-715.055
-632.644
-544.2
-464.384
-397.69
-358.752
-348.354
-358.152
-380.832
-402.455
-417.158
-422.849
-422.357
-419.738
-417.395
-416.286
-416.316
-93.6495
-95.1444
-103.713
-112.808
-122.542
-134.445
-147.67
-163.239
-181.327
-202.266
-226.526
-254.406
-286.267
-322.165
-362.34
-406.982
-455.702
-507.939
-562.827
-619.434
-676.759
-733.582
-788.324
-839.207
-884.444
-922.437
-951.475
-971.25
-980.702
-978.271
-963.268
-933.493
-881.732
-810.148
-727.333
-640.076
-555.329
-488.257
-442.729
-416.951
-407.932
-411.053
-418.45
-422.91
-422.862
-419.914
-417.279
-416.258
-416.584
-417.565
-109.104
-86.5304
-93.2375
-100.831
-110.327
-121.573
-134.154
-148.77
-165.884
-186.073
-209.637
-237.041
-268.794
-305.171
-346.438
-392.945
-444.607
-501.021
-561.195
-624.296
-689.225
-754.732
-818.38
-878.546
-933.836
-982.786
-1022
-1051.55
-1070.7
-1074.88
-1062.08
-1037.27
-986.55
-915.479
-836.212
-753.04
-676.405
-609.489
-554.936
-513.773
-485.317
-466.39
-452.917
-441.691
-431.446
-422.322
-417.043
-416.255
-417.328
-418.8
64.0295
59.2147
56.8252
55.4339
54.8608
54.6851
54.8286
55.4552
56.641
58.2216
60.2118
62.6801
65.6638
69.1095
73.0453
77.4797
82.4162
87.8777
93.8517
100.324
107.295
114.712
122.507
130.6
139.142
147.986
156.904
165.882
174.887
183.724
192.223
200.229
207.604
214.136
219.54
223.601
225.973
226.27
224.172
219.231
211.005
198.999
182.685
161.424
134.635
101.718
62.0786
15.3777
-41.1738
-97.3293
60.5441
55.4856
53.5912
51.8214
50.8825
50.4071
50.2199
50.4811
51.3903
52.753
54.5662
56.778
59.4401
62.5913
66.2088
70.2978
74.8604
79.9014
85.4138
91.382
97.8023
104.627
111.845
119.309
126.869
134.682
142.64
150.498
158.209
165.702
172.789
179.221
184.828
189.436
192.76
194.547
194.458
192.113
187.208
179.23
167.749
152.236
132.173
106.941
75.9501
38.5029
-5.67425
-56.6651
-116.188
-173.822
55.776
50.2557
49.1541
47.1514
46.0007
45.3269
45.0486
45.2085
45.805
46.933
48.5407
50.5973
53.0855
56.0147
59.3992
63.2481
67.5289
72.2475
77.3938
82.9376
88.8662
95.1314
101.666
108.434
115.315
122.227
129.116
135.848
142.308
148.355
153.835
158.534
162.264
164.798
165.848
165.18
162.454
157.285
149.345
138.184
123.332
104.286
80.5574
51.5863
16.8079
-24.441
-72.2945
-126.233
-186.087
-241.611
50.055
44.0861
43.5741
41.325
40.1086
39.2518
38.8843
38.9884
39.4962
40.4632
41.9007
43.811
46.1679
48.9425
52.1542
55.7857
59.8167
64.2488
69.0522
74.1851
79.6176
85.3223
91.2819
97.35
103.335
109.281
115.155
120.752
125.881
130.458
134.324
137.249
139.012
139.401
138.149
134.96
129.532
121.521
110.553
96.233
78.1268
55.781
28.774
-3.35462
-41.0931
-85.0229
-135.179
-190.276
-248.879
-300.272
43.4397
37.0455
36.8337
34.2862
33.0211
32.1474
31.7258
31.7592
32.2625
33.0954
34.3643
36.1218
38.3072
40.8982
43.8953
47.2748
51.0261
55.1288
59.546
64.2318
69.1367
74.2104
79.3886
84.6685
89.9227
94.9534
99.7013
104.092
107.954
111.078
113.302
114.44
114.286
112.585
109.063
103.473
95.4903
84.7752
71.0117
53.8515
32.9224
7.8601
-21.6785
-56.0613
-95.6527
-140.873
-191.69
-246.61
-302.909
-348.611
36.0078
29.119
28.9145
26.0915
24.8854
23.8905
23.3498
23.3059
23.7078
24.5251
25.6548
27.149
29.0867
31.4312
34.129
37.1882
40.5735
44.2602
48.2122
52.3796
56.7049
61.1388
65.6617
70.1083
74.355
78.4008
82.1226
85.3207
87.8447
89.5538
90.2483
89.7036
87.7079
84.0449
78.4587
70.6621
60.387
47.3546
31.2681
11.8422
-11.2082
-38.1618
-69.2665
-104.785
-144.998
-190.204
-240.352
-293.846
-346.583
-385.269
27.2849
20.1701
19.7436
16.662
15.5265
14.5192
13.8902
13.639
13.8469
14.4657
15.401
16.7129
18.3453
20.314
22.6405
25.2727
28.1911
31.3681
34.7641
38.3327
42.0067
45.7158
49.4019
53.0603
56.5339
59.6018
62.1902
64.2121
65.4952
65.832
65.0301
62.9066
59.2672
53.8679
46.4548
36.8316
24.7354
9.90807
-7.8582
-28.787
-53.0945
-80.9668
-112.567
-148.088
-187.78
-231.947
-280.222
-330.991
-379.317
-409.917
17.1662
10.0819
9.31376
6.1186
4.86427
3.76134
3.03979
2.64052
2.58318
2.93651
3.61735
4.53359
5.80599
7.38577
9.22283
11.341
13.7056
16.2855
19.0519
21.9577
24.9435
27.9438
30.9252
33.6871
36.1463
38.275
39.9131
40.8344
40.8892
39.9609
37.8713
34.3964
29.3296
22.4922
13.6916
2.68912
-10.7002
-26.6505
-45.3508
-66.9664
-91.6393
-119.489
-150.604
-185.094
-223.179
-265.275
-311.086
-358.247
-401.157
-423.672
5.18204
-1.36828
-2.29644
-5.58571
-6.88525
-8.13672
-9.09379
-9.66278
-10.0048
-10.1208
-9.82313
-9.2414
-8.45524
-7.42634
-6.14426
-4.62143
-2.89516
-0.976807
1.09997
3.28846
5.53229
7.73996
9.84526
11.8547
13.5778
14.826
15.4582
15.3773
14.4403
12.4543
9.24226
4.65129
-1.46811
-9.31933
-19.0986
-30.9185
-44.9534
-61.3675
-80.272
-101.777
-125.979
-152.935
-182.684
-215.316
-250.993
-289.997
-332.506
-375.618
-413.064
-428.821
-8.3885
-14.2469
-15.1781
-18.4778
-19.8756
-21.391
-22.562
-23.4759
-24.0974
-24.4921
-24.8233
-24.8453
-24.5938
-24.1547
-23.5139
-22.6688
-21.6323
-20.4181
-19.0614
-17.5978
-16.0664
-14.5263
-13.0934
-11.9236
-11.1172
-10.7126
-10.8194
-11.6702
-13.443
-16.2498
-20.2181
-25.5184
-32.3281
-40.7687
-50.9556
-63.0565
-77.1759
-93.3952
-111.809
-132.497
-155.504
-180.851
-208.53
-238.543
-271.05
-306.483
-344.389
-382.785
-415.747
-428.114
-23.3777
-28.5093
-29.3804
-32.4781
-33.9322
-35.75
-37.2542
-38.5667
-39.7205
-40.6221
-41.37
-42.0036
-42.4942
-42.7733
-42.8381
-42.7217
-42.4125
-41.9361
-41.3162
-40.5825
-39.7863
-39.0066
-38.3009
-37.742
-37.4426
-37.6181
-38.4183
-39.9014
-42.1715
-45.4126
-49.8129
-55.4906
-62.5194
-71.0455
-81.2043
-93.0421
-106.648
-122.107
-139.457
-158.725
-179.93
-203.052
-228.052
-254.899
-283.545
-314.547
-346.809
-378.704
-405.356
-417.425
-39.427
-43.8214
-44.6325
-47.6017
-49.2284
-51.3013
-53.2205
-54.9168
-56.5586
-58.2366
-59.6858
-61.0061
-62.2111
-63.2463
-64.1125
-64.7647
-65.2237
-65.5
-65.6048
-65.5614
-65.408
-65.1957
-65.0058
-65.0063
-65.3187
-65.9559
-67.0091
-68.6965
-71.1989
-74.62
-79.0368
-84.5824
-91.4183
-99.6126
-109.213
-120.317
-132.973
-147.19
-162.978
-180.346
-199.27
-219.696
-241.523
-264.584
-289.17
-314.803
-340.167
-362.672
-378.062
-388.827
-56.1398
-60.1012
-60.7911
-63.6041
-65.3559
-67.7671
-70.0468
-72.4596
-74.7485
-77.0175
-79.2907
-81.4291
-83.4899
-85.407
-87.1092
-88.6044
-89.8807
-90.9273
-91.7562
-92.3918
-92.8613
-93.2316
-93.5548
-93.879
-94.2978
-95.0113
-96.2019
-97.9206
-100.233
-103.31
-107.353
-112.464
-118.666
-126.062
-134.747
-144.723
-155.999
-168.588
-182.471
-197.598
-213.904
-231.285
-249.549
-268.711
-288.53
-308.137
-326.17
-339.652
-345.044
-350.877
-73.2859
-76.4423
-77.2576
-80.1186
-82.094
-84.9998
-87.837
-90.7608
-93.8832
-96.9854
-100.166
-103.304
-106.297
-109.136
-111.766
-114.174
-116.31
-118.155
-119.71
-120.978
-121.967
-122.708
-123.265
-123.775
-124.361
-125.031
-125.872
-127.096
-128.923
-131.441
-134.707
-138.845
-144.025
-150.304
-157.68
-166.184
-175.828
-186.559
-198.305
-211.002
-224.541
-238.76
-253.48
-268.73
-283.721
-297.483
-308.886
-316.549
-321.502
-323.776
-90.5747
-92.9255
-93.7092
-96.6806
-99.0002
-102.267
-105.865
-109.573
-113.504
-117.65
-121.775
-125.921
-130.068
-134.008
-137.718
-141.15
-144.244
-146.959
-149.277
-151.192
-152.701
-153.824
-154.621
-155.135
-155.4
-155.586
-155.926
-156.504
-157.37
-158.728
-160.816
-163.761
-167.584
-172.355
-178.163
-185.006
-192.816
-201.532
-211.09
-221.378
-232.262
-243.542
-255.041
-266.502
-277.417
-286.932
-294.003
-297.829
-302.632
-304.157
-107.22
-108.516
-109.558
-112.746
-115.528
-119.567
-123.705
-128.435
-133.398
-138.593
-143.983
-149.361
-154.649
-159.83
-164.792
-169.396
-173.559
-177.247
-180.4
-182.981
-184.972
-186.358
-187.141
-187.458
-187.442
-187.122
-186.547
-185.92
-185.549
-185.588
-186.13
-187.325
-189.385
-192.439
-196.467
-201.444
-207.355
-214.117
-221.593
-229.672
-238.221
-246.942
-255.701
-264.3
-272.132
-278.324
-282.202
-285.716
-287.709
-289.421
-122.427
-123.156
-124.388
-127.859
-131.147
-135.925
-141.031
-146.649
-152.84
-159.348
-165.973
-172.747
-179.505
-186.089
-192.427
-198.4
-203.861
-208.711
-212.846
-216.218
-218.787
-220.527
-221.434
-221.543
-220.904
-219.62
-217.942
-216.044
-214.004
-212.082
-210.608
-209.843
-209.91
-210.882
-212.884
-215.953
-219.995
-224.881
-230.525
-236.848
-243.36
-249.872
-256.497
-262.814
-268.314
-272.319
-274.699
-276.968
-278.38
-279.522
-135.691
-135.682
-137.445
-141.278
-145.276
-150.903
-157.1
-163.978
-171.345
-179.266
-187.557
-195.926
-204.277
-212.54
-220.508
-228.041
-235.006
-241.212
-246.54
-250.885
-254.156
-256.296
-257.233
-257.011
-255.78
-253.648
-250.67
-247.007
-243.017
-239.003
-235.21
-231.898
-229.386
-227.997
-227.816
-228.819
-230.971
-234.227
-238.532
-243.276
-247.968
-252.915
-257.812
-262.145
-265.518
-267.834
-270.255
-271.352
-272.417
-272.991
-146.021
-145.739
-148.229
-152.603
-157.334
-163.981
-171.12
-179.306
-188.277
-197.751
-207.621
-217.865
-228.198
-238.403
-248.303
-257.708
-266.467
-274.359
-281.192
-286.804
-291.064
-293.861
-295.13
-294.882
-293.106
-289.829
-285.323
-279.864
-273.628
-266.927
-260.177
-253.885
-248.502
-244.275
-241.442
-240.188
-240.538
-242.384
-245.385
-248.749
-252.539
-256.539
-259.815
-262.053
-263.42
-264.994
-266.295
-267.417
-268.338
-268.669
-152.372
-153.105
-156.216
-161.294
-166.841
-174.647
-182.992
-192.458
-202.961
-214.179
-226.052
-238.259
-250.702
-263.157
-275.367
-287.062
-298.002
-307.949
-316.673
-323.938
-329.543
-333.326
-335.144
-334.888
-332.651
-328.58
-322.678
-315.156
-306.386
-296.777
-286.804
-276.976
-267.808
-259.978
-254.006
-250.124
-248.348
-248.628
-250.612
-253.648
-257.34
-260.45
-262.072
-262.633
-262.721
-263.13
-264.011
-265.029
-265.859
-266.168
-154.901
-157.238
-160.967
-166.901
-173.366
-182.281
-191.83
-202.886
-214.928
-227.937
-241.725
-256.195
-271.073
-286.047
-300.892
-315.276
-328.862
-341.358
-352.456
-361.876
-369.35
-374.639
-377.544
-377.921
-375.715
-370.872
-363.53
-354.071
-342.711
-329.81
-315.895
-301.648
-288.039
-275.842
-265.764
-258.374
-253.942
-252.761
-254.263
-257.784
-261.657
-263.972
-264.724
-264.291
-263.752
-263.37
-263.542
-264.038
-264.558
-264.894
-153.221
-157.702
-162.387
-169.287
-176.783
-186.904
-197.443
-210.001
-223.731
-238.614
-254.505
-271.258
-288.645
-306.453
-324.287
-341.77
-358.511
-374.124
-388.211
-400.414
-410.36
-417.746
-422.272
-423.662
-421.789
-416.756
-408.605
-397.306
-383.227
-366.848
-348.753
-329.772
-310.681
-292.586
-276.907
-264.788
-256.787
-253.479
-254.498
-258.898
-263.832
-266.913
-267.75
-267.31
-266.227
-264.963
-263.933
-263.304
-263.043
-263.156
-148.47
-154.649
-160.375
-168.269
-176.901
-188.058
-199.709
-213.67
-228.968
-245.621
-263.59
-282.757
-302.838
-323.591
-344.683
-365.681
-386.078
-405.389
-423.134
-438.794
-451.944
-462.194
-469.164
-472.523
-471.966
-467.322
-458.557
-445.918
-429.5
-409.714
-387.122
-362.358
-336.623
-311.563
-288.663
-269.592
-255.723
-248.452
-248.96
-255.217
-262.686
-267.912
-269.687
-269.279
-267.554
-265.386
-263.223
-261.598
-260.708
-260.435
-140.565
-149.172
-154.972
-164.098
-173.908
-185.626
-198.572
-213.773
-230.346
-248.727
-268.757
-290.248
-313.056
-336.917
-361.469
-386.272
-410.781
-434.391
-456.477
-476.442
-493.708
-507.734
-518.031
-524.087
-525.469
-521.987
-513.756
-500.349
-482.021
-459.104
-431.967
-401.554
-368.867
-335.247
-302.586
-273.452
-250.905
-238.726
-238.068
-245.545
-255.768
-264.275
-268.116
-268.276
-266.458
-263.894
-261.265
-259.081
-257.716
-256.866
-130.693
-140.928
-147.167
-157.022
-167.575
-179.979
-193.889
-209.995
-227.88
-247.75
-269.637
-293.41
-318.872
-345.791
-373.906
-402.737
-431.704
-460.109
-487.222
-512.309
-534.603
-553.355
-567.967
-577.923
-582.614
-581.562
-574.416
-561.198
-541.934
-516.596
-485.724
-449.564
-408.883
-365.443
-321.73
-280.56
-246.757
-226.478
-222.404
-230.193
-243.501
-254.797
-262.431
-266.064
-266.352
-264.533
-261.779
-259.112
-257.211
-255.819
-119.234
-130.712
-137.579
-147.994
-158.606
-171.493
-186.069
-202.784
-221.567
-242.796
-266.262
-292.023
-319.978
-349.913
-381.563
-414.497
-448.167
-481.791
-514.498
-545.412
-573.62
-598.229
-618.416
-633.431
-642.339
-644.706
-640.154
-628.444
-609.306
-582.722
-548.526
-507.372
-460.139
-407.726
-351.689
-295.223
-246.828
-217.703
-208.508
-214.728
-231.579
-249.221
-261.948
-268.675
-270.305
-268.822
-265.938
-262.656
-260.13
-258.38
-108.254
-119.457
-126.57
-137.208
-147.809
-160.727
-175.423
-192.573
-211.893
-233.902
-258.591
-286.078
-316.246
-348.961
-384.018
-421.049
-459.528
-498.636
-537.348
-574.714
-609.698
-641.266
-668.245
-689.519
-704.256
-711.568
-710.978
-701.946
-684.305
-657.785
-622.264
-578.015
-525.503
-463.731
-393.304
-324.301
-265.384
-225.594
-206.378
-206.207
-223.769
-245.004
-261.509
-271.83
-274.676
-274.017
-270.854
-267.429
-265.046
-263.869
-98.4461
-107.674
-115.189
-125.594
-136.005
-148.719
-163.141
-180.087
-199.478
-221.953
-247.359
-275.941
-307.815
-342.893
-381.108
-422.084
-465.357
-510.125
-555.208
-599.458
-641.92
-681.382
-716.332
-745.344
-767.318
-780.894
-785.493
-780.932
-766.321
-742.133
-708.082
-661.596
-603.894
-531.864
-453.16
-374.221
-308.566
-257.489
-230.024
-223.512
-231.337
-246.141
-260.47
-269.697
-272.862
-272.641
-270.793
-268.553
-267.241
-267
-94.611
-95.8517
-104.205
-113.498
-123.595
-136.003
-149.979
-166.399
-185.404
-207.653
-233.293
-262.388
-295.276
-332.077
-372.865
-417.492
-465.415
-515.934
-567.546
-619.003
-669.475
-717.707
-761.669
-799.648
-830.41
-852.025
-863.799
-865.534
-855.837
-834.137
-802.291
-752.945
-689.519
-611.604
-530.789
-450.454
-377.272
-322.079
-286.165
-267.609
-261.976
-264.345
-269.231
-271.496
-271.524
-269.997
-268.213
-267.166
-267.129
-267.746
-110.055
-87.8345
-94.1888
-102.048
-111.98
-123.928
-137.259
-152.925
-171.206
-192.96
-218.22
-247.194
-280.553
-318.491
-361.093
-408.667
-460.557
-515.954
-573.995
-632.99
-692.109
-749.359
-802.614
-850.211
-891.227
-922.533
-942.668
-951.901
-950.532
-931.114
-897.811
-852.224
-782.046
-706.208
-624.736
-545.739
-476.143
-418.122
-371.215
-337.587
-314.824
-299.989
-289.888
-282.334
-275.67
-270.07
-266.867
-266.192
-266.858
-267.914
-91.1759
-76.0279
-83.2659
-91.7643
-102.027
-113.539
-126.499
-141.709
-159.626
-180.402
-204.675
-233.781
-268.262
-307.728
-352.618
-403.671
-460.628
-522.264
-588.338
-657.671
-727.345
-795.188
-859.243
-917.764
-968.313
-1009.9
-1040.53
-1059.11
-1063.07
-1051.82
-1009.89
-947.21
-873.644
-792.43
-708.279
-630.588
-558.884
-496.109
-443.742
-401.723
-368.544
-342.189
-320.471
-301.854
-285.996
-274.233
-267.759
-266.404
-267.908
-269.174
-78.1415
-75.4526
-80.2113
-87.7317
-97.6186
-108.791
-122.142
-137.969
-156.93
-179.632
-206.503
-239.026
-277.239
-321.203
-372.106
-430.545
-496.21
-567.692
-643.251
-721.998
-802.074
-880.572
-954.624
-1022.32
-1080.8
-1125.41
-1156.99
-1169.96
-1161.66
-1124.95
-1071.46
-1003.8
-928.344
-846.296
-764.225
-685.305
-615.918
-553.953
-499.917
-452.994
-412.902
-378.507
-348.967
-323.459
-301.822
-284.737
-273.772
-269.512
-271.096
-272.619
-69.3333
-74.5687
-80.1997
-87.6907
-96.9343
-108.274
-122.732
-140.468
-162.517
-189.565
-221.159
-258.297
-302.351
-354.538
-415.525
-484.522
-560.138
-642.135
-729.953
-821.193
-912.743
-1000.47
-1082.44
-1154.93
-1214.61
-1256.37
-1277.8
-1272.86
-1244.1
-1196.67
-1134.72
-1062.72
-983.351
-903.225
-824.046
-747.565
-675.44
-609.828
-550.628
-497.956
-451.531
-410.837
-375.447
-345.048
-319.479
-298.891
-284.071
-276.265
-274.792
-277.851
-62.7738
-70.6344
-77.7925
-85.9764
-95.7579
-108.479
-124.705
-144.92
-170.015
-200.385
-236.808
-280.52
-333.162
-395.612
-466.778
-547.123
-637.206
-735.947
-840.545
-946.222
-1047.52
-1142.79
-1229.4
-1305.36
-1361.91
-1393.37
-1393.71
-1372.37
-1330.63
-1273.81
-1204.37
-1128.46
-1046.91
-963.849
-881.07
-801.162
-725.63
-655.4
-591.259
-533.34
-481.711
-436.289
-396.877
-363.326
-335.468
-313.154
-296.351
-285.491
-281.352
-286.913
-56.5196
-63.9113
-71.9785
-81.0858
-92.1192
-106.409
-124.111
-146.391
-174.441
-208.861
-251.345
-302.578
-363.499
-435.695
-519.841
-617.506
-728.241
-847.415
-968.758
-1086.62
-1198.21
-1302.04
-1396.11
-1467.8
-1509.61
-1519.5
-1504.29
-1468
-1415.1
-1348.13
-1272.48
-1189.62
-1103.38
-1015.16
-928.402
-844.207
-764.273
-689.65
-620.778
-558.509
-502.875
-453.948
-411.749
-376.146
-346.928
-323.792
-306.352
-294.748
-290.505
-294.07
-48.3878
-55.1462
-63.5527
-73.3614
-85.239
-100.187
-118.927
-143.594
-175.175
-214.654
-263.408
-321.324
-391.152
-476.422
-580.124
-701.361
-834.643
-973.088
-1110.11
-1242.26
-1366.94
-1479.14
-1568.62
-1620.31
-1639.84
-1632.07
-1601.1
-1551.29
-1487.29
-1411.61
-1327.66
-1238.17
-1145.66
-1052.98
-961.394
-873.053
-788.861
-710.094
-637.546
-571.779
-513.207
-461.811
-417.774
-381.018
-351.233
-328.06
-311.028
-300.044
-295.61
-296.357
-38.6733
-45.1672
-52.7738
-62.3006
-74.0693
-89.0318
-109.034
-136.106
-171.475
-216.096
-270.107
-336.235
-419.781
-524.886
-652.893
-798.713
-954.668
-1112.54
-1268.04
-1417.62
-1551.29
-1655.54
-1716.96
-1746.77
-1747.1
-1722.9
-1677.3
-1616.12
-1541.2
-1456.61
-1365.16
-1269.58
-1171.84
-1074.35
-978.917
-886.55
-798.546
-716.593
-641.113
-572.974
-512.24
-459.102
-413.908
-376.49
-346.493
-323.525
-307.209
-297.159
-293.261
-293.055
-27.5422
-32.5313
-38.2855
-46.3418
-57.3537
-72.6839
-94.6458
-123.744
-161.241
-209.954
-271.885
-351.269
-453.395
-581.683
-735.672
-907.147
-1087.07
-1268.45
-1442.06
-1598.32
-1715.99
-1792.02
-1831.88
-1841.49
-1825.39
-1786.32
-1729.18
-1656.55
-1573.27
-1481.33
-1383.77
-1282.97
-1180.81
-1079.37
-980.205
-884.679
-793.906
-709.408
-631.893
-561.789
-499.59
-445.44
-399.615
-361.931
-331.948
-309.236
-293.336
-283.689
-280.333
-280.196
-12.0585
-14.6692
-18.3946
-24.9896
-35.9021
-51.7028
-73.1829
-102.455
-142.227
-196.548
-269.617
-365.789
-488.805
-642.813
-826.21
-1023.84
-1231.13
-1433.42
-1606.81
-1735.73
-1828.18
-1884.41
-1906.22
-1899.83
-1870.25
-1820.04
-1753.9
-1673.43
-1582.64
-1486.22
-1384.29
-1279.27
-1173.46
-1068.76
-966.901
-868.864
-776.059
-689.877
-610.756
-539.317
-476.362
-422.052
-376.126
-338.318
-308.277
-285.602
-269.793
-260.327
-256.722
-256.479
8.66049
7.25624
4.78489
0.503097
-7.53667
-21.3146
-41.7907
-71.054
-112.936
-172.657
-257.186
-371.548
-517.136
-699.114
-913.276
-1140.21
-1364.5
-1555.53
-1706.72
-1815.87
-1888.92
-1930.5
-1939.14
-1922.12
-1882.05
-1825.08
-1753.33
-1668.02
-1573.69
-1473.12
-1368
-1260.53
-1152.36
-1045.47
-941.571
-841.901
-747.875
-660.509
-580.67
-509.074
-446.012
-391.558
-345.548
-307.687
-277.601
-254.837
-238.833
-229.006
-224.918
-223.819
30.6486
32.4787
33.5338
33.0054
28.7979
19.2756
2.1753
-25.1398
-67.0313
-130.244
-224.988
-357.376
-528.939
-735.807
-969.946
-1210.96
-1427.62
-1605.78
-1742.21
-1838.82
-1897.32
-1930.5
-1934.13
-1910.78
-1867.13
-1806.92
-1732.08
-1645.28
-1549.18
-1446.54
-1340.02
-1231.44
-1121.9
-1013.66
-908.662
-808.259
-713.784
-626.228
-546.436
-474.951
-412.032
-357.732
-311.876
-274.101
-243.967
-220.987
-204.589
-194.205
-189.21
-187.227
55.1385
62.0949
68.8863
74.3444
77.0111
74.8247
64.4839
41.5077
-0.0347794
-67.7201
-171.99
-316.558
-500.027
-719.991
-967.638
-1212.2
-1418.22
-1588.14
-1716.07
-1807.52
-1868.71
-1898.27
-1898.82
-1876.38
-1833.94
-1773.9
-1699.25
-1612.59
-1516.82
-1413.72
-1307.03
-1198.07
-1088.31
-980.071
-874.969
-774.617
-680.303
-593.036
-513.57
-442.4
-379.768
-325.684
-279.951
-242.231
-212.105
-189.062
-172.457
-161.617
-155.878
-153.295
82.7855
96.7094
111.456
125.736
137.954
145.705
144.282
126.794
84.5314
13.0426
-93.2335
-240.843
-428.484
-652.237
-901.283
-1140.9
-1344.94
-1511.68
-1643.42
-1741.03
-1806.97
-1843.44
-1850.54
-1831.81
-1792.24
-1735.46
-1663.75
-1579.79
-1485.51
-1384.04
-1278.55
-1170.5
-1061.86
-954.306
-849.577
-749.42
-655.237
-568.054
-488.605
-417.384
-354.67
-300.548
-254.903
-217.418
-187.582
-164.726
-148.112
-137.135
-131.054
-128.059
114.548
136.478
160.206
184.602
206.516
221.712
224.995
212.726
178.604
109.985
7.00479
-137.576
-325.228
-543.067
-778.709
-1013.67
-1226.57
-1407.51
-1554.95
-1666.12
-1742.2
-1786.08
-1801.22
-1789.69
-1756.67
-1706.56
-1641.35
-1562.87
-1472.97
-1374.91
-1270.77
-1163.31
-1054.96
-947.437
-842.418
-741.618
-646.554
-558.396
-477.972
-405.837
-342.339
-287.621
-241.613
-204.021
-174.312
-151.76
-135.541
-124.858
-118.939
-115.863
145.557
169.747
195.463
221.347
246.393
267.028
279.307
273.053
244.685
182.604
82.0904
-55.1987
-233.253
-443.203
-670.495
-901.314
-1121.61
-1317.22
-1479.72
-1606.49
-1696.87
-1752.92
-1778.55
-1777.16
-1753
-1709.25
-1648.8
-1573.79
-1486.68
-1390.22
-1287.32
-1180.52
-1072.32
-964.357
-858.238
-755.703
-658.514
-568.081
-485.4
-411.146
-345.745
-289.389
-242.063
-203.592
-173.669
-151.818
-137.172
-128.399
-123.849
-121.405
140.244
167.123
196.827
227.823
258.616
283.275
296.715
292.84
272.58
217.668
122.623
-11.8018
-185.653
-388.251
-618.66
-857.053
-1084.05
-1288.5
-1460.29
-1595.95
-1695.23
-1759.95
-1793.7
-1800.26
-1782.74
-1743.53
-1685.44
-1611.5
-1524.9
-1428.89
-1326.68
-1221.08
-1113.48
-1005.23
-897.925
-793.509
-693.868
-600.583
-514.852
-437.545
-369.257
-310.34
-260.888
-220.723
-189.366
-166.082
-149.945
-139.826
-134.237
-131.066
121.857
145.844
172.485
200.223
226.991
250.073
264.542
265.373
248.923
198.445
107.628
-29.5332
-194.703
-396.163
-635.587
-879.206
-1111.98
-1322.46
-1497.27
-1634.8
-1737.21
-1806.67
-1845.94
-1858.05
-1845.15
-1809.33
-1753.22
-1680.44
-1594.33
-1498.35
-1395.51
-1288.44
-1179.38
-1069.89
-961.285
-855.077
-752.914
-656.468
-567.145
-486.045
-413.99
-351.51
-298.805
-255.672
-221.521
-195.493
-176.667
-164.128
-156.818
-152.68
89.0495
106.579
125.385
145.342
165.544
183.616
194.551
193.31
171.676
121.332
37.5116
-87.5378
-252.444
-456.885
-694.234
-940.467
-1181.03
-1391.4
-1562.71
-1699.44
-1800.38
-1869.25
-1908.74
-1920.8
-1908.08
-1873.32
-1819.35
-1749.43
-1666.56
-1573.55
-1473.18
-1367.69
-1258.96
-1148.95
-1039.38
-931.959
-828.213
-729.559
-637.357
-552.801
-476.876
-410.293
-353.443
-306.376
-268.741
-239.804
-218.62
-204.348
-196.18
-191.969
61.7226
71.4522
82.3056
93.7675
103.859
111.27
112.66
104.427
81.4844
35.8756
-41.4871
-156.07
-310.938
-506.46
-735.684
-979.126
-1220.71
-1430.57
-1604.62
-1742.58
-1842.34
-1913.45
-1956.83
-1972.03
-1962.49
-1930.69
-1879.55
-1812.38
-1732.3
-1642
-1543.96
-1440.35
-1333.16
-1224.38
-1115.73
-1008.75
-904.971
-805.708
-712.244
-625.8
-547.431
-477.971
-417.96
-367.657
-327.071
-295.853
-273.302
-258.494
-250.571
-246.899
36.5066
40.7629
46.0563
50.378
52.2375
51.4722
45.0899
30.1176
3.51922
-40.2625
-108.556
-209.22
-349.02
-528.051
-740.342
-973.662
-1210.42
-1426.06
-1609.16
-1750.18
-1855.73
-1935.05
-1985.03
-2004.44
-1999.02
-1971.77
-1924.95
-1861.82
-1785.22
-1697.98
-1602.61
-1501.39
-1396.51
-1289.79
-1182.95
-1077.49
-974.756
-876.1
-782.678
-695.705
-616.308
-545.43
-483.804
-431.875
-389.828
-357.528
-334.469
-319.956
-313.1
-310.346
13.4233
14.81
16.0918
15.5516
12.1765
5.38266
-6.60602
-25.9131
-55.0732
-97.3067
-158.732
-246.736
-366.986
-521.213
-709.078
-922.124
-1147.19
-1364.51
-1556
-1710.01
-1828.98
-1917.48
-1975.88
-2004.28
-2007.57
-1987.55
-1946.34
-1889.33
-1817.88
-1735.27
-1643.82
-1546.18
-1444.45
-1340.63
-1236.33
-1133.15
-1032.34
-935.131
-842.795
-756.441
-677.231
-606.175
-544.081
-491.555
-448.967
-416.367
-393.385
-379.348
-373.797
-372.379
-5.91934
-6.47045
-8.60549
-12.4399
-18.367
-28.2355
-43.46
-65.054
-94.6953
-135.238
-190.758
-267.54
-369.902
-500.045
-658.193
-838.898
-1039.04
-1246.43
-1446.79
-1616.98
-1752.84
-1855.56
-1926.4
-1967.3
-1981.61
-1971.83
-1941.18
-1890.5
-1825.52
-1750.12
-1663.42
-1570.79
-1473.29
-1373.2
-1272.36
-1172.13
-1073.96
-979.019
-888.49
-803.621
-725.438
-655.039
-593.332
-540.94
-498.285
-465.548
-442.505
-428.681
-423.782
-423.941
-22.1873
-25.2648
-29.5435
-34.6926
-41.6859
-52.9882
-69.7074
-92.1678
-121.078
-159.471
-209.26
-275.102
-361.149
-469.917
-602.475
-756.838
-929.407
-1111.11
-1294.2
-1471.18
-1627.61
-1748.92
-1836.58
-1892.87
-1921.1
-1923.86
-1904
-1863.84
-1808.51
-1739.26
-1659.93
-1573.09
-1480.81
-1385.26
-1288.6
-1192.09
-1097.2
-1005.24
-917.359
-834.607
-758.13
-688.925
-627.98
-575.995
-533.411
-500.491
-477.15
-462.752
-457.847
-457.715
-34.3643
-39.6388
-45.6457
-52.5183
-61.2191
-73.0134
-88.4694
-109.791
-138.299
-174.522
-219.681
-276.606
-348.687
-438.755
-549.684
-680.53
-827.75
-985.756
-1146.67
-1306.32
-1459.87
-1599.25
-1708.69
-1783.05
-1827.39
-1844.75
-1837.83
-1809.94
-1764.39
-1704.27
-1632.88
-1552.84
-1466.48
-1376.21
-1284.23
-1191.89
-1101.03
-1012.68
-928.016
-848.149
-773.959
-706.5
-646.74
-595.384
-552.843
-519.407
-495.121
-479.898
-473.661
-472.702
-44.7519
-50.9303
-57.5292
-65.407
-75.1706
-87.448
-102.7
-122.597
-148.553
-181.468
-223.049
-273.592
-335.159
-410.524
-502.371
-611.587
-735.714
-871.403
-1013.02
-1154.78
-1292.94
-1424.78
-1544.55
-1642
-1704.79
-1738.6
-1746.19
-1731.4
-1696.77
-1646.32
-1583.28
-1510.89
-1430.88
-1346.57
-1259.39
-1171.9
-1085.35
-1001.15
-920.372
-843.907
-772.764
-707.72
-649.659
-599.277
-557.008
-523.069
-497.495
-480.514
-472.983
-472.914
-53.872
-60.5584
-67.2752
-74.8762
-84.2807
-96.1209
-111.126
-129.972
-153.764
-183.325
-220.258
-265.19
-319.14
-384.075
-460.961
-551.011
-654.072
-768.453
-891.159
-1017.35
-1141.92
-1260.65
-1371.75
-1474.49
-1558.6
-1610.97
-1634.11
-1632.6
-1610.06
-1569.65
-1515.19
-1449.6
-1376.64
-1297.59
-1215.74
-1132.86
-1050.98
-971.37
-894.955
-822.852
-755.563
-693.824
-638.262
-589.508
-548.006
-513.971
-487.457
-469.266
-462.627
-466.976
-60.8279
-67.8973
-74.2769
-81.2754
-89.861
-100.697
-114.704
-132.235
-154.077
-180.816
-213.208
-252.178
-299.142
-355.505
-421.197
-496.704
-582.345
-677.616
-781.435
-891.438
-1003.33
-1111.97
-1214.64
-1309.77
-1396.76
-1465.05
-1507.35
-1519.84
-1509.55
-1479.58
-1433.77
-1374.54
-1306.36
-1232.6
-1155.36
-1076.76
-999.47
-924.363
-853.123
-786.059
-723.702
-666.428
-614.602
-568.665
-529.057
-496.145
-470.395
-452.837
-445.518
-455.129
-67.8436
-72.5243
-77.6677
-84.4199
-92.6503
-102.815
-115.671
-131.299
-150.99
-175.01
-203.323
-236.876
-277
-324.888
-381.184
-445.77
-518.561
-599.015
-686.521
-780.136
-877.976
-977.136
-1072.97
-1162.69
-1242.77
-1313.11
-1368.1
-1400.85
-1404.85
-1386.8
-1349.34
-1296.61
-1231.33
-1158.58
-1083.2
-1008.09
-933.87
-863.077
-797.018
-735.895
-679.811
-628.536
-581.957
-540.261
-503.831
-473.373
-450.243
-436.542
-432.651
-437.967
-77.4391
-73.8427
-78.4758
-85.8374
-94.7828
-104.942
-117.006
-131.328
-148.576
-169.109
-193.398
-223.064
-258.375
-299.291
-346.724
-401.569
-463.922
-533.913
-610.451
-691.735
-776.847
-863.974
-950.17
-1032.14
-1107.59
-1174.65
-1230.49
-1273.92
-1299.49
-1298.63
-1270.11
-1222.48
-1160.12
-1088.88
-1011.11
-931.958
-856.591
-789.036
-728.208
-673.53
-624.872
-581.311
-542.227
-507.093
-476.09
-450.417
-432.274
-423.987
-425.838
-428.533
-90.4426
-74.6091
-81.8065
-90.3506
-100.054
-110.685
-122.695
-136.84
-153.056
-172.087
-194.502
-221.61
-253.832
-291.022
-333.563
-382.085
-437.052
-498.604
-566.033
-637.881
-712.59
-788.189
-862.632
-934.05
-1000.55
-1059.56
-1110.18
-1150.8
-1182.39
-1197.48
-1189.03
-1145.81
-1088
-1018.87
-938.015
-857.067
-781.648
-713.17
-652.858
-602.626
-561.733
-528.071
-499.325
-473.413
-450.253
-431.933
-420.728
-417.354
-419.666
-421.946
64.1262
60.6877
59.0481
58.3848
58.3198
58.6
59.2177
60.248
61.6495
63.4973
65.8358
68.72
72.1417
76.0779
80.5088
85.459
90.9463
96.9894
103.571
110.675
118.286
126.356
134.878
143.902
153.352
163.017
172.87
182.924
193.005
202.96
212.703
222.114
231.023
239.222
246.499
252.567
257.101
259.785
260.265
258.129
252.956
244.293
231.63
214.381
191.981
163.796
129.183
87.3369
37.018
-12.5363
62.9586
62.0487
61.7076
61.8922
62.493
63.4088
64.6225
66.1655
68.0513
70.3951
73.2478
76.6422
80.5768
85.0298
90.0082
95.5323
101.637
108.332
115.593
123.399
131.727
140.564
149.912
159.735
169.976
180.559
191.412
202.462
213.592
224.701
235.687
246.428
256.791
266.6
275.626
283.601
290.25
295.266
298.302
298.966
296.856
291.553
282.576
269.39
251.452
228.146
198.848
162.683
118.801
76.3455
63.6428
64.1949
64.9569
65.9638
67.2316
68.7758
70.5839
72.6508
75.0419
77.8952
81.2717
85.2003
89.6771
94.7111
100.31
106.489
113.273
120.668
128.662
137.225
146.341
156.009
166.202
176.892
188.04
199.577
211.44
223.548
235.812
248.14
260.426
272.558
284.413
295.827
306.596
316.498
325.279
332.647
338.266
341.778
342.806
340.93
335.702
326.653
313.29
295.032
271.295
241.569
205.284
170.792
65.9791
67.259
68.8024
70.5238
72.4392
74.5665
76.9276
79.5323
82.4676
85.8412
89.7447
94.2083
99.2534
104.9
111.154
118.02
125.505
133.615
142.353
151.697
161.641
172.164
183.247
194.865
206.971
219.518
232.444
245.683
259.158
272.779
286.444
300.044
313.457
326.542
339.136
351.047
362.032
371.811
380.067
386.461
390.622
392.16
390.685
385.774
376.968
363.746
345.66
322.132
292.653
266.559
69.4755
71.1806
73.2497
75.5492
78.0387
80.716
83.6062
86.7384
90.1976
94.0949
98.5378
103.563
109.2
115.469
122.382
129.945
138.149
147.004
156.512
166.669
177.463
188.871
200.876
213.449
226.554
240.153
254.195
268.621
283.362
298.332
313.434
328.562
343.603
358.44
372.936
386.916
400.15
412.374
423.29
432.573
439.886
444.868
447.152
446.351
442.056
433.82
421.2
403.854
381.546
362.577
73.8454
75.8595
78.2914
80.9802
83.9445
87.1412
90.5493
94.2084
98.1862
102.605
107.584
113.182
119.416
126.31
133.885
142.15
151.091
160.713
171.013
181.997
193.648
205.95
218.885
232.431
246.565
261.255
276.455
292.11
308.154
324.507
341.083
357.788
374.523
391.18
407.635
423.72
439.229
453.909
467.469
479.599
489.967
498.239
504.107
507.226
507.201
503.584
496.02
484.077
467.536
454.583
78.9621
81.1695
83.8082
86.7551
90.0834
93.7407
97.6435
101.806
106.305
111.242
116.74
122.888
129.714
137.236
145.475
154.433
164.108
174.49
185.58
197.381
209.886
223.086
236.963
251.503
266.688
282.485
298.857
315.747
333.098
350.844
368.91
387.217
405.671
424.166
442.579
460.756
478.497
495.551
511.642
526.474
539.755
551.227
560.594
567.469
571.432
572.096
569.105
562.211
551.442
543.364
84.727
86.9124
89.585
92.707
96.3207
100.365
104.723
109.36
114.356
119.806
125.825
132.511
139.923
148.067
156.958
166.594
176.981
188.106
199.972
212.58
225.935
240.029
254.845
270.372
286.588
303.471
320.984
339.087
357.732
376.863
396.416
416.313
436.463
456.76
477.085
497.283
517.156
536.466
554.961
572.378
588.465
602.94
615.436
625.565
632.977
637.276
638.133
635.223
628.547
624.005
90.7805
92.7866
95.4066
98.6304
102.461
106.827
111.58
116.664
122.12
128.07
134.602
141.818
149.777
158.508
168.008
178.282
189.335
201.165
213.772
227.16
241.332
256.279
271.993
288.46
305.666
323.594
342.22
361.51
381.42
401.899
422.883
444.293
466.04
488.025
510.129
532.197
554.037
575.432
596.148
615.939
634.537
651.622
666.853
679.915
690.425
697.97
702.239
703.088
700.663
699.008
96.6705
98.4849
101.034
104.306
108.285
112.893
117.976
123.465
129.366
135.77
142.781
150.494
158.968
168.236
178.3
189.171
200.851
213.345
226.654
240.776
255.712
271.459
288.015
305.37
323.518
342.442
362.121
382.522
403.602
425.31
447.58
470.343
493.523
517.03
540.745
564.516
588.158
611.463
634.203
656.126
676.946
696.339
713.962
729.408
742.243
752.124
758.862
762.281
762.48
762.644
102.122
103.727
106.184
109.458
113.522
118.301
123.671
129.501
135.796
142.616
150.065
158.225
167.156
176.897
187.465
198.867
211.106
224.189
238.113
252.88
268.488
284.945
302.247
320.392
339.37
359.166
379.759
401.12
423.209
445.98
469.379
493.345
517.811
542.686
567.848
593.137
618.363
643.309
667.732
691.357
713.874
734.949
754.216
771.323
785.993
798.081
807.418
813.758
817.042
819.195
106.773
108.19
110.537
113.8
117.925
122.831
128.397
134.505
141.123
148.303
156.131
164.677
173.998
184.136
195.124
206.966
219.671
233.241
247.681
262.994
279.182
296.248
314.192
333.01
352.692
373.225
394.59
416.762
439.704
463.378
487.742
512.748
538.326
564.37
590.738
617.254
643.714
669.889
695.525
720.342
744.044
766.322
786.882
805.47
821.857
835.691
846.431
853.674
857.557
859.769
110.276
111.543
113.812
117.061
121.226
126.221
131.92
138.231
145.101
152.562
160.683
169.526
179.149
189.597
200.902
213.082
226.144
240.092
254.932
270.667
287.299
304.828
323.254
342.572
362.776
383.851
405.781
428.541
452.105
476.442
501.525
527.303
553.691
580.569
607.781
635.142
662.442
689.451
715.914
741.56
766.106
789.262
810.734
830.207
847.361
861.987
874.071
883.689
890.458
894.866
112.374
113.543
115.765
119
123.191
128.234
134.016
140.452
147.495
155.153
163.468
172.507
182.327
192.977
204.488
216.882
230.173
244.367
259.467
275.474
292.39
310.214
328.948
348.588
369.123
390.54
412.822
435.949
459.905
484.678
510.238
536.523
563.434
590.838
618.573
646.455
674.278
701.817
728.826
755.043
780.193
803.994
826.18
846.475
864.575
880.083
892.502
901.271
906.387
909.319
112.939
114.033
116.232
119.453
123.647
128.709
134.536
141.031
148.152
155.896
164.302
173.427
183.331
194.062
205.655
218.133
231.512
245.8
261.001
277.114
294.141
312.081
330.935
350.697
371.354
392.891
415.289
438.536
462.629
487.558
513.288
539.745
566.823
594.381
622.258
650.269
678.214
705.874
733.012
759.369
784.661
808.576
830.778
850.925
868.691
883.76
895.836
904.646
910.112
913.307
111.688
112.853
115.106
118.366
122.554
127.605
133.418
139.903
147.009
154.733
163.108
172.194
182.057
192.744
204.289
216.715
230.038
244.268
259.406
275.451
292.404
310.266
329.036
348.708
369.27
390.702
412.988
436.114
460.079
484.872
510.455
536.754
563.658
591.027
618.695
646.48
674.18
701.581
728.447
754.523
779.522
803.122
824.954
844.621
861.744
876.042
887.381
895.777
901.144
904.256
108.767
110.075
112.425
115.74
119.944
124.957
130.699
137.092
144.086
151.675
159.902
168.834
178.533
189.05
200.417
212.657
225.781
239.798
254.709
270.513
287.211
304.803
323.289
342.663
362.912
384.021
405.969
428.737
452.312
476.678
501.802
527.615
554.011
580.851
607.97
635.18
662.274
689.031
715.215
740.57
764.822
787.677
808.834
827.983
844.784
858.789
869.383
875.988
878.96
880.203
104.355
105.834
108.297
111.683
115.891
120.851
126.477
132.704
139.49
146.841
154.816
163.485
172.909
183.137
194.205
206.13
218.92
232.576
247.104
262.503
278.775
295.921
313.938
332.82
352.554
373.124
394.507
416.681
439.615
463.281
487.644
512.645
538.191
564.15
590.356
616.617
642.714
668.415
693.465
717.607
740.572
762.089
781.861
799.537
814.719
827.121
836.681
843.333
846.826
848.625
98.65
100.352
102.968
106.415
110.608
115.477
120.936
126.926
133.414
140.442
148.073
156.382
165.428
175.263
185.919
197.414
209.745
222.916
236.925
251.775
267.467
284.005
301.387
319.605
338.644
358.484
379.103
400.47
422.548
445.292
468.658
492.594
517.016
541.806
566.809
591.833
616.66
641.045
664.725
687.413
708.821
728.656
746.651
762.554
776.06
786.703
794.055
797.864
798.255
797.852
91.993
93.9195
96.7012
100.203
104.354
109.081
114.318
120.003
126.125
132.747
139.957
147.823
156.411
165.769
175.925
186.883
198.652
211.228
224.61
238.794
253.784
269.576
286.173
303.565
321.737
340.667
360.327
380.682
401.688
423.291
445.429
468.038
491.044
514.346
537.801
561.234
584.438
607.175
629.178
650.144
669.737
687.615
703.428
716.901
727.877
736.167
741.368
743.169
741.644
739.93
84.7281
86.8901
89.8075
93.3342
97.4081
101.943
106.895
112.202
117.899
124.069
130.796
138.152
146.216
155.03
164.614
174.962
186.079
197.968
210.629
224.059
238.254
253.213
268.926
285.385
302.573
320.469
339.044
358.257
378.058
398.381
419.153
440.298
461.735
483.36
505.035
526.585
547.809
568.482
588.354
607.149
624.544
640.187
653.716
664.711
672.835
677.877
679.658
677.866
672.488
668.091
77.2442
79.5994
82.6058
86.1121
90.0331
94.3354
98.9318
103.806
109.04
114.718
120.92
127.731
135.221
143.439
152.384
162.059
172.464
183.601
195.466
208.06
221.379
235.42
250.169
265.605
281.712
298.462
315.826
333.762
352.215
371.121
390.402
409.969
429.723
449.555
469.323
488.845
507.899
526.252
543.652
559.836
574.512
587.329
597.943
606.012
611.117
612.892
611.084
605.619
596.662
589.333
69.9067
72.3447
75.3842
78.8133
82.5313
86.499
90.6635
95.088
99.8475
104.999
110.638
116.867
123.765
131.348
139.618
148.584
158.245
168.598
179.635
191.353
203.758
216.838
230.58
244.957
259.944
275.511
291.616
308.21
325.232
342.614
360.279
378.134
396.077
413.992
431.733
449.113
465.894
481.812
496.596
509.971
521.668
531.363
538.655
543.141
544.456
542.229
536.172
525.912
511.452
499.855
63.0465
65.4669
68.4167
71.6633
75.1053
78.6616
82.3597
86.2989
90.5412
95.1624
100.241
105.89
112.162
119.072
126.634
134.859
143.746
153.284
163.466
174.289
185.751
197.843
210.543
223.828
237.667
252.03
266.865
282.108
297.689
313.524
329.532
345.619
361.676
377.588
393.206
408.334
422.73
436.1
448.141
458.543
467.008
473.245
476.914
477.583
474.798
468.15
457.287
441.996
422.272
405.249
56.9573
59.2208
61.9115
64.8518
67.9089
71.0146
74.2192
77.637
81.3421
85.4194
89.9472
95.0212
100.671
106.908
113.756
121.229
129.33
138.04
147.361
157.291
167.817
178.928
190.591
202.781
215.466
228.607
242.157
256.044
270.188
284.496
298.867
313.199
327.378
341.281
354.756
367.592
379.539
390.296
399.531
406.903
412.064
414.664
414.347
410.726
403.368
391.789
375.595
354.286
327.755
304.418
51.8047
53.7494
56.0418
58.5345
61.0932
63.6922
66.379
69.2636
72.4341
75.9556
79.9355
84.4229
89.4483
95.017
101.164
107.892
115.204
123.093
131.551
140.586
150.185
160.326
170.976
182.102
193.665
205.612
217.891
230.434
243.156
255.963
268.738
281.363
293.719
305.665
317.024
327.577
337.052
345.146
351.516
355.792
357.596
356.549
352.247
344.245
332.081
315.256
293.303
265.905
232.957
202.671
47.718
49.1872
50.9206
52.7763
54.7254
56.7682
58.9464
61.308
63.9342
66.9036
70.3365
74.2476
78.6552
83.5742
89.0271
95.0295
101.571
108.665
116.292
124.45
133.134
142.319
151.977
162.07
172.552
183.357
194.415
205.657
217.001
228.347
239.581
250.575
261.192
271.267
280.595
288.929
295.988
301.45
304.964
306.145
304.566
299.797
291.407
278.93
261.853
239.609
211.694
177.47
136.767
98.7389
44.9363
45.6417
46.5479
47.616
48.8779
50.3281
51.9727
53.7965
55.8587
58.2973
61.192
64.5549
68.3727
72.6653
77.441
82.7298
88.5314
94.853
101.683
108.998
116.794
125.054
133.757
142.859
152.307
162.022
171.919
181.921
191.947
201.894
211.653
221.097
230.063
238.351
245.73
251.932
256.648
259.548
260.265
258.401
253.521
245.149
232.781
215.888
193.93
166.295
132.386
91.5871
43.698
-3.45503
43.8978
43.1466
42.8836
43.0665
43.6194
44.4391
45.4905
46.7686
48.3075
50.2384
52.598
55.4183
58.6774
62.379
66.5215
71.123
76.2128
81.7846
87.8355
94.3434
101.283
108.65
116.445
124.63
133.105
141.781
150.583
159.423
168.198
176.818
185.185
193.16
200.559
207.146
212.657
216.804
219.26
219.678
217.681
212.846
204.714
192.794
176.539
155.355
128.634
95.7426
56.0511
8.52635
-47.218
-102.679
44.8858
41.4952
39.8581
39.145
39.0182
39.1956
39.6277
40.3817
41.4177
42.8389
44.6713
46.9668
49.7092
52.8811
56.4695
60.4677
64.9107
69.7969
75.1202
80.8788
87.0326
93.5566
100.455
107.812
115.407
123.065
130.797
138.563
146.162
153.504
160.537
167.082
172.917
177.808
181.482
183.602
183.82
181.795
177.134
169.403
158.164
142.815
122.807
97.4968
66.2344
28.3289
-16.6989
-69.9606
-131.865
-194.578
-48.938
-58.9297
-57.6394
-53.3919
-48.7195
-41.547
-31.7404
-21.7852
-8.64154
10.1008
29.3947
49.5632
70.8562
94.0782
121.366
115.699
99.901
73.7291
53.7643
33.7249
13.7875
-4.08675
-18.2823
-28.6333
-38.2967
-46.2533
-51.7221
-55.8949
-57.8359
-47.4271
-32.7708
-44.3045
-46.1314
-44.2974
-40.8589
-34.7033
-25.4175
-16.1218
-4.86991
11.0722
27.7071
44.3054
60.7956
76.7444
98.3286
93.472
80.8686
61.8054
46.8723
30.4939
14.2809
-1.16576
-13.4543
-22.9158
-31.9975
-38.6303
-42.6165
-44.237
-42.7317
-31.0445
-32.8692
-35.8754
-36.9895
-36.1317
-33.2931
-27.8893
-19.7043
-11.1562
-1.27422
11.862
25.764
39.5292
52.6891
63.7799
79.5014
75.1613
66.167
52.9307
41.2878
27.3995
14.3163
1.63036
-8.73264
-17.3578
-25.5413
-31.2774
-34.4093
-35.1479
-34.1303
-31.1206
-33.0804
-31.5978
-30.2606
-29.0387
-26.2398
-21.5603
-14.7017
-7.15443
1.57985
12.4536
23.8246
35.0815
45.7845
53.716
64.1117
60.9874
54.7513
45.6079
36.4538
24.9187
14.2395
3.68282
-5.04072
-12.6443
-19.48
-24.3617
-27.3686
-28.5222
-29.9718
-31.3594
-30.8564
-28.4044
-25.5405
-23.3884
-20.4235
-16.4193
-10.5453
-3.93869
3.71857
12.8014
21.9257
30.7804
39.4451
45.4221
52.0995
50.072
45.6885
39.0377
31.8102
22.7559
14.1651
5.27999
-2.1715
-8.91319
-14.6495
-18.7556
-21.822
-23.909
-26.902
-29.2812
-26.6102
-25.1008
-21.9274
-19.3752
-16.0792
-12.3372
-7.07681
-1.31822
5.18616
12.6125
19.8551
26.7101
33.5939
38.3874
42.7709
41.7678
38.3293
33.1748
27.4073
20.4027
13.6756
6.41289
0.144095
-5.73586
-10.8318
-14.636
-17.9443
-20.4293
-23.6811
-25.2549
-21.7818
-21.4035
-18.8033
-16.3057
-12.6954
-9.12048
-4.44924
0.45203
5.78339
11.7845
17.7057
23.159
28.4847
32.3729
35.4375
35.1605
32.1239
28.2178
23.6234
18.0082
12.6178
6.74331
1.66896
-3.27463
-7.77433
-11.4154
-15.014
-17.4678
-20.1111
-20.5322
-17.1055
-17.4812
-15.9265
-13.6297
-10.084
-6.91772
-2.88539
1.27967
5.70128
10.6767
15.6161
20.0432
24.0853
27.1611
29.5806
29.8113
26.9021
23.996
20.3989
15.8879
11.3894
6.46053
2.31744
-1.86869
-5.71352
-8.92326
-12.4518
-14.7367
-16.3254
-15.9263
-13.364
-13.7465
-12.9508
-11.3497
-8.30142
-5.60531
-2.12074
1.5715
5.29448
9.4828
13.5353
17.1187
20.2722
22.7607
24.7051
25.2672
22.5771
20.3388
17.413
13.8937
10.1222
5.94803
2.47702
-1.26351
-4.54587
-7.25838
-10.2728
-11.8792
-12.6935
-12.2527
-11.0648
-10.7898
-10.1858
-9.35736
-6.92073
-4.70886
-1.70033
1.59661
4.69756
8.16931
11.493
14.4733
17.0369
19.0789
20.4778
21.2463
18.9183
17.2307
14.682
11.8926
8.71297
5.2872
2.39322
-0.979896
-3.7874
-6.02875
-8.39682
-9.21812
-9.80916
-10.0522
-9.66226
-9.13863
-8.25069
-7.60392
-5.61945
-3.91276
-1.35411
1.44408
4.01485
6.8824
9.68759
12.2288
14.3451
15.8987
16.8525
17.6997
15.7231
14.6265
12.3326
10.0671
7.30033
4.52754
2.11808
-0.717228
-3.10348
-4.8654
-6.76331
-7.40477
-8.2839
-8.83129
-8.8315
-8.54395
-7.00328
-6.26401
-4.51635
-3.15948
-1.02096
1.27796
3.40881
5.79748
8.17993
10.2233
12.0298
13.2004
13.8247
14.7154
12.9726
12.2796
10.2497
8.54285
6.1037
3.84535
1.81309
-0.457941
-2.45814
-3.89121
-5.5505
-6.28979
-7.78031
-8.13717
-7.95283
-7.82251
-6.0649
-5.48148
-3.66767
-2.5376
-0.696062
1.16294
2.96046
4.91139
6.85699
8.37132
9.90035
10.9775
11.213
12.1803
10.6334
10.1316
8.36453
7.20503
5.12815
3.29134
1.57417
-0.28854
-1.97982
-3.22723
-4.8926
-5.52141
-7.18842
-7.28252
-6.76684
-6.73664
-5.1734
-4.70508
-2.88832
-2.08992
-0.399544
1.07288
2.5825
4.13495
5.65407
6.77092
7.86313
8.98651
9.05219
9.96083
8.6032
8.24748
6.75039
5.95728
4.23365
2.85296
1.36106
-0.171975
-1.60823
-2.56357
-4.24618
-4.71172
-6.22289
-6.22401
-5.49718
-5.37605
-4.19845
-3.85385
-2.14346
-1.73414
-0.211858
0.966349
2.20031
3.40928
4.63275
5.46674
6.38267
7.15765
7.1953
8.02006
6.85021
6.71387
5.43494
4.89127
3.42702
2.5049
1.24784
0.0118039
-1.20529
-1.80341
-3.34303
-3.80111
-4.97972
-5.06725
-4.23699
-4.14235
-3.25272
-2.85893
-1.54901
-1.16607
0.00550998
0.804785
1.91922
2.63899
3.6807
4.40861
5.20333
5.61246
5.6278
6.24919
5.3327
5.36082
4.28056
3.95452
2.72214
2.13255
1.13162
0.345894
-0.760771
-1.16655
-2.38436
-2.8556
-3.84436
-3.91288
-3.15138
-3.05306
-2.42026
-2.02936
-1.25572
-0.720365
0.251664
0.725098
1.58044
2.04413
2.87083
3.2878
3.89862
4.14057
4.20547
4.7507
4.03878
4.09427
3.18799
3.05891
2.05337
1.79809
0.993974
0.540349
-0.478625
-0.846168
-1.78381
-2.13236
-2.8167
-2.91444
-2.17616
-2.10694
-1.6645
-1.5796
-0.952888
-0.407199
0.284812
0.662064
1.23214
1.3924
1.96604
2.08751
2.69827
2.86754
2.93918
3.38681
2.7751
2.8949
2.14051
2.21993
1.48145
1.40589
0.740875
0.397468
-0.400644
-0.776506
-1.44532
-1.46689
-1.95804
-2.00991
-1.26542
-1.21279
-1.0463
-1.05221
-0.564096
-0.286411
0.158632
0.472365
0.796064
0.770867
1.13846
1.12883
1.58448
1.73159
1.76331
1.98586
1.71554
1.67746
1.09688
1.24305
0.965912
1.00075
0.387255
0.0926241
-0.301394
-0.590829
-0.901456
-0.936138
-1.12246
-1.16566
-0.391585
-0.270274
-0.353808
-0.352014
-0.186417
-0.208262
-0.110138
-0.0887171
0.20495
0.0657301
0.409687
0.498828
0.504954
0.437079
0.629455
0.805065
0.601042
0.692054
0.460779
0.461512
0.213987
0.294907
-0.0297104
0.000661245
-0.154511
-0.18588
-0.312641
-0.323995
-0.229153
-0.360129
)
;

boundaryField
{
    INLET
    {
        type            zeroGradient;
    }
    OUTLET
    {
        type            fixedValue;
        value           uniform 0;
    }
    WALL
    {
        type            zeroGradient;
    }
    CYLINDER
    {
        type            zeroGradient;
    }
    frontAndBackPlanes
    {
        type            empty;
    }
}


// ************************************************************************* //
