/*--------------------------------*- C++ -*----------------------------------*\
| =========                 |                                                 |
| \\      /  F ield         | OpenFOAM: The Open Source CFD Toolbox           |
|  \\    /   O peration     | Version:  v1912                                 |
|   \\  /    A nd           | Website:  www.openfoam.com                      |
|    \\/     M anipulation  |                                                 |
\*---------------------------------------------------------------------------*/
FoamFile
{
    version     2.0;
    format      ascii;
    class       volScalarField;
    location    "0.28";
    object      p;
}
// * * * * * * * * * * * * * * * * * * * * * * * * * * * * * * * * * * * * * //

dimensions      [0 2 -2 0 0 0 0];


internalField   nonuniform List<scalar> 
6600
(
101.843
97.177
94.9894
93.6761
93.1101
93.0793
93.372
94.0425
95.2506
96.9812
99.1808
101.834
104.992
108.644
112.782
117.416
122.549
128.169
134.255
140.757
147.529
154.907
162.769
170.683
178.597
186.834
195.234
203.579
211.793
219.853
227.629
234.93
241.601
247.459
252.301
255.867
257.839
257.884
255.664
250.81
242.915
231.497
216.003
195.832
170.449
139.233
101.726
57.3807
4.47352
-49.3974
98.7076
93.8303
92.1637
90.6236
89.7174
89.3425
89.4214
89.9312
90.9167
92.4187
94.4034
96.8468
99.7923
103.22
107.108
111.454
116.242
121.483
127.159
133.321
139.745
146.247
153.148
160.419
167.721
175.016
182.378
189.648
196.658
203.333
209.603
215.272
220.126
223.987
226.64
227.861
227.319
224.672
219.569
211.611
200.424
185.515
166.27
142.166
112.672
77.1405
35.1791
-13.2176
-68.8429
-123.774
94.2552
89.1622
88.1364
86.5005
85.5034
84.9924
84.8638
85.2637
86.2038
87.6245
89.5133
91.8548
94.7075
98.0135
101.764
105.955
110.555
115.521
120.847
126.534
132.504
138.626
144.866
151.234
157.653
164.048
170.329
176.386
182.073
187.288
191.918
195.765
198.64
200.348
200.64
199.296
196.023
190.485
182.337
171.167
156.577
138.041
115.134
87.3375
54.1347
14.9014
-30.6076
-81.7734
-137.77
-190.423
89.0515
83.6009
83.0895
81.2532
80.266
79.7538
79.6128
79.9925
80.9231
82.3446
84.247
86.6314
89.4766
92.7484
96.4178
100.436
104.857
109.581
114.558
119.906
125.435
130.87
136.379
141.998
147.618
152.98
158.07
162.851
167.143
170.79
173.676
175.624
176.43
175.89
173.759
169.791
163.719
155.241
144.032
129.66
111.72
89.8167
63.5988
32.6473
-3.49582
-45.395
-93.1307
-145.357
-200.235
-248.732
82.999
77.3058
77.1031
74.9653
74.0897
73.5517
73.4918
73.9445
74.9359
76.4034
78.3477
80.7283
83.5338
86.7413
90.3446
94.2628
98.4325
102.886
107.482
112.169
117.151
122.224
127.096
131.774
136.317
140.666
144.633
148.07
150.884
152.938
154.067
154.083
152.808
150.031
145.517
139.022
130.281
119.001
104.887
87.5747
66.6919
41.9773
13.1541
-20.131
-58.1976
-101.406
-149.847
-202.05
-254.756
-297.484
76.2819
70.1058
70.1937
67.6955
66.8534
66.3861
66.3904
66.9079
67.9411
69.4262
71.3621
73.7139
76.4426
79.5299
82.9312
86.6316
90.5262
94.6152
98.8198
103.118
107.388
111.606
115.774
119.745
123.34
126.503
129.232
131.371
132.72
133.163
132.555
130.712
127.436
122.54
115.782
106.937
95.7695
82.0148
65.4053
45.6562
22.5146
-4.2329
-34.7946
-69.3792
-108.242
-151.626
-199.5
-250.434
-299.802
-335.531
68.5754
62.1239
62.0404
59.4464
58.6638
58.2448
58.2732
58.8196
59.8347
61.2842
63.1301
65.3372
67.8978
70.7614
73.8859
77.2583
80.8065
84.4679
88.1675
91.7983
95.5183
99.1647
102.487
105.452
108.069
110.224
111.729
112.493
112.396
111.292
109.026
105.403
100.261
93.4113
84.6637
73.7992
60.5949
44.8374
26.3216
4.85119
-19.7658
-47.6593
-78.964
-113.811
-152.387
-195.002
-241.338
-289.774
-335.029
-363
59.7482
53.2237
52.7305
50.1066
49.4311
48.9942
48.9984
49.4745
50.4063
51.7542
53.4485
55.471
57.7894
60.3592
63.1283
66.0923
69.1922
72.3628
75.5977
78.792
81.6755
84.3157
86.829
89.054
90.7111
91.7036
92.023
91.5146
90.0316
87.4487
83.6233
78.4037
71.6179
63.1088
52.6823
40.1849
25.4455
8.28757
-11.439
-33.8766
-59.1307
-87.3027
-118.468
-152.648
-189.992
-230.934
-275.09
-320.177
-360.657
-381.209
48.8369
42.8917
42.247
39.6947
39.0566
38.5903
38.5514
38.9319
39.7246
40.8855
42.3562
44.105
46.1035
48.3121
50.7037
53.2239
55.819
58.422
60.9493
63.3804
65.7943
67.9163
69.5106
70.6005
71.2416
71.2547
70.4454
68.7176
65.9548
62.0543
56.8836
50.286
42.1349
32.2885
20.6176
6.97275
-8.77165
-26.7212
-46.9851
-69.6506
-94.7934
-122.458
-152.672
-185.447
-220.835
-259.118
-300.348
-341.888
-377.69
-392.756
36.3114
31.0904
30.4552
27.9894
27.3632
26.8343
26.7612
27.0426
27.6702
28.6008
29.8096
31.2601
32.9175
34.7506
36.702
38.7344
40.8188
42.9012
44.9563
46.7912
48.2323
49.3906
50.2889
50.7036
50.3822
49.3303
47.4724
44.6764
40.8252
35.8005
29.4969
21.8076
12.6212
1.8324
-10.6754
-24.9782
-41.1688
-59.3323
-79.5188
-101.781
-126.147
-152.645
-181.26
-211.922
-244.72
-279.961
-317.299
-354.682
-386.211
-398.295
22.1122
17.6416
17.2138
15.0054
14.3949
13.7912
13.6316
13.8015
14.2545
14.9562
15.8553
16.966
18.2583
19.6818
21.2027
22.777
24.3572
25.8593
27.2064
28.3872
29.386
30.0146
30.0324
29.4933
28.36
26.4881
23.763
20.0615
15.2937
9.38995
2.25392
-6.20878
-16.0775
-27.4305
-40.3354
-54.8578
-71.0362
-88.9031
-108.501
-129.836
-152.899
-177.672
-204.13
-232.226
-261.829
-293.327
-325.64
-357.018
-382.03
-392.901
6.98555
2.77727
2.55064
0.614665
0.0725971
-0.561831
-0.868026
-0.868735
-0.621093
-0.162516
0.482831
1.27674
2.20629
3.25213
4.37531
5.5019
6.59521
7.61884
8.54369
9.20723
9.44056
9.30046
8.7997
7.71285
5.89947
3.30232
-0.153068
-4.53171
-9.94027
-16.4618
-24.1583
-33.1001
-43.3373
-54.9012
-67.8274
-82.1499
-97.9055
-115.102
-133.707
-153.687
-175.007
-197.63
-221.459
-246.327
-272.576
-299.481
-325.577
-347.975
-362.179
-370.919
-9.65682
-13.1675
-13.2804
-14.9416
-15.4142
-16.0742
-16.4952
-16.7017
-16.68
-16.5276
-16.2339
-15.7659
-15.1944
-14.5308
-13.8076
-13.0477
-12.323
-11.7127
-11.3041
-11.1526
-11.2368
-11.6934
-12.726
-14.3703
-16.6952
-19.7495
-23.6609
-28.5203
-34.3581
-41.2319
-49.2101
-58.3216
-68.5891
-80.051
-92.7262
-106.594
-121.628
-137.806
-155.1
-173.453
-192.77
-212.925
-233.766
-255.308
-277.362
-298.85
-318.267
-332.396
-337.821
-342.467
-27.5516
-30.3079
-30.1107
-31.5587
-31.9955
-32.7951
-33.3674
-33.7697
-34.0948
-34.1973
-34.1685
-34.0502
-33.7913
-33.435
-33.0333
-32.6157
-32.2241
-31.9208
-31.7544
-31.8017
-32.2994
-33.2663
-34.5612
-36.4107
-38.9521
-42.3057
-46.4696
-51.5114
-57.5156
-64.5121
-72.5144
-81.5662
-91.6803
-102.824
-114.97
-128.116
-142.226
-157.244
-173.095
-189.658
-206.807
-224.41
-242.219
-260.45
-278.118
-294.204
-307.58
-316.591
-321.514
-323.058
-46.1997
-48.0048
-47.7033
-49.0023
-49.4227
-50.3024
-51.0387
-51.7042
-52.2653
-52.8031
-53.2011
-53.4082
-53.5055
-53.4794
-53.3587
-53.1819
-52.9884
-52.8624
-52.8929
-53.1569
-53.6618
-54.552
-56.0157
-58.0312
-60.6534
-63.9881
-68.1659
-73.2241
-79.1705
-86.0466
-93.8989
-102.703
-112.425
-123.067
-134.607
-146.957
-160.061
-173.838
-188.181
-202.974
-218.058
-233.216
-248.526
-263.494
-277.484
-289.746
-299.058
-304.096
-308.638
-309.301
-65.5858
-66.0273
-65.6425
-66.8128
-67.4126
-68.5872
-69.6125
-70.6005
-71.5702
-72.3965
-73.1163
-73.7193
-74.1094
-74.3369
-74.4218
-74.412
-74.3603
-74.2908
-74.2697
-74.4214
-74.926
-75.8775
-77.1736
-78.9588
-81.4709
-84.6631
-88.6178
-93.4166
-99.1222
-105.739
-113.248
-121.658
-130.944
-141.033
-151.86
-163.389
-175.511
-188.124
-201.12
-214.363
-227.651
-240.976
-254.095
-266.556
-277.71
-286.748
-292.785
-296.906
-298.58
-299.515
-84.7745
-84.4872
-83.8351
-84.8879
-85.5672
-86.9493
-88.3717
-89.7723
-91.1645
-92.5404
-93.7641
-94.7434
-95.5164
-96.0624
-96.3599
-96.4479
-96.3947
-96.2643
-96.1322
-96.108
-96.224
-96.6236
-97.5804
-99.0983
-101.182
-103.989
-107.574
-112.009
-117.31
-123.488
-130.577
-138.543
-147.322
-156.857
-167.062
-177.824
-189.094
-200.76
-212.717
-224.768
-236.694
-248.371
-259.63
-270.059
-279.016
-285.517
-289.204
-291.82
-292.765
-293.392
-102.94
-101.504
-101.306
-102.545
-103.569
-105.428
-107.344
-109.355
-111.347
-113.231
-114.943
-116.423
-117.571
-118.357
-118.806
-118.949
-118.849
-118.534
-118.058
-117.528
-117.251
-117.282
-117.6
-118.366
-119.889
-122.088
-125.077
-128.921
-133.68
-139.384
-145.982
-153.448
-161.731
-170.746
-180.42
-190.651
-201.309
-212.309
-223.486
-234.708
-245.484
-255.751
-265.473
-274.175
-280.915
-285.057
-287.969
-288.818
-289.53
-289.824
-120.012
-117.885
-117.772
-119.236
-120.762
-123.224
-125.811
-128.588
-131.397
-134.019
-136.434
-138.504
-140.185
-141.404
-142.104
-142.301
-142.055
-141.437
-140.533
-139.478
-138.411
-137.401
-136.875
-136.98
-137.56
-138.837
-141.017
-144.183
-148.341
-153.444
-159.496
-166.469
-174.332
-183.005
-192.307
-202.131
-212.338
-222.944
-233.886
-244.279
-254.165
-263.508
-271.793
-278.345
-282.762
-285.366
-286.564
-287.183
-287.665
-287.764
-134.314
-132.22
-132.868
-134.754
-136.889
-140.198
-143.654
-147.412
-151.142
-154.712
-158.075
-161.006
-163.33
-164.995
-165.972
-166.24
-165.873
-164.908
-163.412
-161.501
-159.476
-157.666
-156.066
-154.846
-154.266
-154.612
-155.809
-157.979
-161.259
-165.721
-171.244
-177.738
-185.171
-193.461
-202.567
-212.249
-222.432
-233.05
-243.42
-253.322
-262.966
-271.473
-277.971
-282.201
-284.354
-285.506
-285.997
-286.498
-286.86
-286.952
-145.786
-143.433
-145.635
-148.286
-151.362
-155.668
-160.252
-165.18
-170.18
-175.028
-179.452
-183.449
-186.823
-189.311
-190.81
-191.342
-190.918
-189.612
-187.502
-184.742
-181.561
-178.137
-174.985
-172.506
-170.562
-169.38
-169.205
-170.257
-172.653
-176.347
-181.264
-187.188
-194.237
-202.405
-211.374
-221.095
-231.459
-241.984
-252.231
-262.379
-271.791
-279.118
-283.765
-285.932
-286.705
-286.61
-286.631
-286.769
-286.922
-287.033
-153.743
-152.823
-155.914
-159.404
-163.724
-169.363
-175.328
-181.734
-188.408
-194.887
-200.801
-206.104
-210.632
-214.166
-216.45
-217.399
-217.024
-215.482
-212.761
-208.972
-204.404
-199.633
-194.877
-190.303
-186.358
-183.551
-181.906
-181.482
-182.443
-185.004
-189.139
-194.789
-201.487
-209.552
-218.625
-228.491
-239.074
-249.825
-260.736
-271.27
-280.089
-286.183
-289.447
-290.35
-289.886
-288.996
-288.106
-287.406
-287.017
-286.943
-158.242
-159.584
-163.315
-167.82
-173.415
-180.595
-188.198
-196.368
-204.832
-213.239
-221.144
-228.228
-234.337
-239.421
-243.001
-244.836
-244.92
-243.337
-240.127
-235.393
-229.417
-222.683
-215.607
-208.772
-202.822
-197.721
-193.844
-191.509
-190.862
-192.074
-195.301
-200.38
-206.907
-214.734
-223.788
-234.078
-245.078
-256.532
-268.304
-279.196
-287.225
-292.273
-294.437
-294.457
-292.994
-290.947
-288.926
-287.279
-286.279
-285.827
-157.634
-161.927
-166.707
-172.874
-180.151
-189.059
-198.401
-208.592
-219.135
-229.832
-240.347
-249.953
-258.273
-265.068
-270.303
-273.479
-274.376
-272.993
-269.523
-263.961
-256.503
-247.748
-238.4
-228.996
-220.012
-211.966
-205.51
-200.948
-198.494
-198.044
-199.799
-203.883
-210.113
-217.853
-227.165
-237.773
-249.303
-261.723
-274.184
-284.611
-292.048
-295.891
-297.065
-296.445
-294.083
-291.271
-288.491
-286.143
-284.551
-283.617
-152.862
-160.186
-166.228
-174.427
-183.475
-194.247
-205.432
-217.821
-230.788
-243.987
-257.126
-269.781
-281.117
-290.481
-297.914
-303.16
-305.619
-305.174
-301.883
-295.832
-287.195
-276.409
-264.015
-251.156
-238.819
-227.613
-218.088
-210.411
-205.137
-202.557
-202.57
-205.376
-210.903
-218.762
-228.562
-239.683
-252.005
-264.982
-276.974
-286.422
-292.378
-295.601
-296.569
-295.533
-293.647
-291.058
-287.712
-284.78
-282.907
-281.513
-144.798
-155.352
-162.443
-172.465
-183.214
-195.646
-208.865
-223.849
-239.335
-255.22
-271.404
-287.366
-302.372
-315.515
-326.005
-333.782
-338.41
-339.498
-336.871
-330.73
-321.086
-308.211
-293.226
-277.202
-260.808
-245.206
-231.229
-219.627
-211.053
-205.917
-204.037
-205.042
-209.149
-216.92
-227.554
-239.877
-253.092
-265.775
-276.235
-283.913
-289.487
-293.639
-296.29
-297.122
-296.302
-294.097
-290.896
-287.58
-285.23
-283.652
-136.075
-147.431
-155.706
-167.166
-179.214
-193.24
-208.569
-225.747
-243.911
-262.906
-282.404
-301.981
-321.024
-338.517
-353.182
-364.331
-372.068
-375.624
-374.901
-369.607
-359.702
-345.418
-327.522
-307.129
-285.881
-265.339
-246.492
-230.408
-217.751
-208.795
-203.88
-202.695
-205.426
-212.718
-224.796
-238.844
-252.844
-264.422
-273.223
-280.167
-286.591
-292.509
-297.332
-300.544
-301.628
-300.142
-297.217
-293.977
-291.636
-290.197
-127.117
-137.818
-147.066
-159.298
-172.144
-187.42
-204.653
-223.771
-244.362
-266.437
-289.466
-313.054
-336.575
-359.067
-378.895
-394.844
-406.526
-413.49
-415.524
-412.001
-402.518
-387.096
-366.569
-342.603
-316.668
-290.447
-265.622
-243.449
-224.479
-210.455
-202.671
-199.565
-200.808
-206.901
-219.393
-236.213
-250.973
-262.054
-270.047
-276.954
-285.081
-292.394
-298.855
-303.743
-305.847
-305.646
-303.777
-301.206
-299.443
-298.586
-123.222
-126.991
-136.996
-149.399
-162.746
-178.91
-197.237
-217.974
-240.701
-265.334
-291.679
-319.559
-348.15
-376.091
-401.532
-423.217
-440.39
-452.302
-458.157
-457.724
-450.21
-435.282
-413.236
-385.203
-353.195
-320.148
-288.316
-259.081
-233.587
-213.323
-200.966
-196.341
-196.134
-202.555
-216.553
-233.582
-249.039
-260.902
-270.534
-279.144
-286.266
-293.187
-299.744
-305.025
-307.776
-308.534
-307.951
-306.688
-306.084
-306.131
-137.658
-119.339
-127.819
-139.449
-152.724
-169.161
-188.238
-209.994
-234.117
-260.953
-289.712
-321.802
-355.195
-388.01
-419.784
-447.945
-471.086
-489.606
-501.943
-506.165
-501.82
-487.925
-463.977
-432.116
-396.053
-356.684
-317.239
-280.23
-247.685
-218.864
-199.745
-192.319
-193.546
-201.67
-215.235
-231.799
-247.998
-260.817
-271.106
-279.328
-287.499
-294.151
-300.101
-305.559
-308.463
-309.747
-310.254
-310.21
-310.96
-311.879
45.5866
40.7097
38.327
36.9453
36.3231
36.0642
35.9159
35.9883
36.4641
37.3212
38.5324
40.0699
41.9419
44.1426
46.6248
49.4442
52.6009
56.094
59.9131
64.0574
68.4685
73.0977
77.9535
82.8847
87.793
92.7652
97.7752
102.634
107.11
111.097
114.515
117.198
118.884
119.418
118.492
115.695
110.691
103.108
92.5646
78.6164
60.7298
38.235
10.5744
-23.0104
-63.163
-110.683
-165.72
-229.348
-303.831
-378.307
42.121
36.5667
34.6986
32.8448
31.6586
30.8472
30.3519
30.1661
30.3026
30.8209
31.6993
32.858
34.3398
36.1283
38.1892
40.5518
43.2164
46.1758
49.4137
52.9187
56.6472
60.5426
64.5981
68.6643
72.6196
76.496
80.2671
83.7718
86.8346
89.3127
91.0961
91.995
91.7925
90.2086
86.9388
81.6427
73.9522
63.4699
49.8006
32.4829
10.9674
-15.3918
-47.1601
-85.0749
-129.804
-182.13
-242.167
-310.305
-387.773
-463.299
36.8744
30.7717
29.6521
27.4094
25.8808
24.6929
23.8575
23.3988
23.32
23.5557
24.0949
24.9427
26.0905
27.5138
29.2028
31.1647
33.3837
35.8479
38.5374
41.4246
44.4681
47.5961
50.7706
53.8738
56.9076
59.8211
62.4821
64.669
66.2469
67.1136
67.1387
66.0945
63.7506
59.8623
54.0992
46.0974
35.5197
21.9663
5.01313
-15.8049
-41.0199
-71.2046
-106.912
-148.801
-197.485
-253.684
-317.527
-388.456
-465.77
-538.073
30.3651
23.8232
23.1672
20.4641
18.7507
17.3735
16.299
15.6097
15.2799
15.2662
15.548
16.1137
16.9444
18.0313
19.3686
20.9423
22.7222
24.6952
26.8398
29.1154
31.4719
33.8351
36.1889
38.4564
40.4735
42.1677
43.5152
44.3663
44.4998
43.7246
41.9058
38.8568
34.3148
27.9894
19.5942
8.81779
-4.70373
-21.3618
-41.5828
-65.8209
-94.5399
-128.217
-167.336
-212.443
-264.073
-322.876
-388.879
-460.546
-535.785
-602.509
23.0673
15.8661
15.2855
12.2028
10.3745
8.83888
7.59976
6.70132
6.15664
5.89169
5.90657
6.18238
6.68588
7.4247
8.38254
9.53093
10.8429
12.2945
13.8523
15.474
17.1061
18.6772
20.1272
21.403
22.4062
23.0233
23.0974
22.4793
21.0066
18.5308
14.8555
9.74444
2.9736
-5.72129
-16.6556
-30.1472
-46.5083
-66.1042
-89.3299
-116.586
-148.264
-184.749
-226.428
-273.736
-327.059
-386.862
-453.092
-523.99
-595.886
-655.237
14.8714
6.96125
6.16638
2.69166
0.767152
-0.924921
-2.32825
-3.41325
-4.21071
-4.72401
-4.99821
-5.06488
-4.91926
-4.57097
-4.05907
-3.40034
-2.62411
-1.76035
-0.846351
0.0693852
0.928492
1.67861
2.23906
2.52954
2.39356
1.73776
0.467631
-1.55372
-4.53091
-8.69956
-14.2212
-21.3066
-30.2183
-41.2028
-54.5276
-70.4754
-89.3572
-111.484
-137.188
-166.813
-200.66
-239.014
-282.162
-330.425
-384.091
-443.456
-508.45
-577.2
-644.317
-694.762
4.80841
-3.17269
-4.2198
-8.01001
-9.97865
-11.8235
-13.4397
-14.7397
-15.7718
-16.6067
-17.2407
-17.6903
-17.9654
-18.0914
-18.1062
-18.0167
-17.8493
-17.6452
-17.4451
-17.2963
-17.2689
-17.4131
-17.8218
-18.5872
-19.8218
-21.647
-24.2125
-27.7143
-32.2956
-38.0885
-45.3415
-54.292
-65.1428
-78.1308
-93.504
-111.516
-132.42
-156.489
-183.982
-215.149
-250.213
-289.382
-332.849
-380.847
-433.62
-491.436
-553.823
-618.897
-680.263
-720.444
-6.88499
-14.6668
-15.8925
-19.8949
-21.8852
-23.915
-25.7151
-27.3031
-28.6866
-29.8689
-30.9055
-31.8204
-32.6045
-33.2912
-33.9081
-34.455
-34.9761
-35.512
-36.0943
-36.7711
-37.6034
-38.6716
-40.0439
-41.8607
-44.2265
-47.2936
-51.1824
-56.0086
-61.9803
-69.3171
-78.156
-88.7087
-101.213
-115.861
-132.862
-152.42
-174.748
-200.051
-228.526
-260.361
-295.701
-334.668
-377.378
-423.969
-474.653
-529.831
-589.097
-649.559
-703.943
-733.625
-20.4645
-27.5402
-28.7883
-32.8586
-34.9345
-37.1584
-39.2194
-41.1125
-42.8691
-44.5095
-46.0457
-47.4986
-48.8788
-50.2132
-51.5108
-52.7822
-54.065
-55.3895
-56.7928
-58.3386
-60.0704
-62.0778
-64.4402
-67.3105
-70.7692
-74.9069
-79.9279
-86.0332
-93.3357
-101.968
-112.143
-124.033
-137.8
-153.648
-171.749
-192.262
-215.349
-241.164
-269.848
-301.51
-336.228
-374.067
-415.091
-459.404
-507.152
-558.654
-613.97
-669.409
-716.691
-737.003
-35.1403
-41.709
-42.9235
-46.9261
-49.0998
-51.6247
-53.9777
-56.244
-58.4302
-60.567
-62.7048
-64.7993
-66.8631
-68.9152
-70.9655
-73.0266
-75.1154
-77.2705
-79.5317
-81.951
-84.5714
-87.4642
-90.7361
-94.4832
-98.9068
-104.145
-110.275
-117.41
-125.734
-135.411
-146.573
-159.395
-174.042
-190.633
-209.304
-230.194
-253.413
-279.052
-307.194
-337.917
-371.256
-407.215
-445.785
-486.987
-531
-578.25
-628.415
-678.509
-720.471
-735.416
-51.0272
-56.8966
-58.0396
-62.0484
-64.2982
-67.1635
-69.9226
-72.5827
-75.2721
-78.039
-80.815
-83.611
-86.439
-89.2838
-92.1529
-95.0587
-98.0097
-101.02
-104.13
-107.402
-110.888
-114.641
-118.8
-123.485
-128.757
-134.716
-141.557
-149.452
-158.534
-168.939
-180.782
-194.17
-209.212
-226.057
-244.804
-265.515
-288.263
-313.111
-340.106
-369.261
-400.562
-433.992
-469.51
-507.061
-546.616
-588.849
-632.644
-675.789
-711.457
-726.035
-67.9048
-72.9747
-74.0941
-77.9806
-80.4185
-83.592
-86.7474
-90.0009
-93.3243
-96.749
-100.268
-103.878
-107.552
-111.251
-114.982
-118.764
-122.607
-126.486
-130.439
-134.512
-138.775
-143.287
-148.114
-153.391
-159.287
-165.943
-173.448
-181.893
-191.391
-202.072
-214.105
-227.617
-242.688
-259.351
-277.669
-297.726
-319.545
-343.12
-368.434
-395.482
-424.24
-454.65
-486.597
-519.875
-554.689
-590.837
-626.736
-659.466
-682.602
-696.05
-85.0649
-89.7528
-90.7183
-94.5417
-97.0956
-100.704
-104.384
-108.226
-112.305
-116.52
-120.901
-125.396
-129.947
-134.542
-139.163
-143.804
-148.541
-153.316
-158.102
-162.961
-167.935
-173.107
-178.571
-184.441
-190.795
-197.706
-205.308
-213.794
-223.354
-234.107
-246.087
-259.346
-273.972
-290.055
-307.62
-326.641
-347.108
-369.001
-392.292
-416.906
-442.754
-469.744
-497.714
-526.448
-555.994
-585.101
-611.944
-632.4
-641.285
-649.593
-102.623
-106.314
-107.405
-111.291
-114.134
-118.187
-122.405
-126.955
-131.808
-136.914
-142.239
-147.693
-153.279
-158.941
-164.593
-170.185
-175.74
-181.39
-186.969
-192.534
-198.125
-203.806
-209.647
-215.734
-222.179
-229.172
-236.887
-245.36
-254.64
-264.885
-276.28
-288.941
-302.876
-318.053
-334.477
-352.165
-371.072
-391.107
-412.151
-434.115
-456.885
-480.287
-504.069
-528.358
-552.146
-574.018
-592.382
-604.661
-610.27
-613.171
-119.777
-122.616
-123.742
-127.686
-130.857
-135.522
-140.369
-145.666
-151.381
-157.469
-163.802
-170.351
-177.054
-183.842
-190.636
-197.339
-203.831
-210.31
-216.706
-222.961
-229.106
-235.196
-241.308
-247.552
-254.038
-260.797
-267.906
-275.654
-284.296
-293.923
-304.579
-316.305
-329.18
-343.237
-358.415
-374.636
-391.816
-409.842
-428.617
-447.99
-467.783
-487.75
-507.772
-527.535
-546.194
-562.439
-574.386
-580.707
-587.598
-588.896
-135.818
-137.725
-139.116
-143.319
-146.928
-152.195
-157.818
-164.064
-170.808
-177.977
-185.475
-193.222
-201.088
-209.045
-217.029
-224.926
-232.597
-239.953
-247.196
-254.134
-260.786
-267.156
-273.32
-279.371
-285.402
-291.625
-298.268
-305.381
-313.027
-321.43
-330.816
-341.336
-353.007
-365.768
-379.552
-394.254
-409.77
-425.974
-442.662
-459.674
-476.855
-493.893
-510.604
-526.591
-541.126
-552.916
-560.5
-564.626
-567.441
-569.595
-150.063
-151.235
-153.02
-157.435
-161.574
-167.703
-174.175
-181.402
-189.323
-197.781
-206.649
-215.79
-225.079
-234.402
-243.691
-252.865
-261.777
-270.187
-278.312
-285.957
-293.091
-299.716
-305.893
-311.717
-317.327
-322.823
-328.274
-333.93
-340.177
-347.217
-355.192
-364.239
-374.445
-385.817
-398.246
-411.585
-425.633
-440.185
-455.119
-470.292
-485.388
-499.967
-513.846
-526.691
-537.77
-545.9
-550.308
-554.343
-555.231
-557.019
-161.772
-162.363
-164.663
-169.62
-174.389
-181.382
-188.888
-197.321
-206.547
-216.394
-226.743
-237.466
-248.428
-259.421
-270.29
-280.934
-291.22
-300.92
-309.937
-318.386
-326.061
-332.944
-339.041
-344.383
-349.132
-353.516
-357.837
-362.263
-366.881
-371.98
-377.949
-385.083
-393.601
-403.518
-414.675
-426.805
-439.663
-453.096
-466.931
-480.849
-494.148
-506.445
-517.956
-528.026
-535.645
-540.127
-543.886
-545.793
-547.03
-547.897
-170.163
-170.791
-173.604
-179.149
-184.626
-192.835
-201.281
-211.003
-221.684
-233.078
-245.085
-257.549
-270.33
-283.231
-296.006
-308.458
-320.427
-331.676
-341.913
-351.396
-359.806
-367.091
-373.186
-378.175
-382.199
-385.473
-388.124
-390.376
-392.744
-395.649
-399.384
-404.354
-410.84
-419
-428.818
-440.029
-452.271
-465.168
-478.457
-491.427
-503.154
-513.982
-523.37
-530.183
-534.038
-536.292
-538.102
-539.794
-541.134
-541.642
-174.283
-175.973
-179.497
-185.806
-192.078
-201.391
-210.913
-222.155
-234.387
-247.495
-261.34
-275.755
-290.546
-305.511
-320.43
-335.027
-349.077
-362.319
-374.346
-385.054
-394.453
-402.306
-408.554
-413.192
-416.241
-418.033
-418.978
-419.384
-419.428
-419.518
-420.272
-422.251
-426.068
-432.155
-440.546
-450.969
-462.966
-476.223
-489.863
-502.222
-513.266
-522.833
-529.47
-532.629
-533.368
-534.027
-534.729
-536.298
-537.611
-538.119
-174.293
-177.682
-182.015
-189.021
-196.522
-206.925
-217.452
-230.202
-244.007
-258.878
-274.71
-291.322
-308.465
-325.896
-343.318
-360.405
-376.868
-392.436
-406.681
-419.087
-429.904
-438.793
-445.602
-450.217
-452.725
-453.312
-452.238
-449.892
-446.804
-443.64
-440.945
-439.45
-439.912
-442.987
-449.232
-458.712
-471.216
-486.121
-500.465
-513.29
-524.668
-532.647
-536.115
-536.014
-535.03
-533.935
-534.027
-534.901
-535.807
-536.393
-169.965
-175.954
-181.09
-189.054
-197.609
-208.906
-220.707
-234.878
-250.221
-266.936
-284.87
-303.804
-323.482
-343.614
-363.888
-383.94
-403.34
-421.728
-438.717
-453.752
-466.484
-476.885
-484.6
-489.525
-491.542
-490.754
-487.737
-482.994
-476.829
-469.831
-462.83
-456.713
-452.558
-451.444
-454.362
-462.274
-475.251
-491.655
-508.76
-524.776
-536.894
-542.783
-543.434
-541.591
-538.812
-536.636
-535.108
-534.361
-534.335
-534.792
-162.644
-170.89
-176.566
-185.748
-195.446
-207.423
-220.583
-235.906
-252.639
-271.059
-291.002
-312.268
-334.649
-357.786
-381.303
-404.785
-427.713
-449.606
-469.991
-488.256
-503.694
-516.274
-525.755
-531.715
-533.977
-532.578
-527.763
-519.984
-509.985
-498.583
-486.478
-474.825
-464.843
-457.853
-455.304
-459.595
-471.887
-491.188
-513.727
-534.658
-547.631
-551.874
-551.128
-547.638
-543.724
-539.528
-535.645
-532.827
-531.357
-531.192
-152.716
-162.883
-169.083
-179.434
-189.91
-202.681
-216.874
-233.227
-251.334
-271.403
-293.296
-316.828
-341.835
-368.041
-395.039
-422.321
-449.322
-475.405
-499.944
-522.256
-541.608
-557.402
-569.346
-576.941
-579.984
-578.196
-571.81
-561.578
-548.168
-532.001
-514.167
-495.779
-478.142
-463.206
-452.947
-450.409
-459.929
-480.828
-510
-538.828
-555.078
-559.12
-556.371
-551.657
-545.905
-539.719
-533.486
-528.292
-525.264
-524.285
-140.738
-152.754
-158.949
-170.149
-181.279
-194.738
-209.733
-226.95
-246.202
-267.677
-291.285
-316.979
-344.577
-373.819
-404.375
-435.732
-467.227
-498.097
-527.59
-554.879
-579.034
-599.148
-614.633
-625.146
-630.221
-629.408
-622.492
-609.814
-592.383
-571.216
-547.197
-521.297
-495.107
-470.345
-448.984
-436.027
-437.68
-457.501
-492.788
-531.765
-554.756
-560.963
-557.262
-551.708
-544.669
-537.176
-529.257
-522.143
-517.562
-515.192
-127.332
-140.596
-147.087
-158.839
-170.18
-184.001
-199.458
-217.269
-237.321
-259.924
-285.061
-312.699
-342.704
-374.928
-409.036
-444.548
-480.815
-516.996
-552.138
-585.271
-615.283
-640.994
-661.512
-676.302
-684.525
-685.415
-678.542
-664.47
-644.074
-618.201
-587.998
-554.594
-519.048
-482.267
-446.696
-418.484
-407.375
-421.199
-457.301
-503.816
-540.268
-554.284
-556.821
-554.681
-548.747
-540.372
-530.734
-521.402
-515.04
-511.364
-113.908
-127.182
-134.136
-145.846
-157.154
-171.024
-186.562
-204.667
-225.096
-248.362
-274.545
-303.744
-335.939
-370.943
-408.472
-448.136
-489.374
-531.277
-572.723
-612.528
-649.406
-681.978
-709.034
-729.47
-742.442
-747.007
-742.254
-727.913
-704.671
-674.108
-637.959
-596.775
-551.005
-501.973
-451.628
-405.626
-376.229
-374.933
-405.129
-457.029
-506.825
-543.913
-564.422
-571.51
-567.993
-558.487
-546.023
-533.601
-524.266
-518.809
-101.989
-112.882
-121.018
-132.17
-143.108
-156.725
-171.926
-189.765
-210.104
-233.594
-260.424
-290.797
-324.756
-362.202
-402.886
-446.494
-492.599
-540.381
-588.584
-635.758
-680.449
-721.157
-756.224
-784.075
-803.619
-813.646
-812.34
-798.82
-774.329
-740.285
-698.228
-649.829
-595.529
-535.287
-470.051
-404.65
-356.999
-341.18
-361.832
-416.113
-481.49
-538.915
-577.637
-592.082
-591.948
-583.07
-569.486
-555.402
-544.812
-538.759
-94.9651
-98.7628
-108.021
-118.2
-128.823
-141.814
-156.34
-173.59
-193.429
-216.63
-243.457
-274.312
-309.547
-349.063
-392.411
-439.582
-490.341
-544.029
-599.306
-654.382
-707.59
-757.34
-801.966
-839.128
-866.887
-884.221
-889.24
-879.722
-855.673
-818.099
-770.251
-715.74
-655.965
-581.562
-503.514
-429.065
-370.609
-339.155
-346.562
-392.934
-466.01
-536.457
-587.27
-603.211
-602.507
-596.26
-585.315
-572.201
-562.638
-558.46
-110.219
-88.4966
-96.0494
-104.875
-115.188
-127.459
-141.059
-157.384
-176.346
-198.842
-225.329
-256.598
-292.719
-333.407
-378.928
-429.103
-483.887
-543.007
-605.032
-667.777
-729.827
-789.82
-845.202
-893.14
-930.832
-957.71
-970.936
-966.381
-944.976
-907.399
-854.698
-792.751
-724.184
-646.362
-557.175
-480.034
-415.124
-376.322
-372.166
-404.183
-464.239
-532.962
-583.283
-601.754
-600.821
-595.826
-587.712
-577.861
-571.775
-569.891
-91.7579
-74.6686
-83.6533
-93.2708
-103.754
-115.214
-128.16
-143.718
-162.188
-183.93
-209.546
-240.463
-277.231
-319.675
-367.822
-421.669
-481.179
-546.422
-616.98
-690.613
-764.77
-836.938
-904.031
-963.892
-1012.46
-1048.16
-1070.23
-1073.57
-1054.04
-1015.85
-955.281
-887.652
-800.198
-704.916
-614.933
-535.079
-475.303
-442.051
-436.632
-456.983
-497.652
-547.397
-582.28
-593.548
-591.227
-585.353
-579.293
-574.63
-573.134
-573.435
-78.1975
-74.6166
-80.2938
-88.0646
-97.9133
-109.369
-122.8
-139.06
-158.742
-182.318
-210.215
-243.851
-284.479
-331.862
-385.719
-446.614
-514.659
-589.783
-671.223
-755.857
-840.323
-923.19
-1001.03
-1070.37
-1127.94
-1170.55
-1192.26
-1187.38
-1150.85
-1095.05
-1016.62
-917.662
-818.905
-725.649
-643.295
-574.016
-528.634
-504.718
-501.459
-514.271
-539.115
-567.112
-583.869
-586.668
-580.536
-574.775
-571.389
-571.201
-572.396
-574.061
-68.4961
-73.2282
-78.4975
-85.7604
-95.3345
-107.047
-121.553
-139.686
-162.138
-189.853
-223.275
-263.025
-309.866
-364.685
-428.02
-500.106
-580.578
-668.027
-760.589
-856.683
-953.387
-1047.83
-1136.48
-1213.44
-1275.51
-1314.98
-1321.31
-1297.14
-1238.88
-1151.15
-1053.29
-952.391
-854.76
-765.996
-691.409
-633.416
-593.86
-571.037
-563.043
-566.541
-576.072
-585.505
-588.446
-583.763
-574.915
-569.03
-567.213
-569.258
-571.932
-573.36
-60.6528
-67.4053
-73.7387
-81.6225
-91.5222
-104.247
-120.588
-140.658
-166.186
-198.221
-237.361
-284.25
-339.757
-404.98
-480.621
-566.471
-661.462
-764.4
-873.89
-987.911
-1101.97
-1208.83
-1305.41
-1385.44
-1443.29
-1467.77
-1456.16
-1404.09
-1324.45
-1225.43
-1118.43
-1011.61
-913.271
-826.265
-754.349
-699.603
-660.412
-635.367
-620.678
-614.385
-611.413
-607.35
-599.458
-588.213
-576.591
-569.126
-568.05
-570.624
-573.006
-573.997
-51.9753
-58.6283
-65.5255
-74.03
-84.5999
-98.15
-116.135
-138.768
-167.834
-204.408
-249.934
-304.923
-370.541
-448.072
-537.783
-639.72
-753.628
-879.414
-1014.56
-1151.14
-1279.92
-1396.41
-1497.6
-1577.48
-1622.54
-1628.55
-1598.07
-1533.19
-1439.3
-1328.58
-1210.98
-1096.73
-990.837
-900.395
-825.911
-769.312
-726.657
-695.623
-673.387
-657.209
-643.808
-630.359
-615.608
-600.013
-585.621
-575.893
-572.753
-574.766
-576.453
-577.829
-42.3461
-48.1415
-54.7793
-62.9465
-73.6144
-87.7104
-106.455
-131.335
-163.95
-205.984
-258.768
-323.107
-400.474
-492.033
-598.817
-722.503
-863.69
-1020.11
-1183.57
-1341.28
-1484.06
-1609.7
-1716.28
-1787.78
-1818.39
-1813.71
-1769.95
-1693.09
-1587.41
-1464.29
-1330.11
-1200.27
-1082.67
-982.456
-901.644
-838.73
-789.696
-751.043
-720.277
-695.535
-674.012
-654.068
-634.811
-616.512
-600.277
-587.999
-581.31
-580.331
-582.37
-584.839
-30.4535
-34.4313
-39.4243
-46.5636
-56.6325
-70.9945
-90.8112
-118.566
-155.298
-203.223
-264.553
-340.082
-431.305
-540.44
-671.159
-825.629
-1001.36
-1190.61
-1380.58
-1558.44
-1718.62
-1858.21
-1961.53
-2022
-2041.85
-2023.13
-1968.22
-1877.96
-1762.75
-1617.31
-1461.48
-1311.87
-1178.95
-1066.57
-975.326
-903.567
-845.839
-798.844
-760.247
-728.225
-700.997
-676.875
-655.03
-635.359
-618.144
-604.127
-594.413
-590.112
-592.761
-595.403
-14.4139
-16.2284
-19.0032
-24.4558
-34.066
-49.015
-70.6059
-100.97
-142.276
-196.967
-267.68
-356.449
-466.057
-600.725
-764.534
-956.622
-1170.7
-1393.07
-1608.68
-1808.84
-1985.11
-2125.7
-2214.26
-2257.68
-2262.99
-2228.23
-2160.36
-2062.02
-1924.04
-1759.05
-1584.52
-1417.61
-1269.33
-1143.32
-1040.58
-958.312
-892.019
-837.337
-792.6
-755.672
-724.66
-698.047
-674.767
-654.525
-637.214
-622.84
-612.151
-606.369
-606.044
-609.73
5.96473
6.81659
6.60905
3.06991
-5.09039
-19.5155
-42.8342
-76.4689
-122.994
-185.675
-268.177
-375.776
-511.432
-677.993
-879.168
-1113.71
-1368.66
-1623.35
-1864.07
-2080.18
-2250.34
-2363.91
-2428.8
-2450.67
-2434.12
-2385.67
-2306.97
-2195.1
-2047.17
-1871.37
-1685.04
-1504.88
-1342.95
-1203.8
-1090.12
-999.042
-925.579
-865.78
-816.987
-776.964
-743.806
-715.773
-691.978
-671.903
-655.259
-641.888
-632.045
-626.131
-624.113
-630.517
30.4867
35.174
38.0978
37.9032
32.0538
18.8931
-4.56581
-40.9806
-93.6594
-165.997
-264.178
-395.85
-564.743
-770.463
-1014.94
-1295.38
-1587.58
-1868.83
-2117.73
-2313.17
-2453.75
-2540.81
-2580.91
-2580.76
-2546.75
-2485.44
-2397.5
-2278.84
-2126.85
-1946.55
-1753.19
-1563.31
-1389.56
-1240.95
-1119.9
-1023.44
-946.277
-883.643
-832.703
-790.979
-756.583
-728.06
-704.379
-685.123
-669.878
-658.285
-650.329
-646.3
-646.557
-652.468
60.8796
68.2906
76.1359
81.6523
81.223
72.017
49.6695
10.8901
-48.2199
-132.208
-250.986
-413.679
-621.113
-868.821
-1155.09
-1472.32
-1786.94
-2069.56
-2301.36
-2473.27
-2589.02
-2652.17
-2669.78
-2651.38
-2604.5
-2533.83
-2438.9
-2316.51
-2163.18
-1980.72
-1781.56
-1583.34
-1403.26
-1251.03
-1128.48
-1030.92
-952.901
-889.747
-837.906
-795.552
-760.981
-732.785
-710.094
-692.343
-679.116
-669.994
-664.65
-663.133
-665.09
-669.07
86.2802
104.083
120.928
135.545
143.733
141.655
123.019
83.875
19.3058
-79.9188
-224.45
-420.893
-668.344
-963.631
-1291.17
-1626.7
-1943.34
-2209.43
-2418.54
-2567.12
-2658.36
-2701.23
-2701.52
-2670.34
-2614.24
-2536.59
-2438.27
-2312.59
-2155.96
-1970.08
-1762.31
-1561.69
-1383.36
-1234.91
-1115.62
-1020.86
-944.924
-882.868
-831.628
-789.829
-756.131
-729.259
-708.182
-692.327
-681.22
-674.466
-671.635
-672.474
-675.911
-679.113
132.99
157.83
185.306
208.025
219.466
218.474
200.44
156.727
85.0421
-37.0833
-216.656
-443.809
-719.78
-1035.36
-1374.44
-1714.25
-2022.35
-2267.55
-2451.86
-2579.08
-2650.2
-2678.24
-2670.54
-2635.67
-2578.62
-2499.23
-2396.56
-2263.88
-2097.69
-1903.7
-1698.02
-1504.35
-1335.38
-1196.29
-1085.19
-995.809
-923.106
-863.298
-814.123
-774.327
-742.591
-717.569
-698.316
-684.245
-674.923
-669.906
-668.961
-671.72
-676.848
-680.606
154.895
183.544
211.18
241.646
263.736
269.473
262.379
212.394
125.506
-15.6228
-213.322
-467.937
-765.751
-1086.55
-1418.7
-1737.03
-2019
-2241.35
-2404.79
-2518.43
-2582.55
-2607.06
-2599.42
-2565.77
-2506.82
-2422.41
-2308.16
-2159.58
-1982.4
-1788.56
-1594.24
-1416.51
-1265.35
-1141.51
-1040.92
-958.13
-889.76
-833.283
-787.256
-750.241
-720.7
-697.355
-679.442
-666.643
-658.658
-655.225
-655.942
-660.303
-667.246
-671.923
152.968
172.681
186.373
191.785
190.349
175.303
155.675
95.409
21.1553
-104.509
-286.728
-521.237
-801.377
-1104.29
-1416.6
-1715.87
-1974.6
-2181.4
-2336.44
-2444.23
-2506.76
-2527.99
-2513.88
-2462.52
-2385.91
-2283.47
-2150.93
-1991.88
-1816.12
-1635.58
-1464.36
-1312.22
-1182.73
-1074.65
-984.462
-908.997
-845.998
-794.069
-751.73
-717.467
-689.826
-667.848
-651.226
-639.766
-633.189
-631.051
-632.909
-638.49
-647.053
-652.806
130.945
139.094
137.855
123.646
96.5681
56.9844
7.69489
-67.5772
-168.628
-305.938
-471.956
-661.685
-885.682
-1134.25
-1389.83
-1637.98
-1859.97
-2042.21
-2179.64
-2272.48
-2322.54
-2333.77
-2309.65
-2251.7
-2166.93
-2052.51
-1917.44
-1770.06
-1616.34
-1465.19
-1324.62
-1199.23
-1090.27
-997.054
-917.443
-850.013
-793.554
-746.726
-708.197
-676.595
-650.892
-630.658
-615.719
-605.848
-600.599
-599.471
-602.092
-608.192
-617.207
-624.34
84.1049
81.2147
66.2353
36.3102
-12.5606
-76.3449
-155.343
-261.272
-385.318
-528.637
-683.584
-843.489
-1013.15
-1188.66
-1364.32
-1529.2
-1682.53
-1812.87
-1912.35
-1978.81
-2011.99
-2013.32
-1986.66
-1938.81
-1863.45
-1769.05
-1660.1
-1540.78
-1417.47
-1296.98
-1184.28
-1082.2
-991.87
-912.828
-844.544
-786.125
-736.552
-694.828
-659.944
-631.07
-607.701
-589.589
-576.509
-568.021
-563.596
-562.824
-565.42
-571.275
-579.791
-587.683
35.1056
24.9909
3.72131
-36.6314
-103.634
-189.516
-297.78
-433.659
-591.576
-760.231
-913.154
-1048.71
-1155.53
-1255.9
-1352.23
-1438.95
-1522.42
-1595.4
-1652.39
-1689.85
-1705.43
-1698.79
-1673.17
-1631.46
-1572.91
-1498.32
-1415.18
-1323.31
-1228.47
-1135.27
-1047.17
-966.113
-892.922
-827.771
-770.473
-720.626
-677.61
-640.743
-609.543
-583.69
-562.9
-546.913
-535.366
-527.788
-523.781
-523.077
-525.498
-530.953
-538.936
-545.205
-1.49675
-18.4411
-45.6352
-89.4008
-158.477
-257.198
-381.519
-538.838
-725.987
-924.12
-1109.64
-1233.9
-1316.26
-1356.36
-1364.82
-1378.65
-1399.12
-1416.49
-1429.83
-1437.78
-1434.98
-1418.75
-1391.62
-1355.03
-1309.89
-1256.55
-1191.35
-1122.67
-1052.68
-982.893
-915.747
-852.568
-794.302
-741.494
-694.249
-652.433
-615.747
-583.967
-557.001
-534.668
-516.729
-502.936
-492.99
-486.555
-483.36
-483.204
-485.865
-491.149
-498.402
-503.692
-30.413
-50.7125
-79.4494
-123.439
-189.339
-279.896
-399.864
-557.34
-746.779
-963.972
-1173.52
-1325.01
-1413.11
-1429.69
-1407.32
-1371.12
-1327.47
-1286.84
-1254.01
-1231.45
-1208.11
-1179.43
-1146.81
-1112.28
-1075.69
-1034.47
-987.862
-938.864
-890.231
-838.192
-788.449
-741.309
-697.207
-656.26
-618.813
-585.138
-555.161
-528.847
-506.333
-487.678
-472.778
-461.466
-453.518
-448.666
-446.636
-447.133
-449.88
-454.679
-460.996
-465.682
-53.495
-74.6833
-102.593
-142.38
-200.232
-278.96
-383.329
-518.502
-685.592
-885.497
-1098.75
-1295.54
-1419.67
-1454
-1427.62
-1371.16
-1308.5
-1238.15
-1159.48
-1093.01
-1037.15
-987.327
-942.355
-904.496
-871.555
-837.123
-800.677
-764.929
-730.295
-699.458
-666.651
-634.752
-604.148
-574.676
-547.129
-521.992
-499.154
-478.752
-461.23
-446.725
-435.124
-426.312
-420.162
-416.5
-415.112
-415.764
-418.269
-422.486
-427.909
-431.921
-69.2987
-89.9615
-116.371
-152.418
-201.534
-266.351
-350.802
-459.85
-599.864
-769.593
-954.074
-1139.82
-1302.44
-1402.55
-1410.99
-1370.76
-1311.18
-1238.88
-1108.46
-1023.04
-946.893
-869.666
-798.321
-745.801
-707.912
-672.871
-641.404
-616.564
-595.325
-574.88
-555.568
-537.483
-519.591
-500.92
-482.982
-466.242
-450.414
-435.755
-422.845
-411.844
-402.772
-395.768
-390.933
-388.214
-387.45
-388.453
-391.064
-395.067
-399.901
-403.225
-79.9478
-98.8686
-123.428
-156.18
-198.797
-252.387
-318.335
-402.172
-515.536
-654.195
-807.2
-962.666
-1111.12
-1233.65
-1312.74
-1327.01
-1290.82
-1219.11
-1111.53
-1004.42
-913.023
-812.379
-719.228
-652.169
-600.273
-555.068
-521.977
-501.642
-486.816
-473.673
-464.115
-457.06
-448.577
-438.433
-428.875
-419.326
-409.593
-399.768
-390.591
-382.455
-375.662
-370.469
-366.994
-365.233
-365.133
-366.582
-369.392
-373.229
-377.502
-380.18
-87.3034
-104.736
-126.304
-154.967
-192.399
-238.437
-291.809
-356.611
-440.424
-551.487
-678.162
-807.007
-929.151
-1039.86
-1132.59
-1193.08
-1210.17
-1166.35
-1085.64
-994.421
-894.233
-787.136
-686.258
-605.586
-539.081
-482.467
-443.51
-420.479
-405.556
-395.689
-391.866
-391.88
-391.155
-388.788
-385.026
-380.625
-376.32
-370.846
-365.177
-359.725
-354.933
-351.164
-348.708
-347.721
-348.193
-349.969
-352.791
-356.314
-359.939
-362.012
-92.2584
-108.755
-128.054
-152.275
-183.161
-222.543
-268.873
-323.013
-386.819
-466.142
-563.879
-673.15
-775.712
-870.644
-953.772
-1022.35
-1063.73
-1069.96
-1028.96
-956.428
-869.927
-768.768
-669.924
-582.954
-504.834
-441.378
-394.768
-364.345
-346.637
-337.391
-335.798
-339.482
-344.109
-347.707
-350.176
-351.612
-350.263
-347.834
-345.194
-342.015
-338.925
-336.344
-334.676
-334.176
-334.936
-336.889
-339.783
-343.25
-346.432
-348.02
-94.9401
-109.723
-127.363
-148.614
-173.909
-205.696
-244.221
-290.465
-344.489
-405.961
-478.694
-560.082
-647.535
-729.268
-801.734
-864.935
-913.244
-936.205
-928.399
-894.298
-828.928
-743.799
-654.8
-567.345
-486.78
-418.218
-365.046
-328.084
-305.302
-294.046
-291.976
-297.299
-305.257
-313.168
-319.979
-325.524
-328.843
-330.217
-329.48
-328.107
-326.598
-325.061
-324.06
-323.953
-324.951
-327.062
-330.051
-333.502
-336.339
-337.548
-97.4769
-110.034
-124.019
-141.566
-163.415
-190.231
-221.53
-258.214
-303.263
-356.248
-415.257
-478.629
-545.222
-611.198
-674.455
-728.847
-774.788
-806.294
-816.976
-804.971
-766.976
-708.456
-634.518
-553.994
-475.382
-405.682
-348.188
-305.047
-277.112
-261.495
-257.903
-262.534
-271.731
-283.185
-293.459
-302.876
-310.016
-314.575
-317.04
-317.894
-317.406
-316.801
-316.459
-316.682
-317.751
-319.795
-322.742
-326.16
-328.865
-329.914
-99.4403
-109.602
-119.493
-132.988
-151.466
-174.468
-201.829
-232.005
-266.663
-308.642
-358.773
-413.277
-467.226
-521.895
-574.21
-620.935
-660.88
-693.719
-713.578
-715.507
-697.242
-659.418
-605.228
-541.377
-471.807
-403.439
-342.633
-294.716
-261.008
-239.287
-231.513
-233.911
-242.892
-255.422
-269.128
-281.538
-291.92
-299.45
-304.729
-307.935
-309.588
-310.377
-310.897
-311.609
-312.769
-314.553
-317.229
-320.713
-323.467
-324.547
-103.957
-106.912
-115.449
-127.797
-143.811
-162.33
-184.459
-211.079
-241.219
-275.247
-314.285
-358.393
-406.895
-454.349
-499.332
-541.899
-577.17
-605.265
-625.871
-634.174
-627.827
-606.853
-571.243
-522.985
-464.669
-405.226
-349.758
-302.047
-259.789
-230.288
-215.662
-212.879
-219.304
-231.036
-245.711
-260.856
-274.339
-285.303
-293.502
-298.805
-302.342
-304.918
-307
-308.714
-309.874
-311.241
-313.38
-316.513
-319.233
-320.461
-116.014
-105.902
-116.902
-129.744
-144.165
-160.752
-179.922
-202.554
-229.071
-259.211
-291.916
-328.248
-367.723
-407.371
-447.141
-483.849
-514.504
-538.959
-556.261
-564.537
-562.139
-548.302
-523.334
-488.919
-445.828
-398.445
-347.616
-299.815
-259.787
-230.795
-209.466
-200.154
-201.295
-210.59
-225.133
-241.402
-256.576
-269.595
-279.448
-288.603
-294.472
-298.99
-303.104
-306.085
-308.336
-309.791
-311.144
-312.914
-315.149
-316.553
45.7891
42.493
40.9448
40.3256
40.2688
40.4319
40.6902
41.1919
42.0426
43.2712
44.895
46.8796
49.2297
51.9193
54.9311
58.3031
62.0404
66.1407
70.5954
75.4029
80.5093
85.9027
91.5745
97.5039
103.584
109.683
115.757
121.755
127.502
132.861
137.74
142.007
145.468
147.902
148.994
148.42
145.87
140.992
133.381
122.576
108.085
89.3409
65.7608
36.6709
1.42855
-40.6639
-90.153
-148.289
-216.021
-283.159
44.9249
44.278
44.1804
44.5324
45.2041
46.0354
46.9827
48.0841
49.4499
51.1669
53.2682
55.7337
58.5728
61.7804
65.3574
69.3289
73.699
78.4501
83.594
89.1139
94.9746
101.187
107.724
114.541
121.565
128.719
135.92
143.058
150.016
156.714
163.048
168.871
174.031
178.275
181.343
182.975
182.876
180.695
176.022
168.394
157.348
142.397
122.992
98.5281
68.4142
31.9929
-11.4304
-63.056
-123.53
-181.896
46.218
47.0403
48.1397
49.4452
50.8807
52.3945
53.9746
55.6379
57.5109
59.7132
62.2893
65.2659
68.6461
72.4357
76.6521
81.2984
86.3649
91.8379
97.7355
104.035
110.738
117.836
125.293
133.062
141.102
149.342
157.684
166.023
174.29
182.404
190.236
197.653
204.495
210.577
215.686
219.577
221.96
222.496
220.792
216.416
208.932
197.89
182.807
163.159
138.397
107.858
70.8566
26.7041
-24.8952
-73.6426
49.3339
50.9614
52.9
55.0333
57.22
59.3804
61.5167
63.7239
66.1032
68.7884
71.862
75.3808
79.3442
83.7515
88.6332
93.9745
99.7588
105.995
112.684
119.824
127.423
135.452
143.874
152.666
161.784
171.155
180.699
190.337
200.01
209.61
219.012
228.089
236.724
244.759
252.005
258.234
263.174
266.497
267.822
266.747
262.878
255.823
245.156
230.385
210.988
186.385
156.066
119.332
75.8994
37.4411
53.894
55.9942
58.5062
61.3017
64.1756
66.9457
69.6032
72.2835
75.1478
78.3436
81.9684
86.0635
90.6393
95.6962
101.246
107.287
113.815
120.842
128.365
136.395
144.925
153.916
163.364
173.231
183.466
194.023
204.843
215.858
226.989
238.127
249.168
260.016
270.551
280.631
290.097
298.744
306.304
312.453
316.84
319.128
318.976
316.009
309.819
299.963
285.969
267.315
243.517
214.254
179.457
149.756
59.6629
62.0561
64.9797
68.2632
71.6817
74.995
78.1516
81.2992
84.6566
88.3904
92.5906
97.2876
102.477
108.177
114.393
121.15
128.455
136.307
144.705
153.655
163.13
173.128
183.627
194.592
205.995
217.802
229.95
242.379
255.002
267.735
280.505
293.209
305.731
317.951
329.717
340.826
351.018
360.004
367.492
373.172
376.703
377.736
375.905
370.78
361.905
348.837
331.283
308.79
281.267
259.307
66.4842
69.0497
72.2385
75.8663
79.6941
83.4436
87.0628
90.6963
94.56
98.8328
103.595
108.874
114.677
121.019
127.93
135.433
143.532
152.221
161.5
171.363
181.802
192.818
204.383
216.481
229.093
242.17
255.667
269.528
283.684
298.074
312.621
327.223
341.776
356.157
370.216
383.763
396.573
408.395
418.956
427.951
435.085
440.047
442.451
441.859
437.867
430.129
418.31
402.22
381.95
366.465
74.2196
76.831
80.1299
83.9535
88.048
92.1589
96.207
100.32
104.701
109.505
114.824
120.681
127.103
134.105
141.721
149.964
158.845
168.36
178.509
189.287
200.701
212.736
225.383
238.626
252.438
266.784
281.636
296.945
312.658
328.718
345.039
361.533
378.096
394.609
410.937
426.909
442.319
456.93
470.477
482.693
493.295
501.916
508.145
511.594
511.924
508.815
502.075
491.38
476.742
466.369
82.6098
85.1566
88.4368
92.3279
96.5769
100.975
105.417
109.99
114.876
120.21
126.07
132.502
139.515
147.154
155.433
164.388
174.023
184.343
195.347
207.029
219.395
232.434
246.141
260.502
275.494
291.102
307.298
324.04
341.285
358.964
377.003
395.318
413.813
432.384
450.908
469.22
487.121
504.382
520.753
535.967
549.691
561.558
571.231
578.393
582.736
583.998
581.867
576.134
566.994
560.774
91.3515
93.7214
96.8951
100.748
105.073
109.683
114.469
119.485
124.845
130.678
137.055
144.018
151.601
159.837
168.761
178.4
188.768
199.872
211.699
224.256
237.534
251.538
266.265
281.702
297.841
314.665
332.143
350.244
368.917
388.105
407.74
427.754
448.07
468.599
489.215
509.756
530.022
549.783
568.774
586.688
603.182
617.93
630.629
640.974
648.705
653.478
654.986
652.964
647.545
644.137
100.082
102.193
105.187
108.953
113.302
118.061
123.124
128.511
134.309
140.606
147.468
154.933
163.046
171.835
181.354
191.621
202.66
214.471
227.048
240.393
254.506
269.392
285.051
301.477
318.663
336.588
355.231
374.557
394.527
415.097
436.214
457.82
479.849
502.206
524.754
547.316
569.675
591.58
612.75
632.882
651.674
668.846
684.129
697.292
708.088
716.188
721.183
722.779
721.142
719.992
108.403
110.222
113.002
116.649
120.987
125.836
131.109
136.802
142.978
149.691
156.984
164.89
173.457
182.739
192.777
203.602
215.232
227.664
240.908
254.956
269.819
285.496
301.989
319.299
337.415
356.323
376.001
396.421
417.552
439.356
461.8
484.835
508.38
532.317
556.486
580.697
604.732
628.355
651.319
673.369
694.261
713.736
731.518
747.265
760.552
770.876
777.869
781.389
781.716
781.844
115.929
117.485
120.038
123.538
127.82
132.727
138.153
144.091
150.57
157.624
165.265
173.535
182.483
192.174
202.647
213.935
226.047
239
252.792
267.429
282.911
299.239
316.419
334.447
353.318
373.016
393.526
414.826
436.891
459.7
483.228
507.416
532.172
557.359
582.812
608.344
633.748
658.813
683.314
707.02
729.67
750.96
770.524
787.947
802.825
814.926
824.236
830.634
833.955
835.965
122.309
123.649
126.011
129.355
133.551
138.46
143.988
150.109
156.82
164.121
172.024
180.562
189.798
199.795
210.594
222.224
234.704
248.044
262.251
277.327
293.272
310.092
327.786
346.355
365.791
386.084
407.217
429.177
451.957
475.547
499.918
525
550.689
576.844
603.303
629.884
656.393
682.619
708.332
733.277
757.173
779.711
800.569
819.433
835.986
849.796
860.186
866.63
869.619
871.133
127.323
128.481
130.679
133.853
137.931
142.814
148.414
154.668
161.526
168.969
177.012
185.706
195.12
205.309
216.315
228.166
240.877
254.462
268.927
284.276
300.514
317.643
335.665
354.575
374.366
395.027
416.546
438.921
462.154
486.24
511.142
536.784
563.057
589.821
616.914
644.158
671.357
698.295
724.732
750.401
775.011
798.242
819.753
839.166
856.092
870.271
881.669
890.435
896.365
900.021
130.769
131.799
133.861
136.894
140.852
145.684
151.314
157.637
164.552
172.02
180.082
188.814
198.284
208.543
219.628
231.562
244.362
258.036
272.595
288.044
304.39
321.635
339.78
358.819
378.746
399.548
421.218
443.755
467.164
491.442
516.552
542.422
568.94
595.969
623.348
650.896
678.413
705.676
732.44
758.435
783.37
806.939
828.844
848.806
866.563
881.823
894.235
903.367
909.033
912.286
132.516
133.527
135.501
138.402
142.259
147.037
152.656
158.96
165.819
173.206
181.182
189.838
199.245
209.452
220.486
232.367
245.107
258.715
273.199
288.57
304.834
321.996
340.056
359.011
378.853
399.573
421.159
443.602
466.903
491.062
516.048
541.798
568.208
595.142
622.438
649.914
677.366
704.568
731.271
757.203
782.083
805.626
827.548
847.565
865.383
880.661
893.012
902.002
907.429
910.606
132.64
133.639
135.618
138.477
142.213
146.9
152.453
158.665
165.388
172.602
180.392
188.857
198.079
208.107
218.965
230.661
243.202
256.592
270.844
285.966
301.971
318.863
336.642
355.308
374.854
395.268
416.537
438.645
461.579
485.328
509.871
535.155
561.086
587.536
614.347
641.338
668.308
695.034
721.265
746.725
771.102
794.066
815.279
834.426
851.263
865.666
877.63
887.176
893.843
897.906
131.26
132.404
134.388
137.157
140.822
145.438
150.862
156.89
163.377
170.329
177.831
186.002
194.938
204.683
215.256
226.654
238.871
251.915
265.794
280.522
296.108
312.56
329.878
348.062
367.107
387.002
407.732
429.277
451.613
474.718
498.566
523.112
548.273
573.934
599.946
626.131
652.293
678.212
703.647
728.328
751.959
774.219
794.777
813.311
829.513
843.017
853.349
860.183
863.652
865.331
128.749
130.028
132.023
134.757
138.358
142.811
148.01
153.763
159.953
166.573
173.719
181.532
190.104
199.487
209.678
220.666
232.448
245.027
258.414
272.623
287.658
303.526
320.226
337.757
356.113
375.282
395.248
415.993
437.488
459.701
482.591
506.108
530.184
554.718
579.57
604.57
629.527
654.229
678.446
701.925
724.379
745.486
764.874
782.134
796.859
808.785
817.778
823.693
826.47
827.883
125.332
126.757
128.786
131.467
134.918
139.177
144.125
149.58
155.413
161.627
168.354
175.734
183.883
192.829
202.558
213.055
224.308
236.327
249.127
262.713
277.094
292.271
308.245
325.009
342.555
360.869
379.936
399.731
420.225
441.376
463.138
485.457
508.266
531.466
554.923
578.467
601.903
625.018
647.588
669.369
690.093
709.454
727.116
742.688
755.703
765.674
772.311
775.497
775.353
774.748
121.247
122.876
124.95
127.545
130.802
134.809
139.448
144.552
149.974
155.748
162.007
168.927
176.598
185.055
194.268
204.207
214.873
226.265
238.394
251.274
264.905
279.288
294.425
310.307
326.918
344.246
362.267
380.96
400.29
420.22
440.696
461.658
483.033
504.727
526.609
548.506
570.211
591.496
612.121
631.837
650.379
667.448
682.697
695.805
706.441
714.199
718.639
719.502
716.836
714.283
116.62
118.535
120.779
123.299
126.313
129.954
134.195
138.884
143.878
149.191
154.977
161.402
168.571
176.491
185.136
194.486
204.523
215.258
226.691
238.829
251.673
265.226
279.479
294.425
310.044
326.319
343.222
360.724
378.786
397.365
416.407
435.846
455.609
475.607
495.718
515.77
535.548
554.808
573.287
590.717
606.829
621.349
633.939
644.198
651.763
656.281
657.406
654.749
648.171
642.69
112.105
114.088
116.414
118.851
121.61
124.849
128.632
132.85
137.382
142.227
147.537
153.467
160.11
167.459
175.505
184.212
193.585
203.622
214.323
225.687
237.718
250.406
263.745
277.72
292.315
307.504
323.255
339.531
356.287
373.47
391.017
408.857
426.912
445.091
463.282
481.317
498.979
516.01
532.135
547.06
560.48
572.107
581.664
588.792
593.057
594.054
591.42
584.869
574.217
564.729
108.149
109.887
112.057
114.348
116.851
119.687
122.976
126.67
130.697
135.063
139.898
145.338
151.446
158.232
165.668
173.738
182.442
191.773
201.735
212.325
223.533
235.353
247.77
260.762
274.308
288.386
302.96
317.987
333.417
349.187
365.225
381.449
397.771
414.098
430.306
446.236
461.67
476.344
489.969
502.244
512.84
521.405
527.606
531.106
531.518
528.395
521.341
509.919
493.832
479.564
104.83
106.229
108.023
110.022
112.186
114.6
117.379
120.518
124.004
127.883
132.246
137.187
142.756
148.965
155.79
163.23
171.264
179.901
189.134
198.957
209.362
220.329
231.84
243.878
256.402
269.38
282.78
296.562
310.669
325.03
339.566
354.189
368.798
383.283
397.506
411.291
424.423
436.64
447.643
457.114
464.721
470.098
472.861
472.61
468.93
461.364
449.477
432.951
411.526
391.614
102.251
103.23
104.496
105.996
107.693
109.668
111.933
114.502
117.44
120.836
124.741
129.199
134.236
139.87
146.094
152.907
160.292
168.251
176.78
185.864
195.484
205.616
216.244
227.348
238.888
250.813
263.082
275.658
288.477
301.463
314.529
327.589
340.536
353.234
365.516
377.193
388.037
397.781
406.122
412.723
417.229
419.246
418.364
414.157
406.169
393.879
376.81
354.465
326.464
300.13
100.659
100.923
101.433
102.284
103.438
104.929
106.658
108.648
111.055
113.989
117.451
121.441
125.966
131.04
136.679
142.878
149.639
156.949
164.807
173.189
182.076
191.433
201.225
211.424
222.004
232.914
244.111
255.541
267.133
278.8
290.454
302.005
313.341
324.301
334.692
344.301
352.893
360.194
365.881
369.605
371
369.66
365.124
356.913
344.546
327.457
305.083
276.973
242.686
208.597
100.501
99.3331
98.8233
98.9448
99.5309
100.419
101.557
103.044
104.995
107.479
110.497
114.021
118.056
122.608
127.691
133.306
139.463
146.144
153.33
161.015
169.215
177.898
186.954
196.318
205.963
215.901
226.095
236.448
246.878
257.307
267.636
277.756
287.538
296.825
305.388
312.985
319.37
324.265
327.333
328.195
326.466
321.73
313.516
301.29
284.522
262.621
234.959
200.754
159.417
118.069
101.926
98.4197
96.7398
96.0718
96.0301
96.3315
96.9091
97.9231
99.4533
101.507
104.081
107.162
110.749
114.847
119.448
124.557
130.175
136.287
142.862
149.858
157.35
165.448
173.853
182.382
191.177
200.265
209.511
218.836
228.174
237.431
246.481
255.21
263.471
271.075
277.824
283.448
287.655
290.143
290.587
288.61
283.806
275.727
263.86
247.649
226.546
199.955
167.247
127.657
80.3842
32.3984
-46.6706
-58.2899
-56.1913
-51.7536
-44.4928
-35.8052
-25.6044
-11.4986
6.58709
24.765
54.4379
68.382
106.97
124.426
129.991
115.921
79.265
40.0701
10.4445
-14.2352
-35.5981
-52.2384
-63.8331
-71.552
-77.2751
-81.1836
-84.3273
-85.3714
-83.6717
-75.4489
-29.5732
-42.5424
-43.4656
-42.1713
-36.5525
-29.0495
-19.9383
-8.09765
7.79961
21.7436
46.4253
55.9277
79.4866
97.3958
106.532
97.912
70.3885
41.1023
17.8155
-2.85046
-21.7123
-38.7747
-50.2282
-57.9034
-64.1307
-68.8042
-71.6891
-71.7744
-68.4705
-57.553
-29.2915
-32.8142
-33.2068
-33.0344
-28.5902
-22.2862
-13.9854
-3.71001
9.40265
20.8345
40.2832
47.0025
59.6112
71.5423
85.0316
82.1024
61.055
40.1807
21.6675
4.61368
-11.5235
-27.9575
-38.8856
-46.6189
-53.092
-58.2222
-60.6332
-60.4583
-58.8861
-55.2216
-29.2564
-27.9105
-25.9267
-25.3543
-21.4997
-16.0629
-8.79452
-0.0893836
10.3558
19.3912
34.0194
38.7221
47.4731
49.1599
64.6967
70.5202
52.1032
38.2587
23.0348
9.44947
-4.12654
-18.834
-29.1474
-37.0339
-43.4568
-48.6586
-51.0356
-51.3834
-52.6098
-53.357
-26.9932
-24.4941
-21.1669
-19.4699
-15.8532
-11.0455
-4.94238
1.93163
10.2482
17.6555
28.3484
32.2442
38.0365
33.2597
47.6835
60.6198
44.2318
35.6329
22.8063
12.6041
0.820912
-11.6728
-21.1381
-28.7728
-34.9258
-40.0572
-42.7678
-44.2784
-47.163
-49.4468
-22.7993
-21.0596
-17.6652
-15.2594
-11.758
-7.45077
-2.32963
3.49819
10.0139
16.175
23.5245
26.4296
29.13
26.4065
35.3163
50.3548
37.3771
32.4824
21.8958
14.3306
3.81537
-6.50172
-14.9707
-21.8608
-27.6281
-32.6657
-35.9113
-38.4248
-41.724
-43.599
-18.1138
-17.4743
-14.6721
-12.1175
-8.79633
-4.87608
-0.598508
4.58816
9.7271
14.625
19.6025
22.4123
23.8174
23.4417
25.6695
40.8768
32.1282
29.019
20.4877
14.5228
5.52412
-3.0193
-10.5317
-16.5165
-21.8501
-26.7278
-30.3368
-33.2801
-36.3051
-37.1911
-13.8624
-13.8756
-11.8901
-9.5514
-6.49963
-2.95216
0.675613
4.96646
9.08105
13.0968
16.7059
19.7044
20.2628
21.2087
19.5415
33.3071
29.1277
25.4653
18.6228
13.5749
6.26587
-0.935374
-7.46519
-12.6618
-17.6515
-22.2411
-25.7847
-28.6093
-31.0408
-31.222
-10.4277
-10.6157
-9.29652
-7.36902
-4.73556
-1.66935
1.4883
4.87105
8.2914
11.7327
14.5869
17.5223
17.5644
19.6103
17.8715
25.9857
26.7571
21.8798
16.5745
12.2339
6.36573
0.0428693
-5.42295
-9.92673
-14.5231
-18.6816
-21.9489
-24.3698
-26.1859
-26.1642
-7.74289
-8.00303
-7.01728
-5.55506
-3.39116
-0.855116
1.90359
4.56485
7.51394
10.4086
12.798
15.4448
15.5751
18.0452
16.4593
21.384
23.8331
18.8367
14.7744
11.0424
6.14776
0.460607
-4.08512
-8.02158
-12.0374
-15.632
-18.5305
-20.4951
-21.978
-21.939
-5.78097
-5.74424
-5.0858
-4.1148
-2.41813
-0.366312
2.06387
4.20409
6.75319
9.20718
11.2074
13.5291
13.8057
15.5572
15.5902
18.2245
20.6859
16.3499
13.2319
9.89373
5.77538
0.799245
-3.02217
-6.61129
-10.0858
-13.0929
-15.4851
-16.9291
-18.096
-18.3982
-4.34812
-4.09628
-3.56706
-2.93185
-1.67382
-0.0308128
2.13324
3.86914
6.02299
8.20297
9.76804
11.8013
12.0787
13.8883
15.8142
15.8133
17.685
14.242
11.7431
8.65397
5.21962
1.15505
-2.04526
-5.38029
-8.39822
-10.9194
-12.8668
-13.8798
-14.8354
-15.3241
-3.3628
-3.00426
-2.42624
-1.9137
-0.928419
0.331266
2.08985
3.47255
5.22293
7.1794
8.48005
10.3424
11.145
12.535
14.8302
13.9061
14.7279
12.115
10.1427
7.43272
4.55591
1.28441
-1.39613
-4.28095
-6.75526
-8.83631
-10.497
-11.3619
-12.3035
-12.8184
-2.74537
-2.34287
-1.64066
-1.10197
-0.287266
0.613935
1.9537
3.04022
4.44712
6.1863
7.3157
8.86727
9.91447
10.7201
13.0524
12.0282
12.0088
10.0556
8.52856
6.25476
3.86299
1.14886
-1.09463
-3.44583
-5.34008
-6.94506
-8.4011
-9.25537
-10.2292
-10.7569
-2.14527
-1.90709
-1.16049
-0.65354
0.0168832
0.710405
1.76847
2.71193
3.83686
5.30135
6.28287
7.32242
8.46212
8.96629
11.2336
10.2356
9.3595
8.12042
7.03076
5.22784
3.29286
1.0972
-0.807713
-2.72868
-4.20468
-5.4469
-6.76446
-7.55816
-8.4885
-8.79168
-1.64288
-1.48803
-0.923521
-0.468409
0.154751
0.759979
1.59716
2.42594
3.2288
4.36785
5.25054
5.85221
6.94266
7.27769
9.42441
7.98356
6.82228
6.20266
5.61398
4.18608
2.74087
1.01371
-0.452981
-2.01539
-3.25319
-4.27997
-5.42821
-6.0712
-6.78659
-6.96101
-1.06766
-1.19579
-0.842676
-0.437814
0.246072
0.820781
1.49519
2.16329
2.61676
3.47928
4.24293
4.48958
5.50139
5.47997
8.39143
5.95486
4.14447
4.58978
4.22599
3.12459
2.1015
0.82989
-0.18566
-1.34535
-2.31974
-3.21651
-4.13744
-4.58613
-5.14738
-5.10139
-0.40435
-0.671543
-0.574461
-0.360478
0.207133
0.695465
1.18802
1.7126
1.96716
2.53296
3.28787
3.20129
4.18651
3.98055
6.97292
3.68031
2.13483
2.92557
2.91635
2.1361
1.49601
0.599156
-0.0690707
-0.853798
-1.51951
-2.14565
-2.82325
-3.0731
-3.56017
-3.32621
-0.377524
-0.18588
-0.0871505
-0.0477554
0.216889
0.441387
0.710144
1.04624
1.27381
1.5729
2.10679
2.02464
2.66798
2.10727
5.47582
1.89718
0.305199
1.75634
1.86519
1.28212
0.884681
0.318606
-0.0507541
-0.50616
-0.913755
-1.12745
-1.58769
-1.6391
-1.88087
-2.04716
-0.489398
-0.118843
0.0383755
0.0187995
0.0811492
0.0593949
0.220906
0.328033
0.418938
0.436891
0.721851
0.485802
1.04177
0.456611
1.78759
1.37975
0.500575
0.93275
0.592466
0.500804
0.42396
0.185939
0.079436
-0.106494
-0.258816
-0.347607
-0.468757
-0.442388
-0.561457
-0.945559
)
;

boundaryField
{
    INLET
    {
        type            zeroGradient;
    }
    OUTLET
    {
        type            fixedValue;
        value           uniform 0;
    }
    WALL
    {
        type            zeroGradient;
    }
    CYLINDER
    {
        type            zeroGradient;
    }
    frontAndBackPlanes
    {
        type            empty;
    }
}


// ************************************************************************* //
