/*--------------------------------*- C++ -*----------------------------------*\
| =========                 |                                                 |
| \\      /  F ield         | OpenFOAM: The Open Source CFD Toolbox           |
|  \\    /   O peration     | Version:  v1912                                 |
|   \\  /    A nd           | Website:  www.openfoam.com                      |
|    \\/     M anipulation  |                                                 |
\*---------------------------------------------------------------------------*/
FoamFile
{
    version     2.0;
    format      ascii;
    class       volScalarField;
    location    "0.15";
    object      p;
}
// * * * * * * * * * * * * * * * * * * * * * * * * * * * * * * * * * * * * * //

dimensions      [0 2 -2 0 0 0 0];


internalField   nonuniform List<scalar> 
6600
(
61.1683
56.4337
53.9632
52.4902
51.736
51.5092
51.58
51.9461
52.6496
53.7453
55.2157
57.0981
59.4053
62.0556
65.0886
68.5428
72.4424
76.7239
81.448
86.5766
92.0845
97.9603
104.131
110.547
117.096
123.872
130.838
137.776
144.516
150.988
157.035
162.46
167.108
170.785
173.15
173.885
172.664
169.055
162.652
153.041
139.724
122.106
99.7389
71.7047
37.4313
-3.89518
-52.4697
-109.103
-175.268
-243.115
57.8768
52.7015
50.8466
49.0706
47.9357
47.3121
47.0339
47.1284
47.5882
48.3986
49.5111
51.0802
52.9997
55.3647
58.0615
61.1324
64.5951
68.4034
72.6027
77.1452
82.0171
87.2048
92.638
98.3193
104.134
109.773
115.398
121.099
126.55
131.55
136.025
139.755
142.512
144.123
144.263
142.608
138.812
132.446
123.102
110.357
93.682
72.4693
46.2107
14.1718
-24.2562
-69.8873
-122.883
-183.406
-251.99
-320.211
53.1857
47.6565
46.5974
44.5497
43.2447
42.3677
41.8421
41.6781
41.9062
42.5803
43.4507
44.8286
46.4981
48.4309
50.797
53.553
56.6241
60.0343
63.7563
67.7594
72.0261
76.5318
81.2181
86.0211
90.9485
95.784
100.368
104.695
108.677
112.158
114.952
116.814
117.554
116.945
114.659
110.388
103.817
94.5198
82.071
66.0429
45.9192
21.1233
-8.85579
-44.5633
-86.582
-135.651
-191.95
-254.756
-322.937
-387.592
47.5493
41.6263
41.1932
38.8384
37.4847
36.5298
35.856
35.5662
35.6401
36.0161
36.7754
37.7403
39.1912
40.9654
43.0192
45.3918
48.1131
51.1024
54.3505
57.8224
61.4786
65.2892
69.2166
73.211
77.157
80.8907
84.3536
87.4661
90.0404
91.8831
92.8752
92.8213
91.4726
88.5637
83.8068
76.8968
67.4992
55.2234
39.6741
20.4292
-2.98675
-31.065
-64.2352
-102.912
-147.566
-198.855
-256.82
-319.953
-385.886
-444.665
41.0789
34.7751
34.6458
31.9835
30.6947
29.6339
28.8572
28.4053
28.3112
28.5453
29.1105
29.9573
30.9943
32.4201
34.1877
36.2259
38.502
41.0192
43.7408
46.6353
49.6411
52.7101
55.7917
58.8063
61.7306
64.4301
66.7131
68.4804
69.6024
69.9006
69.1479
67.1463
63.7006
58.5507
51.3916
41.9232
29.8396
14.7768
-3.63026
-25.7431
-51.9475
-82.6297
-118.12
-158.733
-204.811
-256.79
-314.685
-376.826
-439.121
-490.192
33.8421
27.2355
27.0409
24.1087
22.8443
21.6576
20.7154
20.1412
19.849
19.8401
20.15
20.7181
21.5747
22.6535
23.9588
25.5258
27.307
29.269
31.3773
33.6021
35.8876
38.1715
40.392
42.4907
44.3441
45.8165
46.8301
47.291
46.9851
45.6953
43.2567
39.4453
34.023
26.7557
17.3774
5.6093
-8.85214
-26.3115
-47.0585
-71.3929
-99.6158
-131.997
-168.755
-210.112
-256.315
-307.664
-364.023
-423.677
-480.988
-522.91
25.6761
18.8328
18.3372
15.184
13.8615
12.547
11.453
10.6473
10.2005
9.95369
10.0133
10.2555
10.6511
11.2964
12.1688
13.1472
14.3108
15.6235
17.0218
18.4942
19.9715
21.3891
22.6676
23.7212
24.5147
24.9165
24.718
23.7901
22.0237
19.243
15.2001
9.67797
2.47623
-6.63801
-17.9218
-31.6226
-47.9662
-67.2123
-89.6035
-115.357
-144.672
-177.715
-214.619
-255.522
-300.635
-350.248
-403.988
-459.808
-511.328
-543.223
16.2043
9.35746
8.63457
5.25512
3.77552
2.29461
1.08731
0.106717
-0.717637
-1.26636
-1.7422
-1.82475
-1.7704
-1.67446
-1.49854
-1.13131
-0.656212
-0.10664
0.512685
1.1553
1.76105
2.27093
2.60795
2.71096
2.43695
1.62695
0.203954
-1.94247
-5.0317
-9.26521
-14.7829
-21.7898
-30.5084
-41.1441
-53.9096
-68.9962
-86.6188
-106.971
-130.214
-156.499
-185.959
-218.686
-254.723
-294.134
-337.081
-383.928
-434.42
-485.683
-530.779
-553.159
5.11973
-1.25077
-2.14527
-5.69576
-7.2642
-9.00929
-10.531
-11.7345
-12.8284
-13.7462
-14.5584
-15.4253
-16.0598
-16.5412
-16.9367
-17.3315
-17.6425
-17.8928
-18.1189
-18.3768
-18.6941
-19.1243
-19.7774
-20.7483
-22.0608
-23.8428
-26.3158
-29.6596
-33.988
-39.4168
-46.1426
-54.3621
-64.2446
-75.9644
-89.7034
-105.633
-123.886
-144.604
-167.911
-193.903
-222.643
-254.151
-288.425
-325.483
-365.446
-408.596
-455.034
-501.758
-541.292
-556.719
-7.47737
-13.0692
-14.0262
-17.5678
-19.2738
-21.2929
-23.0544
-24.7769
-26.2781
-27.8304
-29.22
-30.5085
-31.8005
-33.1509
-34.3673
-35.4901
-36.6174
-37.7453
-38.8785
-40.0557
-41.3044
-42.6703
-44.2407
-46.1035
-48.4085
-51.2676
-54.7622
-59.005
-64.2233
-70.6099
-78.2704
-87.3313
-97.9512
-110.288
-124.48
-140.632
-158.871
-179.293
-201.959
-226.906
-254.163
-283.725
-315.543
-349.558
-385.804
-424.811
-466.176
-507.748
-542.884
-555.793
-21.084
-25.9991
-27.0056
-30.3534
-32.1701
-34.5713
-36.749
-38.7295
-40.8181
-42.8112
-45.0017
-47.2052
-49.3045
-51.2801
-53.3577
-55.4342
-57.4602
-59.493
-61.5472
-63.6463
-65.828
-68.1312
-70.6229
-73.3963
-76.5449
-80.1746
-84.4278
-89.4668
-95.4035
-102.352
-110.483
-119.956
-130.873
-143.331
-157.436
-173.289
-190.949
-210.464
-231.865
-255.166
-280.344
-307.34
-336.085
-366.512
-398.591
-432.707
-467.683
-501.67
-528.922
-541.545
-35.2512
-39.6312
-40.6429
-43.8218
-45.7934
-48.4258
-51.1296
-53.8098
-56.5364
-59.3342
-62.086
-64.9923
-68.021
-71.1275
-74.0993
-77.0471
-80.0411
-83.0354
-86.0261
-89.036
-92.1045
-95.2622
-98.5434
-102.016
-105.836
-110.152
-115.013
-120.49
-126.746
-133.966
-142.257
-151.712
-162.443
-174.546
-188.093
-203.125
-219.689
-237.812
-257.479
-278.65
-301.271
-325.261
-350.478
-376.71
-404.398
-432.71
-459.978
-482.85
-496.363
-506.133
-50.1528
-53.8249
-54.7877
-57.8892
-59.9894
-63.0869
-66.0807
-69.3952
-72.7873
-76.4558
-80.2942
-84.1665
-87.9744
-91.8865
-96.0143
-100.097
-104.104
-108.095
-112.055
-115.983
-119.905
-123.866
-127.898
-132.056
-136.397
-141.029
-146.097
-151.744
-158.069
-165.141
-173.106
-182.115
-192.249
-203.569
-216.114
-229.926
-245.016
-261.357
-278.907
-297.618
-317.4
-338.078
-359.383
-381.308
-403.641
-425.309
-444.666
-458.294
-462.389
-466.355
-65.0798
-68.1654
-69.0937
-72.2458
-74.5481
-78.0191
-81.6296
-85.5417
-89.8583
-94.2921
-98.9145
-103.815
-108.972
-114.068
-119.156
-124.307
-129.472
-134.528
-139.486
-144.343
-149.106
-153.78
-158.396
-162.99
-167.643
-172.459
-177.54
-182.973
-188.893
-195.482
-202.826
-211.01
-220.133
-230.272
-241.479
-253.739
-267.034
-281.338
-296.582
-312.662
-329.443
-346.742
-364.33
-382.028
-399.037
-414.396
-426.606
-434.202
-439.61
-440.726
-79.4705
-81.7043
-82.8315
-86.2231
-89.0127
-92.8973
-97.1317
-101.726
-106.812
-112.355
-118.142
-124.125
-130.234
-136.575
-143.014
-149.41
-155.74
-161.939
-167.971
-173.812
-179.422
-184.796
-189.96
-194.942
-199.792
-204.551
-209.293
-214.224
-219.488
-225.142
-231.352
-238.291
-246.063
-254.731
-264.293
-274.764
-286.121
-298.285
-311.15
-324.609
-338.533
-352.682
-366.939
-380.751
-393.377
-404.117
-411.835
-415.539
-419.91
-420.898
-92.907
-94.483
-95.7472
-99.2583
-102.517
-107.14
-112.049
-117.666
-123.714
-130.16
-137.177
-144.5
-152.004
-159.621
-167.286
-175.067
-182.714
-190.166
-197.379
-204.276
-210.79
-216.875
-222.527
-227.75
-232.558
-237.062
-241.367
-245.508
-249.653
-254.064
-258.898
-264.264
-270.297
-277.128
-284.845
-293.406
-302.735
-312.765
-323.401
-334.511
-345.885
-357.286
-368.536
-379.307
-388.794
-395.85
-399.716
-403.815
-405.236
-406.527
-105.172
-105.99
-107.552
-111.347
-115.005
-120.285
-125.908
-132.363
-139.612
-147.389
-155.524
-164.091
-173.103
-182.291
-191.547
-200.765
-209.876
-218.785
-227.356
-235.45
-242.995
-249.908
-256.125
-261.628
-266.449
-270.615
-274.154
-277.266
-280.14
-282.902
-285.799
-289.126
-293.115
-297.906
-303.532
-310.023
-317.357
-325.425
-334.109
-343.27
-352.486
-361.499
-370.381
-378.663
-385.585
-390.254
-392.623
-394.566
-395.951
-396.745
-115.039
-115.284
-117.416
-121.51
-125.674
-131.811
-138.391
-145.809
-153.991
-163.074
-172.794
-182.888
-193.402
-204.272
-215.232
-226.189
-237.047
-247.612
-257.731
-267.232
-276.012
-283.926
-290.845
-296.694
-301.439
-305.157
-307.948
-309.855
-311.052
-311.891
-312.678
-313.656
-315.114
-317.367
-320.655
-325.012
-330.364
-336.658
-343.852
-351.414
-358.699
-365.951
-372.859
-378.788
-383.167
-385.857
-388.482
-389.123
-390.209
-390.564
-121.638
-122.28
-124.908
-129.411
-134.228
-141.103
-148.512
-157.14
-166.641
-176.882
-187.956
-199.85
-212.159
-224.826
-237.809
-250.789
-263.606
-276.087
-288.029
-299.272
-309.588
-318.789
-326.702
-333.175
-338.131
-341.576
-343.522
-344.091
-343.611
-342.213
-340.255
-338.271
-336.756
-336.131
-336.663
-338.537
-341.863
-346.731
-352.604
-358.596
-364.843
-371.021
-376.028
-379.411
-381.28
-383.128
-384.315
-385.318
-386.246
-386.49
-124.862
-126.554
-129.636
-134.771
-140.205
-147.994
-156.267
-165.955
-176.774
-188.546
-201.145
-214.519
-228.776
-243.57
-258.66
-273.909
-289.055
-303.865
-318.067
-331.432
-343.667
-354.522
-363.793
-371.243
-376.673
-379.987
-381.293
-380.683
-378.244
-374.357
-369.53
-364.202
-358.998
-354.609
-351.689
-350.681
-351.811
-354.983
-359.311
-364.88
-371.227
-376.5
-379.5
-380.432
-380.912
-381.322
-382.084
-383.017
-383.861
-384.16
-125.024
-127.787
-131.57
-137.466
-143.439
-152.11
-161.252
-172.009
-183.919
-197.009
-211.3
-226.611
-242.675
-259.628
-277.142
-294.938
-312.767
-330.306
-347.206
-363.134
-377.796
-390.876
-402.032
-410.996
-417.51
-421.337
-422.352
-420.647
-416.452
-409.998
-401.678
-392.241
-382.535
-373.55
-366.219
-361.303
-359.2
-360.044
-363.887
-370.254
-376.767
-381.237
-383.132
-382.973
-382.154
-381.729
-381.715
-382.008
-382.408
-382.746
-121.622
-126.204
-130.644
-137.081
-144.188
-153.411
-163.09
-174.998
-188.155
-202.542
-218.169
-235.195
-253.49
-272.694
-292.696
-313.286
-334.088
-354.758
-374.888
-394.033
-411.772
-427.679
-441.385
-452.5
-460.649
-465.481
-466.811
-464.663
-458.845
-449.753
-437.945
-424.068
-409.062
-394.061
-380.606
-370.25
-363.608
-361.862
-365.233
-372.081
-379.526
-384.558
-386.59
-386.619
-385.326
-383.691
-382.15
-381.064
-380.503
-380.462
-115.719
-121.82
-126.727
-133.791
-141.808
-151.603
-162.234
-174.883
-188.733
-204.466
-221.77
-240.386
-260.485
-282.009
-304.691
-328.206
-352.272
-376.473
-400.318
-423.274
-444.799
-464.333
-481.341
-495.421
-506.126
-512.971
-515.503
-513.408
-506.698
-495.51
-480.143
-461.257
-439.868
-417.477
-396.285
-377.98
-364.516
-357.95
-359.902
-368.368
-378.031
-384.987
-388.118
-388.186
-386.524
-383.878
-380.994
-378.664
-377.284
-376.698
-107.944
-115.832
-120.559
-128.469
-136.803
-146.924
-158.161
-171.744
-186.314
-202.784
-221.271
-241.682
-263.752
-287.402
-312.632
-339.191
-366.704
-394.713
-422.718
-450.074
-476.131
-500.173
-521.518
-539.57
-553.737
-563.345
-567.915
-567.056
-560.46
-547.773
-529.296
-505.633
-477.796
-447.143
-415.566
-385.82
-361.333
-347.957
-348.098
-357.269
-369.507
-380.056
-385.212
-386.196
-384.595
-381.762
-378.433
-375.376
-373.338
-372.026
-99.2018
-108.036
-112.829
-121.274
-129.543
-139.932
-151.427
-165.099
-180.504
-197.943
-217.345
-238.858
-262.556
-288.446
-316.231
-345.746
-376.748
-408.788
-441.304
-473.581
-504.847
-534.272
-560.958
-584.036
-602.8
-616.624
-624.632
-626.134
-620.625
-607.861
-587.497
-559.794
-525.233
-485.051
-441.703
-398.067
-359.66
-335.549
-329.27
-339.005
-354.355
-368.628
-378.84
-384.298
-385.2
-383.108
-379.645
-375.972
-373.356
-371.554
-89.343
-98.6935
-104.023
-112.579
-120.665
-131.177
-142.894
-156.311
-171.757
-189.655
-209.735
-232.345
-257.408
-284.958
-315.05
-347.487
-381.961
-418.09
-455.312
-492.896
-529.977
-565.576
-598.634
-628.066
-652.841
-672.023
-684.506
-689.802
-687.255
-675.867
-655.093
-624.342
-584.4
-536.335
-481.038
-421.129
-364.202
-325.026
-311.205
-318.357
-339.737
-362.47
-379.818
-389.682
-392.169
-390.102
-385.967
-381.379
-377.885
-375.797
-79.6435
-87.5677
-94.6586
-102.508
-110.81
-120.745
-132.141
-145.646
-160.945
-178.66
-199.042
-222.113
-248.131
-277.159
-309.15
-344.176
-381.979
-422.155
-464.176
-507.317
-550.631
-593.08
-633.475
-670.487
-702.69
-728.707
-747.658
-758.599
-760.233
-751.879
-732.679
-701.77
-659.075
-604.338
-535.275
-457.733
-388.014
-335.913
-308.635
-303.433
-325.622
-355.987
-379.493
-394.13
-398.459
-396.738
-392.059
-387.339
-384.272
-383.083
-71.9374
-74.9693
-85.5681
-92.0214
-100.315
-109.871
-120.774
-133.598
-148.47
-165.834
-185.867
-209.138
-235.583
-265.426
-298.783
-335.888
-376.641
-420.732
-467.559
-516.376
-566.214
-615.988
-664.481
-710.186
-751.185
-785.72
-812.488
-830.426
-838.759
-835.301
-820.222
-792.652
-748.13
-686.738
-607.081
-519.148
-437.823
-376.417
-338.407
-327.551
-337.332
-357.834
-377.379
-390.237
-394.804
-393.98
-391.121
-388.157
-386.489
-386.364
-70.237
-65.6527
-75.9635
-81.7085
-89.7584
-98.8803
-109.063
-121.362
-135.282
-151.929
-171.352
-194.102
-220.457
-250.592
-284.69
-323.163
-366.196
-413.792
-465.277
-519.761
-576.286
-633.844
-691.151
-746.357
-797.4
-842.047
-878.25
-905.223
-922.384
-926.629
-916.584
-893.925
-847.998
-781.866
-698.175
-609.831
-523.758
-456.52
-412.297
-387.584
-381.273
-384.457
-391.203
-394.429
-393.621
-390.258
-387.018
-385.564
-385.649
-386.676
-93.4706
-63.522
-67.943
-72.6129
-80.1498
-88.6507
-98.1017
-109.639
-122.769
-138.348
-156.864
-178.998
-204.691
-234.428
-268.749
-308.025
-352.514
-402.803
-458.339
-518.096
-581.287
-646.867
-713.419
-777.95
-838.916
-894.788
-943.119
-980.567
-1006.99
-1023.06
-1017.34
-995.675
-957.379
-888.328
-808.345
-721.091
-642.482
-574.583
-521.384
-481.874
-454.689
-436.192
-422.764
-411.442
-400.792
-391.292
-385.603
-384.389
-385.333
-386.92
57.212
52.4967
50.02
48.5626
47.8483
47.6249
47.6923
48.0593
48.7524
49.8264
51.2684
53.1303
55.3916
57.9795
60.9658
64.361
68.2066
72.4362
77.118
82.219
87.6971
93.5627
99.7709
106.251
112.954
119.877
127.003
134.12
141.057
147.79
154.247
160.205
165.443
169.779
172.979
174.688
174.576
172.311
167.483
159.66
148.32
132.935
112.933
87.6374
56.4225
18.593
-26.3897
-78.8336
-141.958
-205.855
53.8967
48.7338
46.8523
45.0834
43.9684
43.3288
43.0367
43.1165
43.5638
44.3404
45.4274
46.956
48.8367
51.1202
53.7552
56.7601
60.1505
63.9068
68.0538
72.5485
77.3841
82.5482
87.9969
93.6738
99.5148
105.364
111.221
117.111
122.829
128.083
132.866
137.065
140.377
142.602
143.52
142.765
139.985
134.82
126.89
115.742
100.809
81.5574
57.4279
27.7447
-8.13362
-50.984
-101.057
-158.406
-224.973
-290.863
49.1558
43.6212
42.5361
40.4783
39.1762
38.2745
37.7275
37.5346
37.7399
38.3506
39.2267
40.4861
42.1429
43.9763
46.2749
48.9563
51.9559
55.3056
58.9565
62.9099
67.1449
71.6233
76.3107
81.1695
86.1039
90.9269
95.6298
100.196
104.494
108.298
111.441
113.747
114.984
114.946
113.409
109.989
104.336
96.1067
84.8793
70.2305
51.5904
28.4426
0.258573
-33.5775
-73.6786
-120.79
-175.028
-235.809
-303.017
-366.838
43.4488
37.4984
37.0385
34.6748
33.3023
32.3116
31.6024
31.2737
31.305
31.6252
32.3382
33.2408
34.596
36.288
38.2703
40.5592
43.2015
46.1137
49.2881
52.7089
56.3291
60.1139
64.0173
68.0059
72.04
75.8819
79.3867
82.6091
85.4434
87.6234
88.9991
89.3807
88.4986
86.1375
82.0434
75.8947
67.3411
56.0102
41.4883
23.3488
1.12232
-25.6642
-57.4811
-94.8493
-138.311
-188.522
-245.518
-307.905
-374.11
-433.711
36.8851
30.5531
30.3924
27.71
26.3874
25.2846
24.469
23.9665
23.8116
23.9935
24.4865
25.2594
26.2009
27.5292
29.2092
31.1591
33.3401
35.7804
38.4244
41.257
44.2202
47.2706
50.3443
53.3958
56.3637
59.1204
61.4984
63.3601
64.6422
65.216
64.836
63.2664
60.28
55.6343
49.0738
40.2661
28.8923
14.6183
-2.97266
-24.2707
-49.6301
-79.4606
-114.16
-154.133
-199.783
-251.629
-309.608
-372.059
-436.148
-489.971
29.5402
22.8939
22.6766
19.7006
18.4028
17.1738
16.187
15.5592
15.2054
15.1104
15.3455
15.8031
16.5753
17.5521
18.757
20.2199
21.9093
23.7848
25.8107
27.9714
30.2003
32.4516
34.6446
36.7149
38.6506
40.2665
41.4151
41.9957
41.804
40.6757
38.5042
35.0583
30.0535
23.2471
14.362
3.1225
-10.7707
-27.6443
-47.8325
-71.6633
-99.4321
-131.447
-168.003
-209.402
-255.942
-307.984
-365.542
-426.845
-487.52
-534.072
21.2665
14.3456
13.8627
10.6512
9.28685
7.92953
6.77954
5.90493
5.37913
5.03992
4.99686
5.14936
5.43175
5.97049
6.73796
7.61638
8.67348
9.88486
11.2
12.6006
14.011
15.3944
16.6585
17.7006
18.4885
18.9502
18.8712
18.1014
16.4932
13.8736
10.0309
4.77162
-2.12376
-10.8959
-21.7914
-35.1083
-51.1002
-70.0079
-92.1257
-117.712
-146.982
-180.17
-217.483
-259.126
-305.349
-356.472
-412.205
-470.857
-527.057
-564.954
11.6461
4.74179
4.06302
0.60543
-0.918279
-2.45296
-3.72641
-4.78223
-5.70163
-6.35726
-6.94466
-7.14848
-7.19751
-7.21095
-7.14849
-6.89746
-6.53292
-6.08661
-5.56734
-5.01265
-4.49004
-4.03595
-3.73403
-3.67187
-3.94716
-4.69809
-6.03901
-8.09155
-11.0558
-15.1436
-20.4991
-27.3283
-35.851
-46.2727
-58.8308
-73.7363
-91.2108
-111.489
-134.773
-161.251
-191.094
-224.45
-261.438
-302.198
-346.967
-396.127
-449.332
-504.301
-554.764
-583.409
0.495841
-5.98836
-6.82741
-10.4683
-12.0698
-13.8764
-15.4738
-16.7594
-17.9544
-18.9973
-19.9185
-20.9328
-21.676
-22.2817
-22.8041
-23.3203
-23.7538
-24.1258
-24.4644
-24.8172
-25.229
-25.7409
-26.4405
-27.4291
-28.7889
-30.6401
-33.1236
-36.3953
-40.6201
-45.9452
-52.5672
-60.6834
-70.4891
-82.1554
-95.8513
-111.794
-130.158
-151.085
-174.75
-201.295
-230.817
-263.41
-299.148
-338.124
-380.521
-426.722
-476.588
-527.101
-571.165
-591.113
-12.1669
-17.8997
-18.8217
-22.4515
-24.1848
-26.2715
-28.1148
-29.9309
-31.5415
-33.2051
-34.7176
-36.1327
-37.5909
-39.07
-40.4436
-41.706
-42.9708
-44.2277
-45.4882
-46.7728
-48.125
-49.5973
-51.2639
-53.1889
-55.4921
-58.3733
-61.9521
-66.2823
-71.5273
-77.8945
-85.5309
-94.5962
-105.255
-117.672
-132.021
-148.42
-166.993
-187.89
-211.215
-237.05
-265.468
-296.515
-330.197
-366.556
-405.768
-448.168
-493.647
-539.45
-578.208
-592.396
-25.9303
-30.8799
-31.8795
-35.3095
-37.1502
-39.6395
-41.9114
-43.9914
-46.2057
-48.326
-50.648
-52.9866
-55.2794
-57.4136
-59.6305
-61.8696
-64.0489
-66.225
-68.4221
-70.6571
-72.9613
-75.3827
-77.9933
-80.8818
-84.1158
-87.8105
-92.121
-97.2402
-103.298
-110.385
-118.64
-128.243
-139.344
-152.054
-166.479
-182.758
-200.993
-221.236
-243.567
-268.044
-294.684
-323.499
-354.485
-387.608
-422.866
-460.809
-500.687
-540.557
-574.178
-587.362
-40.2446
-44.5534
-45.5749
-48.817
-50.8217
-53.5616
-56.3603
-59.1606
-62.0163
-64.9572
-67.8847
-70.9304
-74.1027
-77.4027
-80.5605
-83.6782
-86.8437
-90.0055
-93.1647
-96.3394
-99.5523
-102.848
-106.273
-109.896
-113.833
-118.255
-123.258
-128.9
-135.338
-142.759
-151.298
-161.047
-172.113
-184.614
-198.671
-214.34
-231.664
-250.719
-271.534
-294.099
-318.413
-344.453
-372.142
-401.39
-432.325
-464.873
-497.751
-528.767
-552.31
-565.238
-55.1377
-58.726
-59.713
-62.8689
-65.0229
-68.2426
-71.3372
-74.7844
-78.3126
-82.1235
-86.1434
-90.2014
-94.1886
-98.2825
-102.594
-106.885
-111.095
-115.268
-119.412
-123.529
-127.637
-131.767
-135.963
-140.311
-144.855
-149.674
-154.901
-160.732
-167.314
-174.722
-183.059
-192.483
-203.104
-214.994
-228.196
-242.784
-258.81
-276.261
-295.124
-315.383
-336.978
-359.814
-383.758
-408.594
-434.864
-461.234
-485.907
-505.363
-515.056
-524.405
-69.9794
-72.9825
-73.9466
-77.1713
-79.5395
-83.1336
-86.8621
-90.9128
-95.3944
-99.9987
-104.808
-109.9
-115.244
-120.554
-125.839
-131.203
-136.589
-141.862
-147.025
-152.089
-157.062
-161.941
-166.75
-171.55
-176.437
-181.533
-186.926
-192.676
-198.927
-205.874
-213.665
-222.388
-232.127
-242.954
-254.959
-268.154
-282.507
-298.023
-314.677
-332.374
-351.01
-370.434
-390.388
-410.965
-431.63
-451.308
-468.381
-480.262
-484.75
-488.196
-84.2213
-86.4265
-87.5864
-91.0506
-93.9046
-97.913
-102.274
-107.02
-112.275
-118.009
-124.008
-130.207
-136.54
-143.095
-149.761
-156.376
-162.931
-169.369
-175.636
-181.715
-187.568
-193.184
-198.587
-203.829
-208.956
-214.029
-219.121
-224.403
-230.084
-236.267
-243.063
-250.637
-259.12
-268.597
-279.069
-290.538
-303.025
-316.471
-330.77
-345.84
-361.548
-377.65
-394.014
-410.428
-426.228
-440.378
-451.16
-457.343
-464.176
-465.518
-97.387
-98.9752
-100.297
-103.9
-107.236
-112.003
-117.038
-122.823
-129.053
-135.702
-142.904
-150.443
-158.201
-166.078
-174.005
-182.014
-189.916
-197.637
-205.115
-212.264
-219.032
-225.4
-231.336
-236.832
-241.941
-246.8
-251.534
-256.205
-260.901
-265.845
-271.295
-277.411
-284.307
-292.055
-300.749
-310.4
-320.91
-332.199
-344.207
-356.811
-369.858
-383.111
-396.299
-409.105
-421.003
-431.139
-438.245
-441.613
-444.701
-446.784
-109.349
-110.17
-111.813
-115.719
-119.471
-124.907
-130.676
-137.301
-144.74
-152.73
-161.083
-169.885
-179.133
-188.576
-198.126
-207.637
-217.028
-226.22
-235.068
-243.435
-251.26
-258.481
-265.024
-270.864
-276.026
-280.579
-284.566
-288.133
-291.576
-295.078
-298.803
-302.991
-307.888
-313.694
-320.44
-328.076
-336.583
-345.884
-355.825
-366.308
-377.17
-387.897
-398.371
-408.319
-417.143
-423.934
-427.994
-432.283
-432.998
-434.729
-118.884
-119.174
-121.367
-125.58
-129.831
-136.126
-142.852
-150.454
-158.826
-168.124
-178.071
-188.429
-199.192
-210.328
-221.589
-232.863
-244.018
-254.875
-265.294
-275.12
-284.211
-292.441
-299.698
-305.901
-311.002
-315.101
-318.359
-320.907
-322.83
-324.37
-325.924
-327.854
-330.454
-333.906
-338.386
-343.99
-350.608
-358.067
-366.3
-375.191
-384.019
-392.477
-400.843
-408.486
-414.567
-418.502
-421.711
-423.814
-425.005
-425.914
-124.95
-125.748
-128.467
-133.129
-138.036
-145.083
-152.606
-161.428
-171.15
-181.608
-192.906
-205.042
-217.629
-230.566
-243.84
-257.138
-270.288
-283.104
-295.382
-306.948
-317.608
-327.131
-335.389
-342.254
-347.642
-351.533
-353.965
-355.07
-355.174
-354.612
-353.692
-352.813
-352.434
-353.079
-355.053
-358.389
-363.042
-368.958
-376.062
-383.469
-390.494
-397.527
-404.038
-409.275
-412.773
-414.835
-416.747
-418.201
-419.396
-419.874
-127.628
-129.544
-132.77
-138.03
-143.616
-151.584
-159.957
-169.829
-180.849
-192.815
-205.651
-219.28
-233.798
-248.888
-264.278
-279.842
-295.347
-310.52
-325.087
-338.797
-351.383
-362.585
-372.207
-380.03
-385.864
-389.626
-391.44
-391.46
-389.789
-386.716
-382.746
-378.508
-374.709
-371.903
-370.578
-371.196
-373.925
-378.62
-384.631
-390.712
-397.077
-403.167
-407.669
-410.233
-411.374
-412.577
-413.37
-414.708
-415.818
-416.227
-127.365
-130.324
-134.278
-140.192
-146.43
-155.236
-164.461
-175.436
-187.518
-200.804
-215.309
-230.874
-247.2
-264.431
-282.237
-300.357
-318.53
-336.437
-353.736
-370.069
-385.07
-398.492
-410.021
-419.36
-426.264
-430.547
-432.123
-430.987
-427.343
-421.702
-414.531
-406.446
-398.19
-390.806
-385.379
-382.522
-382.575
-385.564
-390.65
-397.05
-403.893
-409.043
-411.562
-411.957
-411.904
-411.745
-412.205
-413.126
-413.959
-414.407
-123.631
-128.342
-132.907
-139.406
-146.734
-156.037
-165.829
-177.943
-191.234
-205.794
-221.633
-238.871
-257.413
-276.904
-297.185
-318.08
-339.201
-360.227
-380.739
-400.289
-418.436
-434.753
-448.836
-460.33
-468.849
-474.056
-475.796
-474.129
-469.155
-461.015
-450.19
-437.443
-423.981
-411.107
-400.032
-392.092
-388.089
-389.006
-394.087
-402.005
-409.701
-414.321
-415.796
-415.476
-414.292
-413.344
-412.672
-412.375
-412.495
-412.894
-117.394
-123.635
-128.591
-135.744
-143.885
-153.734
-164.575
-177.31
-191.241
-207.152
-224.633
-243.448
-263.763
-285.506
-308.463
-332.285
-356.664
-381.195
-405.405
-428.772
-450.726
-470.711
-488.152
-502.58
-513.615
-520.826
-523.765
-522.208
-516.036
-505.524
-491.173
-473.78
-454.26
-433.961
-415.151
-400.298
-390.559
-387.783
-392.27
-402.081
-412.094
-418
-419.908
-419.173
-417.504
-415.16
-412.878
-411.121
-410.254
-410.161
-109.219
-117.33
-122.067
-130.058
-138.445
-148.609
-160.044
-173.625
-188.332
-204.911
-223.548
-244.085
-266.325
-290.186
-315.629
-342.451
-370.265
-398.593
-426.947
-454.7
-481.194
-505.683
-527.448
-545.897
-560.452
-570.452
-575.312
-574.753
-568.709
-556.853
-539.394
-516.847
-490.328
-461.764
-433.401
-408.085
-388.548
-378.893
-381.924
-394.358
-408.761
-417.655
-420.838
-420.167
-417.965
-414.746
-411.182
-408.196
-406.377
-405.596
-100.119
-109.218
-113.993
-122.522
-130.827
-141.241
-152.818
-166.53
-182.027
-199.519
-218.976
-240.616
-264.419
-290.435
-318.396
-348.119
-379.369
-411.697
-444.524
-477.145
-508.806
-538.671
-565.833
-589.413
-608.611
-622.739
-631.076
-632.983
-627.963
-615.523
-595.634
-568.81
-535.98
-498.173
-457.353
-417.716
-384.259
-364.78
-363.513
-376.785
-395.634
-410.297
-416.387
-417.455
-416.082
-413.198
-409.3
-405.442
-402.708
-400.968
-89.9826
-99.5619
-104.897
-113.522
-121.628
-132.141
-143.869
-157.298
-172.77
-190.679
-210.792
-233.427
-258.549
-286.184
-316.373
-348.934
-383.571
-419.933
-457.43
-495.324
-532.781
-568.795
-602.312
-632.244
-657.528
-677.171
-690.126
-695.65
-693.101
-682.058
-661.878
-632.093
-592.802
-545.244
-492.148
-436.624
-385.53
-349.712
-339.319
-349.926
-373.285
-394.196
-409.983
-418.021
-419.621
-417.037
-412.744
-408.018
-404.33
-401.79
-80.0641
-88.1438
-95.2828
-103.179
-111.495
-121.415
-132.798
-146.264
-161.533
-179.192
-199.523
-222.595
-248.584
-277.572
-309.668
-344.685
-382.536
-422.857
-465.095
-508.511
-552.135
-594.924
-635.718
-673.193
-705.97
-732.645
-752.064
-763.134
-765.069
-756.923
-737.857
-706.832
-663.884
-609.581
-544.47
-469.921
-397.11
-346.196
-323.597
-328.046
-353.917
-382.432
-407.823
-422.662
-427.747
-426.081
-421.156
-415.592
-411.419
-408.943
-72.1968
-75.3165
-85.953
-92.4581
-100.751
-110.286
-121.143
-133.928
-148.71
-165.985
-185.887
-208.983
-235.368
-265.121
-298.539
-335.502
-376.171
-420.246
-467.168
-516.183
-566.274
-616.33
-665.132
-711.212
-752.854
-788.252
-815.817
-833.963
-841.952
-838.825
-823.433
-795.264
-752.48
-692.774
-614.906
-525.872
-438.552
-369.784
-329.527
-324.454
-346.692
-378.66
-407.252
-424.417
-431.187
-429.809
-425.738
-420.916
-417.774
-416.398
-70.2861
-65.8212
-76.2156
-81.9619
-90.0103
-99.1
-109.21
-121.425
-135.256
-151.749
-171.019
-193.498
-219.633
-249.652
-283.716
-321.965
-364.797
-412.131
-463.559
-518.164
-574.819
-632.463
-689.923
-745.544
-797.164
-842.627
-880.211
-907.657
-924.263
-928.8
-919.547
-895.058
-853.424
-787.287
-702.391
-607.682
-516.918
-435.963
-386.1
-367.075
-371.551
-389.873
-408.538
-422.03
-427.289
-426.164
-423.488
-420.79
-419.492
-419.553
-93.3807
-63.5586
-68.044
-72.6914
-80.2477
-88.6764
-98.0505
-109.473
-122.529
-137.942
-156.165
-177.892
-203.401
-232.982
-267.093
-306.121
-350.349
-400.055
-455.347
-515.038
-578.124
-643.478
-709.967
-775.612
-837.327
-893.328
-942.958
-981.757
-1008.74
-1023
-1021.32
-999.642
-961.732
-895.723
-809.2
-718.559
-625.709
-548.98
-492.28
-454.659
-434.98
-429.259
-430.136
-430.728
-427.959
-423.687
-419.961
-418.337
-418.644
-419.873
-75.6603
-56.4367
-60.1257
-65.608
-72.7081
-80.1564
-89.0291
-99.4037
-111.835
-126.592
-144.068
-164.719
-188.998
-218.198
-253.041
-293.257
-339.132
-391.469
-450.824
-517.041
-588.803
-664.357
-741.902
-819.137
-893.561
-962.202
-1022.75
-1074.54
-1114.24
-1141.24
-1149.55
-1132.95
-1076.87
-1004.91
-919.543
-826.305
-740.132
-665.108
-601.991
-553.299
-517.207
-491.007
-470.281
-452.426
-436.881
-424.719
-417.911
-417.304
-418.831
-420.398
-62.4375
-56.0568
-57.7816
-62.2095
-68.5246
-75.7065
-84.3612
-94.4648
-106.925
-121.915
-140.19
-162.393
-188.886
-220.857
-259.053
-303.352
-354.618
-413.969
-481.727
-557.52
-639.121
-725.592
-815.614
-905.759
-992.595
-1072.17
-1142.22
-1200.05
-1242.9
-1263.32
-1255.78
-1217.72
-1158.91
-1083.06
-998.791
-910.033
-826.685
-753.402
-689.841
-635.273
-588.64
-548.759
-513.886
-483.144
-456.406
-435.467
-423.249
-419.423
-421.473
-423.503
-53.1515
-54.3073
-56.2931
-60.5927
-66.4418
-73.6869
-82.5151
-92.9579
-106.18
-122.751
-143.557
-169.457
-200.34
-236.689
-280.017
-331.798
-392.769
-462.885
-541.581
-628.506
-722.955
-823.63
-927.701
-1030.39
-1126.02
-1211.92
-1286.12
-1344.08
-1376.62
-1376.97
-1352.32
-1305.83
-1242.53
-1166.02
-1083.41
-1001.16
-920.875
-844.685
-774.403
-710.808
-653.416
-602.158
-556.574
-516.567
-482.265
-454.529
-435.384
-426.13
-426.845
-429.744
-45.5989
-49.4198
-52.7233
-57.3414
-63.4815
-70.8721
-79.9551
-91.45
-106.006
-124.724
-148.236
-177.081
-212.188
-254.521
-305.592
-366.775
-438.036
-519.804
-612.938
-717.062
-830.082
-948.107
-1065.22
-1177.21
-1280.29
-1372.48
-1447.71
-1494.82
-1507.93
-1494.76
-1458.55
-1404.38
-1335.21
-1258.44
-1175.4
-1090.36
-1005.47
-923.806
-846.393
-774.393
-708.26
-648.251
-594.909
-548.417
-509.124
-477.245
-453.33
-438.804
-434.162
-439.91
-38.2658
-42.856
-46.9567
-51.6396
-57.6426
-65.2046
-74.6995
-87.3612
-103.42
-123.597
-149.202
-181.507
-221.784
-270.862
-329.71
-400.069
-483.567
-581.93
-695.583
-821.408
-954.525
-1088.16
-1217.61
-1340
-1453.46
-1547.51
-1610.09
-1638.17
-1637.5
-1611.62
-1565.06
-1502.15
-1427.54
-1344.99
-1256.81
-1166.11
-1075.99
-987.761
-903.589
-824.265
-750.956
-684.485
-625.516
-574.7
-532.248
-498.133
-472.075
-454.386
-447.163
-454.692
-30.7497
-34.3899
-38.2505
-42.819
-48.8245
-56.6605
-66.392
-79.437
-96.0046
-117.462
-145.616
-181.871
-227.54
-282.959
-349.739
-431.687
-532.422
-653.231
-790.659
-939.163
-1091.58
-1241.75
-1385.97
-1520.73
-1635.55
-1713.84
-1757.02
-1769.38
-1754.25
-1715.43
-1658.12
-1586.94
-1504.57
-1414.59
-1320.1
-1223.3
-1127.07
-1032.96
-942.608
-857.475
-778.733
-707.537
-644.91
-591.393
-547.307
-512.378
-486.085
-468.439
-461.331
-463.945
-21.8009
-24.4741
-27.7626
-31.8135
-37.2456
-44.5555
-53.8674
-66.197
-82.9131
-105.955
-136.988
-176.915
-227.094
-289.402
-367.683
-466.357
-589.132
-734.674
-897.328
-1068.73
-1241.54
-1410.92
-1569.35
-1703.13
-1796.74
-1855.98
-1882.07
-1878.68
-1849.44
-1799.14
-1731.53
-1650.59
-1559.67
-1462.26
-1361.25
-1258.65
-1156.76
-1057.28
-961.937
-872.085
-789.328
-714.909
-649.867
-594.925
-550.271
-515.704
-490.568
-474.34
-467.054
-466.847
-11.7778
-13.5138
-15.6056
-18.0178
-21.5301
-26.8715
-34.8113
-46.5629
-64.2703
-88.9433
-121.281
-163.649
-219.295
-291.879
-385.862
-505.284
-652.613
-824.981
-1014.83
-1210.48
-1404.36
-1586.8
-1737.75
-1850.28
-1925.51
-1967.51
-1977.92
-1959.3
-1916.91
-1854.95
-1777.36
-1687.52
-1589.47
-1485.5
-1378.56
-1270.76
-1163.89
-1059.96
-960.435
-867.103
-781.443
-704.875
-638.519
-582.944
-538.383
-504.587
-480.918
-466.495
-460.921
-460.737
0.096713
0.450616
0.413587
0.539238
-0.18547
-3.47478
-10.714
-22.0148
-38.7421
-62.9426
-96.0502
-141.525
-204.045
-289.476
-401.606
-544.718
-720.357
-920.946
-1138.62
-1357.63
-1560.41
-1726.99
-1858.74
-1954.74
-2014.86
-2040.47
-2037.24
-2005.99
-1952.06
-1880.3
-1794.64
-1697.81
-1593.2
-1483.89
-1371.94
-1259.59
-1148.69
-1041.01
-938.418
-842.521
-754.998
-677.229
-610.2
-554.622
-510.593
-477.713
-455.205
-442.132
-438.45
-438.773
15.4233
18.6145
20.7896
22.5255
23.8455
23.4908
19.827
11.205
-3.40706
-25.7509
-58.8191
-106.791
-176.02
-274.594
-406.76
-576.3
-783.519
-1012.49
-1249.44
-1471.66
-1662.67
-1813.21
-1928.33
-2011.98
-2060.56
-2072.41
-2056.38
-2017.91
-1954.95
-1876
-1783.91
-1681.47
-1572.22
-1458.44
-1342.56
-1226.58
-1112.39
-1002.01
-897.192
-799.752
-711.305
-633.161
-566.334
-511.288
-468.009
-435.981
-414.342
-402.086
-398.339
-399.376
32.3821
37.8162
43.701
48.7448
53.2251
56.9415
58.2238
55.0895
45.78
27.7978
-3.08185
-52.5192
-128.795
-241.139
-395.417
-589.93
-817.428
-1063.65
-1306.41
-1524.05
-1704.6
-1843.38
-1945.5
-2020.29
-2060.1
-2065.02
-2041.51
-1994.94
-1927.95
-1844.45
-1748.02
-1642.05
-1529.25
-1412.22
-1293.29
-1174.52
-1058.06
-945.883
-839.938
-742.025
-653.697
-576.213
-510.337
-456.387
-414.183
-383.08
-362.111
-350.164
-346.261
-346.52
50.8046
58.5423
68.0404
78.2713
88.5876
98.7452
107.547
113.019
112.229
100.966
73.1526
22.2172
-62.5645
-187.434
-355.219
-564.698
-805.407
-1059.37
-1302.61
-1515.54
-1685.11
-1818.6
-1917.63
-1984.47
-2018.99
-2021.69
-1995.68
-1945.95
-1876.56
-1790.93
-1692.52
-1584.41
-1469.35
-1350.02
-1228.91
-1108.41
-990.733
-877.998
-772.184
-675.038
-588.018
-512.165
-448.094
-395.915
-355.23
-325.228
-304.867
-293.001
-288.52
-287.804
67.8213
80.3434
95.1945
112.085
130.161
149.149
167.76
184.396
194.589
190.503
163.767
109.866
22.0752
-110.661
-286.38
-501.663
-743.259
-1001.46
-1241.2
-1448.32
-1619.87
-1754.21
-1852.97
-1919.36
-1953.41
-1956.06
-1930.27
-1880.27
-1810.3
-1724.04
-1624.71
-1515.4
-1399.03
-1278.5
-1156.58
-1035.72
-918.282
-806.468
-702.249
-607.271
-522.784
-449.631
-388.172
-338.265
-299.325
-270.46
-250.593
-238.553
-233.218
-231.542
85.8333
104.588
125.894
150.183
177.186
205.683
233.196
256.801
271.747
271.355
250.398
198.306
110.009
-27.0934
-200.989
-418.432
-660.011
-903.161
-1141.87
-1354.47
-1531.84
-1672.63
-1776.96
-1846.23
-1882
-1886.23
-1861.82
-1812.52
-1742.23
-1654.92
-1554.59
-1444.98
-1329.08
-1209.39
-1088.4
-968.744
-853.028
-743.543
-642.173
-550.353
-469.095
-398.964
-340.076
-292.124
-254.466
-226.217
-206.311
-193.598
-187.009
-184.278
102.208
122.557
146.577
174.452
205.362
237.014
267.663
295.194
314.616
315.578
294.999
242.17
153.314
20.3756
-154.532
-361.475
-593.256
-831.963
-1063.79
-1275.75
-1456.53
-1600.49
-1706.8
-1777.03
-1814.6
-1821.64
-1801.05
-1755.16
-1687.16
-1601.91
-1503.61
-1395.65
-1280.83
-1161.91
-1041.86
-923.611
-809.85
-702.748
-603.998
-514.838
-436.076
-368.08
-310.799
-263.796
-226.353
-197.578
-176.535
-162.225
-153.819
-149.734
102.921
122.956
146.242
173.241
203.327
234.042
263.634
290.349
309.241
309.573
288.535
234.974
147.084
15.188
-158.501
-361.49
-591.347
-829.029
-1056.36
-1264.27
-1443.09
-1585.42
-1689.44
-1756.87
-1792.38
-1797.83
-1775.65
-1729.3
-1662.38
-1578.63
-1481.85
-1375.05
-1260.96
-1142.61
-1023.22
-905.88
-793.259
-687.516
-590.234
-502.493
-424.953
-357.864
-301.071
-254.03
-215.914
-185.743
-162.601
-145.861
-135.355
-129.707
84.3824
102.772
123.698
147.291
173.579
201.351
227.629
249.341
262.211
260.162
236.56
181.804
94.8321
-41.8055
-213.373
-421.23
-661.384
-899.95
-1124.61
-1326.62
-1495.76
-1629.79
-1726.61
-1788.2
-1818.05
-1818.38
-1792.06
-1742.78
-1673.43
-1588.1
-1490.74
-1383.98
-1270.12
-1152.08
-1033
-915.905
-803.421
-697.647
-600.161
-512.056
-434.014
-366.309
-308.827
-261.089
-222.332
-191.613
-168.062
-151.022
-140.296
-134.384
66.7604
78.9749
93.2017
109.392
126.616
144.583
161.944
176.886
184.927
177.749
147.575
91.3289
1.50194
-132.308
-306.286
-517.92
-759.195
-1001.72
-1227.38
-1420.5
-1575.51
-1696.87
-1785.54
-1842.23
-1869.46
-1868.19
-1840.17
-1788.66
-1717.32
-1630.08
-1530.79
-1422.81
-1308.64
-1190.57
-1071.31
-953.651
-840.133
-732.905
-633.646
-543.611
-463.604
-394.006
-334.811
-285.694
-246.086
-215.196
-192.095
-175.868
-165.879
-160.54
49.6687
57.0117
65.8856
75.5607
85.1522
94.2102
101.851
105.939
103.336
89.7679
58.988
4.17591
-84.4312
-212.852
-382.419
-591.433
-831.629
-1075.07
-1303.28
-1495.85
-1650.24
-1768.29
-1849.01
-1901.73
-1927.51
-1924.73
-1895.18
-1842.46
-1770.77
-1684.05
-1585.78
-1478.62
-1364.96
-1247.22
-1128
-1009.92
-895.367
-786.494
-685.139
-592.752
-510.384
-438.586
-377.463
-326.75
-285.972
-254.495
-231.501
-216.02
-207.187
-202.842
31.267
36.0176
41.4307
46.2676
49.9729
52.6293
52.908
48.4861
37.5973
17.7792
-15.1533
-67.6505
-148.552
-266.647
-425.682
-623.219
-851.068
-1091.92
-1323.06
-1520.2
-1682.97
-1805.01
-1887.58
-1942.87
-1970.86
-1969.12
-1940.79
-1889.38
-1819.45
-1734.84
-1638.51
-1533.21
-1421.4
-1305.41
-1187.61
-1070.42
-956.108
-846.738
-744.243
-650.258
-566.033
-492.402
-429.685
-377.759
-336.158
-304.252
-281.312
-266.463
-258.782
-255.242
14.1913
17.0962
19.1068
20.2423
20.612
19.4992
14.9966
5.28842
-10.6641
-34.6144
-69.4393
-120.206
-193.375
-296.716
-434.883
-611.965
-821.137
-1048.66
-1279.1
-1485.24
-1658.4
-1791.62
-1886.02
-1949.92
-1985.72
-1988.95
-1964.85
-1918.51
-1852.93
-1771.64
-1678.83
-1576.68
-1467.88
-1354.84
-1239.78
-1124.8
-1012.05
-903.613
-801.361
-707.056
-622.094
-547.453
-483.69
-430.856
-388.644
-356.486
-333.685
-319.454
-313.037
-310.557
-0.972381
-0.925877
-1.26396
-1.75257
-2.99238
-6.83405
-15.1593
-27.4762
-45.2083
-70.7338
-105.292
-153.192
-219.037
-308.734
-426.804
-575.468
-753.899
-955.719
-1172.8
-1386.4
-1574.12
-1723.66
-1834.43
-1911.57
-1957.63
-1972.01
-1957.78
-1919.89
-1862.46
-1785.8
-1698.66
-1601.85
-1497.54
-1388.62
-1277.35
-1165.79
-1055.85
-949.525
-848.808
-755.365
-670.736
-596.067
-532.045
-478.899
-436.387
-404.033
-381.239
-367.324
-361.762
-360.352
-12.5839
-14.6105
-16.987
-19.8769
-23.7949
-29.6222
-38.349
-51.0287
-69.9153
-95.7636
-129.351
-173.562
-231.47
-307.209
-405.881
-529.891
-681
-855.766
-1045.65
-1240.52
-1430.65
-1600.34
-1731.77
-1827.08
-1887.67
-1916.18
-1915.38
-1889.65
-1840.86
-1774.55
-1694.6
-1603.85
-1505.69
-1402.19
-1295.74
-1188.49
-1082.52
-979.51
-881.421
-790.037
-706.77
-632.886
-569.241
-516.192
-473.631
-441.101
-418.017
-403.754
-398.816
-397.674
-22.4659
-25.301
-28.8822
-33.3075
-39.0483
-46.7817
-56.6507
-69.7176
-87.4262
-111.297
-143.752
-185.2
-236.754
-300.977
-382.391
-485.068
-611.809
-760.796
-924.907
-1095.11
-1265.6
-1430.54
-1581.06
-1698.88
-1777.59
-1822.62
-1837.79
-1825.29
-1789.13
-1734.49
-1664.02
-1581.32
-1489.99
-1393.04
-1292.31
-1190.39
-1089.2
-990.471
-896.234
-807.902
-727.071
-654.92
-592.392
-539.92
-497.406
-464.559
-440.905
-425.802
-419.493
-418.52
-31.1836
-34.9219
-39.1413
-44.0184
-50.3044
-58.6057
-68.7234
-82.24
-99.4787
-121.744
-151.069
-188.642
-235.468
-292.144
-360.638
-445.066
-549.293
-673.858
-813.718
-962.279
-1112.49
-1260.16
-1402.24
-1530.84
-1632.89
-1696.55
-1728.82
-1731.31
-1709.33
-1666.37
-1606.89
-1533.26
-1450.47
-1360.52
-1266.29
-1170.26
-1074.77
-981.328
-891.782
-807.72
-730.338
-660.881
-600.225
-548.847
-506.79
-473.707
-449.135
-432.824
-425.233
-424.628
-38.578
-43.2718
-47.5908
-52.4613
-58.6679
-66.6659
-76.5738
-89.5652
-106.042
-126.905
-153.379
-186.66
-228.027
-278.419
-338.352
-409.973
-495.538
-596.737
-713.214
-840.761
-973.623
-1105.48
-1232.06
-1351.05
-1459.93
-1546.21
-1595.51
-1614.6
-1606.72
-1576.29
-1526.26
-1462.56
-1388.02
-1305.64
-1218.11
-1128.74
-1039.29
-951.894
-868.221
-789.412
-716.794
-651.207
-593.454
-544.008
-502.909
-469.934
-444.726
-427.47
-420.419
-422.899
-45.8212
-49.7388
-53.104
-57.8431
-64.1645
-71.8146
-81.153
-92.9765
-107.921
-127.165
-151.235
-180.681
-216.622
-259.942
-312.29
-374.494
-446.819
-529.965
-624.968
-731.366
-846.235
-964.114
-1078.49
-1186.69
-1287.29
-1378.79
-1446.95
-1482.93
-1489.18
-1470.73
-1431.41
-1375.77
-1307.61
-1231.61
-1150.79
-1067.37
-984.129
-903.422
-826.137
-754.014
-687.405
-627.114
-573.664
-527.353
-488.327
-456.527
-431.898
-415.041
-408.239
-415.533
-53.1158
-54.4487
-56.4697
-60.8477
-66.893
-74.2744
-83.2553
-93.8948
-107.359
-124.321
-145.709
-172.172
-203.492
-240.354
-284.449
-337.322
-399.57
-470.542
-549.86
-637.939
-734.175
-836.329
-940.273
-1040
-1133.2
-1217.83
-1291.22
-1343.2
-1367.99
-1362.42
-1333.94
-1285.32
-1222.54
-1148.36
-1070.24
-991.303
-913.668
-838.651
-768.687
-704.069
-644.97
-591.66
-544.091
-502.368
-466.623
-437.198
-414.945
-401.473
-397.358
-403.006
-62.2227
-56.0933
-57.8259
-62.2671
-68.6798
-75.9712
-84.8133
-95.0669
-107.66
-122.837
-141.537
-164.158
-191.121
-223.73
-262.31
-307.113
-359.253
-419.484
-488.081
-564.454
-646.89
-734.5
-824.896
-914.358
-999.184
-1077.65
-1146.16
-1203.2
-1243.36
-1259.39
-1242.84
-1202.06
-1142.72
-1071.22
-990.954
-909.334
-830.519
-760.681
-697.606
-641.104
-590.909
-546.455
-507.027
-472.031
-441.588
-416.642
-399.006
-390.694
-391.469
-394.362
-75.5052
-56.4171
-60.1313
-65.6127
-72.7196
-80.2303
-89.2014
-99.7559
-112.293
-127.225
-145.074
-165.965
-190.616
-220.247
-255.446
-295.977
-342.297
-395.296
-455.365
-522.158
-594.322
-670.266
-747.749
-824.313
-897.488
-965.103
-1025.79
-1076.69
-1116.19
-1143.13
-1150.33
-1120.51
-1064.73
-994.254
-912.661
-828.256
-751.459
-681.778
-620.35
-569.891
-528.98
-495.429
-466.665
-440.916
-417.903
-399.735
-388.713
-385.019
-386.999
-389.125
57.3863
53.9457
52.217
51.3738
51.1827
51.3869
51.8384
52.5945
53.7286
55.1819
57.0746
59.2945
61.8544
64.8672
68.3273
72.2559
76.653
81.5005
86.8179
92.5976
98.8006
105.416
112.398
119.712
127.387
135.469
143.697
151.905
160.087
168.226
176.134
183.639
190.596
196.815
202.024
205.936
208.259
208.635
206.673
201.946
193.984
182.297
166.338
145.485
119.124
86.5707
47.1768
0.0826846
-56.2519
-112.302
56.1886
55.2403
54.8477
54.8702
55.2861
56.051
57.0556
58.3344
59.926
61.8584
64.18
66.9053
70.0208
73.5907
77.6091
82.1246
87.1659
92.7023
98.7447
105.275
112.272
119.706
127.544
135.802
144.478
153.502
162.772
172.178
181.636
191.077
200.375
209.399
218.007
226.003
233.161
239.233
243.923
246.891
247.763
246.128
241.55
233.569
221.675
205.301
183.869
156.721
123.205
82.3751
33.2806
-14.7265
56.8673
57.3668
58.0557
58.9301
59.9895
61.3158
62.8853
64.6662
66.7036
69.0993
71.9171
75.1664
78.8822
83.057
87.7146
92.9067
98.6543
104.953
111.771
119.105
126.944
135.262
144.053
153.321
163.028
173.119
183.519
194.135
204.89
215.694
226.445
237.025
247.297
257.1
266.237
274.475
281.535
287.105
290.834
292.336
291.202
286.99
279.235
267.431
251.038
229.436
202.003
168.173
127.325
88.2533
59.2209
60.4661
61.9012
63.5201
65.2464
67.1026
69.1764
71.4439
73.9751
76.8759
80.2051
83.9887
88.283
93.1021
98.4607
104.376
110.858
117.923
125.538
133.708
142.423
151.678
161.472
171.785
182.58
193.809
205.399
217.284
229.391
241.64
253.935
266.154
278.175
289.86
301.038
311.5
320.993
329.224
335.858
340.522
342.828
342.379
338.751
331.469
320.04
303.93
282.678
255.689
222.42
192.654
62.7703
64.4769
66.4446
68.6175
70.9528
73.3419
75.8822
78.6393
81.6693
85.0667
88.9193
93.2695
98.1669
103.644
109.714
116.366
123.61
131.462
139.917
148.962
158.597
168.824
179.643
191.028
202.952
215.362
228.2
241.41
254.928
268.683
282.577
296.5
310.34
323.97
337.249
349.993
361.97
372.898
382.448
390.278
396.043
399.37
399.852
397.062
390.574
379.921
364.635
344.335
318.751
296.807
67.2699
69.2682
71.6218
74.2096
77.0434
79.9521
82.9631
86.1911
89.7152
93.6128
97.9995
102.931
108.448
114.585
121.358
128.759
136.798
145.477
154.795
164.743
175.319
186.531
198.377
210.853
223.929
237.558
251.691
266.271
281.245
296.542
312.073
327.748
343.46
359.098
374.536
389.607
404.091
417.709
430.153
441.107
450.23
457.164
461.554
463.018
461.15
455.505
445.736
431.419
412.305
397.068
72.5997
74.7467
77.3515
80.2323
83.4202
86.7865
90.2737
93.9774
97.9961
102.417
107.34
112.839
118.964
125.762
133.244
141.403
150.236
159.736
169.915
180.762
192.281
204.478
217.365
230.947
245.196
260.07
275.518
291.487
307.924
324.766
341.948
359.385
376.986
394.646
412.242
429.616
446.55
462.777
478.006
491.933
504.245
514.647
522.811
528.359
530.886
529.981
525.241
516.367
503.372
493.507
78.5974
80.7504
83.4435
86.5408
89.9972
93.7426
97.6619
101.827
106.334
111.284
116.741
122.807
129.549
137.01
145.2
154.1
163.705
174.02
185.051
196.792
209.244
222.421
236.35
251.033
266.447
282.55
299.289
316.618
334.492
352.866
371.683
390.869
410.335
429.977
449.679
469.282
488.57
507.29
525.164
541.91
557.254
570.895
582.48
591.629
597.938
600.952
600.369
595.947
587.685
581.91
84.9726
87.0341
89.6989
92.9215
96.5781
100.629
104.956
109.575
114.559
120.003
125.988
132.611
139.946
148.039
156.884
166.49
176.837
187.94
199.791
212.393
225.747
239.876
254.807
270.546
287.076
304.356
322.342
340.993
360.274
380.142
400.541
421.399
442.627
464.133
485.802
507.473
528.936
549.945
570.241
589.561
607.63
624.138
638.751
651.117
660.81
667.428
670.67
670.342
666.563
663.968
91.3832
93.2919
95.8982
99.1546
102.961
107.243
111.936
116.962
122.4
128.313
134.803
141.96
149.856
158.531
168.002
178.262
189.314
201.152
213.78
227.197
241.411
256.444
272.32
289.054
306.634
325.029
344.197
364.1
384.698
405.946
427.786
450.151
472.968
496.161
519.616
543.171
566.618
589.721
612.233
633.893
654.419
673.488
690.728
705.7
717.958
727.162
733.121
735.709
735.061
734.683
97.5223
99.2377
101.751
104.988
108.901
113.378
118.346
123.739
129.575
135.93
142.888
150.531
158.931
168.13
178.159
189.011
200.693
213.194
226.518
240.667
255.652
271.493
288.216
305.837
324.354
343.739
363.953
384.952
406.696
429.144
452.248
475.953
500.2
524.913
549.973
575.21
600.409
625.33
649.711
673.271
695.696
716.634
735.704
752.547
766.901
778.643
787.594
793.411
795.994
797.596
103.038
104.556
106.951
110.164
114.129
118.754
123.936
129.625
135.814
142.55
149.913
157.976
166.812
176.473
186.973
198.329
210.532
223.594
237.517
252.301
267.953
284.493
301.948
320.34
339.667
359.903
381.009
402.941
425.662
449.136
473.325
498.195
523.687
549.71
576.125
602.744
629.344
655.666
681.439
706.373
730.166
752.505
773.095
791.679
808.02
821.737
832.23
839.138
842.656
844.663
107.59
108.93
111.227
114.39
118.381
123.112
128.464
134.376
140.832
147.878
155.566
163.964
173.139
183.159
194.049
205.804
218.427
231.93
246.324
261.612
277.793
294.882
312.907
331.893
351.841
372.724
394.503
417.137
440.593
464.844
489.866
515.623
542.051
569.04
596.435
624.041
651.628
678.94
705.703
731.638
756.459
779.88
801.605
821.301
838.612
853.281
865.306
874.783
881.288
885.523
110.906
112.1
114.299
117.444
121.443
126.21
131.666
137.742
144.403
151.666
159.586
168.218
177.628
187.882
199.024
211.06
223.982
237.793
252.512
268.147
284.696
302.166
320.58
339.967
360.333
381.652
403.883
426.985
450.934
475.717
501.314
527.68
554.74
582.37
610.411
638.664
666.904
694.885
722.346
749.018
774.623
798.872
821.475
842.15
860.587
876.358
888.899
897.552
902.429
905.164
112.761
113.871
116.011
119.105
123.099
127.904
133.427
139.579
146.332
153.7
161.73
170.489
180.036
190.426
201.697
213.863
226.923
240.887
255.77
271.581
288.313
305.971
324.576
344.156
364.72
386.242
408.68
431.995
456.168
481.194
507.054
533.692
561.02
588.912
617.205
645.705
674.19
702.42
730.143
757.095
782.99
807.513
830.3
850.96
869.122
884.468
896.741
905.758
911.46
914.863
113.037
114.102
116.223
119.315
123.298
128.098
133.631
139.789
146.529
153.891
161.928
170.69
180.233
190.62
201.891
214.054
227.108
241.064
255.942
271.744
288.463
306.103
324.69
344.25
364.786
386.272
408.669
431.937
456.058
481.025
506.82
533.388
560.636
588.433
616.617
644.995
673.345
701.428
728.992
755.773
781.488
805.817
828.388
848.784
866.591
881.502
893.336
902.052
907.597
910.852
111.635
112.782
114.944
118.064
122.052
126.814
132.267
138.341
144.994
152.255
160.177
168.803
178.208
188.466
199.608
211.63
224.531
238.324
253.024
268.631
285.142
302.566
320.927
340.248
360.531
381.75
403.864
426.833
450.628
475.238
500.646
526.805
553.621
580.968
608.687
636.58
664.419
691.956
718.933
745.085
770.135
793.789
815.747
835.707
853.343
868.199
879.66
887.072
890.714
892.39
108.788
110.061
112.295
115.432
119.383
124.101
129.455
135.359
141.81
148.849
156.536
164.933
174.107
184.121
195.001
206.743
219.344
232.819
247.176
262.414
278.538
295.559
313.5
332.378
352.195
372.925
394.523
416.945
440.153
464.124
488.835
514.244
540.272
566.805
593.684
620.709
647.641
674.22
700.172
725.221
749.086
771.486
792.123
810.66
826.72
840.033
850.548
858.237
862.737
865.218
104.667
106.116
108.443
111.579
115.504
120.121
125.299
130.984
137.163
143.893
151.251
159.311
168.144
177.799
188.293
199.63
211.809
224.833
238.707
253.431
269.009
285.459
302.802
321.058
340.218
360.254
381.122
402.774
425.168
448.264
472.024
496.413
521.365
546.779
572.504
598.344
624.063
649.399
674.072
697.786
720.241
741.127
760.156
777.07
791.594
803.296
811.699
816.511
817.826
818.005
99.5531
101.193
103.62
106.769
110.639
115.095
120.059
125.449
131.273
137.624
144.58
152.221
160.613
169.808
179.829
190.665
202.316
214.776
228.048
242.133
257.034
272.767
289.356
306.817
325.142
344.293
364.224
384.889
406.242
428.232
450.807
473.914
497.496
521.462
545.677
569.955
594.074
617.783
640.813
662.869
683.623
702.72
719.774
734.464
746.589
755.981
762.304
765.25
764.838
763.92
93.775
95.603
98.1139
101.277
105.036
109.292
113.974
118.99
124.424
130.343
136.832
143.977
151.867
160.54
170.003
180.25
191.277
203.077
215.648
228.993
243.119
258.039
273.774
290.332
307.698
325.835
344.692
364.221
384.377
405.107
426.346
448.026
470.078
492.414
514.899
537.35
559.543
581.231
602.156
622.056
640.633
657.55
672.426
684.801
694.277
700.598
703.585
702.973
698.749
695.151
87.6974
89.6594
92.2147
95.3531
98.9617
102.985
107.295
111.9
116.885
122.334
128.319
134.933
142.264
150.357
159.204
168.796
179.124
190.189
201.989
214.522
227.786
241.8
256.585
272.146
288.452
305.46
323.115
341.368
360.174
379.484
399.235
419.347
439.731
460.293
480.901
501.365
521.447
540.886
559.408
576.745
592.62
606.71
618.679
628.169
634.719
637.922
637.509
633.384
625.678
619.204
81.6409
83.6607
86.2285
89.2598
92.6519
96.3672
100.281
104.432
108.928
113.881
119.353
125.414
132.148
139.611
147.804
156.708
166.295
176.579
187.564
199.245
211.615
224.682
238.466
252.97
268.164
283.99
300.392
317.313
334.698
352.496
370.638
389.043
407.616
426.257
444.833
463.157
480.977
498.016
513.982
528.581
541.537
552.539
561.204
567.14
569.958
569.238
564.66
555.871
542.826
532.221
75.896
77.9169
80.3977
83.2037
86.3062
89.6544
93.1457
96.8235
100.831
105.267
110.197
115.692
121.823
128.623
136.119
144.285
153.105
162.586
172.732
183.527
194.97
207.065
219.824
233.237
247.272
261.88
276.994
292.556
308.502
324.763
341.262
357.908
374.603
391.241
407.683
423.74
439.157
453.633
466.866
478.533
488.317
495.918
500.995
503.133
501.877
496.809
487.547
473.848
455.681
439.849
70.7433
72.6447
74.9047
77.3923
80.1337
83.0443
86.051
89.2546
92.7743
96.6846
101.065
106.008
111.535
117.686
124.477
131.887
139.926
148.592
157.893
167.799
178.314
189.439
201.171
213.498
226.376
239.753
253.566
267.751
282.247
296.968
311.829
326.722
341.538
356.166
370.458
384.209
397.162
409.003
419.404
428.037
434.543
438.552
439.691
437.577
431.779
421.805
407.262
387.659
362.805
340.808
66.384
68.0159
69.9196
71.9771
74.2461
76.6327
79.1412
81.8915
84.9271
88.3208
92.1732
96.5476
101.461
106.96
113.041
119.709
126.972
134.825
143.268
152.291
161.879
172.04
182.758
194.016
205.768
217.944
230.484
243.317
256.375
269.579
282.823
295.999
308.979
321.631
333.796
345.246
355.71
364.873
372.385
377.887
381.02
381.392
378.57
372.099
361.523
346.349
326.096
300.44
269.241
240.379
62.944
64.1532
65.5151
67.0227
68.7266
70.5514
72.5887
74.8683
77.3966
80.2838
83.6334
87.4434
91.7571
96.5948
101.981
107.925
114.43
121.504
129.121
137.287
145.972
155.175
164.889
175.092
185.744
196.769
208.088
219.623
231.294
243.026
254.709
266.227
277.45
288.207
298.309
307.517
315.538
322.045
326.682
329.059
328.769
325.393
318.481
307.542
292.052
271.449
245.246
212.815
173.883
137.261
60.6885
61.1553
61.7608
62.5841
63.6306
64.8906
66.4364
68.2323
70.2621
72.6504
75.4979
78.7689
82.5089
86.7085
91.41
96.6388
102.407
108.729
115.567
122.907
130.731
139.009
147.75
156.925
166.507
176.429
186.589
196.889
207.242
217.564
227.756
237.693
247.23
256.176
264.295
271.33
276.975
280.889
282.696
281.993
278.358
271.33
260.401
245.025
224.641
198.63
166.394
127.362
81.2245
35.4588
60.0913
59.0928
58.6459
58.6444
59.0295
59.742
60.7436
62.0231
63.6148
65.5507
67.8951
70.6427
73.7893
77.3959
81.4636
86.0162
91.0853
96.6622
102.739
109.278
116.274
123.68
131.477
139.677
148.247
157.12
166.183
175.318
184.44
193.444
202.22
210.652
218.58
225.782
232.003
236.947
240.292
241.684
240.733
237.01
230.064
219.43
204.565
184.843
159.634
128.298
90.221
44.4132
-9.67466
-63.8791
61.3325
57.8487
56.0966
55.2391
55.0154
55.189
55.6406
56.3933
57.537
59.0033
60.9079
63.1658
65.758
68.8176
72.3217
76.2966
80.7382
85.6295
90.985
96.7832
102.999
109.603
116.537
123.794
131.408
139.341
147.358
155.342
163.296
171.063
178.478
185.429
191.769
197.244
201.566
204.446
205.532
204.431
200.758
194.084
183.934
169.8
151.136
127.206
97.366
60.9178
17.3672
-34.288
-94.6972
-156.376
-38.1301
-44.369
-43.3655
-38.9859
-32.5276
-26.8955
-19.034
-9.40986
0.602239
13.4423
28.9006
44.3291
56.5665
69.4351
84.0656
84.5969
68.3839
56.0532
43.3581
28.2237
12.526
-0.120937
-9.99541
-19.5812
-27.2815
-32.7879
-39.1548
-43.4219
-44.2652
-38.127
-23.1672
-31.1961
-32.86
-31.9202
-27.1775
-22.5105
-15.7451
-6.86712
2.06031
12.5232
25.4208
37.6012
47.1795
56.6747
67.4399
67.9867
55.8273
47.0671
36.8869
24.8859
11.8454
1.52025
-7.33804
-16.2291
-22.8467
-27.4515
-32.1005
-33.0087
-31.2288
-23.2322
-23.4374
-24.3729
-24.5985
-25.4991
-21.9468
-17.6914
-11.9214
-4.29767
3.55813
12.0576
22.1819
32.1713
40.2888
46.8929
53.8793
54.5004
46.2041
40.34
31.58
21.7772
11.5463
3.12738
-4.68614
-12.3289
-17.9985
-22.2306
-25.7297
-24.7774
-24.5193
-23.5584
-23.9165
-22.32
-20.0028
-20.144
-16.9903
-13.1784
-8.32949
-2.02112
4.75612
11.8287
19.892
27.8223
34.6126
39.0364
43.619
44.0965
38.4987
34.6917
27.3932
19.6194
11.4234
4.39828
-2.34088
-8.65763
-13.4382
-17.2356
-20.3963
-20.181
-22.5211
-24.0853
-21.3555
-20.9331
-17.2446
-16.2348
-12.9192
-9.42551
-5.38396
-0.0980434
5.67242
11.5793
18.0104
23.9068
29.3035
32.7569
35.9642
36.3674
32.4035
29.4394
23.6454
17.8642
11.2697
5.37957
-0.372109
-5.67033
-9.66995
-13.1158
-16.4609
-17.4172
-21.1353
-21.5683
-17.5348
-17.8265
-14.6839
-13.381
-9.77504
-6.60389
-3.18051
1.31666
6.12342
10.9608
16.0687
20.4844
24.698
27.5931
30.037
30.3321
27.3934
24.8515
20.307
16.0044
10.7505
5.91659
1.10532
-3.42654
-6.8488
-9.94799
-13.5844
-14.8654
-18.029
-17.7271
-13.8687
-13.9327
-12.2046
-10.8115
-7.36197
-4.75484
-1.70929
2.15613
6.08322
10.0137
14.1679
17.7054
21.077
23.1642
25.1771
25.3746
23.035
21.1766
17.556
14.1215
9.86886
5.94533
2.00219
-1.89678
-4.97149
-7.52673
-11.015
-12.3894
-14.1334
-14.0046
-10.9653
-11.0031
-10.0012
-8.5887
-5.64946
-3.63525
-0.769466
2.46167
5.71231
8.94535
12.3933
15.2513
18.0897
19.4083
21.1222
21.2209
19.3126
18.1349
15.1334
12.3365
8.82293
5.60671
2.32796
-0.91256
-3.82844
-5.80388
-8.78867
-10.1733
-11.2076
-11.0424
-9.0334
-9.0034
-8.10537
-7.08417
-4.58297
-2.9835
-0.165262
2.28943
5.18618
7.75892
10.7327
12.8984
15.387
16.2853
17.6818
17.7039
16.2393
15.3943
12.845
10.6538
7.66666
5.0934
2.16836
-0.297829
-3.15572
-4.73136
-7.25908
-8.24361
-9.14892
-9.15382
-7.677
-7.37054
-6.33971
-5.98568
-3.87964
-2.52952
0.177035
1.78764
4.63206
6.48473
9.24183
10.7198
12.9664
13.6632
14.7689
14.7266
13.6113
12.9028
10.7518
9.07899
6.49653
4.48879
1.78071
-0.00997334
-2.67145
-4.04505
-6.11246
-6.43176
-7.48566
-7.78508
-6.31697
-5.97287
-4.72108
-4.80797
-3.12738
-2.01903
0.316008
1.26758
4.08012
5.35521
7.92522
8.82527
10.9143
11.3886
12.3256
12.2605
11.3544
10.7569
8.90131
7.66028
5.42272
3.86713
1.4873
0.0270456
-2.14772
-3.2581
-4.92105
-4.80548
-6.09591
-6.41566
-5.00683
-4.83805
-3.65185
-3.58426
-2.19756
-1.55223
0.273449
1.14428
3.6278
4.47377
6.73551
7.28919
9.1879
9.38381
10.2043
10.1192
9.49964
8.92427
7.53099
6.39
4.56923
3.33236
1.32515
0.101641
-1.59112
-2.31058
-3.68353
-3.77286
-4.97138
-5.12899
-3.9774
-3.97933
-3.08541
-2.59852
-1.29648
-1.04452
0.474612
1.18338
3.18582
3.89178
5.67997
6.10342
7.68498
7.66628
8.35863
8.27171
7.85706
7.36522
6.44069
5.48095
3.89281
2.97948
1.24542
0.321733
-1.06064
-1.41103
-2.69579
-3.21218
-4.1059
-4.11538
-3.19926
-3.20677
-2.56579
-1.96394
-0.849086
-0.48382
0.867198
1.26635
2.81216
3.41714
4.86095
5.08161
6.22645
6.31004
6.83139
6.74931
6.43592
6.05296
5.22425
4.66831
3.43558
2.62387
1.30997
0.689753
-0.576975
-0.95886
-2.0839
-2.66715
-3.31251
-3.31518
-2.49001
-2.45262
-1.95627
-1.62304
-0.702057
-0.133066
1.0071
1.34753
2.51705
2.6304
4.14783
4.0828
5.05345
5.13599
5.53106
5.45672
5.22797
4.98798
4.19392
3.84818
2.86034
2.29212
1.3139
0.865584
-0.266419
-0.813931
-1.75012
-2.04387
-2.54499
-2.57717
-1.83147
-1.78835
-1.40307
-1.32309
-0.603931
-0.150774
0.783244
1.1086
2.1572
2.11026
3.37311
3.15673
4.01676
4.05216
4.35861
4.29133
4.12979
3.99563
3.34818
3.1671
2.18781
2.00943
1.05061
0.643086
-0.245061
-0.669434
-1.40558
-1.47595
-1.86844
-1.90128
-1.28892
-1.24157
-0.957007
-0.962885
-0.440714
-0.25323
0.472935
0.718636
1.57975
1.53506
2.6016
2.40739
3.06612
3.03962
3.30211
3.22342
3.08932
2.99676
2.45642
2.50569
1.60918
1.46928
0.691758
0.389673
-0.326821
-0.485594
-1.01326
-1.00772
-1.29872
-1.34817
-0.820348
-0.797555
-0.609176
-0.57099
-0.215704
-0.206025
0.306706
0.415656
1.02559
1.00391
1.6764
1.62418
2.13743
2.07335
2.31135
2.24929
2.12122
2.09511
1.67057
1.60333
1.08538
0.959876
0.38156
0.274062
-0.258296
-0.254605
-0.617398
-0.63585
-0.835999
-0.864585
-0.489101
-0.479467
-0.307843
-0.263166
-0.0464157
-0.0422314
0.267075
0.280233
0.636547
0.576813
0.939243
0.872741
1.24053
1.21484
1.31903
1.28251
1.21986
1.20516
0.922746
0.913976
0.622117
0.603501
0.261892
0.239449
-0.0648778
-0.073116
-0.29521
-0.315417
-0.494024
-0.497198
-0.19387
-0.158509
-0.0530617
-0.111436
0.00671446
0.0064331
0.127872
0.11311
0.239795
0.111885
0.297528
0.269385
0.433369
0.442994
0.442278
0.4233
0.413063
0.408099
0.277745
0.284606
0.140307
0.231058
0.107563
0.109791
-0.00319946
-0.000768559
-0.118435
-0.0514478
-0.158155
-0.181371
)
;

boundaryField
{
    INLET
    {
        type            zeroGradient;
    }
    OUTLET
    {
        type            fixedValue;
        value           uniform 0;
    }
    WALL
    {
        type            zeroGradient;
    }
    CYLINDER
    {
        type            zeroGradient;
    }
    frontAndBackPlanes
    {
        type            empty;
    }
}


// ************************************************************************* //
