/*--------------------------------*- C++ -*----------------------------------*\
| =========                 |                                                 |
| \\      /  F ield         | OpenFOAM: The Open Source CFD Toolbox           |
|  \\    /   O peration     | Version:  v1912                                 |
|   \\  /    A nd           | Website:  www.openfoam.com                      |
|    \\/     M anipulation  |                                                 |
\*---------------------------------------------------------------------------*/
FoamFile
{
    version     2.0;
    format      ascii;
    class       volScalarField;
    location    "0.34";
    object      p;
}
// * * * * * * * * * * * * * * * * * * * * * * * * * * * * * * * * * * * * * //

dimensions      [0 2 -2 0 0 0 0];


internalField   nonuniform List<scalar> 
6600
(
167.664
163.537
161.711
160.587
159.769
159.117
158.787
158.76
158.889
159.13
159.514
160.054
160.763
161.635
162.679
163.896
165.327
166.978
168.812
170.787
172.899
175.22
177.753
180.5
183.258
186.074
188.942
191.812
194.593
197.096
199.187
200.773
201.719
201.92
201.202
199.27
195.467
189.285
180.525
168.854
153.679
134.273
109.965
79.9992
43.6964
0.10603
-51.4376
-109.945
-180.735
-257.934
165.269
161.641
160.228
159.03
158.08
157.409
157.083
156.886
156.79
156.831
157.031
157.393
157.87
158.413
159.043
159.722
160.591
161.646
162.881
164.199
165.552
166.986
168.476
170.237
172.05
173.785
175.345
176.716
177.816
178.577
178.715
178.102
176.569
174.004
170.268
165.098
157.92
148.137
135.438
119.482
99.7125
75.3117
45.6216
9.95152
-32.3238
-82.1307
-140.155
-205.62
-281.124
-362.219
162.367
159.006
158.004
156.895
156.043
155.442
155.027
154.682
154.405
154.261
154.224
154.301
154.522
154.829
155.2
155.586
155.889
156.253
156.753
157.351
157.972
158.607
159.221
159.718
160.245
160.678
160.836
160.624
159.951
158.689
156.727
153.876
149.876
144.472
137.577
128.979
118.165
104.473
87.5731
67.1267
42.6059
13.1763
-21.7934
-62.9463
-110.89
-166.534
-230.331
-301.352
-379.013
-458.921
159.311
156.123
155.512
154.433
153.653
153.109
152.582
152.097
151.674
151.374
151.18
150.999
150.824
150.693
150.6
150.694
150.704
150.559
150.324
150.084
149.821
149.492
149.007
148.379
147.529
146.474
145.068
143.153
140.598
137.297
133.061
127.732
121.115
112.857
102.789
90.5984
75.9605
58.3733
37.3
12.2978
-17.0528
-51.463
-91.4161
-137.501
-190.358
-250.781
-318.979
-393.313
-471.519
-547.862
156.124
153.188
152.963
151.792
150.983
150.374
149.757
149.127
148.514
147.953
147.469
147.059
146.624
146.114
145.501
144.853
144.288
143.672
142.867
141.837
140.643
139.325
137.799
135.798
133.451
130.789
127.651
123.893
119.34
113.803
107.238
99.4216
90.0741
78.8622
65.5641
49.9196
31.49
9.87784
-15.2601
-44.4678
-78.2959
-117.13
-161.356
-211.514
-268.132
-331.838
-402.719
-478.796
-556.33
-627.669
152.912
150.116
150.148
148.794
148.075
147.323
146.49
145.67
144.925
144.146
143.255
142.327
141.383
140.41
139.394
138.22
136.843
135.403
133.842
132.008
129.868
127.34
124.588
121.385
117.627
113.239
108.237
102.47
95.812
88.0454
79.0363
68.5868
56.4799
42.4054
25.9581
6.8996
-15.0494
-40.2888
-69.2098
-102.238
-139.796
-182.206
-229.785
-282.887
-341.873
-407.243
-479.149
-555.604
-631.253
-695.778
149.711
146.879
147.058
145.364
144.837
143.914
142.845
141.744
140.692
139.593
138.432
137.121
135.623
133.944
132.15
130.277
128.182
125.853
123.249
120.396
117.262
113.696
109.563
104.854
99.5024
93.4604
86.5824
78.7885
69.8855
59.8678
48.4648
35.4325
20.5199
3.47829
-15.9366
-38.001
-63.1062
-91.5654
-123.642
-159.713
-200.125
-245.083
-294.835
-349.653
-409.73
-475.423
-547.009
-622.491
-694.775
-750.574
146.304
143.534
143.675
141.709
141.32
140.095
138.852
137.577
136.17
134.583
132.848
131.002
129.007
126.805
124.313
121.507
118.442
115.113
111.435
107.325
102.78
97.8109
92.292
86.1862
79.2678
71.4583
62.6971
52.8681
41.9121
29.5752
15.7125
0.14388
-17.3383
-37.0138
-59.1552
-83.9829
-111.746
-142.774
-177.328
-215.63
-257.906
-304.364
-355.179
-410.501
-470.503
-535.49
-605.387
-678.184
-745.879
-791.513
142.578
140.042
140.044
138.205
137.446
135.972
134.546
133.008
131.262
129.316
127.113
124.612
121.814
118.767
115.505
111.883
107.86
103.391
98.5249
93.2325
87.3587
80.852
73.6381
65.6926
57.0082
47.4918
36.8908
25.0802
11.9484
-2.60592
-18.6764
-36.5589
-56.4673
-78.5528
-102.962
-129.965
-159.839
-192.766
-228.952
-268.621
-311.92
-358.918
-409.734
-464.505
-523.371
-586.656
-654.047
-723.018
-784.774
-819.806
138.662
136.467
136.276
134.524
133.596
131.96
130.231
128.28
126.088
123.604
120.867
117.835
114.449
110.603
106.317
101.652
96.5585
90.9629
84.7582
78.008
70.6763
62.6129
53.8265
44.2908
33.7793
22.2688
9.72652
-3.99515
-19.0822
-35.6242
-53.8401
-73.8306
-95.7301
-119.743
-146.072
-174.86
-206.25
-240.438
-277.549
-317.722
-361.1
-407.759
-457.739
-511.088
-567.914
-628.557
-692.797
-757.072
-812.128
-837.703
134.834
133.196
132.755
130.947
129.742
127.829
125.808
123.491
120.821
117.817
114.415
110.602
106.407
101.804
96.7009
91.049
84.8026
78.0124
70.599
62.5135
53.6806
44.1297
33.5843
22.1013
9.84376
-3.42115
-17.8685
-33.5156
-50.4697
-68.8978
-88.9147
-110.682
-134.34
-159.97
-187.653
-217.588
-249.901
-284.658
-322.016
-362.075
-404.865
-450.405
-498.733
-549.886
-603.928
-661.045
-721.134
-780.661
-829.886
-848.367
131.47
129.842
129.374
127.515
126.08
123.821
121.396
118.635
115.47
111.863
107.85
103.38
98.3543
92.7809
86.6878
80.0001
72.6688
64.6625
55.898
46.3792
36.1147
24.9326
13.0647
0.201742
-13.8778
-29.0046
-45.2009
-62.6335
-81.3417
-101.48
-123.139
-146.386
-171.322
-198.078
-226.786
-257.457
-290.166
-325.008
-361.999
-401.214
-442.735
-486.55
-532.607
-580.87
-631.369
-684.438
-739.322
-793.194
-836.998
-852.326
127.741
126.67
126.074
124.056
122.437
119.959
117.224
113.99
110.294
106.093
101.33
96.0394
90.2348
83.8104
76.7542
69.018
60.5698
51.4028
41.4868
30.63
18.9723
6.45175
-7.26408
-21.8322
-37.2733
-53.9648
-71.8287
-90.8845
-111.194
-132.787
-155.748
-180.221
-206.254
-233.852
-263.048
-293.955
-326.578
-360.934
-397.1
-435.065
-474.783
-516.263
-559.496
-604.362
-650.715
-698.728
-746.78
-792.23
-826.63
-840.766
124.996
123.942
123.211
121.141
119.285
116.481
113.454
109.835
105.593
100.819
95.4776
89.4437
82.7408
75.3693
67.2822
58.497
48.9522
38.5426
27.3098
15.2445
2.13797
-11.8409
-26.6118
-42.5824
-59.7339
-77.8431
-97.174
-117.655
-139.331
-162.253
-186.431
-211.825
-238.491
-266.555
-296.022
-326.832
-359.046
-392.651
-427.574
-463.794
-501.326
-540.082
-579.934
-620.769
-662.61
-704.575
-744.308
-777.236
-796.654
-807.356
122.586
121.386
120.822
118.89
116.895
113.838
110.434
106.416
101.784
96.4358
90.4286
83.7603
76.3333
68.1473
59.1474
49.2874
38.6272
27.1432
14.6932
1.31059
-12.9343
-28.354
-44.883
-62.2738
-80.6708
-100.191
-120.808
-142.556
-165.478
-189.472
-214.553
-240.777
-268.114
-296.467
-325.878
-356.378
-387.858
-420.309
-453.744
-488.06
-523.084
-558.766
-594.993
-631.416
-668.049
-703.004
-733.825
-755.728
-763.407
-769.289
121.368
120.212
119.233
117.128
115.153
112.048
108.51
104.158
99.1021
93.3782
86.8462
79.5154
71.3746
62.3847
52.565
41.817
30.0806
17.4033
3.79378
-10.8329
-26.4889
-42.9923
-60.6689
-79.6123
-99.5211
-120.404
-142.302
-165.285
-189.28
-214.296
-240.24
-267.03
-294.692
-323.255
-352.58
-382.568
-413.266
-444.613
-476.468
-508.697
-541.214
-573.784
-606.104
-638.666
-669.744
-697.772
-720.886
-736.047
-743.199
-745.06
120.922
120.126
119.072
116.701
114.553
111.296
107.623
103.118
97.8016
91.6853
84.7619
76.9667
68.293
58.6665
48.0608
36.5013
23.9326
10.3075
-4.40591
-20.1593
-37.1069
-55.3317
-74.4258
-94.4518
-115.666
-137.985
-161.24
-185.461
-210.59
-236.528
-263.285
-290.807
-318.935
-347.544
-376.688
-406.315
-436.189
-466.228
-496.484
-526.853
-557.008
-586.817
-616.229
-644.634
-671.179
-694.427
-711.614
-720.479
-727.451
-727.963
121.188
120.378
119.679
117.604
115.36
112.025
108.241
103.591
98.149
91.7926
84.5294
76.3128
67.1277
56.982
45.7872
33.503
20.0961
5.5825
-10.1028
-26.9803
-44.8859
-63.9235
-84.4273
-106.076
-128.708
-152.38
-177.083
-202.663
-229.018
-256.114
-283.813
-311.983
-340.586
-369.554
-398.674
-427.811
-457.021
-486.181
-515.072
-543.662
-571.962
-599.684
-626.409
-651.6
-674.513
-693.384
-706.101
-712.226
-714.509
-715.814
121.99
121.524
120.898
119.215
117.295
114.071
110.331
105.566
99.9826
93.5363
86.133
77.7293
68.2211
57.6028
45.9011
33.0654
19.0683
3.84742
-12.6412
-30.4079
-49.571
-69.9837
-91.4747
-114.281
-138.351
-163.539
-189.728
-216.806
-244.594
-272.968
-301.839
-331.049
-360.39
-389.689
-418.944
-448.134
-476.97
-505.26
-533.073
-560.44
-587.194
-612.955
-637.503
-660.187
-679.861
-694.466
-701.861
-706.976
-707.515
-708.291
123.925
123.569
122.897
121.407
119.916
117.199
113.727
109.262
103.764
97.2409
89.6696
81.0685
71.3954
60.5221
48.4363
35.1277
20.5784
4.75916
-12.3595
-30.8126
-50.661
-72.023
-94.8511
-119.004
-144.418
-171.07
-198.833
-227.536
-257.039
-287.097
-317.434
-347.868
-378.251
-408.452
-438.251
-467.461
-496.179
-524.303
-551.478
-577.808
-603.211
-627.127
-649.443
-669.69
-685.397
-694.633
-700.633
-702.259
-703.232
-703.557
125.353
125.849
125.891
124.751
123.499
121.304
118.338
114.212
109.119
102.837
95.349
86.6566
76.805
65.7602
53.4674
39.8994
24.9917
8.71842
-9.00553
-28.2391
-48.8409
-70.9067
-94.6527
-119.938
-146.758
-174.965
-204.415
-234.951
-266.285
-298.194
-330.482
-362.82
-394.81
-426.135
-456.739
-486.665
-515.718
-543.711
-570.659
-596.326
-620.199
-642.041
-661.992
-678.85
-691.022
-696.384
-699.123
-700.214
-700.986
-701.068
126.16
127.27
128.335
128.471
128.238
126.702
124.239
120.451
115.822
109.974
102.821
94.3017
84.4507
73.2979
60.8562
47.069
31.9288
15.4002
-2.5636
-22.0983
-43.3321
-66.2665
-90.8168
-117.157
-145.19
-174.884
-206.119
-238.7
-272.33
-306.613
-341.156
-375.627
-409.684
-442.944
-475.05
-505.839
-535.461
-563.988
-591.082
-616.003
-638.356
-658.193
-674.8
-687.132
-693.913
-698.423
-698.891
-699.933
-700.466
-700.471
125.692
128.536
130.618
131.679
132.389
132.021
130.662
127.767
123.759
118.455
111.781
103.631
94.0127
82.9529
70.5025
56.6844
41.4523
24.7246
6.41152
-13.3385
-34.9186
-58.2796
-83.4491
-110.666
-139.85
-170.972
-203.997
-238.642
-274.627
-311.596
-349.119
-386.638
-423.488
-459.07
-493.087
-525.531
-556.364
-585.543
-612.722
-637.087
-658.151
-675.504
-687.686
-694.057
-697.929
-699.216
-700.048
-700.827
-701.311
-701.37
123.447
128.322
130.984
134.335
136.846
137.64
137.592
135.88
132.66
127.971
121.834
114.194
104.973
94.2048
81.8933
68.1197
52.9203
36.3417
18.078
-2.02101
-23.6622
-47.1178
-72.7915
-100.531
-130.538
-162.918
-197.63
-234.58
-273.343
-313.357
-354.111
-395.049
-435.459
-474.476
-511.401
-545.841
-578.119
-608.304
-635.865
-660.341
-680.062
-693.23
-700.462
-703.198
-703.747
-703.568
-703.342
-703.003
-702.79
-702.761
117.855
126.53
130.417
135.314
139.569
142.421
144.174
143.929
141.991
138.286
132.898
125.836
117.075
106.68
94.7034
81.1716
66.0661
49.432
31.3673
11.5243
-10.0273
-33.5995
-59.2338
-87.1889
-117.783
-151.032
-187.066
-225.855
-267.289
-310.885
-355.787
-401.059
-445.875
-489.15
-529.617
-567.068
-601.631
-633.422
-661.449
-684.579
-702.62
-712.748
-714.04
-714.014
-712.202
-710.07
-707.25
-705.11
-703.879
-703.413
108.707
120.779
126.951
135.278
141.844
146.587
150.3
151.942
151.56
149.019
144.533
138.158
129.952
119.981
108.319
95.101
80.3781
63.9508
46.0063
26.5338
5.21946
-18.0073
-43.2232
-70.9949
-101.538
-135.221
-172.339
-212.893
-256.776
-303.685
-352.934
-403.442
-453.81
-502.498
-548.107
-589.402
-626.801
-660.428
-689.045
-711.529
-725.028
-729.306
-729.412
-724.314
-720.031
-715.203
-710.406
-706.471
-704.019
-702.811
94.6708
112.725
119.868
131.8
141.411
149.108
155.334
159.371
160.826
159.767
156.474
151.038
143.545
134.065
122.763
109.802
95.2907
79.1678
61.3667
42.1523
21.4045
-1.08888
-25.7556
-52.8462
-82.6712
-116.001
-153.219
-194.803
-240.822
-291.133
-345.125
-401.559
-458.776
-514.723
-566.861
-613.426
-653.824
-689.287
-720.584
-739.433
-744.706
-743.794
-738.833
-732.97
-726.4
-719.364
-712.444
-706.279
-702.285
-700.199
76.3038
99.8431
109.396
125.705
138.716
149.955
159.312
166.027
169.788
170.497
168.449
164.047
157.385
148.486
137.557
124.846
110.35
94.657
77.2204
58.4024
38.2639
16.4573
-7.31942
-33.0969
-61.759
-94.1148
-130.937
-172.698
-219.829
-272.687
-331.122
-394.118
-459.719
-524.643
-585.661
-639.258
-683.298
-719.036
-747.859
-764.258
-761.83
-753.85
-747.914
-742.451
-736.053
-728.393
-720.105
-711.828
-706.006
-702.582
52.2811
85.1831
95.0597
115.547
132.523
148.299
161.754
171.418
178.006
180.706
180.173
177.029
171.375
163.17
152.77
140.359
125.758
109.816
92.736
74.2454
54.7337
33.9225
11.3228
-12.7941
-39.378
-69.6707
-105.18
-146.567
-194.14
-248.706
-310.977
-380.523
-455.661
-532.468
-605.7
-667.612
-716.921
-754.841
-775.815
-781.922
-778.733
-765.89
-760.251
-755.532
-749.953
-742.593
-733.152
-722.671
-715.614
-712.096
18.1762
60.4398
77.325
103.577
124.265
143.926
161.683
174.997
184.423
189.887
191.9
189.765
184.587
177.308
167.412
154.834
140.51
124.18
107.369
89.3457
70.0503
50.7956
30.1044
7.48491
-17.3392
-45.3966
-78.6093
-118.424
-165.394
-220.46
-285.477
-361.565
-447.064
-538.185
-625.819
-696.082
-744.328
-782.018
-799.649
-799.388
-790.297
-781.871
-775.576
-770.886
-766.414
-760.373
-751.334
-739.676
-731.948
-728.478
90.7253
86.0237
83.6268
82.2167
81.2379
80.6548
80.109
79.5958
79.2238
79.0461
78.9928
79.0328
79.1367
79.3048
79.5604
79.9032
80.3413
80.8265
81.3185
81.8011
82.2474
82.9196
83.6526
84.1707
84.6845
85.1963
85.4989
85.4564
84.8595
83.8447
82.1831
79.5643
75.9014
70.3337
63.0102
53.6916
41.8434
27.0442
8.83995
-13.384
-40.4945
-73.1938
-112.182
-158.447
-212.703
-276.221
-349.287
-430.408
-528.204
-634.399
87.5461
82.5555
80.7665
79.0962
77.7281
76.7466
75.8847
75.0964
74.4447
73.9587
73.577
73.2712
73.0347
72.8105
72.6132
72.4539
72.3656
72.3223
72.2658
72.1669
71.7856
71.2839
70.9175
70.4426
69.6584
68.6859
67.4219
65.7491
63.4103
60.2929
56.3806
51.3115
44.6645
36.1451
25.6498
12.8134
-3.07071
-22.3898
-45.4782
-72.773
-105.403
-144.274
-189.933
-243.285
-304.984
-376.696
-458.25
-548.587
-653.031
-766.285
83.1184
77.8791
76.7777
74.9023
73.2726
71.9274
70.7982
69.7801
68.8901
68.1171
67.4326
66.7924
66.1691
65.5133
64.8484
64.1363
63.3915
62.6307
61.8397
61.0619
60.1545
58.8563
57.4035
55.8591
53.8829
51.3795
48.4163
44.9073
40.5842
35.0612
28.429
20.5598
10.8825
-0.730449
-14.7018
-31.5017
-51.6167
-75.4934
-103.654
-136.359
-174.937
-219.959
-272.223
-332.61
-401.785
-480.915
-570.154
-668.35
-776.13
-889.155
77.9384
72.4332
71.8335
69.3955
67.7641
66.304
64.9023
63.6309
62.4789
61.3899
60.323
59.2703
58.1962
57.0862
55.9556
54.7586
53.4554
51.9945
50.3299
48.5143
46.6014
44.371
41.9359
39.2815
36.0996
32.0856
27.3626
21.8203
15.2502
7.4506
-1.80314
-12.6701
-25.3584
-40.4135
-58.226
-79.1348
-103.597
-132.148
-165.372
-203.856
-248.328
-299.546
-358.116
-424.869
-500.596
-586.176
-681.761
-785.429
-894.738
-1004.47
72.1309
66.1795
66.0204
62.9226
61.3876
59.7396
58.1052
56.5874
55.1368
53.6718
52.1873
50.626
48.9874
47.2707
45.4843
43.6006
41.6233
39.5126
37.1378
34.5187
31.6247
28.2339
24.4156
20.3356
15.6515
10.095
3.64594
-3.8893
-12.71
-22.9933
-34.9043
-48.6941
-64.6727
-83.3536
-105.019
-130.02
-158.92
-192.172
-230.412
-274.298
-324.243
-380.978
-445.14
-517.4
-598.408
-688.984
-789.062
-896.091
-1005.94
-1111.39
65.5745
59.34
59.5602
55.7086
54.5068
52.5142
50.665
48.8662
47.0099
45.1353
43.1596
41.0914
38.9298
36.6411
34.1863
31.532
28.6486
25.535
22.1101
18.4301
14.5006
10.0959
5.04853
-0.63957
-7.1262
-14.5482
-23.0287
-32.6986
-43.7455
-56.4292
-70.9632
-87.665
-106.901
-129.083
-154.598
-183.639
-216.739
-254.437
-297.239
-345.826
-400.674
-462.188
-530.815
-607.17
-691.873
-785.671
-888.501
-997.766
-1107.35
-1207.28
58.3472
51.965
52.3711
48.1365
47.006
44.7088
42.5883
40.4764
38.3046
36.0168
33.611
30.999
28.1927
25.2145
22.0162
18.581
14.8464
10.7935
6.3589
1.42087
-3.9255
-9.8191
-16.3128
-23.5487
-31.8024
-41.1337
-51.5948
-63.4272
-76.8682
-92.1706
-109.516
-129.23
-151.702
-177.185
-206.093
-238.905
-275.974
-317.657
-364.453
-416.921
-475.481
-540.547
-612.515
-691.749
-778.627
-873.932
-977.971
-1088.03
-1196.13
-1288.51
50.4085
44.0743
44.3981
40.136
38.8729
36.3154
33.9795
31.5581
29.0232
26.3248
23.4391
20.3692
17.0356
13.3841
9.39013
5.0499
0.31588
-4.8507
-10.4173
-16.4762
-23.1186
-30.4634
-38.6721
-47.7301
-57.8579
-69.238
-81.9005
-96.0486
-111.921
-129.771
-149.839
-172.419
-197.785
-226.402
-258.607
-294.642
-334.913
-379.889
-429.917
-485.408
-546.754
-614.284
-688.239
-768.919
-856.652
-952.095
-1055.74
-1165.17
-1269.91
-1352.15
41.5269
35.7219
35.7761
31.5257
30.0536
27.2459
24.77
22.0408
19.0847
15.9246
12.483
8.75625
4.7482
0.426999
-4.26261
-9.36759
-14.953
-21.0886
-27.8916
-35.3259
-43.4583
-52.3694
-62.1492
-72.9464
-84.9224
-98.214
-112.952
-129.373
-147.703
-168.145
-190.884
-216.181
-244.385
-275.764
-310.679
-349.493
-392.494
-439.957
-492.284
-549.862
-612.905
-681.673
-756.484
-837.486
-924.861
-1019.22
-1120.88
-1227.22
-1326.2
-1395.39
32.1409
27.2056
26.7377
22.7636
21.0737
17.9568
15.1524
12.013
8.59661
4.85909
0.842412
-3.53793
-8.29712
-13.4986
-19.1359
-25.2391
-31.8445
-38.9726
-46.7222
-55.3139
-64.7758
-75.2455
-86.7428
-99.2529
-113.041
-128.305
-145.138
-163.689
-184.177
-206.777
-231.822
-259.543
-290.123
-323.88
-361.118
-402.077
-446.997
-496.27
-550.107
-608.755
-672.53
-741.612
-816.08
-896.13
-982.049
-1074.27
-1172.46
-1273.34
-1364.71
-1419.72
22.4694
18.3183
17.6404
13.8016
11.8923
8.50292
5.35868
1.74562
-2.22905
-6.55571
-11.3164
-16.4709
-22.0261
-28.0341
-34.5747
-41.7073
-49.4786
-57.9588
-67.0901
-76.9364
-87.659
-99.384
-112.327
-126.512
-141.969
-158.863
-177.413
-197.866
-220.412
-245.203
-272.266
-301.907
-334.479
-370.146
-409.055
-451.49
-497.743
-547.976
-602.472
-661.432
-724.915
-793.124
-866.29
-944.426
-1027.66
-1116.44
-1210.23
-1304.49
-1386.56
-1428.21
12.9273
9.24598
8.47323
4.87089
2.73166
-0.97932
-4.53795
-8.64009
-13.1376
-18.0886
-23.4783
-29.3934
-35.8891
-42.9177
-50.4936
-58.6419
-67.4416
-76.9777
-87.4072
-98.7352
-110.968
-124.194
-138.502
-154.117
-171.247
-189.902
-210.181
-232.252
-256.295
-282.484
-311.199
-342.503
-376.47
-413.359
-453.459
-496.865
-543.685
-594.181
-648.47
-706.733
-769.175
-835.79
-906.596
-981.73
-1061.32
-1145.65
-1234.44
-1322.04
-1394.53
-1424.8
3.10253
0.2904
-0.504674
-4.10506
-6.34458
-10.2622
-14.1406
-18.7088
-23.7504
-29.3639
-35.5102
-42.1668
-49.3665
-57.2521
-65.8446
-75.1664
-85.2331
-96.0323
-107.593
-120.109
-133.655
-148.344
-164.258
-181.361
-199.821
-219.862
-241.565
-265.121
-290.755
-318.508
-348.325
-380.565
-415.555
-453.338
-493.947
-537.552
-584.345
-634.435
-687.942
-744.903
-805.326
-869.361
-937.061
-1008.35
-1083.3
-1162.3
-1244.85
-1325.9
-1391.12
-1412.4
-5.81227
-8.03708
-8.85319
-12.3939
-14.9071
-19.1564
-23.3981
-28.3538
-33.8756
-40.0047
-46.8108
-54.2912
-62.444
-71.2014
-80.6226
-90.8051
-101.821
-113.775
-126.667
-140.494
-155.338
-171.271
-188.472
-207.084
-227.109
-248.577
-271.648
-296.38
-322.9
-351.498
-382.436
-415.648
-451.156
-489.16
-529.846
-573.304
-619.535
-668.59
-720.497
-775.379
-833.315
-894.181
-957.956
-1024.57
-1093.93
-1166.89
-1241.95
-1314.83
-1372.32
-1391.28
-13.6262
-15.4684
-16.3242
-19.8864
-22.4851
-26.9993
-31.6274
-37.0634
-43.1661
-49.9418
-57.3466
-65.4157
-74.2646
-83.9018
-94.3411
-105.557
-117.564
-130.419
-144.279
-159.216
-175.277
-192.533
-210.958
-230.637
-251.785
-274.432
-298.65
-324.62
-352.444
-382.024
-413.438
-446.959
-482.756
-520.862
-561.279
-603.976
-649.1
-696.721
-746.813
-799.243
-853.962
-911.01
-970.307
-1031.69
-1094.81
-1160.19
-1225.39
-1285.97
-1330.5
-1349.47
-19.6012
-21.2833
-22.5312
-26.2053
-29.1758
-33.8548
-38.7586
-44.5652
-51.1225
-58.478
-66.5895
-75.4416
-84.9627
-95.2641
-106.394
-118.446
-131.457
-145.402
-160.254
-176.166
-193.19
-211.443
-231.063
-252.01
-274.262
-298.016
-323.238
-349.96
-378.302
-408.47
-440.515
-474.445
-510.271
-548.011
-587.774
-629.68
-673.596
-719.431
-767.104
-816.645
-868.009
-921.019
-975.468
-1030.92
-1087.7
-1144.25
-1197.53
-1241.21
-1266.47
-1282.15
-24.3794
-25.5471
-26.7578
-30.6908
-34.1137
-39.2404
-44.5462
-50.7711
-57.7908
-65.5371
-74.0873
-83.5154
-93.8117
-104.938
-116.88
-129.674
-143.413
-158.216
-174.082
-191.013
-209.063
-228.255
-248.651
-270.436
-293.618
-318.095
-344.133
-371.753
-400.941
-431.644
-463.954
-497.935
-533.627
-571.059
-610.175
-650.895
-693.277
-737.281
-782.818
-829.598
-877.387
-926.065
-975.443
-1025.03
-1074.62
-1121.9
-1163.32
-1192.38
-1202.08
-1211.16
-27.4614
-28.663
-29.9581
-33.5368
-37.045
-42.4779
-48.184
-55.0112
-62.5335
-70.7857
-79.8119
-89.678
-100.46
-112.171
-124.867
-138.523
-153.098
-168.657
-185.348
-203.149
-222.135
-242.351
-263.796
-286.446
-310.479
-335.964
-362.676
-390.78
-420.326
-451.326
-483.762
-517.699
-553.176
-590.1
-628.445
-668.212
-709.317
-751.558
-794.663
-838.598
-883.251
-928.276
-973.105
-1017.57
-1060.38
-1098.88
-1129.77
-1148.93
-1157.75
-1161.56
-28.2433
-29.6302
-31.2465
-34.7665
-38.4246
-44.0638
-50.0727
-57.1939
-64.9395
-73.5402
-83.0481
-93.486
-104.882
-117.192
-130.442
-144.77
-160.137
-176.522
-194.002
-212.674
-232.506
-253.517
-275.785
-299.365
-324.107
-350.121
-377.586
-406.33
-436.397
-467.789
-500.497
-534.483
-569.665
-606.098
-643.765
-682.548
-722.303
-762.979
-804.464
-846.286
-888.078
-929.746
-970.832
-1011.32
-1048.72
-1080.66
-1102.64
-1111.69
-1122.44
-1125.27
-27.0235
-28.7787
-30.7377
-34.58
-38.4382
-43.9797
-49.9966
-57.1613
-65.1404
-74.0429
-83.918
-94.706
-106.519
-119.41
-133.308
-148.223
-164.288
-181.522
-199.826
-219.273
-239.984
-261.952
-285.082
-309.465
-335.254
-362.201
-390.257
-419.579
-450.09
-481.764
-514.561
-548.46
-583.535
-619.634
-656.673
-694.666
-733.542
-773.007
-812.749
-852.746
-892.798
-932.433
-971.484
-1007.94
-1040.87
-1067.55
-1083.78
-1087.44
-1090.62
-1096.31
-24.3532
-26.6165
-28.3485
-32.0054
-36.0939
-41.6624
-47.7288
-54.9639
-63.2724
-72.4776
-82.6178
-93.7421
-105.888
-119.133
-133.552
-149.021
-165.605
-183.469
-202.634
-222.972
-244.511
-267.264
-291.344
-316.667
-343.138
-370.956
-400.001
-430.137
-461.318
-493.43
-526.494
-560.573
-595.524
-631.376
-668.068
-705.476
-743.503
-782.068
-821.027
-860.138
-899.327
-937.705
-974.16
-1008.23
-1037.64
-1057.89
-1066.07
-1073.9
-1072.41
-1077.18
-19.978
-23.2017
-25.4079
-29.0509
-32.8013
-38.0634
-44.0801
-51.177
-59.3811
-68.6372
-78.8672
-90.2199
-102.671
-116.256
-131.099
-147.152
-164.355
-182.755
-202.523
-223.689
-246.159
-269.909
-294.878
-321.192
-348.85
-377.533
-407.305
-438.186
-470.169
-503.134
-536.849
-571.199
-606.265
-642.015
-678.436
-715.507
-753.128
-791.176
-829.44
-867.712
-906.01
-943.977
-979.318
-1010.83
-1036.48
-1051.84
-1055.38
-1057.66
-1059.34
-1062.4
-14.2512
-18.3151
-20.8019
-24.6573
-28.3239
-33.1964
-38.9114
-45.8448
-53.9076
-63.1187
-73.4516
-84.9611
-97.546
-111.306
-126.347
-142.766
-160.554
-179.591
-199.925
-221.649
-244.895
-269.588
-295.696
-323.052
-351.683
-381.681
-412.83
-444.994
-477.871
-511.444
-545.721
-580.622
-616.047
-651.944
-688.314
-725.202
-762.58
-800.324
-838.445
-876.952
-915.533
-952.178
-985.352
-1014.66
-1034.57
-1041.11
-1048.18
-1047.68
-1050.12
-1051.79
-8.06367
-12.547
-15.2467
-19.1307
-23.0672
-27.879
-33.2171
-39.6969
-47.396
-56.3879
-66.6446
-78.0799
-90.7576
-104.648
-119.834
-136.41
-154.465
-173.98
-194.949
-217.379
-241.427
-266.983
-294.093
-322.735
-352.639
-383.639
-415.814
-449.161
-483.553
-518.546
-553.847
-589.468
-625.399
-661.621
-698.165
-734.982
-772.124
-809.759
-847.833
-886.192
-923.838
-959.517
-991.888
-1017.4
-1032.11
-1035.31
-1036.62
-1039.29
-1042.29
-1043.7
-2.192
-6.78779
-9.57168
-13.0878
-16.9315
-21.6558
-26.9036
-33.1784
-40.4923
-48.9936
-58.7674
-69.8021
-82.2485
-96.1446
-111.455
-128.177
-146.464
-166.34
-187.704
-210.749
-235.514
-262.01
-290.138
-319.737
-351.116
-383.886
-417.785
-452.608
-488.294
-524.65
-561.327
-598.068
-634.738
-671.399
-708.129
-745.125
-782.419
-819.789
-857.542
-895.576
-933.129
-968.589
-998.179
-1017.12
-1024.28
-1031.49
-1030.44
-1033.46
-1036.42
-1037.73
3.21746
-0.969938
-4.2614
-7.60061
-10.8609
-14.9076
-19.5848
-25.478
-32.3499
-40.3926
-49.6961
-60.453
-72.6672
-86.3847
-101.624
-118.476
-136.93
-157.083
-178.905
-202.4
-227.791
-255.143
-284.424
-315.426
-347.952
-382.007
-417.596
-454.431
-492.061
-530.203
-568.506
-606.644
-644.431
-681.802
-718.873
-755.778
-792.766
-830.31
-868.157
-905.084
-941.284
-976.844
-1005.45
-1017.76
-1020.92
-1022.72
-1025.61
-1028.82
-1031.71
-1033.03
7.75485
4.86446
1.26242
-2.00388
-5.14255
-8.85435
-12.8978
-18.1029
-24.4155
-31.8342
-40.5055
-50.6042
-62.3012
-75.6275
-90.6499
-107.446
-125.954
-146.286
-168.502
-192.068
-218.194
-246.257
-276.289
-308.601
-342.792
-378.708
-416.195
-455.055
-494.938
-535.279
-575.676
-615.687
-654.945
-693.337
-730.879
-767.885
-804.834
-841.782
-878.326
-914.246
-950.718
-985.154
-1007.72
-1015.35
-1020.65
-1019.52
-1022.78
-1025.39
-1027.71
-1028.97
10.2541
10.3
4.67727
2.64277
0.284325
-2.66738
-5.85779
-10.1834
-15.7803
-22.69
-30.8863
-40.4366
-51.5958
-64.5679
-79.3584
-95.9556
-114.376
-134.772
-157.191
-181.382
-207.697
-236.657
-267.73
-300.827
-336.453
-374.047
-413.543
-454.637
-497.044
-540.094
-583.168
-625.628
-666.843
-706.343
-744.593
-781.46
-817.465
-854.122
-890.457
-925.159
-958.45
-988.898
-1006.17
-1012.39
-1013.64
-1016.9
-1019.93
-1022.45
-1024.49
-1025.52
8.08688
15.5338
8.97679
7.64815
5.04789
2.44785
0.275967
-3.12957
-7.91889
-14.3887
-22.0367
-30.9778
-41.3096
-53.7506
-68.2207
-84.4594
-102.549
-122.795
-145.182
-169.581
-196.401
-225.678
-257.731
-291.983
-328.844
-368.48
-410.336
-453.688
-498.925
-545.077
-591.344
-636.802
-680.403
-722.184
-761.43
-798.293
-833.211
-867.854
-902.324
-939.082
-972.86
-989.04
-997.585
-1008.09
-1007.68
-1013.18
-1017.18
-1020.39
-1022.5
-1023.16
-18.2102
13.4393
13.0284
12.1473
10.5449
8.23274
6.66196
5.7764
1.68333
-5.7527
-13.6215
-22.3582
-32.3727
-44.4253
-58.3011
-74.3688
-92.4914
-112.467
-134.506
-159.377
-186.903
-216.663
-249.347
-284.619
-322.318
-363.426
-407.446
-452.977
-501.483
-551.326
-601.377
-650.294
-697.232
-741.67
-782.135
-818.336
-853.064
-882.91
-909.154
-935.644
-966.545
-980.903
-986.545
-993.707
-1002.04
-1009.3
-1015.38
-1019.73
-1022.24
-1022.79
-6.90304
17.0795
14.742
12.4645
10.0933
8.12566
5.98171
5.32845
3.92137
-1.82526
-8.83217
-16.5346
-25.1999
-36.0464
-50.0447
-65.6869
-83.8684
-104.396
-127.446
-152.484
-180.267
-210.962
-244.568
-280.751
-319.648
-362.121
-408.256
-457.528
-509.893
-564.003
-618.884
-672.33
-723.638
-771.045
-813.318
-850.098
-879.882
-906.503
-934.147
-960.916
-980.965
-989.172
-989.92
-989.609
-999.131
-1008.25
-1016.11
-1021.62
-1024.47
-1024.86
5.61861
13.1205
13.1925
11.8619
9.01595
5.90503
4.54588
3.4742
0.641623
-4.33771
-10.7337
-16.8513
-25.4887
-36.1602
-50.7955
-67.6704
-87.0334
-109.221
-133.45
-159.197
-187.012
-218.263
-253.428
-290.973
-331.551
-376.253
-425.959
-479.518
-536.772
-595.705
-655.349
-713.555
-767.427
-818.365
-862.248
-892.979
-918.108
-942.705
-962.693
-974.114
-978.159
-978.8
-981.336
-988.009
-998.9
-1010.36
-1020.39
-1027.29
-1030.55
-1030.73
12.7369
13.4493
12.1967
10.0191
8.97934
5.86189
2.96433
1.54309
-2.25384
-7.2641
-15.6218
-23.2425
-31.5793
-44.8661
-61.0443
-80.0048
-100.66
-124.761
-150.875
-179.001
-208.607
-240.864
-276.969
-316.81
-359.659
-407.172
-460.581
-519.316
-581.699
-646.936
-711.353
-773.256
-832.066
-883.713
-920.749
-945.823
-965.665
-977.9
-980.085
-973.829
-967.831
-969.698
-976.787
-988.19
-1001.62
-1015.89
-1028.76
-1037.39
-1041.08
-1040.97
15.0445
12.133
9.03676
6.97539
6.36565
4.66476
3.47084
1.34459
-2.85408
-13.4671
-20.6652
-26.5397
-37.5082
-54.6476
-73.5722
-95.928
-120.974
-147.286
-175.019
-204.573
-236.459
-271.263
-309.692
-352.291
-398.563
-450.512
-508.931
-574.07
-644.067
-715.182
-785.605
-854.358
-914.701
-959.378
-988.965
-1005.97
-1008.3
-1006.75
-985.232
-968.815
-964.143
-968.74
-979.516
-992.837
-1008.63
-1025.78
-1042.09
-1052.37
-1056.37
-1056.15
13.8291
8.2587
2.57372
-0.118809
0.125657
-1.26268
-2.4208
-12.4625
-17.6072
-20.985
-29.3332
-36.3152
-47.1391
-65.526
-87.9541
-112.452
-140.466
-170.023
-200.888
-232.657
-266.295
-303.355
-345.743
-392.364
-443.383
-500.823
-567.768
-641.641
-720.198
-800.303
-880.325
-951.924
-1007.04
-1046.15
-1067.07
-1065.45
-1045.5
-1013.11
-991.776
-975.697
-973.92
-979.747
-990.249
-1004.6
-1021.79
-1040.5
-1058.35
-1070.15
-1074.5
-1074
7.96752
-0.475896
-10.4877
-15.4017
-12.169
-16.9997
-29.4322
-34.9668
-40.6034
-42.1519
-43.3161
-51.5617
-66.3642
-87.9579
-112.772
-138.97
-167.243
-196.414
-226.92
-259.965
-296.136
-335.636
-381.904
-433.955
-491.953
-557.997
-634.587
-720.233
-811.158
-904.913
-991.747
-1060.47
-1113.31
-1145.08
-1143.27
-1112.64
-1066.37
-1029.14
-1007.65
-998.189
-995.282
-1000.38
-1010.87
-1024.46
-1040.61
-1058.37
-1075.66
-1087.86
-1092.85
-1092.76
-4.88707
-24.232
-41.5148
-41.2552
-37.4021
-67.9878
-80.8541
-75.7493
-72.177
-73.7059
-76.0798
-82.8199
-96.6003
-121.896
-150.385
-179.788
-206.443
-233.206
-259.991
-289.647
-325.341
-367.128
-416.745
-475.852
-542.425
-619.91
-708.602
-810.235
-920.247
-1027.86
-1116.72
-1187.73
-1233.3
-1239.33
-1202.63
-1145.82
-1097.88
-1066.88
-1045.39
-1032.54
-1028.8
-1032.36
-1039.81
-1050.74
-1064.06
-1079.04
-1094.07
-1105.41
-1110.47
-1111.21
-34.5188
-63.7339
-91.8978
-111.363
-126.329
-139.421
-154.155
-149.356
-137.207
-128.338
-124.061
-131.693
-157.407
-196.661
-218.859
-234.62
-254.604
-275.885
-298.916
-324.532
-357.189
-400.107
-452.852
-517.96
-593.861
-684.584
-793.24
-918.854
-1049.32
-1166.97
-1264.61
-1331.93
-1351.53
-1313.53
-1254.64
-1202.46
-1159.9
-1123.89
-1098.71
-1082.48
-1073.81
-1072.18
-1075.58
-1082.43
-1091.57
-1102.46
-1113.88
-1123.18
-1127.78
-1129.91
-88.0214
-163.409
-245.732
-282.629
-318.474
-325.586
-314.302
-274.115
-237.405
-215.352
-206.118
-216.765
-255.97
-306.27
-331.999
-313.718
-311.423
-319.232
-334.711
-358.216
-389.623
-433.417
-490.567
-561.622
-649.238
-758.881
-897.401
-1049.14
-1197.15
-1327.76
-1427.43
-1466.23
-1443.33
-1398
-1343.43
-1289.2
-1240.24
-1199.62
-1167.67
-1142.9
-1127.65
-1118.67
-1115.89
-1117.22
-1121.51
-1127.77
-1135.26
-1142.22
-1146.67
-1151.08
-229.064
-393.579
-551.693
-655.156
-673.689
-624.576
-544.218
-462.133
-396.553
-353.413
-335.235
-347.339
-397.767
-440.955
-466.64
-406.171
-375.758
-369.137
-371.159
-388.367
-419.866
-466.41
-529.859
-608.798
-715.16
-854.787
-1022.61
-1197.89
-1361.29
-1497.2
-1571.77
-1583.37
-1557.99
-1512.09
-1455.57
-1395.75
-1339.68
-1288.55
-1245.79
-1211.13
-1185.43
-1167.49
-1156.98
-1152.04
-1151.1
-1152.95
-1156.98
-1162.15
-1166.94
-1172.59
-472.136
-763.997
-1047.62
-1201.39
-1165.51
-1023.73
-860.109
-706.803
-586.241
-510.989
-470.343
-479.508
-528.38
-572.003
-558.913
-484.07
-432.386
-413.648
-407.621
-417.102
-447.206
-496.232
-568.466
-665.563
-795.266
-966.171
-1162.81
-1357.98
-1528.07
-1646.38
-1707.05
-1719.91
-1697.07
-1650.03
-1589.1
-1519.55
-1448.51
-1383.36
-1325.32
-1277.96
-1240.25
-1212.73
-1193.93
-1182.71
-1176.8
-1174.95
-1176.47
-1180.66
-1185.94
-1191.08
-800.455
-1244.03
-1658.36
-1838.7
-1733.92
-1474.61
-1196.58
-944.423
-758.1
-640.566
-575.616
-568.851
-596.67
-620.435
-582.199
-523.008
-464.254
-437.802
-429.608
-435.939
-464.972
-518.67
-601.616
-721.547
-882.452
-1080.36
-1297.94
-1504.1
-1667.97
-1778.8
-1844.99
-1869.11
-1849.45
-1800.2
-1728.89
-1642.63
-1552.33
-1468.2
-1393.56
-1332.36
-1283.52
-1246.73
-1220.99
-1204.4
-1194.86
-1190.65
-1190.68
-1194.23
-1199.56
-1203.81
-1103.47
-1644.99
-2141.28
-2361
-2169.06
-1796.83
-1405.82
-1084.2
-838.241
-685.03
-610.359
-589.69
-604.809
-614.278
-563.369
-530.978
-464.021
-434.279
-425.31
-433.003
-463.679
-526.342
-626.939
-764.648
-948.846
-1172.11
-1404.66
-1614.15
-1773.57
-1888.8
-1969.72
-2006.22
-1987.43
-1926.18
-1839.21
-1735.19
-1627.28
-1525.54
-1437.14
-1364.45
-1307.17
-1263.64
-1232.82
-1212.84
-1201.48
-1196.63
-1196.24
-1199.4
-1204.76
-1208.89
-1236.37
-1741.97
-2188.82
-2373.7
-2203.19
-1850.11
-1427.34
-1066.95
-798.844
-647.262
-577.254
-545.336
-550.893
-563.53
-526.443
-493.321
-431.414
-407.722
-398.322
-404.887
-434.977
-503.404
-615.654
-778.325
-980.21
-1215.39
-1455.06
-1663.69
-1824.83
-1949
-2038.66
-2079.03
-2056.73
-1988.94
-1890.38
-1774.95
-1656.35
-1544.63
-1448.01
-1369.27
-1307.1
-1260.08
-1226.78
-1205.57
-1193.99
-1189.51
-1189.37
-1193.27
-1199.57
-1204.22
-1139.17
-1525.89
-1853.31
-1992.6
-1885.4
-1607.52
-1242.53
-906.003
-669.14
-539.879
-476.839
-451.586
-462.814
-485.556
-474.698
-420.754
-393.275
-356.941
-345.592
-349.868
-379.09
-448.665
-567.307
-738.623
-946.883
-1185.19
-1429.36
-1636.89
-1798.71
-1926.56
-2018.09
-2059.58
-2040.67
-1973.41
-1873.22
-1756.21
-1635.82
-1522.48
-1424.36
-1344.64
-1282.03
-1234.89
-1202.03
-1181.6
-1171.14
-1167.5
-1169.25
-1175.32
-1183.13
-1188.67
-945.716
-1182.97
-1378.07
-1450.67
-1371.74
-1174.15
-914.203
-665.381
-491.763
-386.567
-339.477
-327.693
-346.501
-374.483
-392.031
-361.088
-332.513
-288.85
-269.857
-267.99
-289.562
-356.96
-480.86
-643.909
-844.759
-1074.87
-1316.31
-1523.74
-1685.81
-1816.14
-1906.42
-1948.51
-1938.13
-1880.66
-1790.38
-1681.93
-1568.64
-1461.28
-1368.15
-1292.16
-1233.12
-1189.51
-1159.73
-1142.1
-1134.21
-1133.31
-1137.65
-1145.77
-1155.71
-1162.57
-739.26
-856.728
-933.323
-944.994
-882.747
-753.822
-589.544
-427.256
-293.653
-216.236
-190.696
-191.07
-213.207
-248.007
-288.892
-299.07
-258.883
-224.639
-193.401
-178.314
-187.657
-235.254
-340.368
-490.625
-674.271
-886.1
-1113.33
-1318.04
-1486.72
-1619.78
-1714.61
-1763.82
-1766.5
-1725.97
-1653.33
-1561.83
-1463.5
-1368.93
-1286.18
-1218.69
-1166.47
-1128.62
-1103.92
-1090.66
-1086.62
-1089.19
-1096.68
-1107.58
-1118.96
-1127.66
-602.839
-614.928
-601.657
-564.349
-500.502
-408.335
-300.562
-190.639
-102.191
-59.6045
-53.7942
-61.3354
-85.0175
-128.564
-171.021
-203.166
-203.814
-174.293
-131.155
-103.27
-93.6898
-115.667
-184.219
-299.831
-455.768
-640.221
-841.463
-1038.76
-1212.96
-1356.87
-1465.48
-1529.39
-1551.31
-1532.14
-1481.63
-1412.76
-1335.09
-1258.27
-1190
-1133.72
-1090.11
-1059.29
-1040.6
-1032.49
-1032.85
-1039.55
-1050.92
-1064.83
-1078.12
-1085.54
-549.048
-456.054
-362.716
-279.199
-202.566
-134.456
-66.4283
-2.7895
46.453
68.0469
64.6705
50.6375
24.9005
-15.0569
-62.1968
-99.6181
-126.366
-125.019
-95.4218
-48.7428
-16.7879
-9.73228
-40.6697
-108.509
-223.065
-371.913
-546.098
-728.239
-901.511
-1055.8
-1183.06
-1270.05
-1316.1
-1323.02
-1300.5
-1258.03
-1203.42
-1146.06
-1093.36
-1048.91
-1014.25
-990.479
-977.557
-974.172
-978.548
-989.026
-1004.34
-1021.7
-1037
-1044.35
-545.15
-355.934
-206.794
-84.8412
-1.53296
58.0813
104.274
143.328
168.177
169.982
154.264
133.968
109.033
74.7834
30.7001
-11.6595
-42.3389
-55.8468
-46.8154
-19.4206
25.2774
69.3811
84.9784
68.0091
0.45538
-112.707
-260.321
-427.061
-600.007
-765.401
-906.855
-1025.36
-1099.01
-1134.7
-1139.88
-1120.72
-1086.04
-1045.87
-1007.35
-974.131
-948.4
-931.328
-922.982
-922.795
-929.691
-942.722
-961.246
-981.794
-999.329
-1007.45
-581.82
-318.339
-115.624
41.9923
138.76
190.443
222.387
243.207
248.352
234.558
214.659
192.358
164.398
131.601
98.175
62.0435
29.4501
8.83083
1.20659
16.3752
49.4969
94.1805
150.012
183.34
159.237
84.6373
-31.6734
-182.496
-356.394
-536.292
-703.587
-839.204
-934.463
-990.198
-1013.61
-1011.62
-993.423
-968.256
-942.285
-918.967
-900.644
-888.521
-882.7
-883.427
-890.81
-904.445
-924.485
-947.674
-967.758
-976.857
-511.741
-303.592
-70.9478
110.721
220.565
264.713
285.473
293.607
291.095
275.111
251.349
224.644
196.675
168.834
140.971
111.557
85.1364
59.8757
42.9109
41.5443
57.3573
96.584
145.809
186.737
207.032
183.166
109.837
-19.4376
-186.614
-371.358
-552.077
-707.321
-821.366
-896.817
-933.971
-940.986
-932.549
-917.734
-901.181
-885.399
-871.908
-861.977
-856.606
-857.064
-863.785
-876.027
-895.161
-919.332
-941.702
-951.911
-327.588
-209.802
-17.3652
136.097
242.941
293.623
305.576
307.346
300.189
286.369
267.535
244.91
218.922
193.082
166.147
138.841
115.51
94.5487
77.5836
63.3223
63.7906
81.0058
115.004
155.677
183.885
183.543
144.483
56.3781
-80.7256
-255.322
-445.461
-621.191
-757.73
-853.527
-901.757
-910.775
-903.473
-891.38
-878.194
-865.738
-854.921
-846.731
-842.057
-842.531
-848.39
-858.344
-874.513
-895.771
-917.767
-929.786
-159.226
-72.1578
33.708
145.736
227.006
274.145
291.97
299.113
296.968
288.345
272.988
251.628
229.253
206.032
180.071
154.552
130.074
109.732
94.0355
81.9882
73.8068
72.7791
83.375
102.953
121.81
129.083
111.687
54.8907
-48.0861
-196.581
-376.419
-565.812
-729.585
-845.819
-901.577
-912.096
-899.996
-883.309
-869.177
-857.607
-848.152
-840.869
-836.967
-838.124
-843.453
-850.767
-862.26
-877.617
-895.795
-907.562
-60.8829
1.10894
65.3107
142.233
206.756
248.648
271.157
281.686
283.52
278.368
268.043
252.155
232.677
210.149
186.926
163.771
140.559
119.786
100.793
86.96
75.8106
69.3865
66.316
67.8436
70.1968
66.4548
48.1971
7.45535
-66.2058
-182.894
-340.745
-525.322
-708.202
-863.214
-931.854
-938.981
-915.78
-888.839
-869.607
-856.532
-847.065
-840.049
-836.21
-837.668
-842.384
-847.463
-854.193
-863.407
-875.739
-886.096
-23.3766
23.4059
77.4351
134.32
184.385
220.999
245.633
259.486
265.97
265.69
258.439
245.252
228.662
210.384
190.45
168.988
148.405
128.398
109.759
92.0593
76.9287
65.2488
55.2026
46.0557
37.6343
24.6362
0.983306
-38.1126
-100.456
-193.864
-322.33
-485.449
-672.978
-849.036
-955.88
-973.315
-941.686
-900.554
-874.166
-857.619
-846.786
-838.677
-834.359
-836.111
-840.322
-843.036
-844.48
-847.762
-854.474
-863.435
1.62167
32.5321
73.3451
120.536
161.25
195.547
222.228
236.648
244.234
246.565
242.821
234.631
223.117
208.141
191.463
173.414
154.553
135.707
117.133
98.4121
80.7318
63.9493
48.7759
33.353
16.9791
-1.61856
-27.9086
-66.7487
-123.169
-201.816
-306.725
-443.013
-611.375
-789.125
-931.019
-986.733
-958.621
-907.325
-876.622
-857.018
-844.161
-835.016
-829.323
-829.452
-831.388
-832.198
-829.455
-827.292
-829.757
-836.899
10.1893
37.7421
67.2886
102.434
137.942
169.293
193.665
211.795
223.026
228.462
228.93
224.731
216.769
205.561
191.958
176.301
158.816
141.013
121.918
102.781
84.1353
65.8749
46.722
26.5939
6.15904
-16.036
-43.6764
-81.4585
-132.506
-200.073
-288.488
-401.078
-541.674
-703.154
-852.161
-941.79
-940.967
-900.637
-870.66
-850.579
-836.869
-827.326
-820.572
-817.618
-817.097
-815.916
-810.707
-804.527
-803.879
-807.592
8.95598
33.3632
60.6098
87.781
118.285
147.236
171.957
191.448
204.241
213.447
217.062
215.562
209.637
200.403
189.104
175.208
159.006
141.676
123.578
104.773
85.0753
65.7971
47.1591
25.9446
3.38081
-20.5378
-49.9413
-87.0285
-134.069
-193.598
-268.536
-361.352
-475.214
-613.524
-750.649
-852.572
-892.808
-880.269
-855.113
-837.399
-824.711
-815.072
-807.914
-802.941
-800.054
-796.598
-789.541
-781.214
-777.905
-779.084
4.17139
34.3733
60.0666
86.6606
114.027
138.389
160.287
178.825
192.664
201.126
204.561
203.814
198.894
191.244
180.724
167.573
153.018
136.041
118.436
100.64
81.1896
61.7058
43.3467
22.7604
-0.281299
-25.8448
-56.7785
-94.2186
-139.939
-195.235
-262.217
-344.297
-440.672
-549.512
-662.779
-757.409
-819.112
-843.673
-837.876
-821.574
-810.166
-800.677
-792.978
-786.883
-781.882
-775.8
-768.946
-759.262
-753.523
-751.759
90.811
87.365
85.614
84.6829
84.2052
83.9217
83.7124
83.5307
83.4558
83.5655
83.8158
84.1965
84.6937
85.2812
85.9737
86.805
87.7803
88.8733
90.0812
91.4059
92.9141
94.6049
96.2826
97.9749
99.7745
101.556
103.142
104.468
105.368
105.945
106.207
105.806
104.473
101.823
97.5773
91.6898
83.776
73.2635
59.5617
42.0138
20.0117
-6.95647
-39.6867
-78.9603
-125.547
-180.397
-244.062
-317.309
-404.262
-494.318
89.4483
88.3952
87.9046
87.7127
87.7803
87.999
88.2935
88.592
88.9136
89.333
89.9097
90.6725
91.5928
92.6533
93.8457
95.2219
96.7998
98.5706
100.561
102.772
105.212
107.834
110.548
113.428
116.439
119.48
122.461
125.311
128.05
130.574
132.792
134.571
135.498
135.596
134.463
131.846
127.508
120.944
111.544
98.698
81.8864
60.568
34.1419
1.90232
-37.0124
-83.4269
-138.063
-202.172
-277.554
-353.996
89.7969
90.1781
90.7244
91.2905
91.8598
92.5354
93.336
94.1688
94.9569
95.7233
96.641
97.8076
99.1872
100.769
102.539
104.538
106.806
109.339
112.165
115.288
118.678
122.297
126.142
130.235
134.53
138.964
143.493
148.083
152.692
157.196
161.484
165.443
168.999
171.853
173.659
174.262
173.451
170.713
165.544
157.397
145.841
130.273
110.123
84.6981
53.2716
15.1969
-30.2994
-84.1425
-147.214
-209.292
91.7888
92.8689
94.1788
95.4364
96.5511
97.6574
98.8917
100.191
101.44
102.648
103.96
105.516
107.384
109.516
111.93
114.641
117.661
121.024
124.721
128.776
133.159
137.87
142.917
148.292
153.966
159.916
166.108
172.494
179.003
185.556
192.114
198.495
204.517
210.085
215.041
219.018
221.718
222.831
221.913
218.492
212.028
201.988
187.892
169.111
145.088
115.151
78.5294
34.5603
-17.3299
-65.4965
95.0144
96.5224
98.3468
100.188
101.801
103.333
104.923
106.627
108.38
110.095
111.865
113.854
116.213
118.943
122.046
125.526
129.347
133.561
138.174
143.191
148.638
154.527
160.836
167.563
174.725
182.279
190.199
198.425
206.94
215.689
224.528
233.379
242.1
250.511
258.388
265.583
271.874
276.921
280.24
281.405
279.947
275.448
267.356
255.141
238.271
216.075
187.987
153.676
112.843
76.3752
99.2836
101.099
103.289
105.559
107.606
109.478
111.437
113.623
115.877
118.096
120.341
122.823
125.697
129.078
132.916
137.168
141.835
146.929
152.49
158.55
165.133
172.235
179.865
188.035
196.729
205.924
215.606
225.763
236.338
247.257
258.435
269.772
281.12
292.381
303.441
314.088
324.008
332.86
340.295
345.939
349.34
350.021
347.519
341.404
331.116
316.066
295.833
270.005
238.302
211.563
104.539
106.512
108.96
111.558
113.896
116.093
118.474
121.114
123.843
126.556
129.302
132.307
135.769
139.791
144.362
149.414
154.943
160.971
167.528
174.666
182.411
190.761
199.752
209.371
219.611
230.486
241.98
254.068
266.688
279.793
293.321
307.172
321.275
335.487
349.611
363.434
376.755
389.296
400.724
410.597
418.517
424.119
427.016
426.695
422.572
414.198
401.146
383.142
360.194
341.674
110.629
112.691
115.295
118.061
120.632
123.122
125.872
128.941
132.179
135.387
138.663
142.212
146.285
150.967
156.272
162.16
168.58
175.539
183.117
191.335
200.24
209.86
220.207
231.28
243.093
255.65
268.938
282.926
297.594
312.891
328.763
345.128
361.866
378.833
395.888
412.885
429.589
445.684
460.827
474.682
486.929
497.167
504.907
509.613
510.815
508.025
500.868
489.14
472.857
460.553
117.428
119.472
122.111
124.943
127.689
130.424
133.507
137.029
140.743
144.453
148.239
152.353
157.021
162.373
168.424
175.103
182.38
190.277
198.834
208.126
218.192
229.059
240.74
253.255
266.604
280.796
295.822
311.667
328.311
345.717
363.807
382.513
401.719
421.315
441.189
461.133
480.905
500.253
518.882
536.462
552.602
566.856
578.77
587.902
593.771
595.985
594.331
588.689
579.108
572.005
124.705
126.616
129.203
132.076
134.908
137.856
141.245
145.155
149.297
153.5
157.802
162.457
167.729
173.742
180.49
187.936
196.038
204.826
214.359
224.693
235.873
247.944
260.91
274.789
289.593
305.323
321.982
339.565
358.047
377.387
397.534
418.403
439.917
461.98
484.435
507.114
529.802
552.226
574.056
594.927
614.431
632.127
647.584
660.368
670.124
676.566
679.264
677.76
672.187
668.33
132.176
133.914
136.365
139.219
142.137
145.252
148.874
153.075
157.624
162.276
167.08
172.281
178.118
184.73
192.129
200.266
209.136
218.758
229.173
240.462
252.674
265.83
279.957
295.07
311.183
328.302
346.437
365.582
385.714
406.803
428.794
451.634
475.241
499.509
524.301
549.427
574.635
599.625
624.07
647.606
669.83
690.333
708.718
724.651
737.879
748.084
754.764
757.667
756.843
755.946
139.559
141.077
143.378
146.168
149.126
152.361
156.164
160.591
165.451
170.517
175.786
181.467
187.809
194.952
202.916
211.677
221.211
231.549
242.757
254.888
267.995
282.106
297.252
313.449
330.705
349.047
368.472
388.972
410.536
433.127
456.716
481.255
506.666
532.837
559.599
586.734
613.985
641.058
667.64
693.382
717.942
740.97
762.125
781.04
797.272
810.202
819.233
824.113
824.927
825.089
146.583
147.878
149.975
152.646
155.615
158.921
162.86
167.476
172.56
177.934
183.587
189.689
196.461
204.045
212.472
221.72
231.792
242.721
254.57
267.391
281.23
296.123
312.094
329.161
347.347
366.654
387.093
408.662
431.347
455.135
479.995
505.887
532.731
560.391
588.682
617.381
646.23
674.952
703.241
730.784
757.246
782.271
805.449
826.287
844.245
858.929
870.357
878.533
883.202
886.07
152.979
154.041
155.914
158.426
161.333
164.724
168.783
173.492
178.693
184.262
190.2
196.633
203.738
211.641
220.39
229.987
240.446
251.809
264.129
277.459
291.837
307.299
323.869
341.568
360.413
380.416
401.584
423.918
447.415
472.075
497.882
524.788
552.694
581.452
610.871
640.726
670.774
700.747
730.353
759.27
787.139
813.579
838.186
860.581
880.37
897.055
909.836
917.845
921.643
923.416
158.5
159.36
160.995
163.295
166.143
169.585
173.699
178.424
183.64
189.294
195.412
202.064
209.373
217.452
226.371
236.156
246.836
258.453
271.054
284.683
299.378
315.171
332.083
350.143
369.367
389.771
411.36
434.14
458.115
483.292
509.664
537.168
565.695
595.093
625.171
655.712
686.47
717.174
747.525
777.198
805.823
832.996
858.27
881.159
901.167
917.992
931.567
942.135
949.455
954.011
162.981
163.674
165.076
167.158
169.909
173.365
177.496
182.156
187.276
192.899
199.073
205.819
213.194
221.303
230.232
240.036
250.751
262.424
275.097
288.807
303.579
319.446
336.439
354.582
373.903
394.409
416.107
439.006
463.114
488.437
514.961
542.631
571.341
600.937
631.229
662
693.003
723.961
754.566
784.481
813.347
840.774
866.363
889.734
910.551
928.444
942.993
953.732
960.398
964.19
166.337
166.897
168.079
169.953
172.589
176.002
180.092
184.633
189.565
195.037
201.134
207.832
215.134
223.127
231.913
241.567
252.14
263.673
276.205
289.767
304.377
320.065
336.87
354.822
373.943
394.256
415.758
438.446
462.329
487.412
513.678
541.083
569.529
598.875
628.931
659.471
690.247
720.988
751.38
781.079
809.723
836.938
862.347
885.595
906.356
924.271
938.874
949.561
955.996
959.556
168.624
169.051
170.051
171.72
174.188
177.494
181.482
185.87
190.576
195.79
201.661
208.155
215.247
222.99
231.494
240.848
251.114
262.328
274.521
287.711
301.928
317.202
333.565
351.061
369.711
389.527
410.525
432.696
456.022
480.499
506.119
532.845
560.591
589.221
618.564
648.4
678.466
708.488
738.167
767.164
795.106
821.61
846.266
868.616
888.156
904.585
917.929
928.445
935.769
940.142
169.873
170.255
171.072
172.556
174.825
177.948
181.782
185.971
190.392
195.269
200.802
206.976
213.734
221.098
229.19
238.111
247.913
258.645
270.318
282.95
296.569
311.205
326.903
343.69
361.607
380.668
400.87
422.214
444.69
468.259
492.899
518.584
545.253
572.78
600.998
629.704
658.65
687.546
716.09
743.952
770.763
796.126
819.651
840.973
859.766
875.53
887.442
894.907
898.249
899.562
170.127
170.572
171.279
172.612
174.667
177.561
181.188
185.106
189.171
193.643
198.757
204.522
210.848
217.744
225.316
233.677
242.901
253.007
264.01
275.929
288.776
302.597
317.425
333.3
350.243
368.277
387.421
407.654
428.963
451.323
474.684
498.994
524.198
550.21
576.879
604.007
631.36
658.654
685.571
711.783
736.927
760.603
782.372
801.779
818.391
831.958
842.28
849.048
852.062
853.407
169.566
170.066
170.858
172.045
173.877
176.537
179.882
183.473
187.123
191.126
195.778
201.066
206.889
213.249
220.228
227.947
236.475
245.834
256.043
267.118
279.076
291.943
305.755
320.555
336.366
353.205
371.074
389.981
409.896
430.794
452.62
475.312
498.802
523.013
547.811
573.006
598.369
623.627
648.468
672.556
695.531
717.001
736.567
753.799
768.176
779.168
786.426
789.658
788.847
787.44
168.505
169.054
169.912
170.998
172.635
175.032
178.06
181.266
184.469
187.973
192.122
196.904
202.177
207.948
214.295
221.313
229.083
237.629
246.945
257.058
268.007
279.801
292.48
306.07
320.598
336.083
352.525
369.916
388.232
407.443
427.508
448.353
469.894
492.047
514.697
537.657
560.694
583.539
605.879
627.375
647.665
666.342
682.965
697.162
708.546
716.593
720.818
721.018
717.169
713.333
167.298
167.826
168.597
169.607
171.063
173.185
175.903
178.705
181.409
184.423
188.063
192.296
197.002
202.153
207.832
214.132
221.103
228.783
237.188
246.316
256.185
266.838
278.306
290.597
303.75
317.782
332.686
348.446
365.041
382.427
400.554
419.365
438.768
458.667
478.947
499.44
519.897
540.036
559.55
578.101
595.329
610.853
624.201
634.862
642.425
646.446
646.462
642.063
633.048
625.18
166.087
166.589
167.231
168.046
169.278
171.152
173.556
175.937
178.166
180.696
183.809
187.502
191.64
196.174
201.169
206.724
212.875
219.665
227.119
235.235
244.015
253.499
263.705
274.663
286.4
298.898
312.184
326.235
341.015
356.476
372.561
389.209
406.335
423.828
441.564
459.39
477.063
494.26
510.648
525.886
539.608
551.445
561.001
567.745
571.116
570.647
565.93
556.682
542.616
529.617
165.04
165.441
165.892
166.472
167.459
169.073
171.146
173.128
174.924
176.955
179.549
182.686
186.26
190.215
194.563
199.376
204.717
210.62
217.115
224.215
231.908
240.226
249.171
258.796
269.092
280.07
291.721
304.022
316.953
330.453
344.45
358.877
373.643
388.641
403.747
418.768
433.489
447.594
460.699
472.436
482.415
490.214
495.417
497.561
496.1
490.461
480.151
464.731
443.766
424.469
164.288
164.471
164.684
165.06
165.824
167.118
168.747
170.306
171.743
173.363
175.449
178.023
181.027
184.4
188.141
192.264
196.829
201.873
207.438
213.526
220.148
227.307
235.013
243.312
252.181
261.654
271.684
282.253
293.325
304.865
316.775
328.977
341.375
353.847
366.26
378.41
390.032
400.856
410.503
418.551
424.588
428.175
428.843
426.072
419.304
407.977
391.556
369.669
341.916
315.33
164.002
163.785
163.641
163.823
164.384
165.314
166.43
167.549
168.653
169.922
171.556
173.636
176.106
178.917
182.063
185.522
189.345
193.593
198.282
203.404
209.013
215.051
221.57
228.559
236.037
244.014
252.469
261.359
270.618
280.201
290.066
300.089
310.176
320.173
329.895
339.157
347.675
355.134
361.189
365.407
367.317
366.436
362.274
354.308
341.932
324.47
301.309
271.903
235.64
200.488
164.379
163.468
162.822
162.757
163.093
163.637
164.248
164.941
165.718
166.655
167.888
169.522
171.512
173.787
176.346
179.193
182.33
185.818
189.687
193.936
198.582
203.58
208.978
214.707
220.843
227.38
234.306
241.566
249.092
256.79
264.62
272.516
280.347
287.934
295.021
301.388
306.787
310.886
313.296
313.593
311.305
305.903
296.812
283.447
265.221
241.446
211.375
174.365
129.71
84.1302
165.577
163.471
162.205
161.87
161.913
162.056
162.23
162.51
162.982
163.653
164.559
165.767
167.274
169.052
171.068
173.345
175.864
178.662
181.756
185.185
188.928
192.999
197.339
201.908
206.768
211.938
217.413
223.122
228.983
234.897
240.784
246.575
252.169
257.393
261.954
265.487
267.744
268.458
267.246
263.602
257.028
246.997
232.9
214.053
189.788
159.436
122.274
77.274
23.1136
-33.1088
167.764
163.905
161.88
161.188
160.844
160.537
160.37
160.471
160.751
161.16
161.749
162.554
163.617
164.919
166.436
168.172
170.122
172.325
174.746
177.404
180.294
183.464
186.867
190.366
194.051
197.955
202.088
206.362
210.641
214.815
218.85
222.603
225.919
228.658
230.673
231.506
230.669
227.919
222.984
215.377
204.539
189.872
170.711
146.344
116.051
79.0533
34.7955
-17.3374
-80.0419
-146.258
33.5783
25.4795
21.2706
21.218
19.6785
15.7064
8.0481
-12.1051
-44.1348
-117.604
-265.378
-451.803
-664.073
-777.264
-765.006
-694.431
-615.672
-594.843
-641.225
-754.352
-813.495
-683.911
-402.764
-190.148
-93.7193
-57.5105
-17.8889
-13.7766
0.477743
9.10298
48.2126
37.3501
29.9665
28.9326
26.0577
24.0215
17.8082
5.98
-15.7381
-57.9772
-140.166
-251.572
-372.162
-438.913
-474.378
-480.064
-491.471
-536.065
-617.357
-758.383
-827.963
-670.206
-413.257
-207.781
-115.374
-80.6183
-31.8696
-32.3287
-9.35055
-1.17109
45.1746
40.3259
35.6422
33.8426
31.4281
30.3168
26.1868
19.0282
6.10364
-19.8932
-58.8259
-120.7
-178.064
-242.932
-293.094
-329.288
-383.75
-452.537
-546.797
-654.25
-693.016
-558.603
-379.171
-221.211
-138.038
-92.2194
-54.1777
-42.0519
-22.6985
-15.8081
40.2513
39.5197
38.0604
36.7728
35.5081
35.0485
33.7573
29.8591
24.3154
11.1206
-6.96996
-38.4645
-74.5512
-123.916
-168.47
-226.139
-293.621
-363.817
-442.629
-519.293
-532.261
-435.759
-324.83
-214.251
-148.416
-103.011
-69.5311
-51.0885
-36.5359
-31.1091
37.2218
38.3641
39.2491
39.0328
39.0818
39.7481
40.903
40.7304
39.4151
35.3275
27.4783
14.0854
-13.2003
-44.9796
-91.9931
-159.922
-220.927
-281.018
-345.892
-393.393
-387.353
-332.734
-262.136
-190.008
-142.538
-104.876
-76.3659
-58.9503
-46.8409
-43.1078
36.5097
37.9256
40.1043
41.0916
42.5166
44.5235
47.1921
50.0597
51.2732
52.2328
51.0231
45.2929
25.5124
4.39762
-52.1401
-111.954
-164.862
-216
-264.131
-296.648
-285.93
-250.329
-205.23
-160.761
-127.206
-98.568
-76.3184
-62.1658
-52.2286
-49.3074
37.1038
37.9118
40.4768
42.4602
44.9788
48.1581
51.6258
55.8904
58.7744
62.4505
65.1853
61.8958
49.6184
28.2108
-25.8895
-78.4504
-121.695
-163.701
-198.21
-216.898
-218.163
-191.424
-161.708
-133.654
-109.634
-88.8662
-72.1792
-61.0004
-52.9052
-49.7295
37.6299
37.7164
40.0983
42.5475
45.6008
49.4586
53.3846
58.0192
61.9126
66.8363
71.9588
68.992
62.4955
37.1683
-6.75834
-52.8733
-88.9174
-121.435
-145.969
-155.765
-159.42
-148.58
-128.827
-110.366
-93.2269
-78.4837
-66.0513
-57.2619
-50.636
-47.3056
37.3595
37.1643
39.0349
41.3561
44.5127
48.4714
52.5937
57.2406
61.8234
67.1135
72.8193
70.7957
66.1469
39.6385
4.49749
-32.2911
-62.3793
-88.1094
-103.898
-116.002
-117.601
-112.747
-102.496
-90.5156
-78.7954
-68.3344
-59.098
-52.3167
-46.9492
-43.7416
36.2488
36.1234
37.5844
39.3589
42.3624
45.9927
50.2077
54.7186
59.6085
65.0322
69.2168
70.2704
61.2388
39.7936
12.2952
-16.8521
-42.2403
-61.7271
-75.8595
-85.2766
-89.2051
-87.0848
-81.7641
-73.9368
-66.2492
-58.7499
-52.0677
-46.9025
-42.6675
-39.7625
34.397
34.5299
35.8424
37.0877
39.8765
42.9536
47.0848
51.2732
55.6593
61.291
63.9563
66.2026
52.8147
38.1664
16.3437
-6.01498
-25.5982
-42.2361
-56.1531
-64.2119
-67.8829
-67.8347
-65.2217
-60.2722
-55.4738
-50.0596
-45.4492
-41.4615
-38.2683
-35.9427
31.9854
32.3924
33.6626
34.663
37.2584
39.7408
43.3866
47.0818
51.2705
55.3626
57.3915
59.072
45.6373
34.2093
17.426
0.195402
-15.1512
-29.7009
-39.7605
-47.1201
-51.4136
-52.7915
-51.9051
-49.062
-46.2502
-42.3604
-39.2843
-36.1493
-33.896
-32.2991
29.2201
29.6287
30.8625
31.7927
34.1647
36.0882
39.137
42.1598
45.7151
48.6916
49.8628
49.6691
38.4824
29.1631
16.2665
3.258
-9.19586
-20.2117
-28.0555
-34.3925
-38.5822
-40.8439
-40.8776
-39.5283
-38.0807
-35.4546
-33.474
-31.105
-29.6976
-28.6726
26.0921
26.3058
27.4905
28.2916
30.4335
31.49
34.2042
36.5123
39.326
41.2348
41.3544
39.5841
30.6507
24.3164
13.8531
3.51107
-5.58703
-13.7493
-19.6146
-24.8838
-28.6937
-31.3774
-31.7736
-31.3819
-30.7119
-29.1161
-27.9461
-26.3733
-25.5864
-24.9942
22.5333
22.6739
23.7396
24.2857
25.9183
26.9218
28.9412
30.5588
32.5773
33.4029
32.4032
29.1408
22.1374
19.3835
11.9103
3.85779
-3.07212
-8.90385
-13.1752
-17.4488
-20.9528
-23.717
-24.1608
-24.3431
-24.0857
-23.2892
-22.6845
-21.8241
-21.5985
-21.2288
18.7829
18.8133
19.7337
20.0172
21.3361
22.0713
23.6784
24.5643
25.7585
25.6651
23.9582
17.5598
14.4716
12.6217
8.77715
3.24954
-1.61822
-5.51506
-8.78194
-11.8549
-14.8506
-17.3636
-17.8575
-18.3806
-18.3589
-18.1446
-17.8905
-17.5512
-17.718
-17.4585
14.9828
14.8138
15.5093
15.7349
16.8352
17.2287
18.3872
18.7697
19.2059
18.3983
16.0961
7.74529
8.7962
5.42454
6.96843
3.33445
-0.482667
-3.20916
-5.45019
-7.44311
-10.15
-12.1906
-12.5751
-13.2344
-13.3395
-13.5672
-13.546
-13.5341
-13.8589
-13.6768
10.8812
10.6926
11.2335
11.2883
12.2022
12.511
13.0264
13.1104
13.1856
12.4645
9.4404
2.35359
1.76748
0.932372
5.61739
3.73233
0.406987
-2.16707
-2.81843
-4.22856
-6.44148
-7.97013
-8.25226
-8.73317
-8.86118
-9.32789
-9.39276
-9.56965
-9.99637
-9.84888
6.51037
6.45393
6.84099
6.86604
7.30356
7.55482
7.90773
7.60824
7.59321
7.26749
5.55236
-0.282529
-9.10375
-1.43594
3.34379
4.55433
-0.99392
-1.31661
-0.518874
-2.00393
-3.53727
-4.4453
-4.75852
-5.02038
-5.0392
-5.4625
-5.50829
-5.71687
-6.03711
-5.97598
1.9136
2.11495
2.3176
2.30122
2.55196
2.44784
2.79521
2.73244
2.60732
2.2417
1.62009
0.16521
-2.34965
5.05799
-1.01558
0.637584
-0.373257
0.114319
-0.242135
-0.533546
-1.34669
-1.57773
-1.68501
-1.79398
-1.87246
-2.06559
-2.009
-2.10012
-2.23669
-2.20165
)
;

boundaryField
{
    INLET
    {
        type            zeroGradient;
    }
    OUTLET
    {
        type            fixedValue;
        value           uniform 0;
    }
    WALL
    {
        type            zeroGradient;
    }
    CYLINDER
    {
        type            zeroGradient;
    }
    frontAndBackPlanes
    {
        type            empty;
    }
}


// ************************************************************************* //
