/*--------------------------------*- C++ -*----------------------------------*\
| =========                 |                                                 |
| \\      /  F ield         | OpenFOAM: The Open Source CFD Toolbox           |
|  \\    /   O peration     | Version:  v1912                                 |
|   \\  /    A nd           | Website:  www.openfoam.com                      |
|    \\/     M anipulation  |                                                 |
\*---------------------------------------------------------------------------*/
FoamFile
{
    version     2.0;
    format      ascii;
    class       volScalarField;
    location    "0.03";
    object      p;
}
// * * * * * * * * * * * * * * * * * * * * * * * * * * * * * * * * * * * * * //

dimensions      [0 2 -2 0 0 0 0];


internalField   nonuniform List<scalar> 
6600
(
109.075
104.097
101.614
100.056
98.8257
98.2196
97.9909
97.7134
97.4154
97.4344
97.7779
98.351
99.1762
100.186
101.338
102.655
104.117
105.712
107.437
109.317
111.347
113.5
115.737
118.006
120.28
122.454
124.606
126.662
128.442
129.739
130.384
130.152
128.841
126.255
122.202
116.334
108.228
97.3436
83.4596
65.9371
43.8031
16.3892
-16.7694
-56.3995
-103.803
-160.017
-224.899
-298.78
-385.974
-482.079
105.048
101.831
99.7954
97.735
96.0036
95.0715
94.3295
93.954
93.8073
93.6539
93.7347
94.0373
94.5193
95.1191
95.8199
96.6479
97.5693
98.556
99.6361
100.852
102.168
103.532
104.89
106.181
107.357
108.294
108.908
109.265
109.249
108.647
107.233
104.787
101.05
95.7508
88.6921
79.5851
68.0552
53.3754
34.9963
12.599
-14.4948
-47.2998
-86.4319
-132.324
-186.376
-249.526
-321.769
-402.901
-495.669
-596.172
101.881
96.9113
96.1449
93.4177
92.0171
91.1634
90.4103
90.0274
89.6452
89.2461
89.0076
89.0339
89.1943
89.4637
89.8363
90.2606
90.6912
91.1256
91.5919
92.0913
92.5768
93.0234
93.3952
93.6401
93.6698
93.3922
92.6637
91.3065
89.3357
86.6136
82.9638
78.1025
71.7761
63.5793
53.2355
40.3868
24.704
5.86641
-16.7385
-44.1642
-76.5405
-114.818
-159.732
-211.876
-272.178
-341.736
-420.548
-507.644
-602.631
-701.718
98.1188
91.8677
91.8746
88.216
88.0712
87.0038
86.0465
85.3837
84.8303
84.1547
83.8335
83.5558
83.2955
83.1138
83.029
82.9713
82.907
82.8534
82.795
82.6528
82.3482
81.8453
81.1229
80.1421
78.8241
77.0901
74.8236
71.8187
67.8786
62.8704
56.6862
49.145
39.8996
28.6626
15.0631
-1.32287
-20.9722
-44.3832
-71.9341
-104.153
-141.742
-185.411
-235.811
-293.56
-359.254
-433.926
-517.718
-608.641
-704.184
-799.352
91.9003
85.0598
86.2467
79.9602
82.3071
80.7995
80.3437
79.7093
78.9857
78.3644
78.0706
77.517
76.9174
76.3212
75.6825
74.9801
74.2049
73.4099
72.5994
71.6815
70.5681
69.1708
67.4038
65.1664
62.3897
59.0535
54.9664
50.1145
44.2564
37.1308
28.4796
18.1153
5.7776
-8.75427
-25.9234
-46.146
-69.8404
-97.4177
-129.488
-166.435
-208.729
-257.101
-312.147
-374.422
-444.427
-522.9
-609.792
-702.829
-797.583
-887.247
85.7544
75.6232
80.9327
73.0528
77.9098
73.0072
73.8383
72.7875
71.9268
71.3074
70.7039
69.8589
69.0794
68.2628
67.2946
66.1317
64.7411
63.1521
61.3621
59.3353
57.0679
54.5223
51.6022
48.1463
43.9921
38.9838
33.0447
26.0574
17.9406
8.49238
-2.61039
-15.6981
-31.0566
-48.8212
-69.3448
-93.0493
-120.495
-152.151
-188.336
-229.447
-275.975
-328.31
-386.919
-452.287
-524.832
-605.25
-693.604
-787.432
-880.412
-962.802
80.6575
67.8209
79.8359
68.7281
74.1225
68.0143
68.8461
66.5979
65.1324
63.8046
62.2953
60.8034
59.4974
58.1747
56.743
55.1625
53.3563
51.2517
48.735
45.7184
42.1956
38.1751
33.6609
28.6092
22.9205
16.3988
8.79846
-0.101426
-10.4594
-22.3859
-36.0442
-51.7737
-69.9869
-90.9729
-114.944
-142.131
-172.883
-207.721
-247.217
-291.618
-341.199
-396.413
-457.558
-524.91
-598.718
-679.509
-767.654
-860.846
-950.472
-1023.3
76.4241
63.2002
75.418
62.0221
69.3977
61.9505
63.3363
60.0523
58.4682
56.7184
54.3146
52.1644
49.9489
47.5442
45.065
42.4976
39.7837
36.8523
33.58
29.8312
25.4773
20.3767
14.4296
7.59612
-0.103298
-8.67759
-18.2241
-28.9679
-41.299
-55.532
-71.7925
-90.18
-110.957
-134.488
-161.14
-191.248
-225.024
-262.726
-304.749
-351.548
-403.352
-460.274
-522.559
-590.468
-664.212
-744.205
-830.67
-921.444
-1006.13
-1067.6
72.2982
57.8251
67.488
53.3448
61.7641
52.3046
55.6562
50.889
50.5699
48.3219
45.8761
43.6914
40.8323
37.6219
34.1466
30.3059
26.1223
21.6336
16.8336
11.6963
6.13303
-0.0217947
-6.97833
-14.9638
-24.1524
-34.6454
-46.4444
-59.5068
-73.9408
-90.1205
-108.49
-129.275
-152.638
-178.791
-207.902
-240.24
-276.121
-315.801
-359.585
-407.714
-460.464
-518.071
-580.555
-647.986
-720.599
-798.808
-882.379
-968.623
-1046.93
-1095.97
62.3261
50.1946
60.1234
44.7313
53.661
42.3554
46.878
40.5221
41.1269
37.6349
35.6275
33.2545
30.0706
26.7349
22.8815
18.3701
13.2473
7.50693
1.13533
-5.83513
-13.3681
-21.4515
-30.1352
-39.5807
-50.0537
-61.8596
-75.2739
-90.4622
-107.361
-125.899
-146.312
-168.97
-194.1
-221.963
-252.918
-287.132
-324.675
-365.727
-410.492
-459.248
-512.132
-569.225
-630.646
-696.488
-766.879
-842.225
-922.086
-1002.82
-1073.26
-1110.13
51.8121
42.1797
51.0549
36.954
45.9827
34.1329
38.8494
31.3409
31.7531
26.9588
24.8414
21.2575
17.4758
13.6781
9.25419
4.30812
-1.17694
-7.39172
-14.4781
-22.5118
-31.5362
-41.5305
-52.4091
-64.093
-76.5946
-90.0898
-104.876
-121.36
-139.866
-160.44
-182.961
-207.582
-234.617
-264.183
-296.343
-331.453
-369.789
-411.381
-456.393
-504.913
-557.055
-612.944
-672.547
-735.9
-803.135
-874.555
-950.115
-1024.91
-1086.94
-1113.34
42.1608
34.8459
42.0705
29.8889
38.164
26.4114
31.4387
22.9524
23.3498
17.6029
14.9516
10.0402
5.44276
0.451069
-5.2099
-11.1606
-17.4973
-24.4373
-32.1012
-40.625
-50.2102
-61.0542
-73.2676
-86.8365
-101.627
-117.49
-134.401
-152.555
-172.339
-194.197
-218.26
-244.356
-272.503
-303.06
-336.324
-372.196
-410.821
-452.36
-496.822
-544.375
-595.067
-648.863
-705.762
-765.78
-828.996
-895.731
-965.645
-1034.53
-1090.16
-1108.58
33.0129
27.6946
32.4125
22.6947
29.534
18.4014
23.3535
14.1349
15.0051
8.38016
5.50409
-0.120605
-5.23853
-11.3357
-18.1394
-25.3716
-33.2078
-41.6969
-50.7801
-60.4882
-70.9393
-82.3203
-94.913
-109.023
-124.871
-142.451
-161.515
-181.798
-203.245
-226.147
-251.079
-278.385
-307.933
-339.412
-372.898
-408.815
-447.173
-488.018
-531.498
-577.492
-626.004
-677.104
-730.692
-786.626
-844.848
-906.189
-969.248
-1030.39
-1078.68
-1094.98
23.6907
20.5008
23.3918
15.7716
20.6743
10.7092
14.7079
5.28089
6.24952
-1.32322
-4.05605
-10.3092
-15.6521
-22.3625
-29.6688
-37.6533
-46.6259
-56.5195
-67.2292
-78.7658
-91.0896
-104.133
-117.938
-132.71
-148.8
-166.657
-186.581
-208.453
-231.88
-256.481
-282.282
-309.766
-339.35
-371.263
-405.258
-441.037
-478.831
-518.607
-560.338
-604.243
-650.192
-697.988
-747.574
-798.812
-851.475
-906.1
-960.322
-1010.17
-1046.1
-1061.52
15.3869
13.7748
14.8049
9.52535
12.21
3.87668
6.55943
-2.66911
-2.09944
-10.4662
-13.152
-20.3856
-25.9801
-33.3729
-41.1023
-49.5885
-59.1826
-69.7487
-81.3128
-94.0123
-107.873
-122.828
-138.744
-155.49
-173.014
-191.442
-211.243
-232.998
-256.966
-282.849
-310.082
-338.565
-368.556
-400.156
-433.625
-468.974
-505.838
-544.289
-584.301
-625.634
-668.374
-712.471
-757.634
-803.444
-850.427
-897.118
-940.793
-975.664
-994.115
-1005.42
8.18382
7.86593
7.12162
4.01401
4.54933
-1.92633
-0.840501
-9.33606
-9.40797
-18.2499
-21.0523
-29.2766
-35.1654
-43.4098
-51.7195
-60.9032
-71.1561
-82.284
-94.4306
-107.754
-122.341
-138.284
-155.599
-174.199
-193.937
-214.541
-235.756
-257.79
-281.371
-307.1
-334.741
-363.636
-393.726
-425.334
-458.358
-492.78
-528.635
-565.521
-603.389
-642.347
-681.973
-722.051
-762.419
-802.728
-843.191
-881.531
-914.842
-937.838
-944.334
-949.486
1.93946
2.77431
0.749611
-0.556744
-2.09132
-6.74974
-7.27196
-14.6606
-15.7377
-24.4901
-27.5392
-36.513
-42.6043
-51.6941
-60.572
-70.6126
-81.6644
-93.5332
-106.411
-120.382
-135.519
-151.984
-169.906
-189.324
-210.244
-232.621
-256.114
-280.082
-304.321
-329.628
-356.885
-386.006
-416.276
-447.479
-479.927
-513.559
-548.125
-583.548
-619.454
-655.633
-692.201
-728.753
-764.534
-799.89
-833.618
-863.995
-888.121
-903.008
-910.988
-912.484
-3.09157
-1.18135
-4.94647
-4.01797
-7.51099
-10.3212
-12.5838
-18.7499
-20.9263
-29.0677
-32.6946
-41.8382
-48.0477
-57.7092
-66.8742
-77.6687
-89.482
-102.253
-116.159
-131.13
-147.137
-164.293
-182.742
-202.614
-224.005
-247.021
-271.75
-297.886
-324.437
-350.785
-377.639
-405.888
-435.718
-466.716
-498.552
-531.31
-564.945
-599.039
-633.287
-667.432
-701.12
-734.363
-766.797
-797.659
-825.912
-849.966
-866.923
-874.442
-882.744
-883.75
-6.89225
-4.16087
-9.3797
-6.18883
-12.1427
-12.5544
-16.7994
-21.2875
-24.6848
-32.168
-36.416
-45.3477
-51.8429
-61.7718
-70.9919
-82.2197
-94.3338
-107.659
-122.39
-138.396
-155.62
-174.021
-193.557
-214.226
-236.098
-259.342
-284.175
-310.871
-339.182
-367.874
-396.173
-424.564
-453.672
-483.818
-515.053
-547.141
-579.86
-613.007
-646.106
-678.694
-710.621
-741.425
-770.646
-797.686
-821.145
-839.215
-849.813
-855.171
-857.834
-860.999
-9.31573
-6.0792
-12.2043
-7.82186
-15.4658
-13.4097
-20.248
-22.0725
-27.4071
-33.435
-38.3176
-46.9393
-53.6467
-63.6485
-73.0129
-84.5945
-96.8569
-110.495
-125.605
-142.123
-160.139
-179.659
-200.633
-222.909
-246.219
-270.453
-295.729
-322.372
-350.896
-380.957
-411.107
-440.639
-469.952
-499.584
-529.827
-561.074
-593.391
-626.238
-658.936
-691.072
-722.086
-751.042
-777.57
-801.102
-820.323
-832.852
-837.801
-843.582
-844.54
-847.013
-10.7616
-7.25761
-13.8115
-8.61794
-17.4318
-13.2524
-22.3645
-21.3669
-29.2905
-32.8224
-39.1698
-46.7555
-53.5672
-63.4423
-72.7651
-84.4441
-96.7845
-110.728
-126.158
-143.065
-161.553
-181.638
-203.411
-226.965
-252.103
-278.346
-305.298
-332.783
-361.309
-391.725
-423.387
-454.575
-484.783
-514.321
-543.949
-574.218
-605.552
-638.339
-671.884
-704.83
-736.117
-764.331
-788.503
-808.399
-822.156
-828.245
-832.356
-834.668
-836.985
-838.335
-10.9802
-7.44895
-14.8324
-8.25807
-18.4647
-12.5401
-23.0634
-19.9858
-29.5664
-30.6248
-38.7704
-44.7064
-52.1007
-61.4793
-70.7089
-82.2318
-94.4367
-108.401
-123.914
-141.116
-160.091
-180.785
-203.192
-227.452
-253.74
-281.907
-311.454
-341.535
-371.421
-401.828
-433.767
-466.35
-498.045
-528.286
-557.403
-586.489
-616.931
-649.366
-683.849
-719.482
-753.159
-781.405
-803.651
-819.399
-827.656
-828.724
-830.439
-831.287
-833.671
-834.61
-10.7472
-7.04075
-15.2546
-7.22916
-18.8352
-11.0187
-22.7225
-18.346
-28.4032
-28.0673
-36.9505
-41.2242
-49.1895
-57.7097
-66.7808
-78.0655
-90.0645
-103.907
-119.3
-136.515
-155.675
-176.812
-199.898
-224.928
-252.02
-281.268
-312.648
-345.775
-379.31
-412.2
-445.095
-478.506
-511.295
-542.297
-571.397
-599.341
-627.497
-658.446
-693.777
-732.227
-770.324
-802.512
-824.732
-834.402
-831.854
-832.617
-831.235
-831.473
-832.325
-832.909
-9.86334
-5.8422
-15.0485
-5.89449
-18.3193
-9.39366
-21.3281
-16.2246
-26.192
-25.4599
-33.7981
-37.4118
-45.3301
-52.7703
-61.5882
-72.2302
-83.7986
-97.3095
-112.448
-129.551
-148.73
-170.087
-193.661
-219.467
-247.584
-278.04
-310.8
-346.008
-382.877
-419.597
-455.501
-490.878
-525.238
-557.6
-586.832
-613.213
-638.669
-665.812
-698.319
-738.724
-784.257
-825.204
-850.145
-853.911
-844.329
-837.57
-834.984
-832.505
-830.552
-829.801
-8.66481
-4.41621
-13.9756
-4.93884
-16.6637
-8.13683
-19.0118
-14.2683
-23.0009
-22.4948
-29.8768
-33.1843
-40.5721
-47.257
-55.6247
-65.4726
-76.3701
-89.1891
-103.695
-120.325
-139.222
-160.569
-184.437
-210.812
-239.79
-271.5
-305.808
-342.878
-383.075
-424.34
-464.631
-503.716
-540.908
-575.054
-605.148
-630.489
-651.665
-672.218
-697.264
-735.762
-788.892
-845.363
-880.263
-877.897
-867.477
-851.043
-841.536
-832.558
-826.798
-824.018
-7.87983
-2.8501
-12.0461
-4.15169
-14.0219
-7.29865
-16.0112
-12.3505
-19.6596
-19.3321
-25.8431
-28.7647
-35.352
-41.3654
-49.0969
-58.0475
-68.2439
-80.2171
-93.8938
-109.704
-127.873
-148.728
-172.504
-199.257
-229.016
-261.971
-298.043
-336.887
-379.094
-424.787
-471.166
-515.698
-557.618
-595.412
-627.368
-652.19
-670.023
-681.548
-693.127
-719.836
-773.774
-846.676
-910.419
-913.391
-893.502
-867.216
-847.908
-833.362
-823.45
-817.525
-6.95961
-2.11916
-9.70004
-3.97702
-11.1201
-6.42762
-13.0724
-10.3937
-16.3532
-16.2251
-21.8584
-24.4939
-30.278
-35.5155
-42.4503
-50.3853
-59.684
-70.648
-83.3531
-98.1681
-115.338
-135.264
-158.334
-184.822
-214.85
-248.68
-286.568
-328.11
-373.073
-422.321
-474.468
-526.243
-575.155
-618.917
-655.118
-681.083
-695.959
-698.17
-694.362
-698.997
-734.379
-808.247
-899.375
-935.395
-910.862
-889.614
-871.104
-850.892
-833.203
-822.619
-6.57783
-1.31877
-6.35644
-3.90633
-7.94717
-5.89415
-10.0681
-8.93026
-13.067
-13.5106
-17.9562
-20.361
-25.4224
-29.9894
-36.0912
-43.028
-51.2984
-61.0918
-72.6222
-86.2423
-102.23
-120.995
-143.006
-168.711
-198.415
-232.434
-271.33
-315.17
-363.515
-416.89
-474.975
-534.965
-593.134
-645.615
-688.592
-718.926
-733.549
-728.861
-706.882
-675.875
-669.207
-716.459
-802.224
-886.669
-916.787
-934.16
-930.226
-905.957
-877.986
-858.694
-5.622
-1.09896
-1.80535
-5.05427
-3.99004
-6.27849
-6.95813
-8.025
-10.0596
-11.1994
-14.3996
-16.8251
-20.9157
-24.9115
-30.2379
-36.1946
-43.4111
-52.0332
-62.2905
-74.5324
-89.1121
-106.47
-127.13
-151.653
-180.528
-214.246
-253.513
-298.841
-350.124
-407.849
-472.58
-541.9
-611.492
-676.466
-730.382
-769.132
-783.857
-772.678
-739.004
-672.458
-601.652
-609.192
-675.063
-807.224
-913.14
-987.909
-1003.85
-976.457
-934.065
-913.65
-3.16206
-4.71048
4.06796
-7.66556
0.376204
-7.25845
-3.47507
-7.53726
-7.09455
-9.53321
-10.9694
-13.6727
-17.0019
-20.53
-25.0809
-30.1301
-36.4079
-43.9801
-53.0639
-63.9727
-77.0874
-92.9181
-112.081
-135.237
-162.892
-195.759
-235.083
-281.595
-335.091
-396.09
-466.861
-547.016
-631.049
-712.537
-783.454
-834.299
-852.417
-833.976
-779.449
-691.631
-591.287
-534.974
-607.746
-757.508
-906.234
-1007.98
-1026.09
-995.734
-962.699
-946.434
109.177
104.193
101.744
100.198
98.9859
98.4082
98.215
97.9774
97.7184
97.7792
98.1625
98.7783
99.6536
100.727
101.951
103.348
104.935
106.704
108.632
110.732
113.007
115.437
117.985
120.594
123.252
125.866
128.492
131.114
133.615
135.8
137.495
138.444
138.471
137.406
135.099
131.198
125.359
117.032
105.89
91.6284
73.3903
50.2985
21.7669
-12.8496
-54.3847
-103.84
-161.71
-227.202
-307.165
-392.912
105.134
101.939
99.9481
97.8871
96.1858
95.2832
94.5735
94.2224
94.1081
94.0011
94.1203
94.4688
95.0142
95.677
96.4454
97.3611
98.4212
99.5869
100.862
102.29
103.849
105.492
107.157
108.787
110.337
111.742
112.901
113.824
114.525
114.788
114.419
113.172
110.779
106.976
101.627
94.4617
85.1212
73.0108
57.3824
38.0128
14.4781
-14.1557
-48.4811
-89.6121
-138.15
-195.009
-260.706
-334.163
-420.162
-512.868
101.984
97.0255
96.3441
93.537
92.2214
91.3927
90.6601
90.3039
89.968
89.6145
89.4016
89.4919
89.7201
90.0558
90.4996
91.0388
91.6216
92.2349
92.8964
93.6123
94.3459
95.0721
95.7469
96.3316
96.7516
96.9399
96.7662
96.1229
94.9154
93.0994
90.4772
86.7868
81.7657
75.0841
66.4277
55.5118
42.0085
25.6601
5.63981
-18.6909
-47.6918
-82.1899
-122.506
-170.174
-225.322
-289.074
-361.743
-442.414
-531.782
-624.9
98.2593
91.9969
92.1043
88.2696
88.3695
87.2686
86.3347
85.6963
85.1915
84.5066
84.2634
84.0635
83.8557
83.7484
83.7592
83.8398
83.9478
84.0821
84.2247
84.3064
84.2556
84.0303
83.6131
82.9883
82.0994
80.8725
79.1602
76.909
73.7979
69.7355
64.6669
58.309
50.3654
40.6314
28.7211
14.2332
-3.34816
-24.2933
-49.2142
-78.5236
-112.841
-152.935
-199.325
-252.83
-314.065
-383.918
-462.522
-548.251
-639.255
-729.719
92.0411
85.1709
86.5142
79.8189
82.877
80.9925
80.6883
80.0836
79.3153
78.7569
78.5648
78.0525
77.5099
77.0135
76.4768
75.9415
75.351
74.7705
74.1709
73.4791
72.6238
71.5138
70.0747
68.2319
65.9239
63.1031
59.7124
55.5639
50.5576
44.3694
36.8677
27.7227
16.7489
3.67531
-11.8266
-30.1361
-51.8201
-77.19
-106.618
-140.742
-180.085
-225.358
-277.103
-335.622
-401.64
-476.114
-558.958
-648.053
-739.988
-826.683
85.8902
75.6538
81.2896
72.5774
79.0046
72.8713
74.3196
73.0632
72.2888
71.7483
71.2366
70.4041
69.7168
69.0103
68.1282
67.193
65.9739
64.6439
63.034
61.2392
59.2443
57.0118
54.4615
51.4461
47.8042
43.3752
38.1186
31.8788
24.6278
16.1647
6.12271
-5.77152
-19.7048
-35.9721
-54.8704
-76.7846
-102.284
-131.836
-165.632
-204.135
-247.907
-297.487
-353.369
-415.916
-485.558
-563.05
-648.487
-739.57
-831.403
-913.227
80.7504
67.8532
80.1608
68.6872
74.7365
68.052
69.3043
66.8702
65.5723
64.2766
62.8741
61.3636
60.1961
58.9939
57.6883
56.2833
54.6779
52.7857
50.4745
47.7121
44.4899
40.8212
36.7169
32.1369
26.9844
21.0782
14.1746
6.08562
-3.39921
-14.3465
-26.9596
-41.5702
-58.4378
-77.9118
-100.284
-125.728
-154.656
-187.623
-225.017
-267.249
-314.604
-367.559
-426.457
-491.551
-563.266
-642.289
-728.839
-820.75
-911.366
-986.409
76.522
63.3636
75.6114
62.2371
69.7895
62.1698
63.7349
60.4484
58.9896
57.2094
54.8916
52.7815
50.7178
48.419
46.0646
43.6791
41.168
38.4428
35.4017
31.929
27.8986
23.1776
17.6674
11.3294
4.18377
-3.77054
-12.612
-22.5643
-34.0088
-47.2606
-62.4681
-79.7737
-99.3648
-121.5
-146.638
-175.173
-207.276
-243.257
-283.507
-328.431
-378.389
-433.626
-494.443
-561.03
-633.613
-712.777
-798.996
-890.021
-977.464
-1043.66
72.3829
58.0323
67.6876
53.6105
62.0998
52.5769
56.1315
51.326
50.9763
48.8888
46.4133
44.3932
41.6544
38.5243
35.2003
31.5563
27.5547
23.2734
18.7286
13.8856
8.65907
2.89316
-3.62028
-11.1018
-19.7198
-29.5756
-40.6711
-52.9797
-66.6
-81.8596
-99.1787
-118.836
-141.054
-165.986
-193.772
-224.662
-259.11
-297.391
-339.772
-386.556
-437.988
-494.408
-555.942
-622.725
-695.037
-773.342
-857.638
-945.712
-1028.25
-1083.05
62.4324
50.4266
60.3219
44.9659
53.9838
42.6093
47.3917
40.7846
41.614
38.1646
36.2584
34.0295
30.908
27.6996
24.013
19.6602
14.7068
9.19543
3.08081
-3.59889
-10.79
-18.4809
-26.7234
-35.677
-45.5958
-56.7878
-69.5171
-83.9427
-100.046
-117.749
-137.225
-158.833
-182.876
-209.6
-239.393
-272.441
-308.755
-348.631
-392.299
-440.077
-492.224
-548.808
-610.015
-675.964
-746.854
-823.149
-904.406
-987.776
-1063.29
-1105.97
51.9277
42.4685
51.2271
37.2475
46.3003
34.3866
39.2804
31.5151
32.4859
27.3564
25.5675
22.0282
18.3307
14.7097
10.4387
5.61957
0.326574
-5.65666
-12.4957
-20.2411
-28.9301
-38.5404
-48.9835
-60.1854
-72.159
-85.0739
-99.2361
-115.011
-132.729
-152.485
-174.151
-197.81
-223.826
-252.414
-283.618
-317.778
-355.24
-396.044
-440.345
-488.241
-539.962
-595.787
-655.713
-719.801
-788.23
-861.325
-938.799
-1016.63
-1083.95
-1115.67
42.2834
35.1831
42.1846
30.2723
38.3954
26.7348
31.8026
23.2545
24.0835
17.9572
15.7318
10.6998
6.33726
1.46999
-4.06126
-9.82314
-15.9535
-22.6943
-30.1091
-38.3308
-47.5892
-58.0716
-69.8736
-82.9762
-97.2603
-112.565
-128.88
-146.391
-165.442
-186.505
-209.791
-235.113
-262.426
-292.084
-324.49
-359.622
-397.543
-438.527
-482.639
-530.094
-580.94
-635.138
-692.847
-754.131
-819.12
-888.037
-960.754
-1032.67
-1092.11
-1114.98
33.1222
28.0301
32.4728
23.0947
29.7012
18.7927
23.71
14.575
15.5738
8.74818
6.34371
0.435584
-4.31417
-10.4074
-17.0618
-24.0543
-31.695
-39.9896
-48.8169
-58.2245
-68.3487
-79.3762
-91.5811
-105.25
-120.6
-137.635
-156.115
-175.808
-196.633
-218.831
-243.015
-269.583
-298.418
-329.248
-362.103
-397.449
-435.418
-476.013
-519.35
-565.413
-614.357
-666.315
-721.167
-778.879
-839.57
-903.535
-970.124
-1035.67
-1088.87
-1106.43
23.7538
20.8133
23.426
16.1883
20.824
11.1377
15.1025
5.73031
6.75989
-0.867682
-3.26129
-9.77713
-14.7511
-21.5063
-28.6325
-36.4162
-45.2205
-54.8837
-65.3333
-76.5958
-88.6067
-101.295
-114.714
-129.065
-144.684
-162.013
-181.346
-202.603
-225.44
-249.455
-274.654
-301.561
-330.603
-361.948
-395.449
-430.851
-468.347
-508.081
-550.044
-594.386
-641.086
-690.017
-741.24
-794.656
-850.018
-908.109
-967.133
-1023.87
-1068.03
-1084.82
15.4609
14.0762
14.8332
9.92021
12.3482
4.40411
6.87189
-2.20914
-1.58115
-9.98679
-12.4717
-19.8432
-25.1388
-32.5717
-40.0792
-48.4361
-57.8894
-68.2003
-79.5005
-91.9491
-105.532
-120.157
-135.69
-152.01
-169.074
-187.015
-206.286
-227.46
-250.845
-276.175
-302.877
-330.807
-360.278
-391.482
-424.59
-459.664
-496.472
-535.004
-575.335
-617.365
-661.127
-706.665
-753.801
-802.389
-852.397
-903.198
-952.584
-996.553
-1026.49
-1041.81
8.29778
8.06182
7.13665
4.40415
4.76712
-1.47798
-0.577664
-8.78938
-9.02744
-17.7536
-20.4583
-28.7471
-34.4051
-42.6678
-50.724
-59.855
-69.9593
-80.8442
-92.7495
-105.832
-120.149
-135.79
-152.764
-170.971
-190.254
-210.364
-231.069
-252.564
-275.581
-300.747
-327.883
-356.381
-386.116
-417.371
-450.181
-484.479
-520.286
-557.427
-595.716
-635.272
-676.06
-717.837
-760.444
-803.546
-847.507
-890.652
-929.694
-958.857
-971.87
-983.483
2.04645
3.03909
0.712449
-0.223794
-1.95492
-6.33068
-6.95846
-14.2177
-15.4091
-23.9579
-27.0421
-36.0055
-41.9037
-51.0341
-59.6673
-69.6974
-80.5722
-92.2275
-104.908
-118.657
-133.519
-149.676
-167.267
-186.329
-206.85
-228.768
-251.761
-275.211
-298.932
-323.726
-350.483
-379.122
-408.999
-439.909
-472.093
-505.617
-540.242
-575.878
-612.439
-649.534
-687.078
-725.078
-763.244
-801.423
-838.995
-874.151
-904.231
-924.08
-929.951
-934.781
-2.97642
-0.986533
-4.82816
-3.74715
-7.60846
-9.73577
-12.5718
-18.3177
-20.5018
-28.7469
-32.1867
-41.4029
-47.4067
-57.1934
-66.0884
-76.9332
-88.5503
-101.123
-114.867
-129.633
-145.375
-162.229
-180.348
-199.864
-220.871
-243.459
-267.713
-293.328
-319.324
-345.109
-371.409
-399.244
-428.777
-459.54
-491.256
-523.901
-557.5
-591.705
-626.184
-661.022
-695.928
-730.594
-764.728
-798.416
-830.542
-859.169
-881.261
-894.153
-902.988
-904.852
-6.74561
-4.08872
-9.04825
-6.13869
-12.2835
-12.0283
-16.8422
-20.6236
-24.6233
-31.7979
-35.9681
-45.0719
-51.2975
-61.3918
-70.3158
-81.677
-93.5765
-106.735
-121.341
-137.144
-154.114
-172.228
-191.44
-211.748
-233.229
-256.04
-280.398
-306.585
-334.352
-362.53
-390.335
-418.178
-446.869
-476.767
-507.789
-539.806
-572.48
-605.682
-639.097
-672.094
-704.59
-736.351
-767.323
-797.005
-824.481
-847.885
-864.076
-870.526
-876.689
-879.304
-9.11663
-6.04305
-11.872
-7.75412
-15.3939
-13.2555
-20.1767
-21.6439
-27.4246
-32.5969
-38.3516
-46.6704
-53.2363
-63.4164
-72.4847
-84.1968
-96.243
-109.784
-124.789
-141.119
-158.927
-178.201
-198.859
-220.756
-243.651
-267.432
-292.204
-318.3
-346.212
-375.567
-405.062
-434.136
-463.074
-492.435
-522.624
-553.769
-585.918
-618.45
-650.85
-682.956
-714.289
-744.308
-772.3
-798.222
-821.305
-839.006
-848.835
-855.306
-856.676
-860.09
-10.5032
-7.15423
-13.6165
-8.40699
-17.1806
-13.4921
-22.0873
-21.3281
-29.2555
-31.9286
-39.3596
-46.1826
-53.5034
-63.3247
-72.3788
-84.1967
-96.3143
-110.231
-125.551
-142.287
-160.612
-180.501
-202.001
-225.193
-249.898
-275.644
-302.031
-328.914
-356.828
-386.61
-417.509
-447.946
-477.625
-506.868
-536.332
-566.646
-597.983
-630.43
-663.262
-695.484
-726.523
-754.794
-780.038
-802.222
-820.456
-832.791
-837.849
-842.58
-844.062
-846.34
-10.5941
-7.36032
-14.7229
-8.02256
-18.2463
-12.6548
-22.8192
-20.0173
-29.618
-30.1108
-39.1378
-43.8597
-52.3477
-61.181
-70.4989
-82.1345
-94.1194
-108.131
-123.529
-140.597
-159.443
-179.961
-202.135
-226.084
-251.961
-279.624
-308.552
-337.921
-367.037
-396.604
-427.75
-459.553
-490.442
-520.203
-549.253
-578.522
-609.12
-641.325
-674.815
-708.628
-740.782
-768.6
-791.572
-809.656
-821.238
-825.615
-831.28
-833.413
-836.04
-837.404
-10.49
-6.80402
-15.0929
-7.11965
-18.6653
-10.9395
-22.9778
-17.5519
-29.1463
-27.2442
-37.6904
-40.4631
-49.7059
-57.2501
-66.8004
-78.0015
-89.8695
-103.861
-119.13
-136.269
-155.336
-176.313
-199.2
-223.956
-250.658
-279.414
-310.178
-342.517
-375.194
-407.133
-438.89
-471.191
-503.078
-533.416
-562.298
-590.473
-619.313
-650.556
-685.122
-722.102
-757.451
-786.525
-807.891
-820.456
-825.13
-824.934
-825.956
-828.621
-831.442
-832.71
-9.65958
-5.58625
-14.6664
-5.88294
-18.0778
-9.2777
-21.9723
-15.0864
-27.3175
-24.1328
-34.8139
-36.9361
-45.7359
-52.4716
-61.8063
-72.1749
-83.7789
-97.436
-112.473
-129.58
-148.693
-169.926
-193.341
-218.911
-246.667
-276.627
-308.773
-343.167
-379.033
-414.729
-449.435
-483.4
-516.426
-547.646
-576.29
-603.002
-629.571
-658.531
-692.194
-731.159
-772.294
-808.259
-830.885
-837.176
-832.114
-830.948
-828.551
-828.928
-829.78
-830.521
-8.49645
-4.2782
-13.4587
-4.82791
-16.5258
-8.13115
-19.5235
-13.335
-23.8841
-21.6639
-30.3293
-33.0702
-40.7344
-47.1986
-55.9135
-65.4734
-76.5114
-89.4387
-103.887
-120.586
-139.449
-160.725
-184.479
-210.668
-239.351
-270.608
-304.302
-340.552
-379.524
-419.502
-458.42
-495.876
-531.421
-564.098
-593.14
-618.477
-641.344
-664.961
-694.097
-733.287
-781.869
-830.604
-860.82
-860.396
-849.231
-841.074
-835.459
-830.623
-827.573
-826.532
-7.73568
-2.90766
-11.5843
-3.76165
-14.119
-6.94499
-16.4248
-12.0479
-19.8485
-19.2638
-25.7699
-28.8356
-35.4257
-41.4031
-49.3448
-58.1776
-68.5074
-80.5488
-94.2377
-110.135
-128.305
-149.154
-172.859
-199.474
-228.994
-261.545
-297.033
-335.155
-376.4
-420.454
-464.934
-507.612
-547.44
-583.21
-613.615
-637.585
-656.591
-673.397
-692.841
-724.066
-776.767
-841.959
-893.11
-897.022
-878.288
-857.063
-843.007
-830.846
-822.751
-819.019
-6.81747
-2.039
-9.51502
-3.59899
-11.0595
-6.23978
-13.0841
-10.4502
-16.2579
-16.2942
-21.7754
-24.5259
-30.3841
-35.5743
-42.6991
-50.592
-60.0129
-71.0435
-83.8116
-98.7281
-115.944
-135.92
-158.979
-185.405
-215.295
-248.813
-286.129
-326.801
-370.686
-418.45
-468.574
-517.86
-564.178
-605.268
-638.893
-663.489
-678.752
-685.734
-690.887
-707.168
-751.738
-823.089
-902.926
-924.127
-906.929
-874.117
-852.034
-834.578
-821.099
-812.559
-6.43128
-1.19936
-6.23585
-3.66527
-7.7502
-5.79641
-9.91856
-8.95108
-13.0218
-13.5131
-17.9482
-20.3755
-25.549
-30.0683
-36.358
-43.276
-51.6668
-61.5248
-73.1444
-86.8885
-102.977
-121.841
-143.892
-169.589
-199.234
-233.091
-271.595
-314.769
-362.056
-413.729
-469.468
-526.496
-581.242
-630.213
-669.93
-697.099
-709.951
-709.77
-697.527
-685.062
-699.856
-759.303
-848.823
-913.829
-916.285
-905.152
-888.174
-864.256
-841.516
-828.114
-5.4942
-0.970228
-1.7123
-4.90989
-3.78473
-6.22296
-6.79323
-8.01663
-10.0088
-11.2463
-14.3883
-16.8294
-21.0147
-25.0194
-30.5032
-36.465
-43.8204
-52.5101
-62.8672
-75.2372
-89.958
-107.469
-128.247
-152.841
-181.718
-215.343
-254.296
-299.011
-349.47
-405.735
-467.796
-533.543
-598.943
-659.115
-708.837
-742.543
-754.028
-745.683
-719.489
-676.635
-639.871
-656.882
-731.174
-845.713
-916.98
-962.151
-960.632
-929.088
-894.335
-868.846
-3.13895
-4.5689
4.16578
-7.55604
0.539246
-7.22018
-3.32331
-7.57662
-6.9668
-9.62298
-10.9078
-13.7283
-17.036
-20.6411
-25.3184
-30.4175
-36.8469
-44.5125
-53.7123
-64.7532
-78.0131
-94.0205
-113.37
-136.702
-164.493
-197.454
-236.606
-282.434
-334.941
-395.098
-463.509
-539.263
-617.864
-692.896
-756.743
-801.123
-818.109
-798.007
-748.639
-673.771
-596.697
-568.617
-622.157
-758.941
-898.345
-1004.48
-1033.9
-996.639
-951.478
-929.199
1.36442
-5.94408
7.78244
-6.55715
2.72116
-6.14938
-0.895303
-6.42348
-4.2677
-8.09698
-8.1226
-11.1856
-14.1511
-17.4734
-21.3398
-25.836
-31.4362
-38.1667
-46.4326
-56.4457
-68.5482
-83.2269
-101.189
-123.354
-150.15
-182.096
-221.174
-268.488
-323.111
-385.857
-461.341
-550.411
-647.401
-743.825
-828.326
-891.697
-923.996
-909.589
-834.953
-730.678
-629.825
-593.791
-651.107
-783.445
-918.498
-1006.66
-1014.8
-988.736
-961.055
-947.818
1.10408
-3.09567
2.60727
-2.85578
0.29608
-3.38625
-1.75272
-4.37691
-4.56167
-6.83018
-8.2328
-9.98568
-12.2834
-15.1264
-18.5231
-22.751
-27.9247
-34.1379
-41.8501
-51.3459
-63.1157
-77.5624
-95.3375
-117.557
-144.942
-177.785
-218.562
-269.82
-330.047
-400.306
-487.254
-593.866
-715.146
-840.016
-947.565
-1025.16
-1058.34
-1019.47
-923.511
-806.688
-727.541
-725.038
-769.899
-851.258
-940.501
-975.265
-958.307
-935.1
-927.303
-927.387
0.116429
-0.44498
0.179233
-0.95277
-0.762261
-1.64244
-2.19905
-3.28454
-4.20623
-5.53945
-7.06945
-8.60197
-10.5738
-13.091
-16.1697
-20.1818
-25.186
-31.37
-39.1023
-48.5829
-60.4891
-75.3601
-94.0245
-117.626
-147.003
-182.578
-227.498
-285.675
-355.095
-436.955
-540.452
-671.614
-825.263
-977.606
-1106.21
-1196.12
-1214.53
-1153.85
-1056.49
-968.775
-916.934
-902.85
-916.879
-942.812
-966.422
-953.999
-921.016
-901.548
-903.378
-911.706
0.563192
0.611207
0.279226
-0.0193471
-0.331198
-0.671273
-1.36062
-2.01976
-2.84241
-3.71251
-4.87513
-6.25748
-8.10961
-10.4766
-13.3789
-17.1892
-21.8666
-27.8135
-35.445
-45.0845
-57.4185
-72.9104
-92.4889
-117.664
-149.775
-189.226
-239.575
-306.708
-389.144
-486.633
-612.45
-777.283
-968.216
-1152.98
-1310.58
-1409.56
-1411.84
-1358.54
-1281.42
-1205.79
-1147.17
-1105.85
-1078.74
-1055.34
-1021.09
-975.351
-929.533
-905.097
-905.127
-914.444
1.40626
1.40925
1.24264
1.17437
0.959905
0.742283
0.334979
-0.104887
-0.732539
-1.36674
-2.15395
-3.20746
-4.61225
-6.53258
-8.95167
-12.3508
-16.6366
-22.2643
-29.4575
-38.7332
-50.926
-66.8129
-87.3615
-114.164
-149.104
-192.936
-249.685
-327.118
-424.576
-543.255
-703.716
-914.498
-1147.82
-1369.61
-1555.85
-1662.1
-1683.41
-1640.66
-1569.37
-1488.7
-1398.7
-1315.61
-1238.25
-1165.45
-1093.73
-1027.47
-970.671
-933.081
-919.998
-930.091
2.18276
2.3607
2.38165
2.52754
2.60569
2.74944
2.74807
2.70236
2.51949
2.21846
1.78713
1.10258
0.164687
-1.192
-2.90821
-5.40048
-8.70626
-13.4177
-19.7979
-28.4314
-40.0121
-55.4402
-75.9442
-103.54
-140.843
-188.855
-251.908
-341.39
-459.702
-607.806
-808.455
-1070.79
-1358.19
-1623.34
-1829.61
-1962.84
-2012.34
-1975.52
-1893.27
-1779.06
-1645.23
-1505.24
-1380.37
-1266.26
-1168.78
-1086.31
-1020.64
-972.107
-947.534
-957.672
3.44421
3.56223
3.78447
4.05678
4.43979
4.87835
5.33031
5.74945
6.22016
6.61839
6.93651
7.05032
6.95861
6.4611
5.58956
4.02781
1.78661
-1.59396
-6.42549
-13.4636
-23.6277
-38.0324
-57.894
-85.1705
-123.356
-174.683
-243.558
-346.011
-490.91
-672.785
-919.773
-1244.13
-1587.01
-1893.9
-2124.07
-2280.24
-2349.9
-2304.06
-2180.05
-2017.3
-1831.74
-1643.85
-1478.02
-1336.67
-1221.57
-1130.99
-1061.49
-1011.6
-984.106
-981.266
4.9908
5.36279
5.85167
6.33096
6.92266
7.57594
8.40627
9.27186
10.2355
11.2595
12.3666
13.4396
14.5301
15.4278
16.1362
16.2582
15.7067
14.0099
10.9163
5.83583
-2.02817
-14.0518
-31.978
-58.1114
-96.3485
-150.367
-224.943
-339.79
-515.742
-741.074
-1035.86
-1413.13
-1804.96
-2141.58
-2384.23
-2538.14
-2589.21
-2518.08
-2357.3
-2151.76
-1924.7
-1708.15
-1518.01
-1362.04
-1238.34
-1144.73
-1077.04
-1031.68
-1006.68
-998.968
6.86036
7.2515
8.05824
9.05408
10.1073
11.2005
12.4371
13.8998
15.5064
17.2283
19.0897
21.0325
23.1214
25.2674
27.522
29.644
31.5111
32.6152
32.5193
30.4676
25.6272
16.7224
2.09584
-20.7727
-56.361
-110.803
-190.88
-314.497
-512.034
-787.331
-1128.6
-1530.52
-1944.85
-2288.01
-2522.67
-2655.38
-2677.82
-2579.72
-2393.49
-2164.37
-1918.79
-1689.24
-1493.44
-1334.64
-1212.12
-1121.65
-1058.73
-1018.03
-997.654
-993.981
8.8003
9.70121
10.7642
11.9223
13.3282
15.0108
16.8749
19.0003
21.3845
24.0711
27.0295
30.2383
33.7148
37.4074
41.3112
45.328
49.4033
53.2733
56.6303
58.7862
58.7664
54.9962
45.5271
27.7287
-2.69693
-53.6605
-136.552
-268.308
-477.799
-775.428
-1135.34
-1543.64
-1959.27
-2289.37
-2500.85
-2605.2
-2595.26
-2481.74
-2292.7
-2060.48
-1819.31
-1597.44
-1409.15
-1259.4
-1145.07
-1061.16
-1003.4
-967.56
-950.744
-950.632
10.7277
11.9328
13.3959
14.9791
16.8169
18.9364
21.3467
24.1484
27.3045
30.9253
35.002
39.573
44.6888
50.3538
56.5584
63.2115
70.2085
77.3487
84.3948
90.8588
96.0439
98.677
96.7318
86.9543
64.4118
20.486
-58.9531
-192.53
-400.974
-693.201
-1044.06
-1432.05
-1819.14
-2119.38
-2303.26
-2377.42
-2357.32
-2249.23
-2078.41
-1869.61
-1653.1
-1454.61
-1286.76
-1151.81
-1047.88
-971.588
-919.034
-886.587
-872.42
-872.064
12.509
14.0175
15.8123
17.7828
20.0762
22.7144
25.7128
29.1932
33.1363
37.6722
42.8187
48.6482
55.2505
62.7038
71.1101
80.4839
90.8005
101.919
113.628
125.479
136.779
146.418
152.65
152.361
140.183
107.043
38.8599
-82.4598
-272.588
-536.345
-853.829
-1196.16
-1520.36
-1781.36
-1953.12
-2037.04
-2033.35
-1949.56
-1812.18
-1642.82
-1464.27
-1296.7
-1151.61
-1032.6
-939.31
-869.638
-820.78
-790.031
-774.991
-771.335
14.0441
15.8184
17.8817
20.1794
22.8437
25.9272
29.4619
33.5577
38.2383
43.6376
49.8203
56.876
64.9155
74.0337
84.3864
96.0727
109.208
123.797
139.77
156.85
174.46
191.496
206.104
215.178
213.475
192.466
139.651
39.8214
-118.289
-343.595
-615.486
-905.793
-1184.18
-1421.07
-1593.75
-1690.93
-1711.86
-1665.24
-1567.67
-1438.37
-1295.32
-1154.92
-1028.59
-921.905
-836.273
-770.738
-723.692
-692.973
-676.87
-671.544
15.1758
17.1603
19.4156
21.9719
24.9209
28.316
32.252
36.7946
42.0236
48.0635
55.0322
63.0451
72.2447
82.7604
94.7672
108.402
123.833
141.15
160.368
181.318
203.562
226.144
247.231
263.629
270.151
259.014
219.698
139.401
4.47942
-186.986
-423.19
-679.738
-931.651
-1153.46
-1325.01
-1433.34
-1473.94
-1455.01
-1387.65
-1286.45
-1168.08
-1046.95
-933.945
-835.801
-755.278
-692.45
-645.884
-613.639
-594.491
-585.974
15.7721
17.8718
20.2303
22.9276
26.0428
29.6086
33.7698
38.5588
44.0876
50.4745
57.8643
66.3884
76.2058
87.4819
100.411
115.167
131.945
150.886
172.056
195.318
220.232
245.841
270.323
290.509
301.296
295.252
262.789
193.103
71.2447
-102.191
-318.065
-557.448
-797.538
-1013.44
-1185.01
-1296.4
-1348.11
-1341.64
-1286.52
-1199.52
-1095.41
-985.438
-880.279
-787.13
-708.787
-645.554
-596.839
-561.461
-539.142
-527.96
15.7679
17.8687
20.2281
22.9304
26.053
29.6239
33.7893
38.5867
44.1249
50.5227
57.9295
66.4764
76.3223
87.6335
100.609
115.43
132.296
151.349
172.661
196.103
221.246
247.14
271.968
292.563
303.841
298.42
266.826
198.532
78.9496
-92.121
-304.547
-541.241
-780.069
-994.43
-1163.7
-1275.14
-1332.06
-1329.38
-1271.16
-1183.8
-1081.54
-973.663
-869.979
-777.124
-697.984
-633.615
-583.969
-547.925
-524.87
-512.858
15.1644
17.1525
19.4103
21.9795
24.9474
28.3526
32.3003
36.8705
42.1291
48.2024
55.2212
63.3001
72.5833
83.2059
95.3529
109.175
124.85
142.479
162.093
183.551
206.445
229.849
251.959
269.609
277.671
268.519
232.026
156.101
28.032
-155.649
-380.823
-628.634
-875.102
-1092.53
-1259.67
-1369.49
-1415.12
-1400.38
-1337.53
-1241.45
-1128.51
-1011.92
-902.057
-805.673
-725.664
-661.88
-612.865
-577.119
-554.367
-542.624
14.0306
15.8077
17.8698
20.1843
22.8766
25.9762
29.533
33.6723
38.3963
43.845
50.1014
57.2582
65.429
74.713
85.2763
97.2345
110.723
125.764
142.318
160.159
178.765
197.093
213.358
224.511
225.397
207.721
159.561
66.6758
-79.4767
-291.329
-546.117
-821.952
-1088.49
-1315.26
-1481.47
-1580.66
-1609.01
-1572.88
-1485.93
-1366.87
-1233.53
-1100.59
-978.663
-873.98
-788.789
-722.568
-673.602
-639.654
-618.986
-608.747
12.4906
13.9962
15.787
17.7796
20.1094
22.7717
25.7987
29.3244
33.3126
37.9078
43.148
49.1093
55.8803
63.5338
72.1844
81.8762
92.612
104.272
116.687
129.47
141.992
153.226
161.517
163.832
154.881
125.772
63.0522
-50.1944
-228.245
-476.117
-775.193
-1096.1
-1400.26
-1648.67
-1815.13
-1899.57
-1904.32
-1833.33
-1709.01
-1553.9
-1388.27
-1230.14
-1090.77
-974.571
-881.879
-811.46
-761.244
-728.311
-710.231
-702.782
10.6908
11.895
13.3643
14.9737
16.8453
18.9898
21.4305
24.2784
27.4848
31.1805
35.3722
40.0934
45.3882
51.2588
57.719
64.7072
72.1401
79.8467
87.6315
95.0456
101.454
105.68
105.803
98.6659
79.3429
39.311
-35.4371
-163.47
-363.262
-642.443
-978.16
-1353.93
-1720.18
-2006.75
-2181.08
-2252.41
-2239.43
-2137.26
-1976.09
-1780.37
-1576.33
-1386.98
-1225.57
-1094.62
-992.355
-915.916
-862.364
-828.53
-811.416
-805.406
8.74597
9.66004
10.732
11.911
13.3511
15.0625
16.9588
19.1336
21.5708
24.3366
27.4076
30.7542
34.3913
38.283
42.4444
46.7833
51.2702
55.6785
59.7198
62.7305
63.8054
61.4659
53.8442
38.3499
10.7747
-36.7801
-116.717
-245.673
-448.765
-740.081
-1094.66
-1496.25
-1905.92
-2236.49
-2444.8
-2543.08
-2524.11
-2409.01
-2224.15
-1998.11
-1762.08
-1545.02
-1360.88
-1213.88
-1100.71
-1016.77
-958.295
-921.688
-904.613
-900.66
6.7869
7.20333
8.03627
9.05503
10.1185
11.2254
12.5029
14.0105
15.6675
17.4646
19.428
21.4961
23.7386
26.0833
28.5845
30.9969
33.2333
34.82
35.3235
34.0202
30.123
22.4066
9.22607
-11.8542
-45.0624
-97.0202
-175.638
-296.493
-490.846
-768.818
-1112.01
-1513.96
-1933.08
-2285.14
-2521.71
-2648.72
-2667.35
-2566.49
-2380.67
-2147.82
-1900.03
-1667.1
-1469.36
-1310.3
-1187.5
-1096.43
-1032.79
-992.64
-972.96
-969.522
4.95178
5.32611
5.80972
6.30439
6.91222
7.58157
8.45106
9.36125
10.3824
11.4836
12.6822
13.8659
15.0939
16.1614
17.0749
17.449
17.227
15.9619
13.387
8.94878
1.84952
-9.26424
-26.1396
-50.9546
-87.5243
-140.373
-214.22
-326.794
-503.633
-737.916
-1040.12
-1422.07
-1826.75
-2180.29
-2433.19
-2588.08
-2638.46
-2570.91
-2405.13
-2190.27
-1953.05
-1725.83
-1526.94
-1365.19
-1238.24
-1142.93
-1074.9
-1030.19
-1007.13
-1001.41
3.39757
3.51262
3.7447
4.03596
4.42341
4.87633
5.36569
5.83253
6.3504
6.81243
7.20062
7.40101
7.4231
7.0661
6.37891
5.06402
3.13186
0.129518
-4.28005
-10.7916
-20.3415
-34.0244
-53.0692
-79.3266
-116.416
-167.216
-235.156
-336.531
-486.805
-674.784
-925.416
-1264.51
-1630.2
-1959.87
-2208.68
-2376.18
-2458.23
-2422.08
-2289.39
-2110.64
-1908.56
-1704.15
-1522.1
-1369.15
-1246.23
-1151.04
-1080.31
-1031.85
-1004.69
-996.539
2.12236
2.31198
2.34168
2.49336
2.5682
2.72593
2.76056
2.74433
2.59974
2.36503
1.9945
1.38457
0.554727
-0.670803
-2.21324
-4.48033
-7.53926
-11.9493
-17.9924
-26.1768
-37.2335
-52.0543
-71.8486
-98.5393
-134.979
-182.528
-244.593
-333.927
-456.688
-609.455
-816.915
-1092.67
-1400.23
-1689.65
-1917.51
-2074.72
-2152.55
-2128.89
-2041.23
-1914.28
-1763.99
-1601.05
-1454.16
-1322.2
-1213.23
-1123.73
-1053.64
-1002.02
-975.217
-975.53
1.33531
1.34373
1.18723
1.11675
0.898564
0.693542
0.311879
-0.0933664
-0.665675
-1.24859
-1.99119
-2.97408
-4.27309
-6.09303
-8.38032
-11.5935
-15.6905
-21.0571
-27.9577
-36.8621
-48.6352
-64.0524
-84.0574
-110.229
-144.709
-188.362
-244.553
-322.356
-423.039
-545.514
-711.228
-934.452
-1188.38
-1431.53
-1636.09
-1767.36
-1817.8
-1791.77
-1724.34
-1640.11
-1538.03
-1431.08
-1328.45
-1233.3
-1146.95
-1070.83
-1006.78
-959.532
-937.001
-950.963
0.491694
0.53563
0.209905
-0.0835365
-0.399883
-0.742432
-1.40403
-2.01843
-2.80606
-3.6556
-4.76796
-6.0758
-7.82489
-10.1371
-12.9383
-16.5822
-21.1112
-26.8449
-34.2403
-43.6042
-55.6008
-70.7255
-89.8844
-114.591
-146.396
-185.721
-235.786
-303.249
-387.533
-487.39
-618.535
-797.415
-1004.6
-1204.49
-1379.92
-1498.57
-1523.1
-1484.97
-1417.15
-1350.7
-1281.21
-1223.01
-1171.3
-1122.41
-1067.81
-1011.49
-958.245
-923.467
-913.357
-924.222
0.0482788
-0.533171
0.106646
-1.02284
-0.833738
-1.71935
-2.25423
-3.31554
-4.23923
-5.50654
-6.97554
-8.45324
-10.3322
-12.8253
-15.8275
-19.6967
-24.5781
-30.593
-38.121
-47.3805
-59.0019
-73.5839
-91.9057
-115.094
-144.168
-179.52
-224.17
-283
-354.146
-437.297
-543.726
-684.418
-851.745
-1019.37
-1162.71
-1271.39
-1299.67
-1245.87
-1167.65
-1087.06
-1034.87
-1011.01
-1004.46
-1003.84
-995.724
-965.244
-927.058
-903.925
-904.201
-913.541
1.05828
-3.19859
2.53047
-2.94186
0.222283
-3.45312
-1.79781
-4.39097
-4.66011
-6.77319
-8.13511
-9.90993
-12.1171
-14.9253
-18.2579
-22.3595
-27.4095
-33.4948
-41.0312
-50.3519
-61.9151
-76.1584
-93.6923
-115.638
-142.866
-175.566
-215.95
-267.493
-328.785
-400.516
-490.02
-602.149
-732.802
-870.285
-991.452
-1082.15
-1126.87
-1092.8
-994.523
-887.089
-823.926
-812.641
-843.067
-896.536
-948.743
-955.491
-930.033
-910.946
-909.929
-915.874
1.3996
-6.07815
7.69215
-6.65787
2.62417
-6.20495
-0.982215
-6.39191
-4.37594
-7.97947
-8.18126
-11.1893
-14.1118
-17.3226
-21.104
-25.5112
-30.9826
-37.6059
-45.7195
-55.5831
-67.5238
-82.0194
-99.7689
-121.717
-148.357
-180.068
-218.934
-266.663
-322.4
-386.514
-463.591
-557.072
-661.73
-766.002
-861.753
-934.966
-973.924
-964.734
-887.712
-774.679
-673.19
-650.313
-700.362
-800.046
-915.286
-975.566
-971.718
-948.287
-937.287
-934.961
109.24
105.074
102.771
101.414
100.552
100.381
100.918
101.403
101.332
101.441
102.028
102.906
104.047
105.548
107.342
109.332
111.488
113.851
116.429
119.225
122.243
125.479
128.925
132.547
136.337
140.22
144.254
148.349
152.389
156.226
159.711
162.67
164.97
166.443
166.879
165.964
163.427
158.872
151.965
142.089
128.456
110.595
88.0172
59.853
25.1693
-16.7813
-66.4622
-124.599
-194.614
-266.552
107.213
105.389
104.338
103.574
102.719
102.8
104.12
105.207
105.168
105.351
106.486
108.046
109.667
111.572
113.862
116.445
119.205
122.19
125.473
129.074
132.96
137.11
141.524
146.223
151.195
156.426
161.849
167.406
173.011
178.604
184.044
189.189
193.839
197.82
200.901
202.889
203.51
202.495
199.582
194.075
185.26
172.756
155.819
133.575
105.523
71.1712
29.767
-20.0243
-79.8912
-140.375
106.64
106.387
106.214
105.991
105.574
105.829
107.58
109.569
109.97
109.793
111.131
113.612
115.96
118.171
120.773
123.919
127.417
131.177
135.301
139.831
144.735
149.946
155.457
161.32
167.558
174.167
181.058
188.182
195.483
202.92
210.343
217.619
224.531
230.96
236.73
241.725
245.696
248.413
249.478
248.22
244.199
236.661
224.912
208.72
187.666
160.929
127.507
86.6481
37.5726
-10.6196
107.405
108.054
108.702
108.947
108.818
109.254
111.428
114.276
115.311
114.956
116.24
119.506
122.781
125.479
128.42
132.077
136.325
140.953
145.999
151.517
157.487
163.83
170.518
177.603
185.158
193.173
201.601
210.377
219.456
228.771
238.229
247.688
257.016
266.082
274.764
282.927
290.311
296.666
301.462
304.273
304.542
301.672
295.517
285.644
271.206
251.382
225.622
193.428
154.089
117.848
109.272
110.439
111.74
112.532
112.773
113.329
115.692
119.217
120.991
120.776
121.96
125.821
130.158
133.598
136.919
141.04
146.015
151.541
157.517
164.002
171.024
178.526
186.458
194.848
203.771
213.252
223.278
233.781
244.726
256.031
267.635
279.409
291.268
303.053
314.655
325.874
336.498
346.218
354.635
361.414
366.067
368.324
367.792
363.638
355.202
342.098
323.857
299.997
270.134
243.691
112.026
113.514
115.302
116.53
117.015
117.855
120.477
124.452
126.882
127.14
128.377
132.615
137.85
142.075
145.828
150.459
156.252
162.746
169.663
177.092
185.178
193.9
203.161
212.948
223.319
234.344
246.034
258.342
271.205
284.567
298.352
312.476
326.833
341.292
355.71
369.887
383.657
396.723
408.84
419.655
428.775
435.841
440.106
441.001
438.252
431.371
419.758
403.019
380.916
362.624
115.52
117.194
119.318
120.833
121.582
122.691
125.548
129.889
132.882
133.716
135.211
139.77
145.796
150.911
155.281
160.472
167.039
174.459
182.329
190.753
199.938
209.889
220.488
231.685
243.537
256.132
269.493
283.592
298.355
313.739
329.666
346.08
362.868
379.925
397.084
414.191
431.065
447.489
463.217
477.862
491.065
502.265
510.949
516.841
519.436
518.076
512.374
502.237
487.606
475.921
119.561
121.306
123.625
125.35
126.3
127.71
130.836
135.489
139.041
140.462
142.362
147.269
153.917
159.865
165.001
170.87
178.211
186.557
195.407
204.838
215.078
226.172
238.03
250.595
263.919
278.076
293.09
308.941
325.579
342.943
360.982
379.629
398.805
418.391
438.242
458.205
478.103
497.724
516.776
534.899
551.683
566.666
579.502
589.706
596.661
599.922
599.249
594.334
585.033
578.107
123.947
125.685
128.077
129.927
131.042
132.714
136.144
141.05
145.065
147.127
149.535
154.789
162.005
168.767
174.65
181.158
189.23
198.503
208.353
218.758
229.977
242.142
255.217
269.137
283.929
299.639
316.28
333.838
352.277
371.537
391.588
412.364
433.785
455.738
478.081
500.669
523.303
545.766
567.745
588.908
608.849
627.176
643.465
657.205
667.974
675.489
679.468
679.664
675.996
673.137
128.433
130.087
132.493
134.401
135.649
137.575
141.287
146.429
150.839
153.537
156.487
162.079
169.792
177.298
183.921
191.11
199.945
210.106
220.882
232.187
244.346
257.555
271.806
287.026
303.201
320.356
338.496
357.616
377.691
398.691
420.57
443.28
466.727
490.811
515.396
540.327
565.407
590.39
614.976
638.819
661.511
682.654
701.8
718.568
732.649
743.662
751.145
754.569
753.945
753.41
132.747
134.273
136.628
138.568
139.961
142.117
146.04
151.398
156.18
159.409
162.853
168.861
177.082
185.2
192.468
200.334
209.912
220.846
232.399
244.498
257.532
271.723
287.034
303.388
320.753
339.148
358.589
379.076
400.593
423.125
446.626
471.031
496.259
522.196
548.724
575.668
602.823
629.922
656.656
682.665
707.571
730.984
752.524
771.89
788.746
802.719
813.264
819.86
822.627
824.269
136.632
138.003
140.248
142.203
143.777
146.14
150.207
155.735
160.806
164.502
168.458
174.828
183.414
192.062
199.959
208.42
218.555
230.071
242.309
255.195
269.061
284.108
300.3
317.573
335.91
355.344
375.901
397.578
420.364
444.226
469.117
494.952
521.654
549.123
577.232
605.799
634.609
663.386
691.838
719.636
746.444
771.899
795.637
817.25
836.28
852.008
863.439
870.347
873.346
874.893
139.841
141.038
143.134
145.116
146.887
149.429
153.565
159.189
164.517
168.622
172.967
179.596
188.531
197.646
205.974
214.833
225.425
237.507
250.361
263.853
278.308
293.964
310.825
328.827
347.965
368.248
389.688
412.281
436.016
460.855
486.743
513.609
541.379
569.959
599.218
628.978
659.006
689.034
718.77
747.893
776.054
802.844
827.785
850.269
869.662
885.678
898.592
908.845
916.075
920.902
142.171
143.178
145.088
147.135
149.118
151.772
155.917
161.602
167.119
171.497
176.116
182.966
192.14
201.519
210.122
219.304
230.27
242.737
255.947
269.802
284.66
300.766
318.128
336.663
356.337
377.161
399.152
422.32
446.66
472.133
498.681
526.242
554.736
584.07
614.112
644.678
675.527
706.38
736.921
766.812
795.674
823.109
848.714
872.117
892.996
910.908
925.192
934.928
940.247
943.004
143.418
144.277
146.043
148.162
150.29
152.994
157.123
162.834
168.452
172.977
177.736
184.681
193.961
203.497
212.263
221.599
232.709
245.326
258.725
272.803
287.897
304.238
321.815
340.559
360.447
381.499
403.742
427.191
451.829
477.617
504.489
532.367
561.175
590.821
621.172
652.037
683.171
714.287
745.061
775.143
804.155
831.7
857.362
880.742
901.466
919.227
933.757
944.869
952.232
956.673
143.41
144.269
146.034
148.149
150.274
152.978
157.108
162.818
168.432
172.951
177.704
184.646
193.92
203.446
212.201
221.527
232.619
245.216
258.6
272.658
287.724
304.028
321.563
340.267
360.114
381.118
403.306
426.693
451.261
476.97
503.749
531.519
560.206
589.719
619.925
650.632
681.591
712.51
743.063
772.894
801.619
828.848
854.164
877.15
897.403
914.67
928.842
939.999
947.79
952.579
142.149
143.153
145.059
147.097
149.072
151.724
155.87
161.552
167.058
171.419
176.025
182.868
192.023
201.363
209.929
219.076
229.998
242.417
255.574
269.369
284.145
300.15
317.405
335.829
355.374
376.047
397.863
420.842
444.973
470.213
496.488
523.735
551.877
580.821
610.435
640.531
670.859
701.13
731.02
760.179
788.222
814.748
839.369
861.783
881.739
898.841
912.345
921.21
925.618
927.491
139.805
140.997
143.084
145.053
146.815
149.351
153.487
159.106
164.419
168.498
172.825
179.445
188.35
197.389
205.644
214.441
224.974
236.988
249.759
263.149
277.469
292.973
309.675
327.502
346.428
366.457
387.61
409.893
433.287
457.737
483.173
509.527
536.726
564.679
593.245
622.238
651.411
680.49
709.172
737.136
764.022
789.419
812.84
833.713
851.495
865.996
877.503
886.229
891.525
894.454
136.582
137.945
140.178
142.118
143.679
146.035
150.101
155.623
160.676
164.342
168.272
174.627
183.166
191.716
199.508
207.882
217.937
229.36
241.487
254.232
267.932
282.801
298.797
315.832
333.872
352.952
373.124
394.389
416.714
440.045
464.316
489.449
515.375
541.998
569.173
596.702
624.345
651.821
678.827
705.045
730.153
753.79
775.58
795.044
811.639
824.608
833.29
837.843
838.588
838.237
132.684
134.201
136.54
138.462
139.838
141.986
145.907
151.256
156.014
159.212
162.624
168.611
176.778
184.789
191.926
199.672
209.142
219.957
231.37
243.297
256.151
270.161
285.263
301.332
318.318
336.267
355.226
375.199
396.15
418.029
440.781
464.331
488.606
513.501
538.877
564.54
590.254
615.733
640.66
664.674
687.405
708.472
727.526
744.255
758.29
769.165
776.178
778.936
777.697
775.946
128.359
130.002
132.39
134.277
135.506
137.419
141.123
146.254
150.634
153.294
156.214
161.776
169.435
176.84
183.323
190.356
199.032
209.049
219.672
230.803
242.782
255.803
269.819
284.708
300.45
317.099
334.683
353.199
372.6
392.839
413.857
435.593
457.958
480.829
504.074
527.499
550.885
573.964
596.43
617.918
638.034
656.349
672.425
685.924
696.502
703.764
707.182
706.219
700.891
696.061
123.867
125.591
127.963
129.787
130.88
132.535
135.948
140.836
144.813
146.828
149.21
154.441
161.596
168.252
174.006
180.354
188.237
197.321
206.992
217.236
228.3
240.276
253.078
266.612
280.925
296.094
312.131
329.011
346.685
365.101
384.207
403.934
424.168
444.782
465.62
486.507
507.23
527.525
547.093
565.584
582.582
597.709
610.464
620.358
627.016
630.12
629.347
624.384
615.14
606.965
119.473
121.205
123.5
125.195
126.119
127.508
130.618
135.244
138.739
140.11
141.989
146.884
153.472
159.306
164.301
170.02
177.188
185.324
193.967
203.231
213.326
224.23
235.78
247.925
260.753
274.346
288.721
303.846
319.666
336.122
353.165
370.701
388.62
406.769
424.979
443.088
460.881
478.144
494.528
509.7
523.204
534.601
543.51
549.347
551.544
549.714
543.601
532.942
517.521
504.28
115.426
117.087
119.184
120.668
121.391
122.475
125.313
129.62
132.547
133.322
134.796
139.344
145.308
150.304
154.532
159.586
165.999
173.219
180.872
189.116
198.144
207.884
218.155
228.926
240.284
252.311
265.016
278.353
292.269
306.72
321.623
336.884
352.361
367.905
383.319
398.447
413.073
426.984
439.874
451.361
461.025
468.28
472.7
473.899
471.281
464.306
452.571
435.785
413.809
393.986
111.926
113.402
115.164
116.356
116.817
117.635
120.237
124.178
126.542
126.729
127.933
132.141
137.302
141.42
145.054
149.561
155.209
161.521
168.238
175.482
183.37
191.835
200.752
210.127
220.016
230.478
241.502
253.051
265.068
277.501
290.248
303.205
316.21
329.113
341.718
353.834
365.25
375.667
384.824
392.295
397.759
400.646
400.241
396.11
387.825
374.752
356.448
332.525
302.606
275.14
109.163
110.319
111.598
112.359
112.577
113.116
115.467
118.954
120.647
120.362
121.52
125.318
129.558
132.921
136.178
140.197
145.019
150.373
156.173
162.461
169.236
176.429
184.009
192.009
200.462
209.378
218.744
228.513
238.64
249.037
259.611
270.205
280.697
290.894
300.672
309.779
318.026
324.996
330.361
333.673
334.464
332.502
327.143
317.579
303.296
283.761
258.323
226.666
188.623
152.475
107.293
107.93
108.562
108.785
108.631
109.053
111.214
114.012
114.97
114.564
115.813
119
122.183
124.834
127.749
131.32
135.418
139.876
144.752
150.058
155.745
161.748
168.086
174.791
181.891
189.347
197.133
205.204
213.516
221.944
230.378
238.636
246.587
254.045
260.905
266.967
271.982
275.613
277.289
276.598
272.856
265.595
254.584
239.173
218.556
192.065
159.062
118.85
70.9706
24.5716
106.532
106.267
106.079
105.839
105.393
105.63
107.364
109.304
109.64
109.415
110.716
113.129
115.408
117.585
120.156
123.22
126.585
130.179
134.12
138.417
143.027
147.902
153.07
158.562
164.366
170.441
176.728
183.19
189.757
196.332
202.731
208.798
214.315
219.137
223.07
225.976
227.589
227.676
225.668
220.931
212.904
200.791
184.098
162.475
135.252
101.554
60.5536
11.5519
-46.0704
-104.655
107.114
105.277
104.203
103.419
102.538
102.606
103.9
104.942
104.849
104.986
106.082
107.594
109.167
111.027
113.263
115.763
118.399
121.218
124.301
127.661
131.266
135.105
139.191
143.537
148.087
152.848
157.713
162.64
167.514
172.258
176.675
180.624
183.876
186.274
187.529
187.44
185.704
182.109
176.212
167.228
154.558
137.598
115.546
87.7307
53.6523
12.5906
-36.3813
-94.5345
-163.138
-234.288
109.148
104.967
102.633
101.26
100.385
100.193
100.699
101.152
101.03
101.084
101.627
102.466
103.566
105.013
106.738
108.642
110.678
112.873
115.244
117.81
120.57
123.521
126.649
129.93
133.32
136.767
140.296
143.802
147.105
150.059
152.518
154.287
155.209
155.118
153.764
150.843
146.014
138.918
129.106
115.799
98.2968
76.1677
48.7637
15.0441
-25.8542
-74.5347
-131.449
-197.772
-276.149
-359.189
-7.59069
1.87437
-1.36206
1.10329
1.27956
2.45276
3.64657
4.81781
6.61181
8.20433
9.77686
11.2058
12.4415
13.3587
13.8421
13.8362
13.3422
12.4186
11.1812
9.74534
8.16181
6.55155
4.77362
3.61117
2.38133
1.23223
1.02117
-1.41569
1.79558
-7.77263
-9.69407
1.32957
-1.7891
2.16739
1.13813
2.94182
3.46657
4.76501
6.17387
7.48919
8.75064
9.9187
10.9425
11.6894
12.0736
12.0688
11.6753
10.92
9.89409
8.72768
7.46624
6.15692
4.73653
3.44265
2.8545
1.12155
2.07513
-1.86732
1.24208
-9.84837
-5.0423
1.17262
-2.11743
2.56628
0.873792
3.5354
3.33451
4.7811
5.95785
6.98053
7.98742
8.92569
9.71084
10.2448
10.5102
10.5085
10.2399
9.70139
8.91278
7.97373
6.96487
5.93973
4.74278
3.32266
3.44657
0.863435
2.46834
-2.18204
1.08133
-5.14276
1.07611
1.83387
-2.12494
2.98787
0.577883
3.75159
3.22737
4.89484
5.72222
6.57805
7.4054
8.11454
8.66324
9.02642
9.21577
9.21597
9.02789
8.66375
8.11074
7.39401
6.56106
5.70588
4.84343
3.23512
3.68591
0.564761
2.8935
-2.18114
1.75678
0.997302
3.76789
3.4579
-0.196646
3.15225
0.647834
3.63277
2.71884
4.50905
4.97717
5.86047
6.59203
7.18388
7.64216
7.97076
8.14989
8.14997
7.97132
7.64157
7.17926
6.57753
5.83524
4.97881
4.4493
2.71717
3.56719
0.631734
3.09844
-0.254156
3.37338
3.66531
0.69634
2.52432
1.0059
2.7318
0.792935
3.3437
2.39745
4.04686
4.1399
5.08324
5.69777
6.24923
6.70052
7.02802
7.1983
7.19732
7.02455
6.69473
6.24282
5.68707
5.04473
4.15377
3.986
2.39386
3.29135
0.787762
2.70485
0.960965
2.42108
0.559481
-1.83756
1.41905
-1.07073
2.24478
0.870424
3.17251
2.28133
3.93836
3.72359
4.64389
5.05978
5.53949
5.93179
6.20371
6.33978
6.33776
6.19808
5.92327
5.53232
5.06083
4.59394
3.74143
3.88806
2.28524
3.12565
0.866332
2.25353
-1.01911
1.24982
-1.99016
-1.13741
0.79895
-0.380753
2.27699
1.18738
3.27013
2.35209
3.85982
3.55095
4.39625
4.62154
5.00677
5.29698
5.49525
5.59596
5.59365
5.48999
5.28953
4.99737
4.63496
4.34298
3.56568
3.82281
2.35871
3.23524
1.14477
2.29825
-0.398132
0.694752
-1.23377
0.631956
0.495426
0.966738
2.0663
1.40483
2.94479
2.29479
3.57259
3.29864
4.0527
4.18218
4.50069
4.71742
4.86835
4.94813
4.94676
4.86557
4.71258
4.49171
4.20153
4.00517
3.30606
3.54641
2.29693
2.9473
1.34584
2.05039
0.936934
0.427005
0.55744
1.62464
1.11173
0.857499
1.98856
1.34544
2.65334
2.08191
3.16436
2.96305
3.61389
3.71413
3.98894
4.16992
4.29503
4.36337
4.36251
4.29536
4.16599
3.98346
3.73234
3.56672
2.96268
3.14186
2.12547
2.61777
1.30273
1.95414
0.826417
1.05771
1.56461
1.56649
1.894
1.06806
2.10909
1.38961
2.39549
1.93861
2.79236
2.68023
3.20198
3.27018
3.50815
3.6615
3.76729
3.82246
3.82211
3.76755
3.65705
3.50321
3.29515
3.13574
2.65687
2.76639
1.98397
2.37067
1.36805
2.06853
1.03825
1.8425
1.51446
1.512
1.75678
1.18952
1.94123
1.42253
2.16463
1.8618
2.47222
2.39546
2.83023
2.86444
3.06974
3.1924
3.27934
3.32476
3.323
3.27955
3.19162
3.06107
2.9074
2.75856
2.39066
2.4479
1.86926
2.13605
1.40409
1.90488
1.16156
1.71113
1.46507
1.49208
1.57186
1.28278
1.74594
1.39167
1.90598
1.74618
2.14643
2.16424
2.42645
2.51982
2.66069
2.75971
2.83019
2.8671
2.86505
2.82872
2.76527
2.65057
2.54105
2.42968
2.10568
2.13201
1.73462
1.88516
1.37025
1.71458
1.25771
1.53651
1.45642
1.35465
1.44059
1.22153
1.48664
1.31577
1.61249
1.59422
1.81966
1.89884
2.06224
2.16411
2.26848
2.34949
2.40487
2.43549
2.43465
2.40184
2.35829
2.26078
2.16922
2.05685
1.87602
1.80224
1.57436
1.59896
1.29299
1.46264
1.20025
1.41597
1.33128
1.1594
1.21199
1.0643
1.2318
1.19085
1.3502
1.39022
1.5247
1.61596
1.72103
1.81759
1.89116
1.95733
1.99975
2.02457
2.02475
1.99523
1.96456
1.88762
1.81794
1.7152
1.60384
1.51325
1.37509
1.33559
1.17378
1.21442
1.04336
1.1935
1.14053
0.962314
0.984707
0.931103
1.0056
1.0191
1.09432
1.17338
1.23071
1.33742
1.39181
1.48066
1.52922
1.58296
1.6154
1.63337
1.63379
1.60953
1.58934
1.52491
1.48271
1.38449
1.3298
1.22449
1.15998
1.08611
1.0055
0.992686
0.913954
0.96647
0.943795
0.762359
0.760566
0.760782
0.767916
0.832695
0.830864
0.945631
0.937448
1.0534
1.06629
1.14919
1.17928
1.2221
1.24491
1.25737
1.25812
1.2378
1.22775
1.17106
1.15432
1.05937
1.04971
0.933938
0.933249
0.828518
0.820146
0.761337
0.746169
0.748244
0.746763
0.551553
0.541113
0.572152
0.539561
0.62746
0.572979
0.705698
0.654012
0.768494
0.750681
0.823895
0.839077
0.869433
0.884636
0.893057
0.893975
0.878917
0.874334
0.827982
0.829985
0.745928
0.76547
0.654824
0.69273
0.575136
0.616656
0.538287
0.561467
0.535755
0.541972
0.336943
0.315241
0.354152
0.308425
0.394946
0.32917
0.449249
0.381217
0.477531
0.441521
0.498316
0.500838
0.520416
0.52904
0.534041
0.534693
0.524936
0.525087
0.491279
0.502759
0.438479
0.472532
0.385367
0.437235
0.331807
0.38588
0.30992
0.346994
0.314298
0.332442
0.113516
0.0976993
0.126195
0.0915159
0.144412
0.0989525
0.164856
0.114983
0.170719
0.141771
0.168976
0.164579
0.173527
0.17669
0.178727
0.179075
0.174962
0.176086
0.161052
0.170497
0.140433
0.167224
0.117138
0.159097
0.101263
0.139609
0.0930379
0.122608
0.0980178
0.1119
)
;

boundaryField
{
    INLET
    {
        type            zeroGradient;
    }
    OUTLET
    {
        type            fixedValue;
        value           uniform 0;
    }
    WALL
    {
        type            zeroGradient;
    }
    CYLINDER
    {
        type            zeroGradient;
    }
    frontAndBackPlanes
    {
        type            empty;
    }
}


// ************************************************************************* //
