/*--------------------------------*- C++ -*----------------------------------*\
| =========                 |                                                 |
| \\      /  F ield         | OpenFOAM: The Open Source CFD Toolbox           |
|  \\    /   O peration     | Version:  v1912                                 |
|   \\  /    A nd           | Website:  www.openfoam.com                      |
|    \\/     M anipulation  |                                                 |
\*---------------------------------------------------------------------------*/
FoamFile
{
    version     2.0;
    format      ascii;
    class       volScalarField;
    location    "0.01";
    object      p;
}
// * * * * * * * * * * * * * * * * * * * * * * * * * * * * * * * * * * * * * //

dimensions      [0 2 -2 0 0 0 0];


internalField   nonuniform List<scalar> 
6600
(
139.714
75.3299
96.2649
73.373
77.0137
69.8545
68.9009
68.4079
67.7148
67.5193
67.6364
67.6506
67.6039
67.6851
67.8652
68.0487
68.3455
68.7976
69.3479
69.9466
70.5024
70.9132
71.205
71.3698
71.3606
71.071
70.3659
69.1237
67.2433
64.6107
61.086
56.5344
50.7709
43.5242
34.4773
23.2445
9.40167
-7.43328
-27.7225
-52.1692
-81.5802
-116.886
-159.037
-208.83
-267.018
-334.562
-411.739
-497.56
-600.612
-716.071
121.253
58.5119
101.846
66.5869
81.2831
64.8039
68.6837
67.1372
66.2017
66.0899
65.8041
65.408
65.0242
64.68
64.3018
63.8568
63.4531
63.1448
62.8362
62.4959
62.0719
61.4976
60.7388
59.7509
58.4632
56.7929
54.6173
51.8284
48.2728
43.8039
38.2156
31.3136
22.8542
12.5155
-0.14107
-15.5588
-34.1963
-56.4336
-82.6408
-113.398
-149.401
-191.517
-240.879
-298.58
-365.214
-442.388
-529.864
-625.762
-737.053
-862.347
96.2496
44.5901
92.5863
48.1317
76.8836
54.6843
67.5382
62.5095
62.9669
63.0581
62.4326
61.9068
61.5299
61.1211
60.5879
60.0052
59.3909
58.6452
57.7037
56.5895
55.2454
53.5973
51.5861
49.121
46.1197
42.5447
38.2953
33.2736
27.3406
20.3575
12.1151
2.3828
-9.11581
-22.7234
-38.9337
-58.3162
-81.4287
-108.838
-141.065
-178.67
-222.183
-272.078
-329.399
-395.211
-469.75
-555.596
-652.407
-758.61
-875.805
-1004.06
80.6894
42.5379
81.8653
36.1355
74.8019
42.9576
66.1629
53.4895
57.5438
56.6205
55.4455
54.9472
54.3828
53.7587
53.0751
52.3927
51.6416
50.7118
49.6084
48.1805
46.347
44.0299
41.1635
37.7066
33.5083
28.4436
22.3889
15.2092
6.7417
-3.1795
-14.7737
-28.2738
-43.9235
-61.9555
-82.7178
-106.714
-134.505
-166.719
-204.313
-247.994
-298.496
-356.373
-422.168
-496.463
-579.809
-673.59
-778.206
-891.682
-1012
-1139.02
71.0677
46.0598
84.8951
35.3702
77.8375
38.3884
67.457
46.1725
55.4512
50.4868
49.4818
48.4001
47.0103
45.6443
44.2342
42.7426
41.0723
39.1913
37.1217
34.7362
31.9371
28.6503
24.7758
20.2582
14.9787
8.7785
1.53284
-6.96166
-16.9761
-28.8931
-43.0457
-59.7903
-79.4254
-102.145
-128.273
-158.113
-191.988
-230.098
-273.551
-322.922
-379.287
-443.547
-516.394
-598.446
-690.029
-791.709
-903.463
-1022.7
-1145.15
-1269.06
65.0495
46.9248
79.0046
35.7621
77.9184
35.1769
68.8828
39.8679
55.8272
45.04
46.8154
44.2478
42.0403
40.0453
37.8593
35.4307
32.6521
29.5015
25.8895
21.8167
17.2185
12.0216
6.13701
-0.53851
-8.06837
-16.5307
-25.9639
-36.6534
-48.7442
-62.768
-79.055
-98.0238
-120.142
-145.735
-175.619
-210.093
-249.586
-294.376
-344.682
-400.961
-463.851
-534.162
-612.611
-700.275
-797.807
-905.623
-1023.21
-1147.41
-1271.11
-1391.44
58.4379
45.2416
66.6881
31.8354
69.8505
29.8382
64.7623
31.8506
53.8875
36.664
43.0403
38.1468
36.5554
34.2
31.5031
28.5264
25.1495
21.2814
16.8454
11.7438
5.85759
-0.908397
-8.64371
-17.4688
-27.5109
-38.8892
-51.4716
-65.8891
-81.7744
-99.9806
-120.216
-142.821
-168.231
-197.02
-229.756
-267.141
-309.943
-358.927
-414.47
-476.869
-546.386
-623.235
-707.578
-800.083
-901.563
-1013.18
-1135.11
-1264.01
-1389.42
-1504.7
52.6607
40.9722
56.4164
29.4082
59.4842
24.6066
56.1489
24.4744
47.7974
27.249
36.8763
28.6451
28.5871
25.3505
22.2398
18.7532
14.7721
10.2827
5.22255
-0.543583
-7.1331
-14.6817
-23.3317
-33.2434
-44.6471
-57.8092
-71.9652
-89.2761
-108.824
-131.027
-155.963
-183.762
-214.559
-248.673
-286.419
-328.163
-374.604
-426.727
-485.413
-551.359
-625.164
-707.064
-796.859
-894.431
-999.901
-1114.34
-1238.83
-1370.36
-1496.33
-1604.45
46.638
37.1054
48.204
27.9486
50.5282
22.1155
47.3439
20.0717
40.07
20.3891
29.5418
19.5313
19.8185
15.2741
11.5308
7.24984
2.38361
-3.09485
-9.28658
-16.2335
-24.0055
-32.7269
-42.5372
-53.5857
-66.0214
-80.023
-95.8584
-114.193
-135.164
-159.191
-186.652
-217.852
-252.975
-292.243
-335.853
-383.814
-436.228
-493.488
-556.216
-625.174
-701.407
-785.785
-878.627
-979.75
-1088.74
-1206.1
-1332.97
-1466.75
-1592.53
-1691.15
40.6381
32.8727
41.0673
25.4075
42.3172
19.6849
39.3526
16.7019
32.3878
14.8157
22.7907
12.0696
12.2924
6.48303
2.1472
-3.07222
-8.97028
-15.5751
-23.0431
-31.4193
-40.7811
-51.212
-62.8293
-75.7692
-90.1543
-106.159
-124.053
-144.17
-166.742
-192.114
-220.732
-253.088
-289.677
-330.99
-377.503
-429.539
-487.197
-550.443
-619.201
-693.392
-773.432
-860.162
-954.506
-1057.1
-1167.84
-1286.91
-1414.91
-1549.23
-1673.95
-1762.33
34.5317
28.3028
34.4163
21.921
34.6598
16.1743
31.7531
12.3394
24.9293
9.23443
15.5611
5.04704
4.84102
-1.74865
-6.45123
-12.4121
-19.114
-26.6279
-35.0712
-44.551
-55.1889
-67.0773
-80.3411
-95.1484
-111.66
-130.079
-150.614
-173.46
-198.792
-226.835
-257.863
-292.215
-330.337
-372.75
-420.031
-472.841
-531.802
-597.372
-669.75
-748.67
-833.705
-924.64
-1021.67
-1125.47
-1236.68
-1356.08
-1484.14
-1617.78
-1740.98
-1818.4
28.471
23.6805
28.1192
18.0512
27.7151
12.2991
24.5451
7.63312
17.817
3.36994
8.33004
-2.05478
-2.8269
-10.0507
-15.1565
-21.7971
-29.1733
-37.4345
-46.6716
-57.0015
-68.5601
-81.4728
-95.8935
-112.009
-130.022
-150.171
-172.689
-197.785
-225.659
-256.521
-290.584
-328.033
-369.099
-414.072
-463.312
-517.317
-576.721
-642.23
-714.554
-794.151
-881.088
-975.084
-1075.57
-1182.16
-1294.78
-1414.05
-1540.22
-1671
-1791.09
-1857.59
22.6784
19.2749
22.1852
14.2693
21.3465
8.55677
17.9148
3.18671
11.2671
-2.17126
1.69295
-8.69124
-10.0296
-17.7884
-23.3865
-30.685
-38.7199
-47.6969
-57.7051
-68.8627
-81.2899
-95.1233
-110.529
-127.686
-146.797
-168.095
-191.829
-218.251
-247.625
-280.233
-316.356
-356.244
-400.088
-448.037
-500.225
-556.835
-618.168
-684.659
-756.909
-835.605
-921.384
-1014.73
-1115.61
-1223.45
-1337.49
-1457.4
-1582.76
-1710.37
-1824.98
-1881.27
17.3314
15.2766
16.6352
10.9181
15.3964
5.29777
11.8306
-0.612754
5.26363
-6.89894
-4.26964
-14.4043
-16.3567
-24.4235
-30.4905
-38.3036
-46.888
-56.4644
-67.1239
-78.9986
-92.2054
-106.882
-123.19
-141.299
-161.392
-183.68
-208.386
-235.747
-266.029
-299.531
-336.568
-377.481
-422.586
-472.151
-526.387
-585.408
-649.302
-718.134
-792.035
-871.285
-956.366
-1048.03
-1146.93
-1253.28
-1366.4
-1485.5
-1609.1
-1733.03
-1841.1
-1888.64
12.6011
11.8734
11.6035
8.29318
9.86682
2.81875
6.25598
-3.53283
-0.255959
-10.5319
-9.54298
-18.9265
-21.6491
-29.7267
-36.1959
-44.3266
-53.2722
-63.2468
-74.3411
-86.6915
-100.426
-115.689
-132.645
-151.457
-172.314
-195.408
-220.948
-249.153
-280.263
-314.53
-352.233
-393.67
-439.146
-488.97
-543.472
-602.964
-667.735
-737.958
-813.623
-894.568
-980.613
-1071.92
-1169.03
-1272.66
-1383.17
-1500.02
-1621.63
-1741.74
-1842.28
-1880.13
8.55511
9.31545
7.05959
6.40843
4.90795
1.234
1.20666
-5.41356
-5.01017
-12.9825
-13.9124
-22.1235
-25.7417
-33.5494
-40.3255
-48.5892
-57.6998
-67.8693
-79.1816
-91.7652
-105.754
-121.303
-138.575
-157.739
-178.979
-202.489
-228.467
-257.133
-288.723
-323.479
-361.651
-403.511
-449.319
-499.321
-553.76
-612.882
-677.034
-746.609
-821.94
-903.134
-989.942
-1081.99
-1179.1
-1281.51
-1389.53
-1502.88
-1620.17
-1734.95
-1827.71
-1856.04
5.28163
7.59375
2.69427
5.64475
0.327357
0.735443
-3.29191
-5.96197
-9.05378
-14.2368
-17.2003
-23.9559
-28.4919
-35.7735
-42.7346
-50.9447
-60.0408
-70.2021
-81.5143
-94.098
-108.088
-123.639
-140.921
-160.104
-181.373
-204.919
-230.954
-259.688
-291.35
-326.18
-364.427
-406.345
-452.172
-502.124
-556.407
-615.188
-678.665
-747.113
-820.897
-900.385
-985.737
-1076.83
-1173.27
-1274.71
-1381.2
-1492.33
-1605.92
-1714.81
-1798.51
-1819.38
2.83697
6.57605
-0.738874
5.66605
-3.6732
1.25507
-7.13267
-5.70779
-11.9704
-14.4626
-19.304
-24.4509
-29.8044
-36.4399
-43.3767
-51.3914
-60.3038
-70.2656
-81.3721
-93.7432
-107.51
-122.821
-139.839
-158.728
-179.665
-202.841
-228.465
-256.782
-288.024
-322.432
-360.282
-401.835
-447.339
-496.997
-550.965
-609.349
-672.251
-739.819
-812.254
-889.822
-972.756
-1061.26
-1155.4
-1254.85
-1359.02
-1466.98
-1575.93
-1678.12
-1753.06
-1771.48
1.42574
6.14368
-3.20535
6.15468
-6.68788
2.29327
-10.0089
-4.56247
-14.1193
-13.4377
-20.366
-23.7028
-29.6536
-35.6229
-42.3423
-50.0179
-58.5697
-68.1397
-78.8316
-90.7676
-104.079
-118.912
-135.423
-153.774
-174.142
-196.719
-221.71
-249.316
-279.785
-313.37
-350.321
-390.917
-435.454
-484.199
-537.355
-595.026
-657.218
-723.945
-795.285
-871.349
-952.2
-1037.87
-1128.49
-1224.24
-1324.85
-1429.44
-1533.73
-1627.97
-1691.16
-1709.2
0.705521
6.2903
-4.91573
6.89116
-8.63456
3.39394
-11.5966
-3.15381
-15.0288
-11.7867
-20.283
-21.9189
-28.3798
-33.5212
-39.9318
-47.147
-55.2095
-64.2425
-74.3517
-85.6577
-98.2897
-112.389
-128.105
-145.597
-165.046
-186.647
-210.626
-237.225
-266.659
-299.184
-335.056
-374.515
-417.818
-465.249
-517.073
-573.498
-634.585
-700.294
-770.584
-845.442
-924.814
-1008.59
-1096.73
-1189.05
-1285.14
-1384.01
-1480.8
-1565.19
-1615.88
-1632.09
0.574317
6.84975
-5.91651
7.75225
-9.59757
4.59847
-12.0458
-1.65657
-14.6553
-9.89955
-18.9398
-19.5248
-25.9508
-30.3984
-36.3769
-43.0056
-50.4631
-58.8346
-68.2233
-78.7507
-90.5505
-103.765
-118.54
-135.033
-153.418
-173.88
-196.599
-221.818
-249.83
-280.893
-315.268
-353.223
-395.043
-440.986
-491.28
-546.133
-605.69
-669.991
-739.007
-812.668
-890.797
-973.041
-1059.01
-1148.53
-1240.74
-1335.22
-1424.48
-1496.15
-1532.3
-1545.58
0.941341
7.69146
-6.37693
8.95965
-10.0487
5.91108
-11.6954
-0.0314951
-13.4415
-7.83459
-16.7315
-16.804
-22.7343
-26.7098
-32.125
-38.1067
-44.8737
-52.4824
-61.0266
-70.6201
-81.392
-93.4791
-107.032
-122.224
-139.248
-158.312
-179.638
-203.418
-229.891
-259.326
-291.982
-328.157
-368.174
-412.353
-460.981
-514.26
-572.306
-635.134
-702.72
-775.034
-851.981
-933.223
-1018.22
-1106.11
-1195.81
-1285.05
-1366.47
-1426.16
-1449.47
-1458.93
1.78556
8.90943
-6.37285
10.3633
-9.74967
7.44293
-10.7195
1.86737
-11.5956
-5.4661
-13.8914
-13.7604
-18.9573
-22.5744
-27.3548
-32.6725
-38.7213
-45.5504
-53.2476
-61.9187
-71.679
-82.6485
-94.9623
-108.778
-124.279
-141.67
-161.19
-183.126
-207.717
-235.216
-265.926
-300.132
-338.12
-380.227
-426.817
-478.217
-534.658
-596.169
-662.626
-733.852
-809.685
-889.868
-973.783
-1060.9
-1149.61
-1236.81
-1314.13
-1364.09
-1374.75
-1381.22
2.89736
10.3086
-6.14592
11.62
-9.09557
9.00722
-9.40823
3.81268
-9.358
-3.1601
-10.7666
-10.7383
-14.9922
-18.3139
-22.4098
-27.0315
-32.2955
-38.2599
-45.0065
-52.6353
-61.2593
-70.9988
-81.9945
-94.4101
-108.419
-124.215
-142.002
-161.993
-184.481
-209.764
-238.181
-270.087
-305.833
-345.756
-390.17
-439.43
-493.883
-553.798
-619.186
-689.842
-765.47
-845.737
-930.245
-1017.71
-1106.82
-1192.28
-1264.82
-1308.05
-1313.24
-1316.32
4.32871
12.0895
-5.55526
13.2891
-8.06824
10.5352
-7.76219
5.46974
-6.81077
-1.03414
-7.54799
-7.83862
-11.2125
-14.1805
-17.72
-21.7213
-26.2809
-31.4607
-37.3293
-43.96
-51.4421
-59.8881
-69.4338
-80.2453
-92.5064
-106.426
-122.264
-140.268
-160.64
-183.638
-209.587
-238.88
-271.955
-309.269
-351.235
-398.251
-450.696
-508.865
-572.954
-642.976
-718.741
-799.871
-885.636
-975.072
-1066.33
-1153.79
-1223.68
-1257.37
-1261.72
-1263.48
6.18331
14.7864
-4.58805
14.6269
-6.37016
11.6867
-5.47135
6.79978
-3.97
0.801803
-4.29298
-5.06137
-7.64165
-10.18
-13.1587
-16.534
-20.3892
-24.7913
-29.8073
-35.5025
-41.95
-49.2476
-57.5167
-66.891
-77.5258
-89.5948
-103.313
-119.004
-136.988
-157.55
-180.999
-207.679
-237.972
-272.329
-311.322
-355.546
-405.555
-461.792
-524.566
-594.033
-670.193
-752.953
-842.051
-935.735
-1031.03
-1119.41
-1186.69
-1212.78
-1215.39
-1218.67
6.41749
17.3813
-2.61484
15.4632
-3.82526
12.7998
-2.69233
7.56124
-1.63555
2.00548
-1.67087
-2.80727
-4.83012
-6.95864
-9.41528
-12.1982
-15.3664
-18.9795
-23.0965
-27.7751
-33.0934
-39.1509
-46.0724
-53.9989
-63.0676
-73.4342
-85.2521
-98.7139
-114.165
-131.993
-152.61
-176.408
-203.838
-235.306
-271.31
-312.462
-359.469
-413.102
-474.021
-542.645
-619.158
-703.668
-796.013
-895.436
-998.435
-1093.39
-1158.21
-1173.53
-1174.05
-1180.75
5.87729
19.1793
1.08112
16.6694
-0.142458
12.6625
0.00121441
7.39324
0.579972
2.56691
0.280859
-0.896855
-2.50384
-4.24462
-6.23496
-8.49745
-11.0728
-14.0079
-17.3534
-21.1565
-25.482
-30.412
-36.0439
-42.5088
-49.9537
-58.54
-68.456
-79.8629
-92.9736
-108.147
-125.81
-146.472
-170.561
-198.695
-231.423
-269.37
-313.253
-363.91
-422.322
-489.417
-565.828
-651.983
-748.887
-855.956
-968.183
-1070.71
-1137.33
-1144.59
-1138.61
-1150.71
-0.316014
17.1853
5.87474
15.4734
2.22745
11.413
1.82764
6.80978
2.3897
2.76235
1.49448
0.54456
-0.640027
-1.9626
-3.46926
-5.17892
-7.11909
-9.33747
-11.906
-14.8958
-18.3638
-22.3575
-26.9289
-32.1536
-38.1281
-44.9839
-52.9307
-62.2616
-73.1912
-86.0056
-101.002
-118.562
-139.264
-163.759
-192.715
-226.912
-267.203
-314.574
-370.1
-435.035
-510.653
-597.78
-697.333
-812.317
-939.151
-1058.81
-1127.12
-1121.59
-1110.5
-1129.9
-1.47298
21.6463
12.6105
15.2275
6.35363
11.7492
5.19737
6.95606
4.52171
3.89885
2.90294
2.0903
1.15
0.113877
-1.00556
-2.24823
-3.63622
-5.22027
-7.10364
-9.36541
-12.0323
-15.1139
-18.6357
-22.6671
-27.3566
-32.811
-39.1239
-46.5048
-55.2182
-65.5758
-77.9465
-92.693
-110.456
-131.682
-157.008
-187.21
-223.353
-266.755
-318.761
-380.929
-455.097
-542.693
-644.825
-765.112
-903.666
-1041.85
-1124.52
-1113.09
-1093.92
-1120.35
141.646
77.4158
96.754
73.4093
76.8994
70.5018
69.2278
68.7451
68.0493
67.7936
67.8603
67.8337
67.7705
67.8556
68.0547
68.3294
68.7595
69.3689
70.1017
70.885
71.6132
72.2212
72.7543
73.1985
73.4892
73.5615
73.3269
72.7192
71.649
70.0044
67.6525
64.4563
60.2346
54.7138
47.594
38.561
27.2932
13.4513
-3.37956
-23.8697
-48.7649
-78.859
-115.097
-158.3
-209.23
-268.667
-336.799
-412.634
-505.879
-606.019
123.812
61.2953
100.927
65.5994
81.3961
65.8273
68.8417
67.5997
66.5316
66.2775
65.9542
65.5207
65.1438
64.8145
64.4707
64.137
63.8618
63.7042
63.5654
63.4022
63.1716
62.8115
62.2991
61.6022
60.6573
59.4011
57.7512
55.6413
52.9295
49.4414
44.9924
39.379
32.3593
23.6424
12.8752
-0.320119
-16.3556
-35.5983
-58.3791
-85.2075
-116.773
-153.831
-197.381
-248.513
-308.061
-377.076
-455.705
-541.815
-643.539
-753.648
98.1353
45.4982
92.6565
47.006
78.1805
55.5858
67.5566
63.1951
63.1543
63.1801
62.5373
61.9681
61.5996
61.2198
60.768
60.3062
59.8206
59.2327
58.4601
57.5323
56.3967
54.986
53.254
51.1297
48.5361
45.4523
41.8072
37.5166
32.4475
26.4296
19.2756
10.7826
0.684692
-11.3413
-25.6967
-42.8383
-63.3017
-87.6855
-116.513
-150.209
-189.295
-234.303
-285.988
-345.309
-413.197
-490.836
-579.068
-675.774
-784.369
-901.729
81.9365
42.9628
82.2303
36.075
76.0418
43.1865
66.3039
54.2485
57.3922
56.7541
55.4556
54.8933
54.397
53.8472
53.2782
52.7333
52.1391
51.382
50.4642
49.2347
47.6212
45.5608
43.0061
39.9246
36.1833
31.6551
26.2419
19.8066
12.1847
3.21247
-7.30239
-19.5613
-33.7711
-50.1364
-68.977
-90.708
-115.858
-145.138
-179.329
-219.159
-265.256
-318.281
-378.701
-446.825
-523.58
-609.916
-706.396
-811.099
-923.81
-1043.67
72.004
46.3115
85.6598
35.5178
79.2729
38.2222
68.0873
46.6138
55.0224
50.6555
49.1918
48.2077
46.985
45.7167
44.4584
43.1193
41.6147
39.9119
38.0431
35.8799
33.3321
30.3374
26.8148
22.7033
17.9073
12.2712
5.66701
-2.11669
-11.3515
-22.3316
-35.3541
-50.7573
-68.8447
-89.8319
-113.933
-141.422
-172.607
-207.948
-248.156
-293.892
-345.826
-405.312
-473.044
-549.428
-634.692
-729.623
-834.258
-946.111
-1062.21
-1180.43
65.8369
47.1722
80.2808
35.8544
79.8006
34.6198
70.1743
39.5404
55.6032
44.8945
46.1575
44.1638
41.9507
40.1164
38.1238
35.8469
33.2234
30.246
26.8323
22.9913
18.6702
13.8024
8.30196
2.06658
-4.96902
-12.8676
-21.7151
-31.6979
-43.0389
-56.0817
-71.1827
-88.7499
-109.19
-133.068
-160.864
-192.98
-229.731
-271.638
-318.882
-371.743
-430.685
-496.451
-570.129
-652.639
-744.473
-846.309
-957.797
-1075.88
-1194.62
-1309.99
59.1432
45.5936
68.4556
31.9566
72.243
29.0897
66.896
29.956
53.9503
35.3386
42.5469
38.1574
36.3629
34.3758
31.8394
29.0035
25.7872
22.0919
17.8434
12.9647
7.35951
0.932956
-6.41345
-14.7927
-24.3285
-35.1341
-47.3252
-60.9922
-76.2318
-93.2327
-112.226
-133.494
-157.272
-184.214
-214.889
-249.998
-290.326
-336.49
-388.849
-447.882
-513.812
-586.674
-666.776
-754.807
-851.466
-957.948
-1074.7
-1198.43
-1320.48
-1432.53
53.5641
41.5429
58.696
30.3261
61.7833
24.0858
58.7853
19.9969
48.2186
24.2771
37.8112
27.862
28.7551
25.6708
22.6544
19.3179
15.4794
11.1638
6.28312
0.739645
-5.57565
-12.79
-21.0469
-30.5169
-41.3891
-53.8806
-68.1888
-84.5036
-103.048
-124.263
-148.019
-174.485
-203.831
-236.228
-271.94
-311.483
-355.632
-405.236
-460.933
-523.66
-594.121
-672.466
-758.536
-852.351
-954.01
-1064.35
-1184.43
-1311.6
-1435.68
-1542.87
47.5744
37.7274
49.8798
27.815
52.6611
20.4663
49.4208
16.3923
42.2813
16.551
32.5343
17.3029
21.328
14.9253
12.2421
7.92226
3.09018
-2.25065
-8.24684
-14.9529
-22.4502
-30.844
-40.2752
-50.899
-62.8721
-76.3922
-91.6753
-109.256
-129.408
-152.545
-178.944
-208.866
-242.582
-280.304
-322.094
-368.024
-418.297
-473.306
-533.494
-599.677
-672.958
-754.227
-843.822
-941.713
-1047.54
-1161.71
-1285.25
-1415.64
-1540.54
-1639.6
41.4194
33.3693
42.0656
25.3197
43.5528
18.0938
40.9514
13.8129
34.7676
11.7608
25.5073
9.95046
14.1023
5.80385
3.35176
-2.73527
-8.22756
-14.7729
-22.0635
-30.1996
-39.2781
-49.3972
-60.662
-73.2012
-87.1371
-102.627
-119.925
-139.357
-161.152
-185.659
-213.324
-244.576
-279.887
-319.791
-364.736
-415.017
-470.744
-531.973
-598.592
-670.513
-748.14
-832.323
-924.001
-1023.92
-1132.1
-1248.6
-1374.07
-1505.95
-1630.57
-1720.06
35.0856
28.6226
34.917
21.9662
35.2234
15.4397
32.484
10.8784
26.2681
7.41468
17.3712
3.54954
6.26134
-2.27586
-5.59129
-12.0558
-18.4617
-25.8277
-34.1068
-43.39
-53.7889
-65.4082
-78.3627
-92.7916
-108.865
-126.767
-146.713
-168.923
-193.551
-220.782
-250.929
-284.331
-321.391
-362.598
-408.545
-459.897
-517.239
-581.078
-651.65
-728.711
-811.867
-900.875
-995.892
-1097.63
-1206.8
-1324.21
-1450.58
-1583.09
-1706.57
-1786.12
28.8105
23.8586
28.2845
18.207
27.8585
12.0883
24.801
7.02017
18.4683
2.39
9.45499
-3.10119
-1.69207
-10.5553
-14.3722
-21.5503
-28.6208
-36.6836
-45.7369
-55.9021
-67.2781
-79.9835
-94.1485
-109.931
-127.552
-147.245
-169.23
-193.727
-220.959
-251.119
-284.414
-321.04
-361.223
-405.213
-453.366
-506.202
-564.338
-628.493
-699.395
-777.51
-862.983
-955.552
-1054.63
-1159.84
-1271.16
-1389.17
-1514.32
-1644.44
-1765.74
-1835.52
22.8646
19.3651
22.1321
14.5223
21.2018
8.71921
17.8134
3.14141
11.3936
-2.52131
2.20822
-9.30894
-9.19269
-18.2596
-22.6287
-30.5437
-38.2331
-47.0461
-56.8942
-67.9029
-80.1733
-93.8333
-109.035
-125.941
-144.752
-165.695
-189
-214.92
-243.742
-275.761
-311.252
-350.455
-393.56
-440.711
-492.039
-547.746
-608.135
-673.652
-744.905
-822.572
-907.337
-999.687
-1099.62
-1206.59
-1319.87
-1439.21
-1564.31
-1692.32
-1809.77
-1870.05
17.4365
15.305
16.4745
11.2115
15.0542
5.71195
11.4127
-0.297908
4.9921
-6.84499
-4.15753
-14.7148
-15.7651
-24.8653
-29.7762
-38.2998
-46.4729
-55.9457
-66.5019
-78.2496
-91.3153
-105.843
-121.989
-139.921
-159.807
-181.84
-206.232
-233.229
-263.103
-296.15
-332.695
-373.082
-417.629
-466.61
-520.226
-578.604
-641.83
-709.986
-783.234
-861.853
-946.375
-1037.52
-1135.96
-1241.97
-1354.94
-1474.13
-1598.04
-1723.11
-1835.64
-1887.71
12.6885
11.8407
11.473
8.4867
9.40315
3.38872
5.53909
-2.934
-0.758259
-10.2442
-9.62965
-19.0933
-21.188
-30.173
-35.5502
-44.4723
-52.9688
-62.8919
-73.9259
-86.1799
-99.8031
-114.95
-131.779
-150.462
-171.172
-194.092
-219.425
-247.392
-278.234
-312.204
-349.572
-390.647
-435.748
-485.205
-539.351
-598.494
-662.911
-732.778
-808.127
-888.801
-974.682
-1065.94
-1163.07
-1266.84
-1377.67
-1495.13
-1617.65
-1739.7
-1845.41
-1889.55
8.66178
9.17449
7.01795
6.42819
4.36268
1.95194
0.218103
-4.49177
-5.83509
-12.4376
-14.2616
-22.1114
-25.4626
-33.9284
-39.8265
-48.8505
-57.5237
-67.7107
-78.9791
-91.4978
-105.415
-120.886
-138.071
-157.149
-178.299
-201.708
-227.574
-256.114
-287.562
-322.157
-360.164
-401.852
-447.492
-497.342
-551.645
-610.671
-674.764
-744.303
-819.663
-900.967
-988.004
-1080.43
-1178.04
-1281.13
-1390.04
-1504.74
-1623.63
-1740.93
-1839.48
-1874.39
5.33429
7.38523
2.76072
5.59241
-0.288972
1.35409
-4.33837
-5.13467
-9.89761
-13.5923
-17.7581
-23.7012
-28.4828
-35.9259
-42.505
-51.2619
-60.0028
-70.2516
-81.5185
-94.0775
-108.033
-123.553
-140.807
-159.966
-181.214
-204.745
-230.772
-259.495
-291.142
-325.959
-364.186
-406.086
-451.916
-501.911
-556.279
-615.193
-678.856
-747.546
-821.652
-901.576
-987.521
-1079.42
-1176.88
-1279.53
-1387.47
-1500.4
-1616.62
-1729.04
-1818.55
-1845.26
2.96318
6.34729
-0.650211
5.51583
-4.1469
1.60844
-8.05346
-4.8707
-13.1022
-13.5316
-20.2061
-23.9287
-30.1631
-36.3794
-43.3099
-51.8637
-60.3856
-70.4915
-81.5772
-93.9672
-107.716
-123.04
-140.112
-159.064
-180.073
-203.332
-229.053
-257.477
-288.84
-323.386
-361.384
-403.088
-448.754
-498.593
-552.782
-611.456
-674.738
-742.778
-815.789
-894.069
-977.896
-1067.52
-1163.07
-1264.33
-1370.67
-1481.21
-1593.91
-1701.24
-1783.19
-1804.53
1.47001
6.0732
-3.25758
6.17957
-7.15776
2.53814
-10.8647
-3.88718
-15.2375
-12.5466
-21.4418
-23.0199
-30.3851
-35.376
-42.642
-50.3069
-58.8554
-68.5261
-79.2317
-91.2559
-104.512
-119.36
-136.052
-154.568
-175.103
-197.844
-223.005
-250.819
-281.528
-315.373
-352.613
-393.524
-438.397
-487.502
-541.049
-599.159
-661.88
-729.248
-801.348
-878.326
-960.301
-1047.39
-1139.74
-1237.63
-1341.12
-1449.16
-1558.38
-1659.92
-1733.13
-1753.21
0.714285
6.30828
-5.09573
7.11658
-9.31877
3.76788
-12.5733
-2.50664
-16.1901
-10.9806
-21.4114
-21.2917
-29.1835
-33.2988
-40.3892
-47.4259
-55.5832
-64.6864
-74.8577
-86.2499
-98.9654
-113.185
-129.092
-146.812
-166.505
-188.341
-212.507
-239.388
-269.158
-302.057
-338.359
-378.285
-422.08
-470.035
-522.414
-579.432
-641.185
-707.684
-778.893
-854.816
-935.446
-1020.74
-1110.75
-1205.53
-1304.98
-1407.92
-1510.79
-1604.23
-1666.77
-1687.34
0.545013
6.96261
-6.28399
8.27881
-10.5821
4.96499
-13.0139
-0.968037
-15.8119
-9.25558
-19.917
-19.1264
-26.6483
-30.3252
-36.9085
-43.3202
-50.9085
-59.3573
-68.8507
-79.4911
-91.4336
-104.818
-119.802
-136.562
-155.282
-176.173
-198.937
-224.537
-252.928
-284.312
-319.292
-357.924
-400.422
-447.051
-498.06
-553.671
-614.028
-679.193
-749.179
-823.959
-903.416
-987.264
-1075.18
-1167.12
-1262.76
-1361.49
-1457.7
-1540.25
-1588.75
-1607.54
0.877416
7.85025
-6.73887
9.46188
-10.9976
6.33492
-12.6698
0.429179
-14.2001
-7.61051
-17.3001
-16.746
-23.2344
-26.804
-32.5848
-38.4703
-45.3517
-53.0596
-61.7493
-71.5019
-82.4579
-94.7525
-108.536
-124.012
-141.374
-160.81
-182.461
-206.63
-233.527
-263.433
-296.696
-333.58
-374.373
-419.38
-468.873
-523.062
-582.056
-645.872
-714.481
-787.874
-866.032
-948.728
-1035.48
-1125.58
-1218.24
-1311.52
-1399.62
-1470.15
-1505.45
-1520.65
1.71449
8.88752
-6.56874
10.7563
-10.4103
7.59653
-11.2492
1.88893
-11.9197
-5.58393
-14.2604
-13.8304
-19.4138
-22.758
-27.7475
-33.0571
-39.2013
-46.1417
-53.9972
-62.8556
-72.826
-84.0298
-96.6161
-110.749
-126.606
-144.388
-164.301
-186.663
-211.75
-239.837
-271.232
-306.178
-344.98
-387.967
-435.489
-487.869
-545.335
-607.934
-675.512
-747.858
-824.804
-906.167
-991.489
-1080.17
-1170.91
-1261.82
-1344.67
-1403.62
-1425.27
-1436.41
2.84894
10.3685
-6.41419
11.8093
-9.37064
8.89184
-9.59496
3.56855
-9.52268
-3.32815
-11.1457
-10.7491
-15.4594
-18.5549
-22.8133
-27.4621
-32.8068
-38.8735
-45.761
-53.57
-62.4071
-72.3953
-83.694
-96.4542
-110.841
-127.061
-145.3
-165.772
-188.799
-214.71
-243.854
-276.601
-313.264
-354.138
-399.556
-449.848
-505.351
-566.308
-632.762
-704.501
-781.153
-862.288
-947.554
-1036.09
-1126.41
-1214.95
-1292.94
-1344.28
-1354.3
-1362.18
4.30764
12.1785
-5.72448
13.3123
-8.08566
10.3152
-7.81022
5.1734
-6.97733
-1.0946
-7.95438
-7.78925
-11.5855
-14.4674
-18.1171
-22.172
-26.8122
-32.0737
-38.0518
-44.8379
-52.5232
-61.2223
-71.0835
-82.2545
-94.9121
-109.285
-125.63
-144.185
-165.158
-188.83
-215.551
-245.736
-279.797
-318.162
-361.237
-409.389
-462.946
-522.173
-587.248
-658.173
-734.73
-816.424
-902.425
-992.166
-1083.41
-1172.54
-1248.43
-1291.84
-1297.05
-1301.12
6.20506
14.8531
-4.59951
14.5335
-6.24298
11.4568
-5.47305
6.55425
-4.18637
0.814122
-4.70409
-5.06984
-7.91879
-10.4638
-13.5406
-16.9889
-20.9206
-25.3903
-30.4949
-36.3195
-42.9446
-50.4756
-59.0406
-68.7619
-79.7935
-92.3356
-106.605
-122.913
-141.593
-162.918
-187.207
-214.795
-246.087
-281.57
-321.763
-367.213
-418.431
-475.835
-539.657
-609.957
-686.675
-769.604
-858.31
-951.029
-1045.43
-1134.59
-1207.35
-1243.43
-1248.59
-1251.61
6.49377
17.421
-2.49377
15.2946
-3.66772
12.6045
-2.66171
7.46657
-1.91632
2.02028
-2.01428
-2.94123
-5.08014
-7.24416
-9.78779
-12.6526
-15.8972
-19.58
-23.7817
-28.5732
-34.0442
-40.2976
-47.4582
-55.6771
-65.1078
-75.9304
-88.3133
-102.443
-118.671
-137.355
-158.873
-183.651
-212.133
-244.753
-282.001
-324.468
-372.811
-427.729
-489.811
-559.343
-636.342
-720.735
-812.188
-909.841
-1009.99
-1104.3
-1174.88
-1200.68
-1203.91
-1208.95
6.00933
19.1822
1.29669
16.5236
-0.0154043
12.5824
-0.0073175
7.40136
0.282613
2.5281
-0.00868389
-1.09124
-2.74081
-4.51546
-6.57865
-8.92649
-11.5928
-14.6201
-18.0611
-21.9729
-26.4315
-31.5202
-37.3404
-44.0446
-51.8081
-60.8094
-71.2629
-83.34
-97.2569
-113.361
-131.983
-153.619
-178.81
-208.164
-242.24
-281.622
-326.982
-379.096
-438.848
-507.022
-584.045
-670.055
-765.622
-869.864
-977.856
-1077.55
-1148.1
-1165.41
-1164.22
-1173.13
-0.103808
17.1714
6.07499
15.4001
2.31361
11.3934
1.72646
6.90116
2.18649
2.70417
1.2937
0.354541
-0.852656
-2.20075
-3.7615
-5.54777
-7.58545
-9.91532
-12.5976
-15.7044
-19.3022
-23.4439
-28.1967
-33.6551
-39.9318
-47.169
-55.6012
-65.5438
-77.1936
-90.7985
-106.743
-125.427
-147.362
-173.19
-203.608
-239.361
-281.296
-330.307
-387.387
-453.634
-530.055
-617.215
-715.647
-827.332
-948.23
-1061.95
-1132.38
-1136.11
-1130.11
-1145.5
-1.30579
21.6761
12.6589
15.3177
6.34098
11.8348
5.05414
7.04199
4.40922
3.81595
2.74669
1.91695
0.958017
-0.100995
-1.25625
-2.55634
-4.02927
-5.71966
-7.71685
-10.097
-12.899
-16.1422
-19.8675
-24.1562
-29.1569
-34.9864
-41.7553
-49.6846
-59.0278
-70.1177
-83.4554
-99.3996
-118.424
-141.039
-167.918
-199.84
-237.811
-283.05
-336.858
-400.678
-476.028
-563.99
-665.323
-782.369
-915.03
-1045.74
-1125.08
-1118.36
-1104.81
-1128.8
4.22575
5.30564
14.6693
11.6486
9.3597
10.2233
7.33387
7.53017
5.98874
5.38544
4.55286
3.85034
2.98377
2.09184
1.18053
0.159371
-0.972499
-2.20998
-3.60699
-5.2516
-7.26165
-9.70572
-12.5983
-15.9264
-19.8349
-24.5713
-30.1349
-36.5626
-44.1109
-53.0917
-63.9247
-77.1225
-93.1799
-112.714
-136.449
-165.027
-199.302
-240.599
-290.502
-350.944
-424.235
-512.46
-615.826
-735.047
-885.31
-1037.16
-1133.83
-1127.52
-1097.08
-1123.26
11.7136
4.1791
9.80774
7.16023
7.68322
6.84406
6.45542
5.76666
5.40719
5.27093
4.65957
4.24795
3.7829
3.44561
2.91241
2.19342
1.3796
0.487798
-0.523256
-1.65996
-3.01583
-4.65809
-6.58447
-8.90667
-11.6884
-15.1459
-19.4529
-24.6441
-30.9351
-38.5245
-47.6789
-58.8282
-72.3646
-88.9428
-109.605
-135.248
-166.697
-205.216
-252.315
-309.962
-380.977
-468.375
-573.858
-704.655
-862.256
-1021.7
-1132.89
-1139.78
-1094.72
-1114.18
6.90921
8.29785
10.2703
8.82618
8.71379
7.6221
6.7106
6.06003
5.42685
5.15903
4.83112
4.73301
4.46618
4.23199
4.01667
3.83714
3.41053
2.88553
2.26345
1.41383
0.46468
-0.60197
-1.84053
-3.37506
-5.22418
-7.38363
-10.1454
-13.716
-18.355
-24.3265
-31.9313
-41.6302
-53.7054
-68.4425
-86.7448
-109.73
-138.331
-174.135
-219.035
-274.908
-344.195
-430.26
-538.088
-673.183
-827.927
-984.815
-1097.85
-1117.66
-1065.77
-1076.96
5.99111
7.22858
7.83637
8.22992
8.79918
8.82732
8.72003
8.21855
7.67951
7.43457
7.28708
7.34084
7.2987
7.20061
7.02793
6.90516
6.83325
6.76919
6.73971
6.54579
6.19678
5.6849
4.87024
3.81767
2.4868
0.918466
-0.868163
-3.06909
-6.00143
-9.96793
-15.2898
-22.6016
-32.5288
-45.3873
-61.8853
-83.1263
-109.708
-142.877
-185.004
-238.48
-305.74
-389.964
-495.61
-624.79
-768.718
-910.13
-1008.61
-1028.68
-980.943
-995.435
5.46621
6.32887
6.75921
6.80127
7.04316
7.47054
7.85316
8.12943
8.41862
8.99961
9.60314
10.1839
10.5734
10.8429
11.0667
11.3182
11.8087
12.4313
13.1236
13.8799
14.6211
15.2364
15.5799
15.7221
15.5467
14.9258
13.8623
12.3649
10.317
7.49098
3.71535
-1.46506
-8.7679
-18.7236
-32.1163
-50.4807
-74.7625
-105.541
-144.87
-195.316
-259.151
-338.859
-437.162
-553.096
-676.531
-791.838
-868.095
-881.396
-857.823
-868.108
7.59437
7.67675
7.20397
7.29005
7.43672
7.50625
7.75609
8.26693
8.93976
9.51939
10.224
11.0076
11.7677
12.5437
13.3503
14.5542
15.9714
17.466
19.0756
20.7307
22.5393
24.4842
26.4342
28.4718
30.4567
32.157
33.4033
33.9934
33.8037
32.6581
30.3985
26.7261
21.0995
13.1003
2.37866
-12.3983
-32.8862
-59.8299
-94.8951
-140.865
-199.764
-272.673
-359.81
-457.834
-556.654
-642.935
-698.411
-708.466
-705.266
-712.341
8.38392
8.75264
8.73113
8.86172
9.15095
9.58951
10.0521
10.5345
11.1884
11.9848
12.8507
13.8652
14.9225
16.0906
17.4036
18.8713
20.5482
22.4029
24.5871
27.1076
29.8374
32.7971
35.9401
39.3224
43.0061
46.828
50.676
54.3316
57.5149
59.9137
61.1737
60.8978
58.4971
53.352
45.1378
33.1787
16.0434
-7.14218
-37.2988
-76.9214
-128.416
-192.285
-266.687
-346.701
-423.484
-486.497
-522.877
-533.108
-540.343
-548.071
9.11262
9.76554
9.99203
10.2727
10.7451
11.3847
12.1848
13.016
13.9794
15.1512
16.426
17.8333
19.3569
21.061
22.9802
25.1503
27.6337
30.4025
33.3177
36.4622
39.9364
43.7637
48.0208
52.597
57.4015
62.4686
67.7812
73.2806
78.8455
84.2273
89.0499
92.8684
95.0923
94.9401
91.6032
84.279
71.7212
52.8243
27.1026
-6.65658
-50.3115
-104.338
-166.32
-230.787
-290.197
-337.079
-363.337
-373.212
-382.381
-389.968
10.1878
11.0743
11.5746
12.0589
12.6858
13.408
14.326
15.3658
16.5798
18.0302
19.6556
21.4861
23.5154
25.7906
28.3595
31.2589
34.5347
38.2006
42.2392
46.6378
51.4278
56.6289
62.2994
68.4722
75.013
81.8644
88.9523
96.1975
103.539
110.846
117.906
124.369
129.781
133.567
134.954
132.993
126.398
113.728
93.9869
66.374
29.9263
-15.3974
-67.1539
-120.064
-167.511
-205.074
-225.156
-234.632
-243.243
-249.254
11.3277
12.3984
13.1449
13.8977
14.7563
15.6972
16.8168
18.0703
19.5347
21.2457
23.1794
25.3761
27.8475
30.6253
33.7586
37.2886
41.2698
45.7157
50.6417
56.079
62.0644
68.6419
75.8632
83.7396
92.2145
101.237
110.71
120.507
130.495
140.483
150.266
159.512
167.77
174.484
179.017
180.599
178.205
170.586
156.535
135.032
105.291
67.4609
23.8007
-21.1081
-61.6918
-91.3767
-108.655
-116.889
-123.528
-127.602
12.4139
13.6276
14.5667
15.5563
16.6388
17.8178
19.184
20.7032
22.4559
24.4676
26.7457
29.3302
32.2489
35.5313
39.221
43.3659
48.0254
53.2297
59.0085
65.3978
72.4445
80.2089
88.7459
98.0744
108.185
119.062
130.643
142.836
155.505
168.435
181.376
193.98
205.773
216.113
224.237
229.294
230.302
226.162
215.814
198.389
173.352
141.028
103.56
64.9352
29.1719
3.92723
-10.9547
-17.5799
-21.9403
-23.9858
13.3774
14.6963
15.8179
17.0108
18.3012
19.6929
21.2829
23.0533
25.0852
27.3912
29.9946
32.9387
36.2684
40.0176
44.2274
48.9497
54.2458
60.1611
66.7393
74.0263
82.0739
90.9437
100.69
111.343
122.921
135.417
148.788
162.96
177.817
193.172
208.783
224.314
239.311
253.145
265
273.894
278.704
278.212
271.251
256.954
235.01
206.053
172.313
137.522
106.331
83.7451
70.681
65.3213
62.9381
62.6854
14.2092
15.5756
16.8433
18.1938
19.656
21.2342
23.0169
25.0027
27.2691
29.8294
32.711
35.9592
39.6312
43.768
48.4103
53.6116
59.4372
65.9472
73.1943
81.2314
90.1196
99.9195
110.687
122.474
135.311
149.202
164.116
179.987
196.695
214.063
231.855
249.749
267.304
283.919
298.793
310.897
319.001
321.755
317.854
306.327
286.914
260.481
229.428
197.136
168.868
148.22
136.462
132.033
130.993
131.969
14.8269
16.2
17.5764
19.0354
20.6138
22.3366
24.262
26.4074
28.8408
31.5887
34.6764
38.1479
42.0691
46.4894
51.4482
56.9971
63.2043
70.1427
77.8756
86.4583
95.955
106.432
117.95
130.568
144.326
159.239
175.289
192.422
210.527
229.437
248.917
268.65
288.198
306.961
324.13
338.632
349.151
354.228
352.478
342.909
325.329
300.75
271.654
241.64
215.231
195.808
184.669
180.7
180.565
182.34
15.1451
16.5237
17.9573
19.4729
21.1124
22.9154
24.9187
27.1491
29.6693
32.5197
35.7206
39.3121
43.3666
47.9402
53.0706
58.8071
65.2202
72.388
80.382
89.2645
99.0969
109.945
121.879
134.961
149.233
164.715
181.4
199.238
218.131
237.922
258.386
279.207
299.95
320.016
338.584
354.554
366.556
373.057
372.612
364.227
347.768
324.339
296.461
267.775
242.38
223.547
212.787
209.072
209.636
212.111
15.1382
16.5171
17.9541
19.4726
21.1139
22.9199
24.9291
27.1633
29.6854
32.5416
35.7506
39.3472
43.4062
47.9879
53.129
58.8774
65.3034
72.4861
80.4991
89.4066
99.2692
110.153
122.13
135.26
149.59
165.142
181.911
199.848
218.858
238.79
259.42
280.436
301.407
321.735
340.6
356.903
369.269
376.164
376.136
368.19
352.191
329.236
301.82
273.583
248.687
230.367
219.383
215.768
216.93
220.125
14.81
16.1848
17.5681
19.0332
20.6148
22.3478
24.2934
26.4499
28.8841
31.6456
34.756
38.2427
42.1787
46.625
51.618
57.2033
63.4481
70.4286
78.2171
86.8743
96.4605
107.04
118.679
131.438
145.368
160.489
176.785
194.206
212.654
231.974
251.94
272.24
292.447
311.97
330.001
345.469
357.049
363.272
362.741
354.469
338.271
315.138
287.418
258.419
233.198
214.706
204.251
201.025
202.161
205.232
14.1886
15.5577
16.8339
18.1893
19.6525
21.2469
23.0616
25.0612
27.3254
29.9056
32.8233
36.0993
39.8014
43.9871
48.6913
53.9539
59.8375
66.4142
73.7487
81.8989
90.9237
100.881
111.834
123.845
136.957
151.177
166.479
182.806
200.058
218.073
236.628
255.41
273.994
291.792
308.011
321.623
331.396
335.972
334.046
324.658
307.587
283.817
255.915
222.968
197.489
178.765
168.44
165.389
166.104
169.081
13.3604
14.6802
15.8083
17.0022
18.2902
19.6996
21.3259
23.1131
25.1479
27.482
30.1298
33.1144
36.4943
40.317
44.6144
49.4172
54.7857
60.7834
67.466
74.8917
83.1135
92.1806
102.158
113.105
125.041
137.963
151.84
166.614
182.183
198.377
214.975
231.66
247.99
263.352
276.946
287.804
294.812
296.753
292.448
281.008
262.132
236.462
206.008
173.793
145.228
124.943
113.876
110.433
110.45
113.02
12.4071
13.612
14.5476
15.5356
16.6224
17.8232
19.2267
20.7653
22.5266
24.5706
26.8924
29.5241
32.512
35.8902
39.6845
43.9196
48.6579
53.948
59.8377
66.3878
73.6416
81.6425
90.4612
100.141
110.675
122.053
134.235
147.143
160.65
174.569
188.684
202.668
216.05
228.2
238.378
245.749
249.342
248.063
240.839
226.808
205.497
177.27
144.152
109.942
76.6501
54.7176
42.4542
38.2411
36.9634
38.4163
11.3321
12.3815
13.1134
13.8723
14.7516
15.7168
16.8649
18.1313
19.6047
21.3526
23.3346
25.5896
28.1491
31.0359
34.2738
37.8933
41.955
46.4909
51.5448
57.1688
63.3882
70.2409
77.7923
86.0578
94.9845
104.546
114.673
125.256
136.176
147.272
158.364
169.131
179.118
187.781
194.509
198.562
198.949
194.463
183.924
166.364
141.089
108.288
70.0354
30.4339
-5.8066
-31.375
-45.5631
-50.9158
-53.8648
-53.9926
10.2093
11.0704
11.557
12.0569
12.7053
13.4428
14.3773
15.4268
16.6631
18.1666
19.8516
21.7465
23.864
26.2349
28.8883
31.8628
35.2142
38.9871
43.1824
47.7777
52.8024
58.3001
64.3295
70.8933
77.8796
85.2793
93.0595
101.15
109.487
117.945
126.326
134.293
141.413
147.145
150.783
151.455
147.944
138.834
123.107
100.011
68.7151
29.2426
-16.2244
-62.9398
-104.809
-135.642
-152.128
-158.552
-163.113
-164.896
9.14549
9.77519
9.99711
10.2906
10.7731
11.4189
12.2334
13.0811
14.0828
15.3154
16.6472
18.1024
19.6813
21.4439
23.4243
25.6597
28.2302
31.1397
34.2263
37.5605
41.2759
45.4245
50.0328
54.98
60.2285
65.8672
71.9072
78.263
84.7968
91.2834
97.3757
102.671
106.631
108.531
107.629
103.181
93.9393
78.7326
57.0948
28.0102
-10.1345
-57.7041
-112.395
-168.928
-220.248
-260.043
-280.155
-287.111
-292.615
-295.59
8.39435
8.75962
8.73552
8.87303
9.16386
9.61299
10.0998
10.5928
11.2825
12.1435
13.0653
14.1049
15.1856
16.386
17.754
19.3033
21.1005
23.1103
25.4722
28.1946
31.1703
34.4202
37.8848
41.6399
45.7727
50.1791
54.7285
59.1741
63.2849
66.7976
69.3672
70.6319
70.0483
67.02
61.2585
52.0969
38.057
18.2742
-7.96596
-42.9299
-88.8785
-146.188
-212.784
-283.664
-350.547
-403.589
-432.226
-438.548
-442.564
-445.451
7.56978
7.66501
7.20176
7.29903
7.47662
7.58225
7.83847
8.32892
9.03218
9.69113
10.4352
11.2342
12.0105
12.81
13.6948
15.0034
16.5418
18.1851
19.9665
21.8186
23.8507
26.043
28.2844
30.6699
33.1051
35.3693
37.2605
38.6242
39.3995
39.396
38.4356
36.2446
32.3124
26.2576
17.7859
5.56318
-12.0734
-35.7444
-66.9799
-108.597
-162.557
-229.61
-309.331
-398.039
-485.671
-558.264
-605.475
-610.483
-608.878
-609.751
5.4713
6.34587
6.7835
6.84478
7.14767
7.59208
7.91449
8.16507
8.55813
9.21335
9.82414
10.4044
10.8144
11.1146
11.3951
11.7413
12.3478
13.0987
13.9587
14.9045
15.8435
16.6621
17.262
17.7569
18.0366
17.9559
17.5354
16.8142
15.678
13.8765
11.2578
7.38869
1.59917
-6.55043
-17.813
-33.7756
-55.3847
-83.114
-119.069
-165.921
-225.776
-300.673
-392.791
-500.707
-613.414
-715.269
-781.594
-790.065
-774.18
-774.339
6.00865
7.25596
7.85653
8.25373
8.89211
8.92336
8.73235
8.23817
7.7753
7.58493
7.45837
7.53485
7.52832
7.46505
7.33794
7.29296
7.32012
7.37904
7.49714
7.47464
7.31361
6.97634
6.40203
5.69845
4.79952
3.74219
2.53279
1.00856
-1.14179
-4.20656
-8.47001
-14.5529
-23.0243
-34.1435
-48.6755
-67.7759
-91.9698
-122.425
-161.65
-212.122
-276.076
-356.47
-458.01
-582.414
-719.058
-851.154
-941.29
-955.93
-917.167
-923.609
6.94181
8.27506
10.2342
8.77052
8.68173
7.65166
6.74658
6.08608
5.52183
5.28047
4.99211
4.91995
4.68226
4.48624
4.32848
4.21575
3.86541
3.45534
2.94747
2.24646
1.46132
0.584057
-0.422452
-1.65249
-3.12072
-4.8785
-7.15757
-10.1268
-14.0726
-19.2102
-25.811
-34.3443
-45.0276
-58.1631
-74.7088
-95.7381
-122.074
-155.353
-197.701
-251.018
-317.484
-400.783
-506.853
-640.745
-793.741
-948.172
-1058.87
-1079.67
-1027.25
-1034.59
11.5818
4.10978
9.78985
7.10509
7.68937
6.81762
6.50642
5.81729
5.50151
5.3848
4.80842
4.42165
4.00202
3.6949
3.19411
2.52304
1.78948
0.992139
0.102922
-0.907883
-2.12914
-3.59508
-5.30148
-7.34751
-9.81199
-12.9042
-16.7522
-21.3995
-27.0512
-33.8308
-42.0445
-52.1129
-64.3215
-79.4053
-98.4025
-122.123
-151.401
-187.649
-232.549
-287.949
-356.605
-442.191
-547.263
-680.001
-840.097
-1003.89
-1122.06
-1141.73
-1086.14
-1096.73
4.1352
5.25389
14.6606
11.5297
9.40602
10.1581
7.42819
7.49088
6.1109
5.50865
4.69973
3.98234
3.1769
2.31272
1.43252
0.458429
-0.599716
-1.74127
-3.02541
-4.55405
-6.43804
-8.72047
-11.3981
-14.4474
-18.03
-22.3885
-27.4993
-33.3994
-40.3051
-48.4765
-58.4106
-70.5398
-85.312
-103.417
-125.532
-152.255
-184.532
-223.795
-271.682
-330.09
-401.628
-488.939
-592.19
-714.341
-870.083
-1029.33
-1133.41
-1128.46
-1093.36
-1116.52
135.665
86.7227
79.2046
71.9497
74.3252
73.2559
71.7803
71.1751
70.7156
70.5353
70.7686
71.169
71.6263
72.2379
72.9825
73.8477
74.8872
76.0921
77.4182
78.827
80.1369
81.3569
82.5771
83.8048
85.0179
86.1833
87.2442
88.1172
88.7355
88.9953
88.7938
88.0493
86.6362
84.2981
80.7477
75.6891
68.8267
59.7256
47.8494
32.552
13.2577
-10.6805
-39.9581
-75.1578
-117.01
-166.235
-223.611
-290.369
-370.67
-454.288
113.162
87.7525
73.3868
74.0096
77.1311
76.6887
74.813
74.1648
73.985
74.088
74.4672
75.0245
75.8213
76.8719
78.0557
79.3539
80.8639
82.5719
84.4125
86.3155
88.3539
90.5501
92.836
95.2238
97.7475
100.375
103.06
105.705
108.233
110.567
112.664
114.464
115.846
116.575
116.377
114.957
112.005
107.098
99.7444
89.5105
75.9899
58.5448
36.636
9.60204
-23.4102
-63.2576
-111.181
-168.54
-236.987
-306.799
100.373
87.2358
73.4851
72.0646
77.8985
78.618
76.8156
76.5173
76.7956
77.2224
77.9311
78.9265
80.1648
81.5992
83.208
85.0467
87.21
89.6384
92.238
95.0435
98.1494
101.499
105.015
108.693
112.578
116.701
121.026
125.478
129.954
134.377
138.706
142.907
146.882
150.448
153.382
155.465
156.407
155.858
153.405
148.659
141.116
130.181
115.311
95.691
70.5259
38.962
0.15442
-46.1929
-101.127
-155.951
93.0247
86.9088
75.3269
71.27
78.9588
82.3033
80.5184
79.6884
80.5675
81.6043
82.5858
83.7493
85.2999
87.1446
89.2182
91.6732
94.5747
97.8233
101.308
105.06
109.155
113.577
118.255
123.175
128.381
133.959
139.918
146.181
152.638
159.202
165.847
172.571
179.326
185.984
192.362
198.258
203.394
207.416
209.879
210.334
208.259
203.224
194.672
181.861
164.138
140.823
111.411
75.291
31.3518
-9.55905
90.7181
86.7034
76.6222
71.9288
80.6525
86.2462
84.6237
82.993
84.1476
85.8587
87.3001
88.9039
90.9274
93.2005
95.7171
98.7484
102.36
106.41
110.791
115.505
120.61
126.119
132.011
138.281
144.992
152.211
159.98
168.248
176.911
185.898
195.185
204.754
214.534
224.422
234.26
243.853
252.912
261.069
267.932
273.085
276.143
276.69
274.112
267.87
257.449
242.295
221.788
195.323
162.306
132.428
90.5858
86.8594
78.1427
73.8236
83.2543
90.2263
88.6696
86.8216
88.1476
90.4776
92.5327
94.5914
97.013
99.8435
103.027
106.679
110.953
115.816
121.152
126.912
133.121
139.812
147.022
154.783
163.143
172.151
181.826
192.158
203.074
214.498
226.381
238.7
251.371
264.309
277.362
290.348
303.029
315.091
326.222
336.061
344.237
350.253
353.552
353.624
349.926
341.822
328.651
309.869
285.172
264.412
90.9747
88.1436
80.5822
76.7512
86.6256
94.2802
92.6114
90.9139
92.4539
95.4405
98.1378
100.674
103.601
107.02
110.908
115.235
120.158
125.797
132.084
138.92
146.274
154.188
162.737
172.011
182.039
192.821
204.376
216.705
229.78
243.561
257.981
272.972
288.484
304.428
320.71
337.158
353.559
369.625
385.011
399.355
412.248
423.191
431.721
437.315
439.34
437.228
430.57
419.276
403.25
390.025
91.4679
91.0264
83.8678
80.1534
90.1699
98.1063
96.686
95.1756
97.1325
100.747
103.928
106.913
110.481
114.564
119.046
124.082
129.834
136.333
143.523
151.361
159.837
168.993
178.928
189.725
201.411
213.975
227.418
241.759
257.013
273.12
290.047
307.727
326.098
345.043
364.47
384.23
404.098
423.777
442.91
461.118
477.98
493.092
506.038
516.334
523.476
526.922
526.197
520.928
510.907
503.134
93.7945
94.0063
87.2004
83.6783
93.7389
101.88
100.865
99.6396
101.964
106.134
109.883
113.334
117.351
122.022
127.327
133.256
139.809
147.051
155.06
163.866
173.469
183.901
195.236
207.539
220.817
235.057
250.291
266.555
283.858
302.179
321.464
341.624
362.564
384.223
406.488
429.196
452.108
474.94
497.374
519.059
539.591
558.566
575.552
590.127
601.823
610.147
614.526
614.572
610.276
606.76
96.7795
97.1384
90.5474
87.1728
97.2615
105.553
104.873
103.99
106.741
111.457
115.645
119.51
124.113
129.5
135.495
142.093
149.375
157.426
166.313
176.082
186.759
198.388
211.033
224.734
239.484
255.293
272.195
290.246
309.454
329.803
351.22
373.651
397.009
421.198
446.07
471.449
497.115
522.819
548.28
573.141
597.009
619.408
639.815
657.71
672.603
684.008
691.505
694.819
693.941
693.186
99.9378
100.299
93.7613
90.45
100.578
108.992
108.527
107.995
111.265
116.442
121.026
125.372
130.505
136.442
143.042
150.332
158.365
167.188
176.874
187.51
199.16
211.871
225.685
240.629
256.708
273.934
292.346
311.984
332.863
354.973
378.275
402.693
428.126
454.44
481.506
509.133
537.115
565.2
593.072
620.377
646.672
671.489
694.369
714.829
732.443
746.909
757.999
765.43
768.904
771.002
102.973
103.181
96.6506
93.3618
103.546
112.11
111.57
111.398
115.328
120.892
125.8
130.549
136.132
142.576
149.723
157.582
166.215
175.692
186.105
197.541
210.058
223.693
238.482
254.458
271.649
290.081
309.778
330.759
353.047
376.632
401.488
427.53
454.655
482.738
511.608
541.084
570.934
600.899
630.686
659.921
688.214
715.149
740.31
763.288
783.632
800.741
813.739
821.841
825.487
827.107
105.515
105.551
99.0317
95.7685
105.988
114.673
113.931
114.164
118.662
124.519
129.695
134.758
140.694
147.526
155.098
163.416
172.543
182.563
193.579
205.669
218.871
233.213
248.739
265.506
283.564
302.944
323.651
345.691
369.064
393.781
419.805
447.073
475.473
504.861
535.071
565.898
597.118
628.474
659.654
690.306
720.016
748.34
774.789
798.827
819.881
837.531
851.757
862.935
870.773
875.718
107.339
107.226
100.728
97.4907
107.713
116.453
115.606
116.154
121.019
127.079
132.446
137.726
143.901
150.996
158.863
167.505
176.98
187.38
198.814
211.354
225.024
239.842
255.862
273.161
291.806
311.825
333.215
355.961
380.063
405.521
432.311
460.368
489.585
519.817
550.88
582.573
614.659
646.87
678.895
710.366
740.874
769.977
797.22
822.167
844.416
863.556
879.065
890.345
897.11
900.893
108.289
108.088
101.606
98.3849
108.593
117.333
116.5
117.201
122.218
128.395
133.863
139.257
145.549
152.766
160.777
169.588
179.248
189.84
201.474
214.226
228.117
243.164
259.422
276.975
295.896
316.214
337.92
360.997
385.436
411.229
438.354
466.75
496.315
526.897
558.312
590.351
622.775
655.311
687.642
719.404
750.194
779.576
807.097
832.285
854.669
873.791
889.244
900.735
908.066
912.328
108.276
108.074
101.59
98.3702
108.581
117.322
116.485
117.183
122.201
128.379
133.848
139.238
145.519
152.719
160.723
169.536
179.195
189.77
201.373
214.088
227.945
242.961
259.186
276.699
295.572
315.838
337.491
360.511
384.877
410.582
437.599
465.875
495.307
525.746
557.008
588.878
621.118
653.45
685.552
717.063
747.58
776.67
803.881
828.735
850.737
869.405
884.36
895.416
902.444
906.401
107.3
107.183
100.678
97.4448
107.678
116.421
115.567
116.105
120.971
127.035
132.395
137.661
143.807
150.865
158.712
167.347
176.803
187.155
198.517
210.97
224.541
239.256
255.168
272.35
290.865
310.738
331.965
354.525
378.405
403.593
430.069
457.774
486.605
516.417
547.024
578.218
609.754
641.352
672.697
703.416
733.105
761.321
787.621
811.584
832.83
850.919
865.242
875.055
880.196
882.524
105.446
105.477
98.9485
95.6914
105.927
114.615
113.875
114.096
118.594
124.46
129.617
134.641
140.527
147.314
154.86
163.15
172.219
182.161
193.092
205.077
218.136
232.302
247.634
264.201
282.053
301.205
321.645
343.365
366.358
390.63
416.147
442.853
470.637
499.35
528.817
558.823
589.134
619.478
649.532
678.946
707.3
734.149
758.994
781.296
800.493
816.217
828.495
837.668
843.309
846.315
102.869
103.072
96.5354
93.2581
103.461
112.027
111.485
111.304
115.24
120.823
125.712
130.396
135.899
142.285
149.398
157.196
165.729
175.107
185.439
196.772
209.125
222.533
237.054
252.749
269.654
287.773
307.098
327.629
349.389
372.373
396.559
421.86
448.168
475.347
503.21
531.563
560.159
588.725
616.954
644.471
670.889
695.791
718.747
739.33
757.059
771.346
781.432
786.789
787.751
787.136
99.7893
100.153
93.6163
90.3216
100.466
108.878
108.402
107.866
111.14
116.336
120.917
125.199
130.238
136.105
142.639
149.814
157.706
166.423
176.038
186.576
198.062
210.534
224.044
238.639
254.344
271.153
289.076
308.134
328.357
349.74
372.25
395.79
420.246
445.453
471.271
497.494
523.903
550.227
576.132
601.253
625.146
647.355
667.437
684.94
699.477
710.724
718.315
721.817
720.922
719.184
96.571
96.958
90.3704
87.0114
97.1147
105.406
104.705
103.819
106.576
111.3
115.492
119.32
123.847
129.152
135.027
141.449
148.568
156.523
165.344
175.013
185.533
196.936
209.27
222.575
236.859
252.139
268.434
285.798
304.245
323.773
344.302
365.76
388.019
410.943
434.348
458.053
481.844
505.458
528.593
550.875
571.904
591.2
608.246
622.519
633.515
640.739
643.796
642.417
636.554
631.18
93.5251
93.7801
86.9812
83.4749
93.5598
101.704
100.666
99.4347
101.764
105.942
109.692
113.115
117.089
121.673
126.798
132.504
138.902
146.071
154.019
162.723
172.176
182.399
193.431
205.302
218.023
231.618
246.146
261.652
278.143
295.594
313.931
333.046
352.789
373.055
393.675
414.479
435.226
455.644
475.4
494.116
511.39
526.823
539.97
550.386
557.558
560.936
559.955
554.3
543.97
534.622
91.1602
90.7389
83.5863
79.8978
89.9651
97.9167
96.4769
94.9476
96.912
100.526
103.687
106.641
110.18
114.178
118.46
123.277
128.901
135.328
142.435
150.15
158.467
167.419
177.054
187.39
198.454
210.295
222.978
236.536
250.97
266.194
282.152
298.734
315.833
333.263
350.89
368.546
386.021
403.022
419.176
434.078
447.284
458.392
466.963
472.489
474.482
472.425
465.825
454.229
437.332
422.479
90.62
87.7908
80.2211
76.4478
86.4245
94.1271
92.3875
90.6742
92.2139
95.1967
97.8634
100.359
103.259
106.598
110.32
114.482
119.292
124.831
131.006
137.708
144.89
152.571
160.78
169.559
178.941
188.996
199.79
211.339
223.6
236.511
249.963
263.82
277.985
292.31
306.66
320.831
334.639
347.814
360.002
370.801
379.76
386.368
390.161
390.53
386.805
378.459
365.101
346.605
322.712
300.63
90.1803
86.4416
77.7356
73.494
83.0457
90.0692
88.4369
86.5769
87.9115
90.212
92.2412
94.3019
96.694
99.4224
102.501
106.082
110.248
114.941
120.12
125.749
131.785
138.205
145.029
152.284
160.038
168.369
177.314
186.875
196.989
207.561
218.474
229.631
240.877
252.085
263.075
273.663
283.609
292.621
300.375
306.471
310.504
311.911
310.124
304.622
294.732
279.739
259.003
232.12
198.839
167.901
90.2574
86.2175
76.1835
71.5792
80.4015
86.035
84.3852
82.7554
83.9041
85.567
86.9911
88.6316
90.6322
92.7984
95.2337
98.2287
101.737
105.599
109.807
114.378
119.281
124.477
129.954
135.749
141.933
148.555
155.656
163.203
171.115
179.286
187.604
195.962
204.231
212.299
219.99
227.11
233.366
238.383
241.745
243
241.709
237.401
229.397
217.164
200.16
177.764
149.262
113.975
71.5305
30.5984
92.3711
86.3679
74.8712
70.9181
78.6658
82.0347
80.2554
79.4495
80.309
81.3041
82.2844
83.4794
85.0042
86.7894
88.8093
91.2103
93.9901
97.0621
100.377
103.953
107.805
111.887
116.153
120.636
125.387
130.461
135.836
141.451
147.208
152.98
158.645
164.107
169.278
174.036
178.229
181.645
183.983
184.849
183.766
180.224
173.654
163.592
149.364
130.196
105.478
74.5185
36.8126
-8.38256
-61.966
-114.461
99.4748
86.5356
72.9661
71.7038
77.5664
78.2967
76.5217
76.2565
76.5253
76.949
77.6642
78.6523
79.9032
81.323
82.8883
84.6634
86.7154
89.0036
91.4213
93.9847
96.805
99.8269
102.973
106.258
109.735
113.41
117.219
121.082
124.866
128.469
131.769
134.654
137.006
138.666
139.457
139.121
137.311
133.629
127.628
118.878
106.791
90.7064
70.0486
43.9103
11.4892
-28.0682
-75.5276
-131.315
-196.39
-263.363
111.895
86.7836
72.7956
73.674
76.8128
76.3206
74.4838
73.8774
73.7154
73.8337
74.2297
74.7896
75.604
76.6561
77.8182
79.0571
80.464
82.0336
83.6627
85.3043
87.0742
88.9918
90.9614
92.9988
95.1418
97.3614
99.5834
101.664
103.486
104.928
105.917
106.347
106.079
104.933
102.65
98.9085
93.286
85.2867
74.3899
60.1459
42.0668
19.4624
-8.25478
-41.8532
-82.2232
-130.285
-187.216
-254.296
-333.113
-415.675
134.009
85.2421
78.5095
71.6205
74.1255
72.8173
71.4227
70.8623
70.4095
70.2596
70.5113
70.9433
71.4259
72.0446
72.7756
73.5742
74.4913
75.5397
76.6629
77.8537
78.9695
79.9704
80.9177
81.8289
82.7109
83.5018
84.1051
84.3831
84.2447
83.5443
82.1819
80.0345
76.9906
72.831
67.2764
59.9844
50.5374
38.4128
23.0263
3.71257
-20.1483
-49.2981
-84.4377
-126.192
-175.357
-232.73
-299.178
-375.902
-466.838
-564.46
-61.6773
9.85024
-3.48381
4.21825
3.28528
6.61279
7.48272
8.35929
9.39839
10.361
11.2595
12.1232
12.8637
13.3908
13.6536
13.6502
13.3811
12.8529
12.118
11.2668
10.3811
9.4343
8.40768
7.49814
6.55625
3.33503
4.15212
-3.32861
9.69569
-61.5097
-40.394
5.45992
-14.3593
4.54172
1.74708
6.15945
6.81392
7.97652
8.92211
9.74712
10.4521
11.1352
11.6609
11.9965
12.1617
12.1623
11.9971
11.6652
11.1464
10.4722
9.77311
8.95081
8.01421
6.85291
6.09266
1.82519
4.45092
-14.173
5.32123
-40.2327
-11.0229
0.853376
-10.8375
5.48182
0.224771
5.73747
5.8053
7.12074
8.04078
8.83995
9.48942
10.0394
10.4408
10.7132
10.8557
10.8585
10.7204
10.4531
10.0578
9.51358
8.86723
8.06689
7.1494
5.86743
5.64441
0.3114
5.43883
-10.7414
0.733204
-10.9393
-3.03696
-1.15423
-4.37068
3.70811
-0.0606677
4.60547
4.55008
5.89013
6.82199
7.64351
8.32034
8.84419
9.25665
9.54254
9.69262
9.69573
9.551
9.26942
8.86163
8.34228
7.66968
6.84925
5.92499
4.62736
4.48303
-0.0376259
3.79781
-4.4058
-1.23257
-3.03723
-4.25871
-0.304711
-2.4731
1.94756
0.478427
3.7536
3.94905
5.0508
5.92591
6.67545
7.31779
7.8267
8.23303
8.50344
8.64156
8.64366
8.50989
8.24359
7.84135
7.33878
6.70292
5.95024
5.10089
4.0567
3.61872
0.488492
1.97738
-2.44544
-0.357148
-4.27048
-2.84452
1.10399
-1.30289
1.98546
1.24446
3.35298
3.8019
4.58484
5.39415
5.98579
6.5399
6.9903
7.345
7.5785
7.69699
7.69791
7.58254
7.35297
7.00214
6.55772
6.01972
5.41007
4.62229
3.92162
3.26308
1.23588
1.96322
-1.26366
1.05926
-2.8491
-0.578058
0.94925
-0.07305
2.02273
1.83882
3.00005
3.59195
4.16041
4.93041
5.37305
5.87215
6.24864
6.54711
6.74695
6.84942
6.84996
6.75052
6.55453
6.25961
5.879
5.41109
4.96875
4.15638
3.73132
2.92097
1.82476
1.97441
-0.0431022
0.914285
-0.58058
0.259984
0.874934
0.77107
1.67418
2.03158
2.67765
3.35376
3.74578
4.4534
4.7905
5.25985
5.56721
5.82341
5.99625
6.08478
6.08578
6.00035
5.83163
5.58277
5.26369
4.80935
4.52762
3.70169
3.46493
2.6225
2.02831
1.64287
0.781166
0.851135
0.26163
0.595195
0.955888
1.11249
1.5329
2.07498
2.41455
3.10617
3.36443
4.00032
4.26242
4.68857
4.93931
5.16528
5.31284
5.38867
5.38969
5.31648
5.17032
4.95584
4.7076
4.24735
4.08774
3.31765
3.17253
2.38726
2.08384
1.51182
1.11726
0.943451
0.5965
0.855768
1.00834
1.31113
1.44881
2.07433
2.18194
2.86921
3.01673
3.5789
3.79412
4.15103
4.3716
4.56186
4.68796
4.75259
4.75322
4.69064
4.56516
4.37476
4.19263
3.7581
3.6535
2.98128
2.91456
2.16787
2.08375
1.43894
1.31252
0.996844
0.851846
1.0182
1.02229
1.4219
1.34571
2.02355
1.95639
2.63588
2.68553
3.18691
3.36126
3.65532
3.84823
4.00812
4.11559
4.17064
4.17111
4.11795
4.01421
3.84092
3.70266
3.3241
3.24246
2.65849
2.66723
1.94816
2.02937
1.3434
1.42154
1.01641
1.01171
1.07637
0.999584
1.44798
1.22723
1.93166
1.73392
2.39833
2.3676
2.81628
2.95411
3.19522
3.36028
3.49485
3.58613
3.63333
3.63398
3.58877
3.50354
3.35288
3.2331
2.92375
2.85907
2.34419
2.42121
1.72722
1.93424
1.22911
1.44676
1.00132
1.07524
1.06689
0.94172
1.41153
1.09321
1.80292
1.51203
2.15015
2.06194
2.45552
2.56743
2.76146
2.90023
3.01205
3.08832
3.12849
3.1294
3.09158
3.01983
2.89998
2.78758
2.54085
2.4961
2.03846
2.17138
1.50468
1.80444
1.09672
1.40798
0.947076
1.06908
1.01334
0.859825
1.33146
0.949837
1.6445
1.2951
1.89234
1.77303
2.10474
2.20121
2.35391
2.46772
2.55946
2.62172
2.65433
2.65507
2.62463
2.56509
2.47201
2.37084
2.17861
2.14685
1.74692
1.91634
1.28692
1.64702
0.953569
1.32473
0.864169
1.01297
0.921687
0.74746
1.20951
0.789663
1.4566
1.07688
1.62278
1.49407
1.76124
1.84554
1.96531
2.05804
2.13231
2.18202
2.20737
2.20785
2.18377
2.13549
2.06183
1.97568
1.83091
1.80335
1.46347
1.65122
1.06729
1.46099
0.794021
1.20162
0.750549
0.918387
0.796916
0.618134
1.05699
0.626179
1.24655
0.864324
1.33995
1.22554
1.42422
1.49669
1.5901
1.66498
1.72343
1.76246
1.782
1.78219
1.76338
1.72523
1.66751
1.59721
1.492
1.45898
1.19071
1.37102
0.852463
1.2513
0.63152
1.05001
0.622547
0.793102
0.648305
0.484949
0.880856
0.467887
1.0213
0.662045
1.05438
0.964677
1.1065
1.16229
1.23193
1.28834
1.33189
1.36166
1.37668
1.3765
1.36234
1.33342
1.28968
1.23605
1.16133
1.13067
0.930849
1.08496
0.647081
1.02583
0.474365
0.8755
0.490525
0.645791
0.474579
0.327331
0.668433
0.301509
0.766261
0.455393
0.761507
0.692993
0.785136
0.826109
0.874883
0.913953
0.944021
0.965399
0.975503
0.975267
0.965764
0.945987
0.915132
0.876583
0.825075
0.799091
0.663539
0.790279
0.437955
0.770122
0.305335
0.663415
0.334378
0.48175
0.297605
0.194904
0.440144
0.166906
0.492052
0.262645
0.464514
0.419223
0.469323
0.495601
0.521748
0.542526
0.558726
0.570569
0.576022
0.576015
0.571084
0.560669
0.543825
0.521863
0.494466
0.474845
0.398902
0.487926
0.248027
0.494129
0.169444
0.435262
0.205173
0.297986
0.110953
0.0542025
0.167022
0.0416914
0.18409
0.0850434
0.159165
0.141111
0.1586
0.166029
0.173702
0.179737
0.184605
0.188242
0.190072
0.190168
0.188608
0.185367
0.180493
0.173677
0.165686
0.160137
0.1343
0.167695
0.0790765
0.185159
0.0434645
0.163747
0.0591634
0.106619
)
;

boundaryField
{
    INLET
    {
        type            zeroGradient;
    }
    OUTLET
    {
        type            fixedValue;
        value           uniform 0;
    }
    WALL
    {
        type            zeroGradient;
    }
    CYLINDER
    {
        type            zeroGradient;
    }
    frontAndBackPlanes
    {
        type            empty;
    }
}


// ************************************************************************* //
