/*--------------------------------*- C++ -*----------------------------------*\
| =========                 |                                                 |
| \\      /  F ield         | OpenFOAM: The Open Source CFD Toolbox           |
|  \\    /   O peration     | Version:  v1912                                 |
|   \\  /    A nd           | Website:  www.openfoam.com                      |
|    \\/     M anipulation  |                                                 |
\*---------------------------------------------------------------------------*/
FoamFile
{
    version     2.0;
    format      ascii;
    class       volScalarField;
    location    "0.07";
    object      p;
}
// * * * * * * * * * * * * * * * * * * * * * * * * * * * * * * * * * * * * * //

dimensions      [0 2 -2 0 0 0 0];


internalField   nonuniform List<scalar> 
6600
(
73.2497
68.6707
66.1996
64.7274
63.9065
63.5078
63.3937
63.4967
63.7837
64.3112
65.0409
66.0327
67.3215
68.8861
70.714
72.8197
75.2402
77.9971
81.029
84.3568
87.9351
91.6351
95.5167
99.6297
103.923
108.271
112.602
116.788
120.637
124.144
127.275
129.726
131.316
131.787
130.925
128.398
123.775
116.571
106.349
92.7025
75.0076
52.5926
24.8002
-9.16796
-49.9351
-98.5856
-155.395
-220.823
-297.421
-379.121
70.1442
65.3279
63.5097
61.9329
60.848
60.2111
59.7863
59.5224
59.5079
59.7421
60.1921
60.938
61.9389
63.0943
64.4367
66.0045
67.8706
70.0271
72.3741
74.9128
77.6835
80.6853
83.8653
87.1783
90.5116
93.7143
96.7231
99.5228
101.968
103.719
104.824
105.228
104.628
102.752
99.2799
93.8816
86.1802
75.6992
61.9081
44.4554
22.6305
-4.20542
-36.7104
-75.6748
-121.789
-176.02
-238.527
-309.394
-389.743
-473.35
65.8356
60.8361
59.8918
58.2542
56.9712
56.0978
55.4081
54.9135
54.7079
54.6648
54.8978
55.4
56.0867
56.92
57.8678
59.028
60.4283
62.0548
63.862
65.6925
67.5531
69.5005
71.6828
74.0547
76.4015
78.4717
80.1388
81.423
82.2674
82.3407
81.5592
79.8281
76.8143
72.3472
66.1198
57.6835
46.6799
32.6601
15.1349
-6.37327
-32.4606
-63.761
-100.88
-144.538
-195.436
-254.432
-321.648
-396.216
-477.258
-558.126
60.8609
55.6736
55.3316
53.4899
52.2293
51.1083
50.1574
49.544
49.1488
48.8695
48.9516
49.171
49.471
49.9166
50.5259
51.3479
52.3131
53.3257
54.4051
55.5132
56.7008
57.8889
59.0273
60.1708
61.2193
61.9741
62.29
62.0766
61.2738
59.5473
56.7312
52.7402
47.3069
40.1724
31.0211
19.4594
5.07166
-12.5475
-33.8774
-59.3961
-89.59
-125.069
-166.359
-214.046
-268.741
-331.193
-401.412
-477.74
-557.723
-633.333
55.4617
49.9179
49.9335
47.5727
46.3469
45.2333
44.1799
43.3936
42.7512
42.2787
42.0398
41.8916
41.8516
41.8984
42.1263
42.5098
42.9939
43.5027
43.9186
44.2478
44.4971
44.838
45.013
44.9307
44.5957
43.8875
42.6634
40.8066
38.1889
34.6257
29.8307
23.6024
15.6507
5.81164
-6.23914
-20.898
-38.5401
-59.6077
-84.4997
-113.659
-147.538
-186.561
-231.165
-281.807
-338.956
-403.26
-474.665
-551.101
-628.513
-697.085
49.3174
43.58
43.8814
40.7713
39.5334
38.3099
37.196
36.2714
35.4632
34.7651
34.1868
33.6038
33.1162
32.741
32.4946
32.2877
32.0487
31.7898
31.5079
31.1932
30.7205
30.0462
29.1431
27.8174
26.0311
23.8094
20.9979
17.446
12.997
7.44496
0.543098
-7.92723
-18.2315
-30.6854
-45.5435
-63.1337
-83.7927
-107.883
-135.834
-168
-204.708
-246.329
-293.158
-345.506
-403.701
-468.201
-539.041
-614.279
-687.786
-747.341
42.3617
36.6936
36.9761
33.3901
32.0937
30.5498
29.2299
28.1089
27.0074
26.0503
25.1494
24.2103
23.2929
22.4323
21.5766
20.6746
19.6974
18.61
17.4455
16.1728
14.7551
13.0279
10.9545
8.43617
5.31831
1.5403
-2.9285
-8.26521
-14.6174
-22.1464
-31.0398
-41.6521
-54.2775
-69.127
-86.4842
-106.608
-129.792
-156.382
-186.67
-220.985
-259.608
-302.731
-350.556
-403.295
-461.196
-524.648
-593.592
-665.93
-733.91
-782.838
34.6403
29.4744
29.2177
25.4554
24.0227
22.2318
20.6802
19.1849
17.6983
16.3484
14.9313
13.5278
12.1451
10.7175
9.15488
7.44857
5.6245
3.65571
1.54559
-0.717986
-3.22653
-6.16562
-9.51528
-13.3865
-17.8324
-23.0136
-29.0704
-36.0754
-44.2142
-53.6774
-64.6785
-77.3338
-91.9359
-108.829
-128.249
-150.447
-175.602
-203.941
-235.789
-271.357
-310.815
-354.333
-401.995
-453.922
-510.349
-571.686
-637.557
-705.432
-766.923
-804.311
26.4339
21.7048
20.4418
16.9639
15.433
13.2699
11.3431
9.46581
7.66559
5.83241
3.8554
1.85077
-0.233419
-2.43968
-4.74675
-7.2109
-9.86099
-12.731
-15.9243
-19.4662
-23.2479
-27.4515
-32.1037
-37.2932
-43.1548
-49.7803
-57.312
-65.963
-75.786
-86.9261
-99.5822
-114.056
-130.503
-149.071
-170.029
-193.606
-220.02
-249.447
-282.006
-317.896
-357.266
-400.165
-446.634
-496.729
-550.612
-608.732
-671.021
-733.704
-787.702
-814.224
16.8709
13.3484
10.8738
8.01012
6.24951
3.66819
1.24366
-1.04326
-3.2958
-5.66463
-8.14547
-10.7786
-13.6679
-16.7328
-19.9664
-23.3901
-27.0575
-30.9665
-35.1712
-39.8342
-44.9591
-50.4574
-56.474
-63.0567
-70.2717
-78.2944
-87.1996
-97.1559
-108.417
-121.135
-135.365
-151.215
-168.956
-188.77
-210.792
-235.23
-262.208
-291.86
-324.373
-359.802
-398.185
-439.574
-483.958
-531.359
-581.9
-635.889
-693.659
-751.081
-798.522
-816.823
5.79357
3.04235
0.885531
-1.62513
-3.61178
-6.28139
-8.92034
-11.6923
-14.682
-17.8316
-21.0524
-24.4166
-27.9702
-31.8292
-36.0262
-40.4983
-45.2446
-50.3442
-55.7931
-61.6422
-67.9623
-74.748
-82.1308
-90.0771
-98.69
-108.017
-118.269
-129.535
-141.968
-155.73
-171.034
-187.975
-206.629
-227.153
-249.693
-274.35
-301.271
-330.569
-362.263
-396.426
-433.113
-472.285
-513.881
-557.848
-604.244
-653.682
-705.595
-757.046
-799.54
-814.443
-5.50675
-8.53978
-9.44767
-12.3512
-14.4502
-17.089
-19.7069
-22.686
-26.1336
-30.0092
-34.1565
-38.5023
-43.0376
-47.8347
-53.0093
-58.5743
-64.5018
-70.8302
-77.5421
-84.5986
-92.1879
-100.251
-108.798
-117.942
-127.806
-138.399
-149.77
-162.06
-175.431
-190.092
-206.132
-223.656
-242.775
-263.541
-286.068
-310.473
-336.78
-365.035
-395.341
-427.692
-462.025
-498.313
-536.493
-576.462
-618.106
-662.059
-706.759
-749.684
-783.639
-798.174
-16.3944
-19.6949
-19.5642
-23.945
-25.6575
-28.7333
-31.6826
-34.9025
-38.5936
-42.7241
-47.3712
-52.6341
-58.3571
-64.3773
-70.5658
-77.1043
-84.211
-91.7709
-99.7898
-108.155
-116.846
-126.17
-136.027
-146.375
-157.298
-168.925
-181.329
-194.545
-208.651
-223.808
-240.16
-257.813
-276.892
-297.467
-319.548
-343.16
-368.364
-395.207
-423.624
-453.588
-485.108
-518.086
-552.361
-587.667
-624.224
-661.433
-697.322
-727.929
-746.865
-758.196
-27.8672
-31.1718
-30.1991
-34.3583
-35.8207
-39.7646
-43.2228
-47.2236
-51.6714
-56.3237
-61.3564
-67.0368
-73.5148
-80.6596
-88.2719
-96.2004
-104.463
-113.177
-122.34
-132.119
-142.233
-152.521
-163.385
-174.901
-186.899
-199.37
-212.459
-226.24
-240.794
-256.207
-272.644
-290.191
-308.872
-328.761
-349.952
-372.451
-396.211
-421.169
-447.349
-474.704
-503.067
-532.311
-562.268
-592.694
-623.432
-653.068
-679.529
-698.462
-704.715
-710.287
-39.2334
-41.8621
-40.1669
-44.3702
-45.0651
-49.7711
-53.1766
-58.1074
-63.5871
-69.3328
-75.4886
-82.0462
-89.0669
-96.723
-105.279
-114.656
-124.345
-134.324
-144.804
-155.687
-167.23
-179.148
-191.101
-203.428
-216.208
-229.442
-243.117
-257.314
-272.091
-287.5
-303.606
-320.553
-338.5
-357.473
-377.459
-398.452
-420.43
-443.401
-467.209
-491.692
-516.778
-542.266
-567.795
-593.585
-618.403
-640.625
-658.529
-669.851
-675.852
-677.512
-47.5137
-50.3427
-48.9629
-53.044
-53.0157
-59.2574
-61.9995
-67.8031
-73.6997
-80.3511
-87.7779
-95.8591
-104.196
-112.841
-122.207
-132.461
-143.524
-154.972
-166.903
-179.223
-191.682
-204.666
-218.109
-231.651
-245.265
-259.079
-273.133
-287.442
-302.057
-317.12
-332.775
-349.08
-366.028
-383.724
-402.261
-421.643
-441.806
-462.569
-483.878
-505.665
-527.669
-549.574
-571.318
-592.542
-612.227
-629.048
-641
-646.575
-652.794
-653.694
-53.8208
-57.6275
-53.437
-61.509
-59.7347
-67.9206
-69.9868
-76.9239
-82.777
-89.8786
-98.3112
-107.516
-117.197
-127.526
-138.324
-149.345
-161.32
-174.392
-187.721
-201.505
-215.778
-230.024
-244.383
-259.006
-273.643
-288.224
-302.688
-317.09
-331.551
-346.134
-360.865
-375.909
-391.567
-407.886
-424.845
-442.439
-460.616
-479.38
-498.523
-517.779
-537.026
-556.08
-574.602
-592.099
-607.772
-619.994
-627.329
-631.797
-633.896
-635.719
-57.642
-62.9897
-57.2347
-68.1728
-64.7642
-75.1849
-76.2139
-85.0174
-90.6436
-98.6399
-107.568
-117.155
-127.852
-139.768
-152.329
-165.164
-178.319
-192.426
-207.406
-222.543
-238.147
-254.237
-270.161
-285.907
-301.599
-316.975
-331.869
-346.291
-360.312
-374.073
-387.852
-401.8
-415.92
-430.46
-445.618
-461.453
-477.902
-494.714
-511.776
-529.116
-546.487
-562.993
-578.574
-593.005
-605.243
-613.862
-617.971
-621.616
-622.572
-623.905
-57.9918
-65.8506
-61.0033
-72.5665
-67.3751
-80.7079
-79.9843
-91.411
-96.3341
-106.028
-115.224
-125.171
-136.596
-149.406
-163.192
-177.909
-193.212
-208.755
-225.088
-242.27
-259.582
-277.052
-294.716
-312.051
-328.976
-345.311
-360.91
-375.659
-389.521
-402.63
-415.094
-427.155
-439.36
-451.98
-465.194
-479.069
-493.605
-508.839
-524.603
-540.558
-555.887
-570.167
-583.538
-595.14
-603.741
-608.473
-612.483
-613.804
-614.926
-615.536
-58.3788
-66.6592
-59.8919
-75.1656
-67.6703
-83.7868
-81.3305
-95.3463
-98.991
-110.952
-120.444
-131.414
-143.728
-157.022
-171.474
-187.635
-204.951
-222.56
-240.615
-259.489
-278.986
-298.525
-318.001
-337.199
-355.796
-373.517
-390.104
-405.323
-419.029
-431.387
-442.696
-453.236
-463.227
-473.293
-483.957
-495.624
-508.449
-522.203
-536.73
-551.51
-565.578
-578.538
-589.8
-598.093
-602.542
-605.063
-606.777
-608.257
-609.519
-609.899
-57.5878
-66.8048
-58.408
-75.2948
-66.7039
-84.5473
-80.4131
-96.9363
-98.9755
-113.103
-121.836
-134.766
-148.255
-162.124
-177.318
-194.417
-213.212
-233.045
-253.498
-274.458
-295.956
-317.907
-339.783
-361.277
-381.946
-401.492
-419.647
-435.993
-450.234
-462.321
-472.354
-480.64
-487.955
-494.995
-502.624
-511.483
-521.88
-534.053
-547.915
-562.231
-575.479
-587.274
-596.326
-601.161
-602.339
-603.16
-603.688
-605.085
-606.386
-606.837
-54.9385
-64.4747
-57.5563
-73.3631
-65.2909
-83.2795
-77.905
-96.0806
-96.96
-112.56
-120.275
-135.026
-148.911
-164.152
-180.863
-198.666
-218.06
-239.63
-262.492
-286.144
-310.285
-334.821
-359.563
-383.866
-407.306
-429.434
-449.779
-467.806
-482.967
-495.05
-504.247
-510.878
-515.278
-518.515
-521.827
-526.532
-533.852
-544.294
-557.369
-571.124
-584.808
-596.02
-602.518
-604.355
-604.791
-603.707
-603.561
-604.005
-604.639
-605.121
-51.846
-60.3632
-54.8387
-69.1301
-63.2053
-79.5474
-75.0018
-92.7035
-92.8969
-109.915
-116.374
-132.448
-145.829
-162.313
-180.634
-199.918
-220.224
-242.924
-267.805
-293.894
-320.99
-348.735
-376.805
-404.604
-431.547
-456.976
-480.312
-500.867
-518.096
-531.351
-540.324
-545.113
-546.282
-544.965
-542.866
-541.951
-543.708
-550.058
-561.479
-576.999
-592.66
-603.364
-607.943
-609.528
-608.239
-606.466
-604.554
-603.126
-602.387
-602.334
-48.5391
-55.7833
-51.2685
-63.6623
-59.5171
-73.6068
-71.8955
-86.5354
-88.4674
-104.874
-110.53
-127.521
-139.838
-157.646
-176.354
-196.822
-218.967
-242.951
-269.259
-297.725
-327.788
-358.998
-390.792
-422.678
-453.893
-483.632
-510.988
-535.272
-555.565
-570.793
-580.445
-584.345
-582.741
-576.693
-567.794
-558.381
-551.206
-550.78
-560.216
-577.395
-595.496
-607.59
-612.964
-613.035
-610.871
-607.604
-603.83
-600.498
-598.49
-597.673
-43.661
-51.0591
-47.3516
-58.0333
-54.8149
-67.024
-66.8618
-79.2177
-82.8222
-97.4143
-103.877
-120.441
-131.754
-150.214
-168.465
-189.811
-213.683
-239.235
-266.92
-297.331
-330.262
-365.007
-400.878
-437.352
-473.61
-508.589
-541.267
-570.517
-595.202
-614.185
-626.212
-630.568
-626.88
-615.74
-598.747
-579.174
-559.903
-547.584
-549.538
-566.293
-589.465
-605.372
-613.25
-613.418
-610.548
-606.079
-601.333
-596.702
-593.538
-591.717
-38.9703
-45.4506
-43.0188
-52.1847
-49.7798
-60.468
-60.6326
-71.7133
-75.8949
-88.1263
-96.1574
-111.417
-122.549
-140.941
-158.151
-179.671
-204.399
-231.33
-260.624
-293.028
-328.323
-366.378
-406.488
-448.017
-489.969
-531.228
-570.353
-606.025
-636.804
-661.063
-677.097
-683.653
-679.761
-665.057
-640.598
-608.488
-571.615
-540.352
-530.516
-542.665
-567.101
-592.147
-605.41
-610.632
-611.422
-608.712
-603.552
-597.646
-593.221
-590.455
-34.5302
-39.6038
-39.0934
-46.3272
-44.8587
-53.6845
-54.2745
-64.006
-68.0173
-79.2354
-87.0215
-100.724
-112.057
-129.697
-146.559
-167.55
-191.62
-219.454
-250.197
-284.256
-321.898
-362.96
-407.254
-453.951
-502.068
-550.335
-597.16
-640.819
-679.446
-711.041
-733.492
-744.877
-743.395
-727.632
-696.483
-651.034
-594.652
-541.03
-507.987
-506.323
-530.834
-567.459
-598.253
-617.317
-624.051
-621.232
-614.724
-606.952
-600.594
-596.68
-31.5582
-34.266
-34.2571
-40.623
-40.0714
-46.8524
-48.4127
-55.8081
-60.2714
-69.9719
-77.6228
-90.0126
-100.95
-116.921
-133.501
-154.327
-176.983
-204.499
-236.25
-271.564
-310.904
-354.675
-402.841
-454.704
-509.292
-565.214
-620.787
-674.009
-722.662
-763.867
-794.813
-813.413
-817.367
-803.992
-771.354
-716.354
-639.595
-554.614
-497.384
-479.264
-498.563
-543.477
-589.94
-622.428
-635.841
-635.745
-628.124
-618.913
-612.021
-609.103
-29.4412
-30.2755
-30.2195
-34.7739
-35.7029
-40.2198
-43.0224
-47.9516
-53.397
-60.7774
-67.8114
-79.1868
-89.7861
-104.141
-119.726
-139.729
-161.738
-188.104
-219.431
-255.619
-296.243
-341.883
-393.28
-450.208
-511.289
-575.18
-640.474
-704.884
-765.38
-818.572
-860.657
-889.842
-902.541
-895.293
-865.905
-803.169
-711.211
-609.025
-524.552
-483.66
-494.26
-541.894
-586.959
-619.73
-633.595
-632.836
-628.043
-621.303
-616.812
-615.816
-39.382
-30.5266
-26.7781
-29.7946
-32.1229
-34.1603
-38.5962
-39.8693
-47.1335
-53.0187
-59.54
-69.1939
-78.7267
-91.9054
-106.722
-125.306
-146.658
-172.01
-202.396
-238.479
-279.537
-326.353
-380.194
-441.499
-508.595
-580.593
-656.22
-733.009
-805.976
-872.861
-930.486
-972.584
-996.691
-998.612
-972.545
-912.655
-819.214
-717.647
-619.484
-565.466
-557.155
-579.143
-608.113
-625.575
-630.771
-626.7
-620.935
-615.963
-615.319
-616.838
74.2855
69.7388
67.2764
65.8324
65.0516
64.6784
64.6186
64.7793
65.1332
65.7328
66.5402
67.6148
69.0033
70.678
72.6415
74.8763
77.4819
80.4413
83.7448
87.3501
91.249
95.337
99.6484
104.233
109.005
113.907
118.876
123.817
128.571
132.956
137.093
140.818
143.795
145.828
146.658
145.937
143.437
138.76
131.372
120.806
106.548
87.9676
64.4594
35.381
-0.17186
-43.072
-93.6485
-151.6
-221.926
-295.75
71.1889
66.421
64.5976
63.0583
62.012
61.4134
61.0394
60.8463
60.8912
61.2067
61.742
62.565
63.6733
64.9605
66.4378
68.1526
70.2074
72.5736
75.1986
78.042
81.1577
84.5681
88.1435
91.9174
95.7608
99.5447
103.218
106.763
110.087
112.825
114.948
116.511
117.279
116.969
115.259
111.731
106.099
97.9721
86.9244
72.4266
53.9243
30.7355
2.22122
-32.1053
-73.3106
-122.2
-178.995
-243.336
-318.321
-395.734
66.8994
61.9584
61.0005
59.4163
58.1674
57.3532
56.7247
56.2885
56.1577
56.2007
56.5059
57.116
57.9289
58.8946
59.9869
61.3174
62.9262
64.8063
66.8821
69.0205
71.232
73.5971
76.2398
79.0733
81.9444
84.6475
87.0306
89.0716
90.765
91.909
92.2294
91.6728
89.9921
87.0164
82.5127
75.9303
67.0796
55.3414
40.3986
21.7627
-1.15318
-29.0024
-62.4097
-101.984
-148.44
-202.638
-264.884
-334.338
-411.101
-487.233
61.9505
56.8205
56.4733
54.6889
53.4784
52.4209
51.5558
50.9815
50.6735
50.4577
50.6559
50.9983
51.4373
52.0156
52.7886
53.8022
54.9953
56.2859
57.6693
59.1159
60.6528
62.2554
63.871
65.5359
67.1538
68.5838
69.6515
70.2155
70.3137
69.6572
68.0037
65.2555
61.1661
55.4786
47.9925
38.2938
25.9563
10.6078
-8.19321
-30.9793
-58.2516
-90.5842
-128.553
-172.737
-223.658
-282.126
-348.353
-420.799
-497.725
-570.306
56.5784
51.0827
51.1194
48.7897
47.6803
46.6334
45.6358
44.8931
44.3553
43.9412
43.8728
43.8193
43.9105
44.1408
44.5475
45.1559
45.9052
46.6999
47.414
48.1208
48.746
49.5255
50.2137
50.7016
50.9728
50.9399
50.4986
49.4929
47.791
45.2782
41.6878
36.7494
30.2083
21.846
11.3884
-1.51846
-17.1857
-36.0356
-58.5514
-85.1814
-116.386
-152.634
-194.402
-242.174
-296.364
-357.659
-426.165
-499.94
-575.936
-643.611
50.4671
44.7623
45.1233
41.9798
40.9951
39.7702
38.7081
37.8608
37.1528
36.544
36.1011
35.6594
35.3069
35.1169
35.0789
35.1127
35.1575
35.2312
35.2771
35.3361
35.3136
35.085
34.6912
33.9703
32.8557
31.3234
29.2818
26.6064
23.1084
18.6045
12.8832
5.74714
-3.14499
-14.0779
-27.2962
-43.1696
-62.0276
-84.1189
-109.878
-139.781
-174.192
-213.493
-258.05
-308.204
-364.267
-426.789
-495.91
-569.672
-643.536
-704.675
43.5465
37.8929
38.3145
34.6881
33.5585
32.0473
30.823
29.7902
28.7874
27.9319
27.1653
26.3855
25.6559
24.9733
24.3447
23.6976
22.9957
22.2381
21.4528
20.5785
19.6081
18.3999
16.8799
14.9566
12.5205
9.5023
5.83867
1.40122
-3.98143
-10.4664
-18.2693
-27.5974
-38.7804
-52.128
-67.8882
-86.3636
-107.84
-132.65
-161.104
-193.509
-230.205
-271.489
-317.627
-368.889
-425.507
-487.893
-556.25
-628.629
-698.815
-751.619
35.8616
30.6839
30.6169
26.8072
25.5269
23.7893
22.3208
20.9372
19.557
18.3297
17.0523
15.8082
14.625
13.4029
12.0821
10.6541
9.12439
7.48158
5.74773
3.91338
1.86315
-0.542383
-3.29356
-6.48525
-10.2372
-14.6576
-19.8873
-26.0059
-33.1602
-41.5493
-51.3766
-62.867
-76.2166
-91.6839
-109.57
-130.19
-153.812
-180.627
-210.92
-244.967
-282.976
-325.182
-371.775
-422.931
-478.903
-540.105
-606.303
-675.467
-740.579
-783.559
27.7292
22.9782
21.8518
18.3773
16.9778
14.8796
13.0442
11.2718
9.58949
7.89118
6.0629
4.22782
2.3421
0.360918
-1.69822
-3.87433
-6.1923
-8.69698
-11.4883
-14.5764
-17.8643
-21.503
-25.5735
-30.1109
-35.2418
-41.0776
-47.7649
-55.5029
-64.3856
-74.5336
-86.1099
-99.3193
-114.501
-131.855
-151.526
-173.756
-198.783
-226.874
-258.223
-292.988
-331.358
-373.46
-419.414
-469.379
-523.581
-582.493
-645.749
-710.46
-768.78
-800.843
18.1856
14.7327
12.2997
9.52356
7.83083
5.33863
3.00904
0.814121
-1.32635
-3.55373
-5.88113
-8.32268
-11.0038
-13.8271
-16.7935
-19.906
-23.2257
-26.7536
-30.5455
-34.7261
-39.3043
-44.2696
-49.6428
-55.546
-62.0694
-69.3293
-77.4038
-86.4743
-96.7376
-108.389
-121.622
-136.487
-153.072
-171.685
-192.551
-215.852
-241.759
-270.389
-301.943
-336.593
-374.418
-415.516
-459.956
-507.82
-559.298
-614.803
-674.225
-733.75
-784.617
-807.157
7.0807
4.45833
2.27714
-0.0755067
-1.99329
-4.59542
-7.14759
-9.81034
-12.686
-15.6949
-18.7368
-21.8992
-25.2473
-28.852
-32.7549
-36.9158
-41.3087
-45.986
-50.9648
-56.3373
-62.0794
-68.3167
-75.0996
-82.3669
-90.2228
-98.797
-108.228
-118.645
-130.181
-143.013
-157.262
-173.15
-190.859
-210.423
-231.984
-255.716
-281.755
-310.275
-341.368
-375.112
-411.615
-450.895
-492.959
-537.862
-585.758
-637.006
-691.402
-745.649
-790.754
-806.765
-4.13975
-7.19748
-8.13437
-10.7849
-12.7745
-15.3911
-17.9181
-20.7953
-24.1317
-27.8451
-31.8072
-35.9621
-40.2659
-44.7836
-49.6598
-54.8901
-60.4513
-66.3904
-72.6467
-79.1703
-86.1804
-93.5544
-101.508
-110.043
-119.202
-129.019
-139.59
-151.035
-163.55
-177.307
-192.5
-209.137
-227.306
-247.197
-268.899
-292.548
-318.243
-346.015
-375.975
-408.203
-442.684
-479.45
-518.503
-559.773
-603.219
-649.46
-697.622
-745.252
-784.508
-799.211
-15.0356
-18.3446
-18.4977
-22.1172
-23.9575
-27.0443
-29.9022
-33.024
-36.5873
-40.5539
-45.0189
-50.0763
-55.5539
-61.3142
-67.2009
-73.3877
-80.0908
-87.2057
-94.7657
-102.684
-110.884
-119.544
-128.687
-138.313
-148.527
-159.433
-171.058
-183.472
-196.781
-211.098
-226.587
-243.457
-261.81
-281.658
-303.074
-326.115
-350.841
-377.365
-405.696
-435.813
-467.75
-501.441
-536.809
-573.806
-612.449
-652.683
-692.943
-730.589
-758.86
-773.148
-26.4222
-29.6696
-28.9297
-32.9016
-34.2872
-38.1969
-41.5077
-45.4153
-49.7102
-54.1701
-59.0185
-64.4934
-70.7144
-77.5807
-84.879
-92.4751
-100.37
-108.674
-117.337
-126.518
-136.061
-145.793
-156.03
-166.851
-178.061
-189.779
-202.129
-215.151
-228.93
-243.616
-259.332
-276.135
-294.125
-313.431
-334.08
-356.124
-379.591
-404.427
-430.674
-458.349
-487.318
-517.505
-548.789
-580.943
-614.325
-647.742
-678.897
-703.36
-715.673
-726.668
-37.517
-39.8128
-39.4252
-43.2283
-43.671
-48.352
-51.5198
-56.3718
-61.6793
-67.2269
-73.2126
-79.5684
-86.3451
-93.7114
-101.951
-110.963
-120.229
-129.739
-139.785
-150.216
-161.173
-172.375
-183.593
-195.22
-207.325
-219.81
-232.734
-246.206
-260.256
-274.929
-290.362
-306.717
-324.109
-342.571
-362.159
-382.867
-404.643
-427.542
-451.508
-476.416
-502.24
-528.788
-555.702
-582.97
-610.34
-636.402
-659.119
-674.834
-679.72
-683.999
-46.0156
-48.7804
-47.6471
-51.9279
-51.6778
-57.933
-60.3462
-66.1614
-71.8454
-78.3448
-85.6211
-93.4626
-101.533
-109.918
-118.976
-128.873
-139.544
-150.545
-161.888
-173.586
-185.539
-198.042
-210.774
-223.476
-236.323
-249.394
-262.7
-276.301
-290.262
-304.713
-319.76
-335.46
-351.922
-369.258
-387.468
-406.576
-426.601
-447.391
-468.891
-491.085
-513.759
-536.714
-559.731
-582.649
-604.462
-624.045
-639.414
-648.831
-656.552
-658.094
-52.5005
-56.2769
-52.0572
-60.4472
-58.348
-66.6708
-68.3374
-75.4258
-80.9817
-88.0061
-96.2777
-105.253
-114.681
-124.746
-135.226
-145.864
-157.402
-170.067
-183.016
-196.208
-209.652
-223.2
-237.022
-250.951
-264.776
-278.526
-292.215
-305.888
-319.652
-333.594
-347.816
-362.485
-377.73
-393.649
-410.371
-427.87
-445.981
-464.696
-483.928
-503.472
-523.279
-543.209
-562.982
-581.857
-599.211
-613.993
-624.471
-629.34
-634.144
-636.276
-56.4561
-61.839
-55.9908
-67.1019
-63.4136
-74.0767
-74.6613
-83.6916
-88.9259
-96.9461
-105.625
-115.004
-125.524
-137.192
-149.418
-161.909
-174.685
-188.246
-202.609
-217.307
-232.401
-247.663
-262.754
-277.781
-292.69
-307.237
-321.315
-334.988
-348.345
-361.524
-374.764
-388.233
-402.106
-416.528
-431.526
-447.16
-463.503
-480.322
-497.405
-514.781
-532.34
-549.572
-566.164
-581.982
-595.877
-606.155
-611.859
-617.216
-618.509
-620.772
-56.9115
-64.8003
-59.9315
-71.5171
-66.1699
-79.7211
-78.5643
-90.2582
-94.6865
-104.537
-113.452
-123.215
-134.473
-147.045
-160.523
-174.887
-189.811
-204.981
-220.764
-237.162
-253.802
-270.674
-287.497
-303.959
-320.01
-335.48
-350.197
-364.116
-377.241
-389.74
-401.81
-413.649
-425.57
-437.972
-451.116
-465.058
-479.622
-494.709
-510.235
-525.95
-541.403
-556.255
-570.524
-583.589
-594.159
-600.841
-604.199
-606.763
-608.54
-609.874
-57.4539
-65.6497
-59.02
-74.1544
-66.6662
-82.7869
-80.1028
-94.2749
-97.5401
-109.694
-118.747
-129.695
-141.868
-154.873
-169.088
-184.967
-201.844
-218.912
-236.543
-254.941
-273.617
-292.29
-310.978
-329.262
-346.888
-363.623
-379.235
-393.559
-406.497
-418.179
-428.879
-439.042
-449.085
-459.309
-470.131
-481.822
-494.59
-508.309
-522.564
-537.033
-551.021
-564.059
-575.889
-585.974
-593.11
-596.751
-599.976
-600.721
-602.3
-603.002
-56.7782
-65.8332
-57.7795
-74.285
-65.9782
-83.557
-79.5046
-95.8812
-97.7057
-112.016
-120.273
-133.393
-146.592
-160.226
-175.221
-192.053
-210.519
-229.888
-249.677
-270.045
-290.976
-312.065
-332.996
-353.505
-373.108
-391.541
-408.569
-423.809
-437.068
-448.412
-458.031
-466.129
-473.344
-480.6
-488.556
-497.804
-508.535
-520.667
-534.148
-548.048
-561.05
-572.661
-582.366
-588.876
-591.872
-594.301
-595.429
-596.693
-598.04
-598.563
-54.1801
-63.639
-57.0794
-72.4434
-64.8403
-82.0245
-77.5554
-95.1338
-95.7351
-111.675
-118.917
-133.947
-147.402
-162.587
-179.155
-196.645
-215.647
-236.91
-259.353
-282.232
-305.571
-329.341
-353.113
-376.345
-398.6
-419.466
-438.506
-455.23
-469.253
-480.39
-488.854
-495.152
-499.75
-503.574
-507.806
-513.361
-521.007
-531.441
-544.239
-557.624
-570.775
-582.279
-589.422
-591.768
-592.482
-592.546
-593.217
-594.372
-595.491
-596.059
-51.1221
-59.537
-54.4765
-67.9993
-63.1738
-77.9614
-75.0508
-91.7543
-92.0794
-109.155
-115.109
-131.625
-144.523
-161.147
-179.243
-198.219
-218.258
-240.561
-264.999
-290.568
-316.89
-343.741
-370.756
-397.368
-423.012
-447.049
-468.889
-487.908
-503.668
-515.693
-523.786
-528.099
-529.352
-528.877
-528.091
-528.767
-532.234
-539.388
-550.497
-564.473
-579.363
-590.565
-596.059
-596.491
-595.141
-593.98
-593.503
-593.411
-593.675
-594.192
-48.0233
-54.9832
-50.9964
-62.5512
-59.4625
-72.2521
-71.8962
-85.8401
-88.1672
-103.893
-109.418
-126.966
-138.661
-156.925
-175.257
-195.472
-217.479
-241.188
-266.972
-294.837
-324.26
-354.563
-385.263
-415.857
-445.624
-473.775
-499.426
-521.896
-540.435
-554.093
-562.404
-565.524
-563.945
-558.649
-551.669
-545.199
-541.225
-542.329
-551.917
-567.677
-583.771
-595.774
-601.335
-602.659
-600.154
-597.258
-594.387
-592.246
-591.12
-590.954
-43.2339
-50.2981
-47.1753
-57.1352
-54.7073
-66.0584
-66.6217
-78.5258
-82.993
-96.5099
-103.197
-119.832
-130.713
-149.816
-167.556
-188.98
-212.671
-237.866
-265.24
-295.178
-327.374
-361.212
-395.987
-431.137
-465.8
-498.988
-529.712
-556.853
-579.333
-596.233
-606.631
-609.752
-605.513
-595.063
-580.322
-564.28
-549.661
-542.21
-546.894
-561.859
-581.77
-595.738
-603.83
-604.675
-602.388
-598.003
-593.232
-589.214
-586.673
-585.613
-38.6166
-44.7929
-42.7989
-51.4679
-49.5877
-59.7614
-60.4055
-71.1102
-75.832
-87.653
-95.8969
-110.574
-121.882
-140.778
-157.425
-179.299
-203.8
-230.377
-259.386
-291.429
-326.154
-363.368
-402.348
-442.488
-482.74
-522.032
-558.948
-592.167
-620.27
-641.904
-655.538
-660.265
-655.428
-640.975
-618.647
-591.1
-561.647
-538.215
-532.278
-544.853
-568.627
-587.027
-598.28
-601.953
-600.554
-596.722
-591.656
-586.375
-582.582
-580.276
-34.2623
-39.0362
-38.844
-45.8253
-44.6139
-53.1448
-54.0392
-63.5177
-67.9639
-78.9094
-86.7867
-100.316
-111.552
-129.557
-146.138
-167.57
-191.285
-219.053
-249.601
-283.271
-320.423
-360.726
-403.952
-449.2
-495.532
-541.625
-586
-626.888
-662.474
-690.903
-710.322
-718.952
-715.437
-699.065
-669.839
-629.073
-580.508
-536.077
-513.221
-515.154
-538.462
-568.638
-587.593
-599.864
-604.289
-602.267
-596.805
-590.131
-585.07
-581.866
-31.341
-33.7631
-34.001
-40.2741
-39.9748
-46.267
-48.1021
-55.3814
-60.2168
-69.8301
-77.2104
-90.1324
-100.537
-116.847
-133.289
-154.548
-176.944
-204.521
-236.13
-271.209
-310.149
-353.287
-400.451
-450.902
-503.637
-557.234
-610.083
-660.236
-705.425
-742.934
-769.984
-784.435
-785.269
-769.581
-737.216
-686.479
-618.345
-546.604
-494.061
-481.179
-501.503
-545.245
-581.195
-606.539
-617.459
-616.3
-609.956
-601.424
-594.328
-590.336
-29.1583
-29.9509
-29.8692
-34.4775
-35.5156
-39.7218
-42.8037
-47.4942
-53.294
-60.7405
-67.6826
-79.4694
-89.4414
-104.295
-119.654
-140.037
-161.985
-188.515
-219.74
-255.779
-296.151
-341.295
-391.78
-447.386
-506.695
-568.162
-630.423
-691.376
-748.079
-796.97
-834.343
-857.948
-866.05
-854.184
-822.893
-771.295
-679.647
-585.02
-507.473
-470.041
-474.513
-518.837
-571.789
-608.41
-624.545
-625.131
-619.276
-610.665
-604.577
-602.045
-39.0219
-30.2614
-26.5162
-29.5036
-31.9523
-33.6532
-38.5176
-39.4381
-47.0225
-52.9884
-59.5342
-69.4757
-78.8434
-92.0643
-106.803
-125.722
-147.223
-172.716
-203.063
-239.146
-280.097
-326.511
-379.466
-439.632
-505.107
-574.656
-646.933
-719.897
-788.876
-850.343
-902.126
-938.843
-955.281
-952.318
-921.367
-863.51
-771.93
-662.602
-571.246
-513.53
-511.335
-537.207
-574.991
-604.47
-618.247
-618.746
-615.384
-609.874
-606.6
-606.277
-31.6766
-21.9256
-24.0221
-25.8496
-27.7293
-29.1785
-33.5095
-33.9354
-40.8587
-46.282
-53.2369
-61.2697
-70.8607
-81.8829
-95.7504
-113.678
-134.826
-159.788
-189.629
-224.863
-266.633
-315.149
-370.624
-434.665
-507.438
-587.691
-672.944
-759.94
-845.008
-923.469
-991.128
-1044.38
-1077.54
-1087.13
-1064.83
-986.959
-882.897
-776.357
-696.883
-650.737
-623.93
-617.491
-621.007
-623.642
-619.502
-612.612
-605.843
-603.028
-603.922
-605.869
-25.4834
-19.6092
-22.1012
-23.7418
-25.6548
-27.1997
-31.3143
-34.0999
-38.0925
-43.2649
-49.2979
-56.7492
-66.3383
-77.5535
-91.4543
-109.081
-130.49
-156.775
-188.744
-227.092
-272.794
-325.965
-388.411
-461.738
-546.16
-639.226
-739.706
-844.247
-946.86
-1040.47
-1119.88
-1181.05
-1215.5
-1210.7
-1160.52
-1085.94
-995.023
-909.63
-841.281
-790.668
-751.496
-719.737
-692.009
-664.612
-638.811
-617.399
-603.914
-601.184
-603.871
-606.317
-18.7575
-18.4533
-19.99
-21.6456
-23.7757
-26.2105
-29.2985
-32.6849
-36.3174
-41.0424
-46.7999
-54.2465
-64.2944
-77.1432
-91.8942
-109.962
-133.077
-162.804
-199.35
-242.996
-294.683
-356.592
-430.961
-517.325
-615.369
-725.565
-845.725
-969.236
-1085.38
-1189.3
-1276.9
-1335.65
-1353.75
-1332.25
-1282.48
-1211.91
-1135.38
-1061.11
-992.557
-929.52
-873.354
-820.968
-770.83
-722.951
-677.692
-639.608
-615.105
-605.299
-607.822
-611.454
-14.8246
-16.2773
-17.4959
-19.0198
-20.9488
-23.2664
-25.8926
-29.0417
-33.1519
-38.0348
-43.7526
-51.183
-61.73
-75.5317
-91.831
-111.779
-137.505
-171.005
-212.788
-263.181
-323.62
-396.481
-482.989
-584.982
-704.706
-839.506
-981.16
-1119.31
-1248.58
-1364.28
-1453.89
-1500.72
-1508.16
-1482.75
-1431.38
-1363.53
-1288.36
-1210.03
-1132.28
-1056.36
-983.066
-913.562
-846.87
-784.19
-726.933
-677.39
-640.035
-619.193
-615.14
-621.361
-11.7236
-13.1634
-14.2223
-15.3906
-16.8278
-18.6488
-20.7957
-23.5028
-27.4012
-32.4292
-38.4248
-45.9279
-56.5967
-70.5187
-87.8739
-109.875
-138.615
-176.377
-224.31
-282.581
-352.221
-436.356
-539.093
-664.416
-811.433
-971.544
-1133.01
-1288.87
-1434.89
-1558.14
-1638.5
-1677.75
-1678.17
-1646.67
-1589.82
-1517.39
-1433.96
-1344.78
-1253.49
-1163.25
-1075.34
-991.412
-912.812
-840.283
-775.051
-718.795
-673.521
-642.581
-629.868
-641.749
-8.1332
-9.07545
-9.77828
-10.5435
-11.4677
-12.7244
-14.3347
-16.4354
-19.5971
-23.9943
-29.4773
-36.65
-47.3593
-61.4927
-79.5254
-103.029
-134.578
-176.536
-230.491
-296.667
-377.043
-477.077
-602.545
-755.946
-930.731
-1115.35
-1299.68
-1477.02
-1633.97
-1750.96
-1825.55
-1855.55
-1846.05
-1804.05
-1738.22
-1653.7
-1557.31
-1453.78
-1348.44
-1244.4
-1144.03
-1049.3
-961.532
-882.293
-812.496
-752.884
-704.431
-669.091
-652.676
-657.317
-4.07537
-4.39955
-4.52251
-4.57914
-4.69428
-5.01065
-5.83407
-7.04585
-9.10691
-12.5344
-17.2095
-23.5323
-33.5045
-47.5495
-65.7715
-89.9321
-123.575
-169.287
-229.397
-305.255
-400.642
-521.15
-672.709
-855.957
-1060.07
-1270.43
-1478.28
-1668.05
-1821.65
-1933.05
-1997.81
-2015.61
-1992.86
-1938.04
-1856.71
-1756.63
-1645.09
-1527.68
-1409.32
-1294.01
-1183.88
-1081.07
-987.353
-903.84
-831.516
-771.098
-723.264
-688.924
-670.027
-665.701
0.719635
1.0952
1.66762
2.40783
3.15618
3.97468
4.49227
4.54463
3.88968
2.03485
-1.0799
-5.77836
-13.7556
-26.5836
-44.4315
-69.3234
-104.618
-153.337
-220.344
-309.137
-423.545
-568.843
-749.98
-963.837
-1195.73
-1429.02
-1646.28
-1834.41
-1983.29
-2085.5
-2136.76
-2139.34
-2100.78
-2028.9
-1931.15
-1815.97
-1691.01
-1562.04
-1433.62
-1309.48
-1192.17
-1083.6
-985.346
-899.314
-826.088
-766.187
-720.343
-688.704
-672.018
-667.801
6.14935
7.38961
8.94951
10.8114
12.754
14.7024
16.7095
18.5949
20.027
20.3371
19.4126
17.3854
12.6025
1.86871
-15.1619
-39.7505
-75.7072
-127.28
-201.535
-305.302
-441.923
-614.73
-828.906
-1069.84
-1317.55
-1558.11
-1774.43
-1958.16
-2098.01
-2186.8
-2222.59
-2209.16
-2153.71
-2066.65
-1956.17
-1829.32
-1694.37
-1556.8
-1421.1
-1290.95
-1168.63
-1056.08
-955.108
-867.061
-792.881
-733.264
-688.809
-659.23
-646.213
-645.836
12.3259
14.4443
17.0674
20.1656
23.7255
27.5052
31.4489
35.4899
39.6092
43.3844
45.9395
46.634
44.6759
37.9369
24.2109
1.68373
-33.5968
-86.9947
-167.581
-285.227
-445.536
-646.449
-881.085
-1137.03
-1392.85
-1631.7
-1842.59
-2019.24
-2146.75
-2221.16
-2242.95
-2215.72
-2149.08
-2052.1
-1933.02
-1799.27
-1658.26
-1515.43
-1375.38
-1241.29
-1115.6
-1000.41
-897.297
-807.659
-732.464
-672.432
-628.26
-599.904
-587.474
-588.75
18.8934
22.1869
26.1329
30.6582
35.8339
41.6683
48.0869
55.0062
62.1144
69.2702
75.926
81.4242
84.5254
83.4686
75.7385
58.6286
26.7245
-27.9207
-115.993
-245.278
-418.708
-634.586
-883.083
-1148.91
-1404.99
-1635.97
-1838.95
-2007.38
-2122.67
-2184.31
-2195.87
-2162.1
-2091.13
-1991.12
-1869.28
-1733.39
-1590.16
-1445.23
-1302.99
-1166.69
-1039
-921.92
-817.085
-725.786
-649.094
-588.009
-543.122
-514.246
-501.727
-501.587
25.2747
29.735
35.0152
41.1794
48.2266
56.2473
65.2872
75.4675
86.5269
98.2105
109.97
121.477
132.097
140.417
143.097
134.59
106.977
50.1966
-42.7711
-177.714
-357.217
-578.165
-830.673
-1097.46
-1351.37
-1573.12
-1767.47
-1922.82
-2029.86
-2088.17
-2098.95
-2066.51
-1997.73
-1900.02
-1780.34
-1645.79
-1503.02
-1357.82
-1214.67
-1077.1
-947.826
-829.074
-722.647
-630.029
-552.415
-490.551
-444.738
-414.75
-400.04
-396.655
31.0381
36.6276
43.1658
50.8089
59.7038
69.9618
81.7583
95.2412
110.431
127.398
146.355
167.232
189.326
210.282
224.701
224.378
201.749
147.923
54.0868
-81.9561
-262.43
-482.025
-730.967
-990.742
-1238.83
-1458.91
-1648.44
-1800.57
-1907.95
-1969.25
-1983.76
-1955.51
-1891.5
-1798.86
-1683.61
-1552.1
-1410.95
-1266.18
-1122.73
-984.407
-854.231
-734.644
-627.617
-534.628
-456.702
-394.478
-348.199
-317.355
-301.163
-295.987
35.5312
42.0452
49.7301
58.7503
69.3609
81.7619
96.3618
113.648
134.104
157.873
185.004
215.453
247.664
278.18
301.486
310.683
295.059
245.128
152.526
22.223
-157.486
-375.481
-616.022
-867.118
-1113.48
-1337.66
-1530.09
-1684.28
-1796.33
-1861.12
-1879.47
-1855.95
-1797.04
-1709.02
-1597.94
-1469.75
-1330.49
-1186.45
-1043.12
-904.697
-774.42
-654.872
-548.101
-455.603
-378.442
-317.173
-271.676
-241.066
-223.983
-216.855
37.9865
45.0016
53.3089
63.1443
74.8478
88.7921
105.468
125.38
149.174
177.116
209.29
245.64
284.786
322.304
351.352
364.12
351.946
307.099
216.569
85.5709
-87.9251
-301.763
-537.908
-782.165
-1025.39
-1250.6
-1445.95
-1602.62
-1716.01
-1783.84
-1807.5
-1790.3
-1737.1
-1653.75
-1546.29
-1420.37
-1282.18
-1138.47
-995.164
-856.73
-726.578
-607.392
-501.266
-409.663
-333.501
-272.998
-227.808
-196.941
-179.111
-170.969
37.984
45.0076
53.3269
63.1786
74.9
88.856
105.565
125.565
149.534
177.715
210.212
246.981
286.465
324.102
353.402
366.687
355.074
310.662
221.751
89.6159
-81.3944
-291.373
-528.945
-776.104
-1018.13
-1241.94
-1436.66
-1593.65
-1706.39
-1774.2
-1800.55
-1785.12
-1731.41
-1647.97
-1541.05
-1415.9
-1278.31
-1134.76
-991.259
-852.513
-722
-602.416
-495.807
-403.585
-326.557
-264.958
-218.468
-186.152
-166.635
-156.948
35.5348
42.0611
49.7654
58.8218
69.4839
81.9798
96.7556
114.316
135.137
159.288
186.965
218.133
251.236
282.857
307.521
318.066
303.674
255.684
166.042
36.0377
-140.588
-352.029
-592.521
-848.41
-1094.89
-1318.14
-1509.75
-1663.15
-1773.71
-1840.06
-1861.48
-1840.45
-1782.69
-1695.33
-1585.27
-1458.34
-1319.84
-1175.69
-1031.61
-892.182
-760.865
-640.265
-532.359
-438.497
-359.474
-295.508
-246.472
-211.609
-190.163
-179.214
31.021
36.6307
43.2057
50.9088
59.8721
70.2321
82.1684
95.815
111.252
128.769
148.548
170.475
193.969
216.464
232.371
233.714
213.226
162.162
71.9697
-60.4945
-238.036
-453.352
-701.31
-964.594
-1213.87
-1434.44
-1621.85
-1770.6
-1878.49
-1942.02
-1960.01
-1935.43
-1874.59
-1784.21
-1670.38
-1539.72
-1398.65
-1253.04
-1108.03
-967.824
-835.652
-713.976
-604.655
-509.08
-428.178
-362.304
-311.464
-275.228
-253.071
-242.184
25.2487
29.7315
35.0553
41.2726
48.3819
56.5074
65.7096
76.1089
87.4447
99.5099
111.844
124.191
135.882
145.675
150.134
143.626
118.304
64.3283
-25.0412
-156.063
-331.813
-549.192
-801.258
-1072.85
-1327.6
-1551.1
-1740.72
-1891.38
-1999.22
-2060.6
-2075.32
-2047.16
-1982.36
-1888.01
-1770.59
-1637.04
-1494.14
-1347.66
-1202.44
-1062.34
-930.297
-808.639
-699.12
-603.02
-521.398
-454.919
-403.987
-368.408
-347.819
-338.873
18.8446
22.1599
26.1474
30.7271
35.9831
41.9295
48.5098
55.6406
62.9384
70.4634
77.6788
83.7676
87.6241
87.7328
81.5626
66.3596
36.7024
-15.791
-101.096
-226.121
-396.066
-609.789
-859.175
-1128.93
-1390.15
-1622.41
-1820.14
-1984.71
-2099.93
-2163
-2178.94
-2149.4
-2082.13
-1985.32
-1865.91
-1731.05
-1587.56
-1441.27
-1296.74
-1157.6
-1026.72
-906.188
-797.842
-703.031
-622.722
-557.531
-507.939
-474.186
-455.996
-449.273
12.2498
14.3969
17.0688
20.2305
23.8613
27.7328
31.8024
36.0008
40.4074
44.5539
47.5045
48.6381
47.3499
41.6342
29.122
7.91526
-25.7526
-77.0387
-154.546
-269.127
-427.849
-628.63
-865.556
-1125.6
-1386.68
-1625.94
-1833.98
-2009.05
-2136.46
-2214.12
-2239.33
-2215.06
-2151.23
-2057.05
-1939.85
-1806.88
-1665.32
-1520.82
-1378.28
-1241.13
-1112.19
-993.687
-887.114
-793.968
-715.453
-652.212
-604.568
-572.671
-557.404
-553.976
6.05762
7.32357
8.92039
10.8285
12.8385
14.9038
17.0461
19.0913
20.7727
21.434
20.8714
19.1694
14.9444
5.12886
-10.8964
-34.5228
-69.4541
-119.394
-190.918
-293.243
-430.398
-604.821
-821.571
-1066.05
-1318.72
-1561.69
-1777.84
-1960.88
-2101.84
-2194.21
-2233.96
-2222.83
-2170.2
-2085.73
-1976.48
-1850.08
-1714.14
-1574.6
-1436.11
-1302.67
-1176.91
-1061.09
-957.068
-865.966
-789.025
-727.051
-680.38
-649.255
-634.695
-633.419
0.603753
1.00423
1.60594
2.38442
3.20133
4.11291
4.71098
4.87501
4.42758
2.87325
0.0235625
-4.32182
-11.5926
-23.5806
-40.9169
-65.16
-99.5955
-146.917
-211.991
-300.559
-416.217
-562.553
-745.196
-963.576
-1202.48
-1440.6
-1660.03
-1848.88
-2000.3
-2107.18
-2162.32
-2167.41
-2132.15
-2062.9
-1966.39
-1851.36
-1725.19
-1593.94
-1462.55
-1335
-1214.17
-1102.29
-1001.13
-912.207
-836.585
-775.153
-728.145
-695.797
-680.279
-677.926
-4.21179
-4.53188
-4.63949
-4.67136
-4.71878
-4.93882
-5.68174
-6.81265
-8.67549
-11.8482
-16.3748
-22.3896
-31.6867
-45.0965
-62.8963
-86.568
-119.52
-163.849
-222.432
-298.365
-394.871
-516.345
-669.648
-856.875
-1067.41
-1284.96
-1498.53
-1690.9
-1848.56
-1965.72
-2035.08
-2056.15
-2038.27
-1987.17
-1907.22
-1806.98
-1694.52
-1574.9
-1453.3
-1334.24
-1220.37
-1113.92
-1016.98
-930.682
-856.327
-794.625
-746.056
-711.538
-692.583
-687.309
-8.2809
-9.22928
-9.91424
-10.6465
-11.5066
-12.6964
-14.2829
-16.3225
-19.2484
-23.4322
-28.8303
-35.704
-45.894
-59.7201
-77.4997
-100.504
-131.389
-172.279
-225.419
-291.865
-372.881
-473.432
-600.241
-757.215
-937.552
-1128.88
-1320.03
-1504.58
-1667.22
-1789.9
-1869.54
-1905.21
-1901.7
-1864.87
-1801.5
-1718.28
-1621.76
-1516.27
-1407.61
-1299.7
-1195.07
-1096.15
-1004.6
-921.945
-849.304
-787.531
-737.468
-700.388
-680.776
-678.377
-11.9008
-13.3345
-14.386
-15.5418
-16.9619
-18.7252
-20.792
-23.368
-27.0716
-32.0057
-37.9542
-45.1747
-55.4497
-69.1525
-86.3346
-107.966
-136.299
-173.38
-220.761
-278.932
-348.78
-433.332
-537.349
-665.834
-817.664
-983.17
-1150.74
-1314.55
-1469.77
-1599.49
-1685.77
-1731.84
-1738.97
-1713.61
-1661.41
-1593.05
-1510.74
-1420.5
-1326.71
-1232.44
-1139.61
-1050.6
-966.876
-889.814
-820.759
-760.831
-711.036
-674.159
-656.816
-665.701
-15.0315
-16.4803
-17.6869
-19.1994
-21.122
-23.3377
-25.8664
-28.987
-33.0336
-37.8618
-43.4894
-50.6907
-61.0205
-74.4785
-90.3547
-110.017
-135.391
-168.519
-210.015
-260.471
-321.154
-394.13
-481.407
-585.769
-709.288
-849.278
-996.893
-1141.32
-1278.58
-1404.42
-1501.28
-1553.57
-1568.83
-1549.95
-1506.1
-1443.85
-1372.11
-1294.36
-1216.01
-1136.12
-1058.14
-982.151
-909.07
-840.057
-776.765
-721.066
-676.18
-646.367
-635.104
-645.994
-18.993
-18.6737
-20.1998
-21.8593
-24.0191
-26.3912
-29.3973
-32.7596
-36.2991
-40.9138
-46.5474
-53.9712
-64.0826
-76.5397
-90.8722
-108.643
-131.392
-160.949
-197.233
-240.892
-292.562
-354.618
-429.865
-517.713
-618.373
-733.108
-859.11
-988.173
-1110.15
-1222.06
-1320.01
-1386.73
-1410.53
-1397.55
-1355.61
-1291.85
-1219.87
-1149.39
-1081.91
-1016.7
-955.473
-895.282
-836.517
-779.194
-725.19
-677.764
-642.359
-624.309
-623.469
-629.238
-25.7987
-19.8496
-22.335
-23.9831
-25.9041
-27.4325
-31.4835
-34.2526
-38.1092
-43.2807
-49.2684
-56.7159
-66.1414
-77.3048
-91.1748
-108.268
-129.168
-155.313
-187.301
-225.708
-271.176
-324.42
-387.639
-462.166
-548.407
-644.628
-749.678
-859.737
-967.996
-1067.12
-1154.46
-1227.61
-1269.9
-1271.29
-1229.96
-1160.52
-1073.77
-996.136
-930.662
-879.64
-835.382
-795.006
-755.41
-715.439
-675.616
-642.084
-620.437
-612.897
-616.191
-619.743
-32.0135
-22.1211
-24.2599
-26.0743
-27.9215
-29.4734
-33.7207
-34.207
-40.9273
-46.3824
-53.4035
-61.1204
-70.4168
-81.5921
-95.6976
-113.329
-134.04
-158.769
-188.637
-223.808
-265.515
-314.33
-370.51
-435.529
-509.813
-592.519
-681.403
-772.949
-862.996
-946.911
-1021.21
-1081.79
-1126.63
-1146.89
-1122.23
-1049.74
-951.029
-852.451
-781.569
-733.912
-703.18
-685.483
-672.47
-659.147
-642.431
-625.122
-613.505
-610.63
-613.213
-616.13
74.3574
70.8435
68.9633
68.0197
67.6158
67.5629
67.8428
68.374
69.1268
70.0958
71.2563
72.6816
74.4763
76.5955
79.0499
81.8481
85.0746
88.7104
92.6583
96.8539
101.32
106.079
111.218
116.685
122.419
128.412
134.584
140.832
147.044
153.235
159.252
164.799
169.745
173.934
177.099
179.01
179.382
177.786
173.774
166.875
156.603
142.424
123.74
99.8542
70.0214
33.4823
-10.2926
-62.0484
-124.301
-187.429
72.9157
71.6512
70.9777
70.7361
70.7966
71.0909
71.7106
72.6957
73.9368
75.3466
76.9553
78.8343
81.0452
83.572
86.477
89.9086
93.9238
98.4301
103.156
108.024
113.193
118.828
124.987
131.537
138.398
145.53
152.909
160.488
168.186
175.946
183.589
190.944
197.87
204.169
209.657
214.126
217.258
218.681
217.991
214.745
208.462
198.643
184.72
166.039
141.957
111.792
74.8524
30.1723
-23.5691
-77.1888
73.026
73.1958
73.5113
73.9533
74.5345
75.2431
76.1666
77.4694
79.1177
81.0283
83.1839
85.6297
88.343
91.3057
94.6368
98.6754
103.538
109.048
114.72
120.362
126.239
132.742
139.992
147.83
155.999
164.354
172.966
181.883
191.096
200.475
209.843
219.048
227.919
236.345
244.175
251.185
257.088
261.544
264.192
264.612
262.34
256.875
247.69
234.233
215.938
192.146
162.178
125.413
81.1269
38.1311
74.6586
75.5313
76.5648
77.6626
78.7397
79.9246
81.2752
82.8845
84.8406
87.2031
89.9552
93.0385
96.3382
99.7904
103.554
108.117
113.797
120.355
127.095
133.628
140.247
147.611
155.981
165.192
174.759
184.441
194.313
204.586
215.342
226.422
237.63
248.751
259.669
270.299
280.513
290.119
298.844
306.388
312.394
316.444
318.096
316.901
312.413
304.131
291.5
273.917
250.833
221.68
185.811
153.204
77.3935
78.6566
80.1816
81.8435
83.4405
85.0576
86.8108
88.716
90.9881
93.8392
97.2323
100.981
104.89
108.859
113.124
118.238
124.704
132.278
140.124
147.64
155.117
163.353
172.847
183.407
194.412
205.508
216.727
228.417
240.72
253.553
266.659
279.793
292.837
305.716
318.356
330.588
342.176
352.814
362.134
369.758
375.307
378.379
378.536
375.287
368.138
356.585
340.152
318.476
291.247
267.464
80.9819
82.5117
84.391
86.4385
88.4604
90.5393
92.7336
95.0113
97.5858
100.824
104.807
109.233
113.795
118.364
123.233
128.967
136.167
144.694
153.645
162.241
170.713
179.865
190.407
202.226
214.703
227.283
239.988
253.144
267.023
281.613
296.649
311.874
327.108
342.294
357.378
372.245
386.681
400.36
412.934
424.06
433.369
440.483
445.003
446.487
444.478
438.493
428.114
412.9
392.534
375.969
85.2865
86.96
89.0392
91.4252
93.8104
96.2095
98.8055
101.533
104.503
108.137
112.647
117.732
122.969
128.196
133.691
140.105
148.035
157.472
167.477
177.174
186.67
196.802
208.348
221.392
235.326
249.473
263.724
278.391
293.851
310.169
327.143
344.451
361.876
379.347
396.832
414.267
431.443
448.052
463.755
478.203
491.067
502.033
510.713
516.65
519.395
518.515
513.61
504.416
490.898
480.332
90.1178
91.8496
94.061
96.5931
99.2474
102.052
105.053
108.154
111.472
115.499
120.559
126.352
132.28
138.163
144.329
151.483
160.179
170.422
181.373
192.151
202.72
213.911
226.506
240.722
256.029
271.717
287.514
303.709
320.724
338.731
357.571
376.906
396.476
416.165
435.972
455.863
475.663
495.074
513.74
531.327
547.539
562.036
574.399
584.223
591.118
594.609
594.284
589.769
581.006
574.693
95.2885
96.9419
99.1749
101.88
104.76
107.8
111.131
114.653
118.404
122.881
128.464
134.858
141.406
147.929
154.818
162.709
172.166
183.159
194.983
206.79
218.469
230.706
244.331
259.634
276.204
293.328
310.631
328.324
346.841
366.453
387.054
408.313
429.907
451.691
473.676
495.854
518.08
540.05
561.404
581.818
600.98
618.549
634.178
647.513
658.09
665.407
669.09
668.997
665.272
662.591
100.482
102.024
104.244
107.013
110.031
113.333
117.008
120.88
125.009
129.933
136.032
142.981
150.147
157.304
164.885
173.494
183.641
195.355
207.988
220.737
233.456
246.715
261.309
277.626
295.353
313.785
332.498
351.615
371.569
392.677
414.899
437.906
461.344
485.04
509.003
533.255
557.664
581.929
605.69
628.616
650.4
670.735
689.247
705.456
718.833
728.953
735.551
738.387
737.584
737.06
105.434
106.833
108.984
111.783
114.928
118.442
122.381
126.563
131.09
136.479
143.044
150.447
158.126
165.897
174.109
183.387
194.172
206.515
219.863
233.447
247.082
261.287
276.788
294.004
312.718
332.301
352.269
372.67
393.912
416.337
439.956
464.472
489.516
514.89
540.596
566.664
592.964
619.189
644.97
669.958
693.835
716.257
736.807
755.056
770.627
783.3
792.854
799.044
801.886
803.668
109.849
111.094
113.164
115.962
119.18
122.858
127.053
131.54
136.428
142.203
149.104
156.867
165.012
173.358
182.164
191.981
203.302
216.169
230.093
244.397
258.837
273.855
290.15
308.141
327.702
348.255
369.295
390.799
413.126
436.642
461.42
487.197
513.595
540.393
567.576
595.158
623
650.794
678.157
704.722
730.158
754.124
776.279
796.299
813.876
828.557
839.681
846.899
850.48
852.434
113.447
114.548
116.53
119.31
122.587
126.385
130.767
135.528
140.739
146.814
153.955
161.976
170.51
179.309
188.583
198.843
210.57
223.86
238.253
253.096
268.158
283.82
300.734
319.344
339.575
360.873
382.711
405.021
428.141
452.467
478.121
504.856
532.281
560.15
588.422
617.101
646.045
674.939
703.39
731.03
757.526
782.553
805.747
826.698
845.032
860.566
873.386
883.716
891.043
895.824
115.999
116.985
118.874
121.616
124.944
128.823
133.323
138.298
143.78
150.058
157.321
165.487
174.283
183.446
193.06
203.612
215.606
229.161
243.873
259.104
274.591
290.684
308.018
327.051
347.724
369.506
391.861
414.691
438.335
463.218
489.486
516.881
545
573.575
602.551
631.922
661.546
691.107
720.225
748.541
775.74
801.503
825.509
847.455
867.103
884.154
898.06
907.989
913.751
916.972
117.321
118.257
120.078
122.739
126.099
130.042
134.602
139.68
145.307
151.703
159.015
167.23
176.151
185.511
195.326
206.021
218.108
231.778
246.646
262.072
277.774
294.072
311.597
330.815
351.692
373.703
396.295
419.36
443.238
468.376
494.918
522.593
550.987
579.828
609.055
638.657
668.492
698.257
727.584
756.136
783.615
809.717
834.085
856.309
875.939
892.548
905.832
915.56
921.659
925.197
117.245
118.192
120.015
122.673
126.028
129.967
134.525
139.6
145.221
151.612
158.919
167.127
176.038
185.389
195.192
205.869
217.942
231.584
246.424
261.828
277.507
293.773
311.26
330.439
351.273
373.23
395.762
418.76
442.563
467.617
494.07
521.649
549.93
578.642
607.725
637.166
666.822
696.39
725.504
753.833
781.082
806.957
831.101
853.075
872.351
888.436
901.094
910.31
916.095
919.379
115.795
116.791
118.681
121.415
124.736
128.602
133.093
138.056
143.523
149.79
157.033
165.181
173.948
183.075
192.657
203.166
215.104
228.589
243.225
258.379
273.789
289.798
307.027
325.939
346.481
368.115
390.293
412.918
436.335
460.973
486.974
514.075
541.862
570.06
598.614
627.516
656.617
685.601
714.088
741.727
768.211
793.236
816.488
837.654
856.453
872.503
885.105
893.333
897.324
899.063
113.115
114.224
116.206
118.978
122.243
126.03
130.393
135.13
140.324
146.374
153.491
161.473
169.953
178.705
187.911
198.109
209.755
222.926
237.199
251.924
266.854
282.367
299.121
317.547
337.564
358.62
380.176
402.154
424.9
448.822
474.038
500.285
527.165
554.425
582.015
609.937
638.041
666.003
693.425
719.938
745.216
768.929
790.72
810.19
826.998
840.993
852.197
860.577
865.531
868.202
109.396
110.646
112.718
115.509
118.712
122.375
126.547
131.006
135.865
141.609
148.469
156.181
164.266
172.519
181.245
190.981
202.174
214.909
228.678
242.804
257.069
271.893
287.966
305.719
325.006
345.231
365.885
386.942
408.769
431.734
455.91
481.017
506.671
532.642
558.904
585.461
612.168
638.7
664.664
689.681
713.422
735.552
755.732
773.645
788.943
801.136
809.751
814.61
815.821
815.834
104.871
106.272
108.424
111.219
114.349
117.84
121.754
125.901
130.398
135.746
142.253
149.604
157.192
164.862
172.973
182.119
192.78
204.96
218.113
231.504
244.903
258.861
274.108
291.046
309.431
328.613
348.103
367.957
388.586
410.333
433.207
456.894
481.006
505.346
529.914
554.721
579.616
604.274
628.317
651.386
673.141
693.235
711.262
726.818
739.622
749.43
755.857
758.604
757.701
756.295
99.8179
101.366
103.586
106.345
109.347
112.627
116.271
120.102
124.196
129.069
135.117
141.99
149.054
156.101
163.541
172.026
182.012
193.537
205.975
218.482
230.928
243.906
258.212
274.209
291.568
309.55
327.709
346.186
365.432
385.761
407.119
429.16
451.513
473.997
496.625
519.403
542.169
564.596
586.304
606.968
626.276
643.892
659.436
672.402
682.283
688.749
691.55
690.448
685.494
681.149
94.5366
96.1968
98.4294
101.121
103.984
106.998
110.291
113.774
117.481
121.907
127.437
133.732
140.179
146.56
153.319
161.067
170.34
181.148
192.741
204.271
215.671
227.595
240.89
255.849
272.026
288.638
305.336
322.328
340.065
358.813
378.459
398.643
419.024
439.455
459.941
480.467
500.846
520.749
539.785
557.616
573.947
588.435
600.707
610.389
616.989
620.027
619.187
614.29
605.401
597.789
89.2915
91.028
93.2347
95.753
98.3905
101.166
104.125
107.179
110.446
114.428
119.424
125.119
130.929
136.665
142.699
149.682
158.218
168.254
178.945
189.438
199.706
210.558
222.819
236.668
251.528
266.681
281.827
297.283
313.46
330.549
348.361
366.544
384.804
403.028
421.215
439.315
457.108
474.256
490.392
505.152
518.226
529.287
537.909
543.632
546.022
544.644
539.128
529.149
514.643
502.513
84.3999
86.0742
88.1443
90.5174
92.8784
95.2469
97.7993
100.476
103.391
106.977
111.406
116.401
121.516
126.613
131.941
138.192
145.956
155.177
164.915
174.324
183.469
193.291
204.482
217.142
230.594
244.186
257.761
271.657
286.255
301.612
317.508
333.595
349.655
365.588
381.375
396.919
411.973
426.172
439.157
450.579
460.082
467.311
471.889
473.372
471.251
465.05
454.376
438.905
418.489
400.388
80.0424
81.5725
83.4423
85.4722
87.4689
89.5159
91.6623
93.8832
96.3998
99.5791
103.478
107.812
112.257
116.696
121.386
126.963
133.978
142.311
151.006
159.282
167.411
176.239
186.417
197.833
209.829
221.816
233.842
246.216
259.232
272.829
286.757
300.723
314.542
328.157
341.493
354.413
366.644
377.82
387.551
395.482
401.248
404.432
404.571
401.225
393.955
382.231
365.584
343.577
315.944
290.926
76.4107
77.6741
79.1923
80.832
82.4
83.9811
85.685
87.5316
89.7499
92.5296
95.834
99.483
103.284
107.104
111.21
116.154
122.455
129.841
137.442
144.625
151.783
159.641
168.792
178.929
189.449
199.923
210.47
221.386
232.816
244.663
256.634
268.503
280.12
291.419
302.297
312.54
321.871
329.938
336.341
340.675
342.54
341.53
337.162
328.895
316.209
298.584
275.526
246.603
211.583
178.712
73.645
74.5177
75.541
76.6147
77.664
78.8082
80.1138
81.6673
83.5599
85.8431
88.5089
91.4887
94.6697
97.9716
101.594
105.987
111.533
117.894
124.391
130.612
136.894
143.873
151.887
160.666
169.72
178.818
188.002
197.522
207.4
217.504
227.582
237.43
246.936
255.989
264.449
272.063
278.51
283.458
286.5
287.208
285.114
279.747
270.62
257.188
238.867
215.016
185.084
148.511
104.895
63.0422
71.9933
72.1607
72.4644
72.8857
73.4335
74.0994
74.9813
76.228
77.8168
79.651
81.712
84.0551
86.6431
89.4684
92.6576
96.5539
101.286
106.597
112.025
117.37
122.884
129.033
135.877
143.277
150.933
158.719
166.655
174.826
183.194
191.579
199.836
207.783
215.271
222.154
228.225
233.242
236.867
238.738
238.448
235.529
229.501
219.843
206.002
187.378
163.348
133.232
96.354
52.0399
-0.204734
-52.7462
71.8771
70.6054
69.917
69.6538
69.6819
69.9386
70.5182
71.448
72.6262
73.9562
75.4753
77.2612
79.3569
81.765
84.5284
87.8393
91.6994
96.0118
100.487
105.064
109.874
115.15
120.875
126.976
133.339
139.894
146.628
153.475
160.355
167.133
173.637
179.777
185.326
190.116
193.897
196.369
197.215
196.049
192.467
185.965
176.005
162.044
143.489
119.686
89.9482
53.5273
9.72219
-42.4659
-103.971
-166.945
73.3206
69.7874
67.8919
66.924
66.4885
66.407
66.6347
67.1134
67.7986
68.6877
69.7749
71.1176
72.808
74.8217
77.1355
79.8139
82.8632
86.3036
89.9966
93.9073
98.0316
102.408
107.106
112.118
117.372
122.797
128.331
133.841
139.248
144.517
149.407
153.671
157.243
159.95
161.475
161.482
159.58
155.385
148.492
138.425
124.617
106.439
83.2492
54.3399
19.0157
-23.5693
-74.0151
-133.287
-202.833
-275.513
-4.66184
-17.679
-13.426
-12.2338
-9.72585
-6.65428
-3.12097
1.00295
5.69025
10.9617
16.3384
21.6027
26.2428
29.8157
31.7375
31.7265
29.8085
26.2097
21.5573
16.2818
10.88
5.59194
0.886024
-3.2571
-6.80074
-9.89145
-12.424
-13.6018
-17.9249
-4.66569
1.57794
-9.86674
-8.10285
-9.4212
-7.3811
-4.88741
-1.92336
1.58344
5.57676
9.86775
14.2101
18.4818
22.1117
24.8953
26.3658
26.353
24.8808
22.0789
18.4318
14.1482
9.7876
5.48013
1.4711
-2.05542
-5.03382
-7.53687
-9.59058
-8.22921
-10.0363
1.59302
-2.65351
-6.01038
-4.83015
-6.61037
-4.83102
-3.00361
-0.591056
2.39765
5.69988
9.16308
12.6805
16.0348
18.82
20.9478
22.05
22.0407
20.933
18.7939
15.9956
12.6248
9.09048
5.61433
2.29352
-0.710964
-3.13766
-4.9776
-6.76165
-4.94309
-6.17374
-2.7382
-5.91732
-5.6021
-3.76197
-4.31064
-2.62932
-1.3542
0.743239
3.23057
5.8563
8.70167
11.5147
14.0787
16.214
17.8106
18.6285
18.6218
17.7953
16.1857
14.0427
11.4657
8.64359
5.78753
3.14063
0.635715
-1.46834
-2.7559
-4.4529
-3.87945
-5.76762
-6.07006
-5.27546
-5.03926
-3.61158
-2.84071
-1.43465
-0.213126
1.68076
3.67397
5.81542
8.09653
10.3438
12.3363
14.0215
15.2386
15.8574
15.8528
15.2248
13.9931
12.3009
10.3037
8.04603
5.74181
3.59618
1.58593
-0.317135
-1.54049
-2.97223
-3.73116
-5.16787
-5.41199
-3.3275
-3.74971
-2.99945
-2.04168
-0.916207
0.436551
2.04202
3.57009
5.48822
7.40793
9.14395
10.7666
12.0936
13.0314
13.5089
13.5064
13.0236
12.074
10.7363
9.10287
7.35075
5.41646
3.49648
1.96316
0.335538
-1.00405
-2.15188
-3.1041
-3.84856
-3.42156
-1.73708
-2.08374
-1.89118
-1.25247
-0.50235
0.890776
2.03106
3.44638
5.02304
6.59552
8.07301
9.39151
10.4334
11.1727
11.5592
11.556
11.1658
10.4168
9.36359
8.02766
6.53827
4.95795
3.37201
1.98114
0.795852
-0.574262
-1.33945
-1.96852
-2.16375
-1.78248
-1.01895
-1.04292
-0.817388
-0.426172
-0.0624596
1.09454
1.94387
3.41811
4.52039
5.78514
7.02091
8.09918
8.98595
9.62156
9.95911
9.95243
9.60731
8.95888
8.06453
6.97776
5.71957
4.50686
3.33526
1.88647
1.00882
-0.117501
-0.499524
-0.874644
-1.09927
-1.06654
-1.04875
-0.802668
-0.367264
0.168308
0.367365
1.37654
1.86949
3.23168
3.95277
5.11165
5.95145
6.91207
7.69575
8.25053
8.53775
8.52947
8.23039
7.66061
6.86581
5.93807
5.01409
3.96433
3.14526
1.84073
1.29046
0.317869
0.0950871
-0.41134
-0.87314
-1.14972
-0.948353
-0.471112
-0.406119
0.4193
0.624687
1.6512
1.79023
3.1225
3.36842
4.72521
5.19171
6.01635
6.61461
7.0391
7.25397
7.2464
7.02108
6.58664
5.9614
5.1975
4.59549
3.39747
3.07185
1.74092
1.57453
0.607591
0.347356
-0.45204
-0.575869
-1.04536
-0.327683
0.229686
-0.477694
0.644059
0.503343
1.77813
1.70657
3.01741
3.03101
4.42173
4.64366
5.3656
5.72926
6.03868
6.18549
6.17964
6.0196
5.72961
5.29568
4.65778
4.28095
3.00614
3.0626
1.59075
1.75261
0.499414
0.562738
-0.524509
0.146246
-0.352992
-0.185735
0.454584
-0.00150988
0.994966
0.383978
1.69526
1.54143
2.88828
2.72617
3.95792
4.02066
4.73967
4.91533
5.21364
5.30508
5.30845
5.17772
4.94564
4.65297
4.04333
3.82832
2.74541
2.88725
1.35416
1.72605
0.373044
0.934354
-0.0309312
0.416772
-0.191048
0.386344
0.199912
0.173309
1.00537
0.401393
1.64435
1.2239
2.6312
2.26717
3.39126
3.2972
4.0697
4.11203
4.46187
4.49656
4.52037
4.4033
4.15572
3.97449
3.34113
3.26958
2.29288
2.52791
1.11472
1.70248
0.406341
0.973804
0.156469
0.181899
0.350279
0.553492
1.26409
-0.173703
1.03306
0.453066
1.63787
1.02978
2.21101
1.80315
2.90892
2.65482
3.41294
3.35854
3.73527
3.71836
3.75886
3.6661
3.40687
3.32423
2.71007
2.79623
1.8434
2.1242
1.01388
1.6057
0.457567
0.994388
-0.183926
1.2504
0.51071
-0.348206
0.819502
-0.00210269
0.791859
0.463077
1.41473
0.921989
1.96442
1.48695
2.45286
2.15866
2.84861
2.70739
3.05949
3.01307
3.05349
2.99971
2.75792
2.75791
2.21628
2.3553
1.5223
1.88225
0.916122
1.37027
0.458399
0.761167
-0.0138053
0.785762
-0.383546
-1.06442
-0.589722
-0.131079
0.459464
0.160654
1.15252
0.726131
1.68121
1.22062
2.05686
1.73126
2.33916
2.14858
2.45096
2.38918
2.42521
2.40632
2.19297
2.26094
1.77989
1.98119
1.24816
1.62137
0.712872
1.11072
0.132353
0.454483
-0.147155
-0.611703
-1.07579
-1.27152
-0.981185
-0.40499
0.256733
-0.122855
0.886626
0.423007
1.26894
0.932035
1.59263
1.32922
1.7946
1.64925
1.8759
1.81989
1.84868
1.8506
1.66382
1.76429
1.33725
1.57769
0.943096
1.24337
0.384415
0.846647
-0.157542
0.279765
-0.40096
-0.991736
-1.2751
-1.27762
-0.844119
-0.287264
0.22843
-0.0291578
0.73102
0.267832
0.914884
0.617782
1.10361
0.930035
1.24517
1.1591
1.31839
1.27504
1.29522
1.30634
1.14828
1.25671
0.905768
1.11963
0.62469
0.914459
0.270985
0.579532
-0.00400635
0.242777
-0.277248
-0.844651
-1.28036
-0.631476
-0.66722
0.214564
0.0185293
0.167449
0.403686
0.224639
0.600581
0.356125
0.657641
0.550593
0.729108
0.683035
0.78332
0.753275
0.763728
0.779516
0.665191
0.750792
0.523434
0.669107
0.365445
0.567083
0.228566
0.361342
0.166197
0.0177158
0.213409
-0.671466
-0.640201
0.297029
-0.404745
0.0070825
-0.179299
0.00438026
0.0698397
0.0766631
0.201178
0.114243
0.231182
0.178843
0.252689
0.232552
0.272527
0.258008
0.261083
0.272668
0.22527
0.263383
0.171775
0.248218
0.0969361
0.192042
0.0785603
0.0545537
0.00417905
-0.180672
0.00651437
-0.406552
0.294203
)
;

boundaryField
{
    INLET
    {
        type            zeroGradient;
    }
    OUTLET
    {
        type            fixedValue;
        value           uniform 0;
    }
    WALL
    {
        type            zeroGradient;
    }
    CYLINDER
    {
        type            zeroGradient;
    }
    frontAndBackPlanes
    {
        type            empty;
    }
}


// ************************************************************************* //
