/*--------------------------------*- C++ -*----------------------------------*\
| =========                 |                                                 |
| \\      /  F ield         | OpenFOAM: The Open Source CFD Toolbox           |
|  \\    /   O peration     | Version:  v1912                                 |
|   \\  /    A nd           | Website:  www.openfoam.com                      |
|    \\/     M anipulation  |                                                 |
\*---------------------------------------------------------------------------*/
FoamFile
{
    version     2.0;
    format      ascii;
    class       volScalarField;
    location    "0.49";
    object      p;
}
// * * * * * * * * * * * * * * * * * * * * * * * * * * * * * * * * * * * * * //

dimensions      [0 2 -2 0 0 0 0];


internalField   nonuniform List<scalar> 
6600
(
349.78
345.606
343.577
342.447
341.851
341.867
342.162
342.632
343.423
344.586
346.173
348.162
350.544
353.328
356.561
360.252
364.339
368.829
373.643
378.857
384.449
390.366
396.594
403.005
409.758
416.782
423.991
431.065
438.23
445.241
451.835
457.902
463.263
467.407
470.206
471.52
470.995
468.125
462.507
453.392
440.113
422.207
399.142
370.184
334.402
290.788
238.982
178.7
106.623
28.8997
347.482
343.707
342.451
341.349
340.791
340.749
340.999
341.461
342.253
343.405
344.95
346.864
349.12
351.676
354.594
357.968
361.804
366.131
370.697
375.502
380.562
385.922
391.553
397.275
402.962
408.875
414.911
420.826
426.646
432.249
437.393
441.793
445.152
447.153
447.38
445.755
442.098
435.864
426.632
413.744
396.46
374.238
346.418
312.29
270.913
221.47
163.805
97.7208
21.5379
-58.7382
344.746
341.287
340.921
340.05
339.61
339.531
339.734
340.239
341.106
342.329
343.901
345.802
348.043
350.599
353.477
356.66
360.138
364.029
368.326
372.883
377.565
382.31
387.209
392.334
397.416
402.398
407.345
412.214
416.503
420.196
423.228
425.505
426.708
426.269
423.829
419.324
412.432
402.609
389.516
372.585
350.934
324.076
291.53
252.492
206.161
151.663
88.7986
18.3202
-59.144
-137.251
341.866
338.72
338.993
338.214
337.989
337.962
338.181
338.732
339.636
340.903
342.501
344.425
346.603
349.11
351.971
355.168
358.629
362.146
365.923
369.962
374.325
378.754
382.986
387.165
391.462
395.638
399.365
402.749
405.712
407.821
408.8
408.608
407.148
404.07
398.962
391.466
381.293
367.865
350.75
329.599
303.827
272.726
235.663
192.104
141.539
83.1547
16.8126
-55.9347
-132.899
-206.321
338.942
336.059
336.624
335.649
335.654
335.692
335.974
336.591
337.53
338.782
340.345
342.27
344.492
347.019
349.748
352.652
355.83
359.199
362.659
366.122
369.723
373.532
377.404
380.957
384.252
387.308
390.084
391.895
393.091
393.296
392.249
389.836
385.76
379.969
371.992
361.498
348.027
331.086
310.367
285.366
255.593
220.71
180.188
133.416
79.991
19.2384
-48.8386
-122.232
-197.229
-264.228
335.977
333.192
333.787
332.516
332.666
332.72
333.068
333.72
334.682
335.908
337.403
339.15
341.188
343.537
346.165
348.926
351.714
354.63
357.67
360.812
363.876
366.748
369.653
372.381
374.707
376.402
377.572
378.214
377.867
376.302
373.274
368.579
362.152
353.685
342.869
329.376
312.838
292.763
268.772
240.623
207.87
170.042
126.855
78.046
23.3023
-37.9076
-105.748
-178.267
-249.89
-308.553
332.757
329.999
330.472
329.175
329.282
329.313
329.664
330.312
331.219
332.36
333.772
335.397
337.199
339.124
341.233
343.57
346.078
348.585
350.991
353.385
355.764
358.029
359.963
361.582
362.782
363.489
363.162
362.037
359.678
356.187
351.317
344.687
336.007
325.07
311.742
295.606
276.298
253.617
227.252
196.751
161.861
122.407
78.0603
28.5415
-26.2828
-86.7634
-152.977
-222.954
-289.426
-337.999
329.172
326.331
326.632
325.424
325.536
325.55
325.883
326.489
327.305
328.328
329.535
330.907
332.44
334.093
335.771
337.477
339.295
341.229
343.162
344.945
346.347
347.564
348.411
348.796
348.524
347.727
346.18
343.492
339.653
334.318
327.373
318.717
308.088
295.242
279.759
261.432
240.086
215.383
187.128
155.169
119.199
79.0524
34.6668
-14.1438
-67.6305
-126.146
-189.353
-255.014
-315.299
-352.696
324.893
322.124
322.253
321.047
321.111
321.123
321.46
322.021
322.751
323.674
324.763
325.911
327.088
328.314
329.564
330.843
331.961
332.991
333.984
334.906
335.615
335.855
335.63
334.906
333.509
331.249
328.077
323.642
318.057
311.081
302.485
292.012
279.56
264.83
247.645
227.735
204.911
179.088
150.051
117.538
81.4407
41.7158
-1.69617
-48.9011
-100.035
-155.512
-215.141
-275.625
-328.357
-354.896
319.882
317.194
317.273
316.029
316.06
315.963
316.231
316.718
317.335
318.051
318.861
319.751
320.706
321.63
322.447
323.222
323.885
324.366
324.569
324.401
324
323.149
321.728
319.715
317.07
313.482
308.956
303.429
296.405
287.787
277.549
265.584
251.616
235.463
216.941
195.983
172.412
145.931
116.549
84.272
48.9806
10.6149
-30.7952
-75.3034
-123.115
-174.452
-229.529
-284.687
-330.607
-348.467
313.81
311.438
311.426
310.292
310.411
310.141
310.277
310.596
310.986
311.481
311.986
312.489
313.012
313.543
314.057
314.327
314.388
314.212
313.712
312.888
311.608
309.835
307.508
304.432
300.581
295.786
289.843
282.643
274.273
264.504
253.086
239.879
224.682
207.521
188.273
166.723
142.813
116.604
87.918
56.5966
22.6612
-13.7367
-52.5011
-93.625
-137.237
-183.824
-233.043
-282.188
-322.848
-336.791
306.835
304.86
304.847
303.9
304.062
303.694
303.736
303.825
303.907
304.045
304.217
304.398
304.482
304.435
304.376
304.207
303.872
303.186
302.035
300.378
298.183
295.463
292.167
288.108
283.126
277.266
270.496
262.419
252.935
242.015
229.555
215.47
199.691
181.961
162.262
140.693
117.093
91.2928
63.4944
33.8305
2.24319
-31.3823
-66.8766
-103.989
-142.591
-183.392
-225.289
-266.051
-298.677
-312.826
299.181
297.635
297.698
296.949
297.06
296.677
296.683
296.546
296.414
296.274
296.039
295.757
295.423
294.92
294.156
293.186
291.978
290.555
288.932
286.78
284.043
280.698
276.649
271.813
266.119
259.327
251.223
242.137
231.963
220.431
207.402
192.778
176.47
158.604
139.104
117.791
94.8293
70.3264
44.1522
16.2995
-12.996
-43.4335
-74.9699
-107.354
-140.738
-174.637
-207.488
-235.969
-254.128
-266.377
291.138
290.045
290.131
289.539
289.56
289.136
289.07
288.78
288.438
288.074
287.574
286.864
285.99
284.972
283.764
282.277
280.454
278.198
275.541
272.548
269.102
265.004
260.236
254.685
248.283
241.054
232.807
223.264
212.343
200.207
186.765
171.951
155.655
137.796
118.574
98.08
76.1379
52.7848
28.3385
3.04363
-23.0973
-50.0831
-77.5223
-104.941
-132.45
-158.694
-181.855
-198.367
-203.443
-209.728
282.651
281.935
282.309
281.737
281.763
281.309
281.107
280.647
280.158
279.516
278.721
277.764
276.518
274.947
273.077
270.893
268.47
265.702
262.477
258.779
254.611
249.924
244.488
238.448
231.523
223.479
214.542
204.671
193.641
181.302
167.668
152.772
136.649
119.401
100.873
81.0229
60.2525
38.6992
16.2912
-6.90438
-30.4485
-53.8723
-77.0079
-99.7761
-121.128
-139.973
-154.391
-162.73
-167.788
-169.994
273.869
273.741
274.097
273.788
273.868
273.394
273.131
272.419
271.719
270.808
269.628
268.273
266.706
264.916
262.741
260.157
257.069
253.556
249.666
245.325
240.409
235.02
228.975
222.209
214.868
206.915
197.878
187.627
176.34
164.012
150.509
135.849
120.023
103.084
85.2276
66.5906
47.0124
26.687
6.09262
-14.5513
-35.3548
-55.9638
-75.6133
-94.0075
-110.792
-124.251
-132.315
-134.917
-141.524
-143.425
265.176
265.552
266.032
265.96
266.043
265.563
265.247
264.412
263.491
262.343
260.897
259.126
257.013
254.637
251.957
249.03
245.678
241.84
237.455
232.624
227.315
221.37
214.909
207.767
199.786
191.067
181.705
171.628
160.465
148.189
134.896
120.512
105.207
89.0616
71.9183
53.8798
35.3912
16.6294
-2.3928
-21.4752
-40.3027
-58.4576
-75.4573
-90.7686
-104.095
-113.883
-117.571
-119.459
-121.529
-124.743
256.841
257.69
258.344
258.341
258.554
258.12
257.747
256.779
255.715
254.22
252.458
250.432
248.061
245.28
242.093
238.503
234.554
230.226
225.401
220.04
214.247
207.978
201.078
193.671
185.75
177.068
167.543
157.223
146.172
134.198
121.177
107.175
92.2115
76.304
59.8748
43.0077
25.3802
7.21533
-10.8924
-28.7204
-46.246
-62.7351
-77.4393
-90.0767
-100.07
-106.748
-109.04
-112.295
-112.312
-114.078
248.94
250.249
251.062
251.206
251.561
251.152
250.799
249.761
248.654
246.956
244.856
242.356
239.484
236.259
232.689
228.663
224.221
219.347
214.069
208.35
202.118
195.524
188.504
180.785
172.45
163.609
154.257
144.128
133.176
121.414
108.792
95.2397
80.8675
65.7396
49.6285
32.8223
15.8428
-1.46529
-19.1046
-36.4863
-52.9545
-67.9891
-81.3849
-91.6508
-97.3161
-98.3458
-102.419
-104.736
-106.919
-107.541
241.465
243.316
244.392
244.742
245.226
244.872
244.514
243.452
242.235
240.459
238.315
235.618
232.369
228.627
224.412
219.758
214.672
209.147
203.228
196.962
190.311
183.224
175.871
168.213
160.131
151.385
141.988
132.099
121.568
110.286
98.1758
85.0518
70.8635
55.8638
40.4471
24.3534
7.46169
-9.90803
-27.7179
-45.501
-62.0077
-75.8924
-87.2889
-94.9864
-97.7375
-97.8983
-99.4209
-102.339
-104.886
-105.442
234.583
236.916
238.25
238.888
239.587
239.48
239.192
238.274
236.946
234.959
232.563
229.621
226.132
222.063
217.404
212.207
206.515
200.35
193.743
186.811
179.637
172.124
164.262
156.103
147.762
139.176
130.161
120.607
110.487
99.7478
88.1989
75.7097
62.2158
47.7399
32.2453
16.0784
-0.55675
-17.9961
-36.2573
-55.0695
-72.863
-87.3995
-95.8506
-98.6749
-98.9659
-101.222
-102.44
-105.25
-107.209
-107.397
228.257
231.027
232.585
233.634
234.605
234.774
234.705
233.915
232.747
230.806
228.317
225.142
221.335
216.846
211.706
205.927
199.559
192.678
185.309
177.549
169.539
161.367
153.064
144.564
135.88
127.077
118.199
109.094
99.7283
89.8812
79.2297
67.5444
54.5417
40.385
25.4518
9.80355
-6.95346
-24.8583
-43.9526
-63.9534
-84.6783
-102.77
-110.598
-105.913
-104.944
-105.38
-107.49
-110.188
-112.188
-112.026
222.311
225.573
227.255
228.788
230.209
230.766
231.039
230.462
229.381
227.523
225.015
221.74
217.753
213.003
207.493
201.236
194.263
186.653
178.506
169.881
160.918
151.787
142.543
133.268
124.114
115.111
106.126
97.2465
88.3853
79.2585
69.6883
59.2499
47.5319
34.3258
19.7218
4.22673
-11.9862
-29.885
-49.8613
-71.3301
-94.3968
-115.339
-125.655
-123.611
-116.751
-114.842
-114.91
-115.744
-116.715
-116.907
216.579
220.539
222.109
224.21
226.051
227.098
227.841
227.722
227.021
225.415
223.025
219.672
215.469
210.435
204.531
197.823
190.298
181.888
172.81
163.178
153.136
142.888
132.604
122.308
112.211
102.585
93.3777
84.6697
76.2633
68.1359
59.9531
51.0363
40.6781
28.4896
14.7307
0.193554
-15.2043
-32.0788
-51.0973
-73.9507
-97.901
-118.608
-131.407
-134.815
-128.364
-124.33
-121.749
-120.361
-119.865
-119.822
210.808
215.772
217.115
219.965
222.293
223.821
224.995
225.322
225.029
223.846
221.781
218.704
214.549
209.32
203.043
195.875
187.979
178.767
168.735
157.993
146.696
135.056
123.319
111.759
100.56
89.9432
80.0852
71.1011
62.8513
55.3582
48.3755
41.3586
33.3128
23.3271
11.0527
-2.7159
-16.517
-30.7236
-48.7896
-70.4597
-93.4387
-112.092
-130.077
-135.589
-134.434
-130.551
-126.425
-123.21
-121.601
-121.288
204.685
211.075
212.142
215.923
218.609
220.711
222.57
223.516
223.723
222.986
221.277
218.459
214.53
209.339
202.79
194.962
186.938
176.766
165.737
153.788
141.112
127.906
114.512
101.23
88.4324
76.5078
65.7173
56.0687
47.8204
40.8444
35.1708
30.2225
24.6935
17.2086
7.17124
-4.30137
-15.8211
-28.4128
-41.9662
-58.0246
-78.3603
-104.344
-123.034
-135.113
-138.115
-135.955
-131.261
-126.406
-123.529
-122.483
197.59
206.629
206.67
211.878
214.87
217.516
220.074
221.783
222.655
222.553
221.417
219.066
215.447
210.465
204.026
196.017
186.998
176.366
164.346
151.117
136.86
121.888
106.525
91.2303
76.4378
62.8618
50.7416
39.9263
30.9277
24.1507
19.3075
16.2656
13.5772
9.02946
1.7741
-7.17065
-15.1631
-25.3447
-35.0267
-40.3763
-54.5717
-90.4383
-124.777
-146.461
-153.074
-150.698
-144.302
-137.279
-131.587
-128.795
189
202.248
200.546
207.437
210.909
214.416
217.7
220.171
221.873
222.466
221.892
220.094
216.903
212.203
205.955
197.782
188.174
177.029
163.974
149.508
133.567
116.89
99.5223
81.9961
64.7705
48.67
34.2534
21.9822
11.9521
4.54507
0.517574
-0.484869
0.321734
0.00330709
-4.44855
-11.0792
-16.6331
-20.2336
-22.7263
-24.0796
-55.8286
-102.201
-151.991
-187.16
-201.349
-198.197
-184.942
-169.857
-159.845
-154.325
178.26
197.857
194.647
202.494
206.457
211.093
215.151
218.356
220.973
222.456
222.568
221.45
218.894
214.72
208.584
200.625
190.698
178.891
165.069
149.093
131.677
112.926
93.5408
73.4362
53.3709
34.4452
17.6526
2.99562
-8.79909
-16.7573
-20.5355
-20.7088
-17.2989
-12.3246
-9.68143
-13.1222
-25.8671
-28.0711
-8.10398
-20.512
-69.594
-138.387
-205.741
-256.117
-279.335
-276.381
-256.181
-232.147
-215.451
-207.159
145.592
183.608
188.613
196.988
201.708
207.484
212.351
216.013
219.327
221.852
222.967
222.604
220.476
216.536
210.982
203.329
193.051
180.591
166.311
149.026
130.04
109.419
87.7128
65.2353
41.9166
19.3505
-0.335689
-17.5493
-31.896
-40.8208
-44.8249
-45.4143
-38.0998
-25.6389
-12.0628
-2.40902
-6.65446
-10.5138
5.44618
-24.8493
-96.2079
-189.665
-279.333
-348.212
-381.911
-379.417
-350.494
-316.004
-292.535
-282.834
226.044
221.4
219.092
217.757
216.699
215.722
214.712
213.67
212.639
211.556
210.399
209.093
207.683
206.137
204.449
202.674
200.652
198.486
196.278
193.87
191.293
188.488
185.308
181.453
177.454
173.204
168.645
163.508
157.713
151.387
144.302
136.111
126.631
115.831
103.44
89.0175
72.1334
52.4002
29.3429
2.2912
-29.3595
-66.2903
-109.269
-159.114
-216.77
-283.36
-359.258
-442.914
-543.64
-653.254
222.81
217.951
216.084
214.403
212.795
211.29
209.881
208.498
207.102
205.622
204.014
202.298
200.439
198.415
196.152
193.886
191.326
188.282
185.032
181.603
177.79
173.706
169.465
164.679
159.168
153.082
146.483
139.358
131.227
122.213
112.299
101.134
88.3965
73.9231
57.5007
38.7135
17.0813
-7.90545
-36.7276
-69.9556
-108.293
-152.492
-203.405
-261.813
-328.286
-404.35
-490.422
-584.313
-694.026
-813.536
218.264
213.253
211.727
209.653
207.691
205.836
204.067
202.361
200.58
198.662
196.545
194.264
191.825
189.164
186.28
183.104
179.708
176.026
171.894
167.386
162.47
157.001
151.008
144.747
137.777
130.032
121.309
111.821
101.405
89.7378
76.7617
62.2621
45.9373
27.5458
6.80063
-16.7433
-43.5173
-74.0075
-108.799
-148.55
-193.889
-245.528
-304.413
-371.342
-446.527
-531.739
-627.013
-730.561
-845.579
-970.057
212.958
207.649
206.353
203.897
201.686
199.655
197.609
195.468
193.187
190.737
188.129
185.264
182.153
178.743
175.114
171.071
166.64
161.839
156.703
150.995
144.759
138.011
130.58
122.395
113.487
103.809
93.163
81.2409
68.0883
53.4708
37.2242
19.2331
-0.857093
-23.363
-48.5646
-76.9147
-108.988
-145.37
-186.447
-232.791
-285.147
-344.25
-410.84
-485.731
-569.366
-662.852
-766.656
-878.492
-997.051
-1120.99
206.974
201.33
200.212
197.506
195.185
192.909
190.571
188.039
185.307
182.367
179.22
175.803
172.03
167.868
163.193
158.146
152.784
146.939
140.555
133.632
125.978
117.467
108.205
98.1051
87.0732
75.0212
61.9814
47.7174
31.9053
14.3737
-5.11358
-26.8389
-50.9824
-77.8563
-107.838
-141.416
-178.874
-220.96
-268.243
-321.282
-380.6
-446.79
-520.607
-602.857
-694.09
-794.926
-905.557
-1023.38
-1144.27
-1265.66
200.23
194.489
193.52
190.492
188.161
185.664
182.978
180.073
176.941
173.567
169.883
165.868
161.411
156.573
151.175
145.133
138.483
131.367
123.549
115.087
106.035
96.0972
85.0279
72.8567
59.5472
45.0242
29.1883
11.9944
-6.88249
-27.6559
-50.5662
-75.939
-104.152
-135.456
-170.21
-208.75
-251.707
-299.59
-352.763
-411.905
-477.684
-550.556
-630.987
-719.503
-816.797
-923.675
-1040.1
-1162.96
-1285.81
-1403.92
192.957
187.306
186.419
182.988
180.476
177.756
174.778
171.508
167.981
164.119
159.846
155.168
149.976
144.185
137.924
131.122
123.504
115.151
106.058
95.9949
84.9543
73.0898
60.2453
46.1468
30.652
13.6726
-4.88373
-24.9595
-47.1034
-71.2902
-97.8737
-127.09
-159.261
-194.943
-234.463
-278.213
-326.485
-379.752
-438.613
-503.496
-574.998
-653.617
-739.662
-833.588
-935.706
-1046.76
-1167.19
-1294.14
-1418.93
-1532.69
185.225
179.753
178.825
174.989
172.428
169.378
166.009
162.327
158.326
153.914
148.99
143.552
137.625
131.067
123.764
115.731
106.96
97.2734
86.7766
75.4348
62.9092
49.077
34.0866
17.9634
0.319802
-19.048
-40.2944
-63.4551
-88.7799
-116.459
-146.686
-179.869
-216.282
-256.289
-300.282
-348.583
-401.711
-459.999
-523.79
-593.707
-670.179
-753.613
-844.237
-942.283
-1048.13
-1162.54
-1286.08
-1415.89
-1541.33
-1648.48
177.109
171.922
171.004
166.76
164.292
160.822
157.045
152.934
148.398
143.34
137.703
131.411
124.427
116.851
108.614
99.5171
89.5655
78.6907
66.5968
53.3514
39.0737
23.4681
6.43304
-12.0142
-32.0312
-53.7487
-77.5045
-103.522
-131.926
-162.933
-196.803
-233.758
-274.129
-318.107
-366.111
-418.753
-476.34
-539.17
-607.553
-681.753
-762.319
-849.592
-943.777
-1044.98
-1153.3
-1269.5
-1394.7
-1526.02
-1650.46
-1747.5
168.661
164.007
163.126
158.805
156.306
152.375
148.215
143.556
138.596
132.803
126.369
119.35
111.57
102.828
93.1662
82.7085
71.3032
58.9844
45.616
30.8914
14.7661
-2.69855
-21.7323
-42.4743
-65.0601
-89.5005
-115.902
-144.593
-175.919
-210.056
-247.269
-287.804
-331.879
-379.809
-431.863
-488.262
-549.42
-615.756
-687.641
-765.423
-849.247
-939.416
-1036.14
-1139.61
-1249.8
-1367.12
-1492.36
-1622.9
-1744.24
-1829.26
160.234
156.351
155.388
151.129
148.429
143.967
139.761
134.684
128.998
122.59
115.43
107.397
98.627
89.043
78.422
66.7381
53.9195
39.8554
24.669
8.28079
-9.66378
-29.1435
-50.1975
-73.0585
-97.8925
-124.918
-154.201
-185.851
-220.066
-257.158
-297.373
-341.009
-388.346
-439.475
-494.697
-554.468
-619.1
-688.757
-763.639
-844.048
-930.323
-1022.66
-1121.12
-1225.68
-1336.45
-1453.78
-1577.91
-1705.78
-1822.83
-1895.46
152.307
149.185
148.198
143.558
140.942
136.223
131.584
126.108
119.911
112.918
105.141
96.4377
86.6899
75.9064
64.1481
51.262
37.277
21.9707
5.22055
-12.885
-32.541
-53.9772
-77.2206
-102.391
-129.587
-158.969
-190.743
-225.118
-262.254
-302.31
-345.503
-392.056
-442.249
-496.413
-554.766
-617.399
-684.478
-756.415
-833.486
-915.829
-1003.66
-1097.12
-1196.42
-1301.66
-1412.46
-1528.82
-1650.41
-1774.21
-1885.77
-1946.38
145.191
142.719
141.287
137.125
134.196
129.26
124.251
118.32
111.603
104.032
95.4817
86.1042
75.784
64.3119
51.636
37.6279
22.3004
5.6581
-12.5153
-32.3127
-53.697
-76.8302
-101.927
-129.143
-158.601
-190.42
-224.697
-261.595
-301.259
-343.862
-389.627
-438.889
-491.84
-548.578
-609.253
-674.119
-743.499
-817.462
-896.226
-980.046
-1068.93
-1163.07
-1262.42
-1366.93
-1476.72
-1591.84
-1711.11
-1830.04
-1933.71
-1983.11
139.2
137.171
135.662
131.649
128.582
123.448
118.109
111.772
104.639
96.5934
87.5726
77.4231
66.1828
53.9114
40.4607
25.7315
9.49811
-8.26968
-27.5907
-48.6917
-71.7156
-96.6644
-123.609
-152.735
-184.158
-218.042
-254.527
-293.76
-335.978
-381.248
-429.617
-481.206
-536.246
-595.016
-657.833
-724.838
-795.963
-871.404
-951.247
-1035.58
-1124.69
-1218.6
-1317.5
-1421.27
-1529.47
-1642.03
-1758.18
-1872.1
-1967.71
-2007.05
134.635
132.818
131.653
127.575
124.282
119.083
113.57
106.925
99.3506
90.7984
81.3772
70.9356
59.1843
46.1748
31.8556
16.2495
-0.799194
-19.5411
-40.0216
-62.268
-86.4379
-112.709
-141.214
-172.075
-205.367
-241.244
-279.803
-321.083
-365.208
-412.374
-462.834
-516.729
-574.161
-635.16
-699.692
-767.897
-840.138
-916.533
-997.182
-1082.14
-1171.31
-1264.79
-1362.45
-1464.43
-1570.71
-1681.08
-1793.84
-1902.72
-1990.17
-2019.11
131.899
130.253
128.998
124.991
121.53
116.215
110.599
103.907
96.1517
87.3695
77.4199
66.5037
54.4813
41.0654
26.2559
9.95954
-7.83937
-27.2568
-48.5377
-71.844
-97.2213
-124.723
-154.505
-186.742
-221.525
-258.98
-299.233
-342.453
-388.766
-438.139
-490.561
-546.191
-605.138
-667.539
-733.593
-803.451
-876.969
-954.129
-1035.05
-1119.74
-1208.21
-1300.54
-1396.87
-1496.93
-1600.68
-1707.73
-1816.23
-1919.82
-1999.8
-2021.66
131.131
129.588
127.854
124.005
120.488
115.194
109.429
102.612
94.8286
86.1432
76.3299
65.0847
52.7044
39.044
23.9376
7.21954
-11.2137
-31.3711
-53.3141
-77.192
-103.277
-131.725
-162.615
-196.112
-232.321
-271.329
-313.194
-357.899
-405.614
-456.555
-510.806
-568.275
-629.047
-693.166
-760.617
-831.283
-905.332
-982.989
-1064.11
-1148.64
-1236.68
-1328.01
-1422.47
-1520.19
-1620.95
-1724.22
-1826.93
-1922.39
-1992.25
-2012.12
132.168
130.377
128.484
124.673
121.108
115.877
110.259
103.461
95.6635
86.9036
77.2085
66.2627
53.939
40.2393
25.031
8.21725
-10.3664
-30.8668
-53.4217
-78.0334
-104.78
-133.842
-165.423
-199.782
-236.969
-277.126
-320.444
-366.872
-416.328
-468.875
-524.604
-583.65
-645.936
-711.288
-779.714
-851.53
-926.634
-1004.73
-1085.99
-1170.27
-1257.17
-1346.92
-1439.4
-1534.3
-1631.6
-1730.49
-1825.74
-1909.21
-1964.25
-1983.61
134.871
132.664
130.727
126.996
123.406
118.287
112.798
106.158
98.7392
90.2803
80.6324
69.9603
57.9553
44.4925
29.4549
12.731
-5.78923
-26.2084
-48.7099
-73.5329
-100.768
-130.458
-162.514
-197.894
-236.148
-277.369
-321.671
-369.203
-420.056
-474.193
-531.577
-591.957
-655.491
-722.355
-792.455
-865.369
-941.028
-1019.66
-1101.04
-1184.94
-1271.35
-1359.92
-1450.76
-1543.36
-1636.53
-1728.49
-1813.99
-1882.73
-1921.23
-1937.4
139.135
136.397
134.389
130.685
127.207
122.282
117.019
110.529
103.399
95.5436
86.4561
76.1489
64.5603
51.5745
37.0687
20.8242
2.65962
-17.5984
-39.9621
-64.6085
-91.6717
-121.455
-154.131
-189.893
-228.852
-271.093
-316.654
-365.487
-417.579
-472.957
-531.815
-594.111
-659.544
-727.744
-798.664
-872.539
-949.372
-1028.82
-1110.66
-1194.76
-1280.64
-1367.95
-1456.16
-1545.63
-1636.07
-1723.22
-1800.42
-1855.91
-1877.12
-1888.16
144.558
141.283
139.25
135.621
132.164
127.582
122.693
116.824
110.22
102.6
94.1037
84.4686
73.5446
61.2147
47.3824
31.8613
14.4944
-5.01459
-26.8674
-51.267
-78.2846
-107.765
-140.735
-176.799
-216.117
-258.838
-305.124
-355.021
-408.518
-465.588
-525.972
-589.594
-656.476
-726.441
-799.308
-874.966
-952.938
-1033.16
-1115.87
-1200.41
-1286.18
-1373.02
-1460.89
-1548.83
-1635.04
-1716.01
-1785.49
-1832.35
-1846.87
-1851.11
150.75
146.878
144.96
141.376
138.081
133.966
129.398
124.077
118.199
111.2
103.352
94.5056
84.499
73.0955
60.1548
45.5004
28.9976
10.4188
-10.462
-33.9302
-60.2868
-89.3019
-122.007
-158.231
-197.965
-241.288
-288.341
-339.176
-393.715
-451.983
-514.102
-579.799
-648.809
-720.793
-795.438
-872.358
-951.886
-1033.87
-1117.51
-1202.91
-1289.85
-1377.27
-1464.46
-1550.92
-1635.64
-1712.67
-1775.35
-1814.18
-1828.92
-1828.39
157.304
152.915
150.979
147.61
144.361
140.556
136.571
131.861
126.667
120.489
113.359
105.453
96.5695
86.4046
74.7394
61.3564
46.018
28.507
8.62349
-13.8231
-39.1886
-67.7118
-99.3101
-135.199
-174.867
-218.464
-265.998
-317.617
-373.397
-433.276
-497.001
-564.568
-635.598
-709.649
-786.418
-866.003
-947.733
-1031.24
-1116.86
-1204.1
-1292.13
-1380.88
-1469.99
-1557.73
-1640.94
-1715.04
-1770.13
-1795.35
-1806.94
-1806.45
163.853
159.176
157.132
154.023
150.906
147.336
143.595
139.399
134.847
129.631
123.772
116.87
108.964
100.056
89.8316
78.0297
64.3331
48.4761
30.1181
9.02366
-15.0425
-42.3935
-73.3515
-108.487
-147.759
-191.363
-239.378
-291.774
-348.44
-409.52
-474.972
-544.344
-617.668
-694.722
-774.602
-856.465
-940.407
-1026.59
-1114.59
-1203.79
-1294.25
-1385.33
-1476.44
-1565.63
-1648.18
-1719.26
-1766.93
-1780.74
-1784.42
-1787.19
170.087
165.463
163.111
160.283
157.368
154.142
150.744
146.959
142.932
138.45
133.544
127.842
121.233
113.673
104.973
94.8549
82.9765
68.9944
52.5653
33.3092
10.8678
-15.0067
-44.7421
-78.6611
-117.317
-160.385
-208.313
-261.268
-319.147
-381.64
-448.921
-520.725
-596.512
-675.917
-758.509
-843.623
-931.126
-1020.24
-1110.59
-1202.94
-1296.35
-1390.34
-1483.67
-1573.91
-1655.85
-1720.89
-1759.55
-1773.14
-1769.21
-1772.19
175.657
171.791
168.668
166.321
163.475
160.625
157.658
154.319
150.811
146.92
142.702
138.061
132.755
126.649
119.56
111.263
101.418
89.5904
75.3932
58.424
38.1284
14.0823
-14.0086
-46.5573
-84.0146
-126.636
-174.357
-227.509
-286.14
-350.219
-419.162
-493.068
-571.529
-654.074
-740.378
-829.399
-919.764
-1012.05
-1106.54
-1201.67
-1297.78
-1394.7
-1490.67
-1582.74
-1663.78
-1721.95
-1745.89
-1757.06
-1754.58
-1756.76
180.112
178.257
173.756
172.164
169.207
166.686
164
161.042
158.01
154.735
151.258
147.488
143.31
138.598
133.111
126.56
118.663
109.088
97.3046
82.8535
65.18
43.6366
17.7387
-12.8459
-48.6141
-90.1379
-137.278
-190.555
-249.778
-315.111
-386.385
-462.769
-544.399
-630.525
-720.359
-812.766
-907.628
-1003.93
-1101.08
-1199.97
-1299.7
-1399.24
-1497.59
-1590.38
-1672.3
-1725.41
-1739.85
-1740.26
-1740.96
-1741.63
183.029
184.329
178.328
177.614
174.445
172.187
169.703
167.095
164.438
161.691
158.959
156.093
152.956
149.46
145.471
140.684
134.728
127.388
118.139
106.398
91.5418
72.9127
49.7261
21.431
-12.4712
-52.4844
-98.2333
-151.501
-211.529
-277.959
-351.329
-430.998
-515.811
-605.491
-699.329
-796.958
-896.055
-995.657
-1096.45
-1198.2
-1301.72
-1405.26
-1505.5
-1597.13
-1671.39
-1714.71
-1731.39
-1725.89
-1726.41
-1726.19
183.015
190.368
182.21
182.381
179.179
177.169
174.852
172.511
170.253
167.878
165.703
163.489
161.234
158.785
156
152.728
148.604
143.413
136.664
127.79
116.1
100.679
80.6801
55.3757
24.1076
-14.0114
-58.2305
-110.821
-171.309
-239.555
-314.78
-397.562
-486.785
-581.582
-680.576
-782.282
-885.821
-991.062
-1095.44
-1199.12
-1305.23
-1411.82
-1515.82
-1611.47
-1679.69
-1701.95
-1712.51
-1709.77
-1710.13
-1709
161.197
189.931
185.629
186.208
183.33
181.515
179.312
176.965
174.876
172.991
171.398
170.028
168.748
167.16
165.27
163.633
161.358
157.922
153.244
146.834
137.912
125.65
109.066
86.9857
58.6286
22.7554
-20.9351
-72.3809
-131.463
-201.128
-280.279
-366.52
-460.499
-560.464
-665.201
-772.96
-883.138
-992.887
-1100.45
-1206.59
-1311.94
-1419.17
-1518.7
-1606.25
-1666.74
-1696.06
-1689.33
-1690.72
-1689.67
-1689.35
169.21
194.743
192.565
189.67
187.348
185.506
183.253
180.919
178.297
176.153
174.289
173.001
172.251
171.857
171.436
170.951
170.217
168.811
166.594
162.945
156.911
147.441
133.7
114.082
87.9484
54.3637
11.7794
-40.4435
-100.121
-168.376
-249.877
-341.494
-440.768
-547.338
-659.415
-775.383
-892.438
-1007.8
-1120.15
-1226.8
-1329.54
-1432.05
-1529.01
-1608.88
-1652.57
-1671.52
-1668.47
-1670.09
-1670.34
-1670.26
181.173
193.827
193.306
191.468
189.69
187.88
185.839
183.774
181.218
178.941
177.188
176.19
175.899
175.984
176.508
177.727
179.057
179.541
178.978
176.614
171.915
163.514
149.967
130.498
103.726
69.2983
25.8359
-27.7308
-91.403
-163.932
-247.276
-343.678
-450.317
-564.743
-684.698
-808.206
-932.126
-1055.08
-1173.53
-1278.22
-1373.32
-1463.78
-1545.08
-1601.07
-1632.65
-1638.76
-1644.75
-1649.17
-1650.81
-1649.57
191.439
194.951
194.144
193.042
191.796
190.223
188.117
185.828
183.829
182.02
180.537
179.776
180.225
181.663
183.554
185.624
188.053
189.704
190.805
189.898
185.588
177.487
162.893
140.359
109.51
69.914
21.2557
-36.872
-103.985
-182.244
-273.008
-375.239
-488.748
-610.924
-740.123
-872.624
-1008.29
-1142
-1258.87
-1354.84
-1436.83
-1502.03
-1547.55
-1576.35
-1594.17
-1610.11
-1623.86
-1633.05
-1637.23
-1636.61
198.616
198.022
197.123
196.168
194.436
192.565
190.988
188.444
186.015
184.506
184.312
185.278
187.118
189.662
192.366
195.286
199.993
203.167
204.576
204.646
200.599
191.326
175.545
150.171
114.799
69.2137
13.0233
-53.9886
-130.42
-215.37
-313.278
-424.894
-548.135
-680.831
-820.545
-967.792
-1115.24
-1250.1
-1357.42
-1440.44
-1497.2
-1526.57
-1534.59
-1545.63
-1565.22
-1589.5
-1610.95
-1626.48
-1633.61
-1633.48
203.724
202.497
201.345
200.317
198.694
196.16
193.328
190.244
187.946
186.399
186.741
189.276
191.745
195.26
201.8
207.338
211.755
218.486
222.96
223.891
220.879
210.018
189.905
159.687
118.607
67.2911
5.39931
-68.2667
-154.501
-252.825
-363.272
-487.359
-622.309
-769.121
-925.267
-1086.32
-1239.86
-1366.74
-1462.77
-1524.94
-1544.17
-1534.29
-1527.24
-1533.71
-1554.48
-1583.31
-1611.74
-1633.98
-1641.82
-1643.12
207.933
207.207
206.81
205.739
202.856
199.037
195.575
191.783
188.293
186.033
185.968
189.614
195.276
201.677
207.987
213.553
221.296
231.528
238.943
241.132
238.624
227.15
203.826
168.838
120.942
60.8118
-9.78944
-92.0358
-186.64
-293.908
-416.461
-556.414
-711.329
-877.088
-1050.35
-1221.18
-1372.81
-1490.76
-1572.22
-1600.18
-1588.91
-1568.4
-1557.6
-1559.87
-1576.33
-1602.88
-1630.94
-1651.49
-1661.31
-1664.42
213.268
213.018
212.147
209.192
205.816
201.857
195.841
189.684
184.242
181.785
183.504
189.654
196.742
195.74
202.694
217.697
228.817
238.209
247.509
253.269
249.758
234.741
205.224
162.459
108.248
41.5433
-37.0948
-127.562
-233.833
-354.86
-490.966
-641.809
-815.029
-1001.03
-1190.38
-1367.36
-1514.11
-1625.39
-1679.72
-1686.18
-1672.17
-1655.61
-1642.38
-1637.52
-1640.55
-1652.1
-1667.35
-1679.42
-1688.3
-1694.28
219.97
218.687
216.418
213.495
207.893
201.05
191.99
182.524
173.285
169.244
172.307
172.513
172.717
181.809
189.423
204.037
219.659
234.395
247.967
254.88
249.154
228.032
190.761
138.041
72.6666
-2.80928
-88.7908
-185.298
-295.123
-424.63
-577.339
-752.167
-943.406
-1150.4
-1349.64
-1525.75
-1671.19
-1761.2
-1801.55
-1812.75
-1809.65
-1797.39
-1779.87
-1762.3
-1747.05
-1734.93
-1727.77
-1724.2
-1724.22
-1734.96
225.334
223.683
221.783
215.601
205.478
194.445
179.683
161.624
143.409
131.734
128.999
133.871
131.686
145.425
167.704
188.816
208.143
221.987
230.354
227.441
209.676
178.509
134.208
78.0821
10.254
-68.4297
-157.158
-259.261
-376.961
-514.817
-674.739
-873.691
-1097.51
-1321.89
-1525.47
-1695.26
-1821.37
-1901.99
-1950.09
-1978.34
-1985.68
-1973.04
-1948.47
-1915.09
-1879.08
-1843.7
-1813.98
-1792.31
-1781.65
-1797.23
229.376
226.572
220.151
211.038
197.336
176.533
150.388
114.258
73.9522
55.0175
59.4418
64.554
97.2839
115.381
135.955
151.676
166.948
178.594
177.351
157.698
122.144
74.9814
21.3554
-36.4775
-99.0618
-169.581
-250.527
-345.373
-466.768
-620.389
-808.205
-1023.9
-1261.18
-1488.58
-1686.77
-1842.56
-1954.2
-2041.12
-2111.56
-2161.33
-2176.65
-2157.9
-2117.74
-2066.6
-2011.72
-1958.39
-1912.63
-1879.71
-1865.25
-1875.63
227.061
221.683
210.88
195.506
171.847
135.428
87.5385
20.7695
-52.9647
-80.0481
-45.0594
-15.8747
1.52481
32.8189
60.3995
78.091
89.5469
89.9244
69.916
30.1314
-24.8855
-89.5325
-155.033
-215.182
-266.019
-314.275
-380.48
-466.109
-583.361
-743.364
-951.187
-1180.88
-1417.57
-1641.45
-1824.37
-1963.67
-2077.33
-2180.12
-2269.87
-2326.12
-2335.61
-2308.27
-2255.17
-2189.13
-2121.26
-2057.43
-2003.28
-1966.48
-1948.71
-1948.73
189.201
179.513
168.08
148.33
111.603
53.5764
-27.2403
-150.287
-286.274
-354.491
-328.988
-254.05
-171.239
-104.531
-66.5303
-43.5077
-36.2167
-48.5907
-86.2681
-148.166
-228.48
-318.472
-402.388
-475.461
-515.008
-511.43
-551.276
-623.464
-738.227
-904.154
-1100.52
-1318.99
-1544.3
-1762.11
-1935.1
-2063.17
-2180.75
-2294.58
-2384.11
-2429.98
-2430.69
-2395.57
-2335.58
-2262.03
-2187.75
-2121.82
-2067.91
-2031.23
-2014.05
-2012.42
112.086
97.2839
84.8095
57.9142
7.00449
-80.7719
-207.734
-417.242
-649.244
-797.936
-760.396
-602.767
-431.745
-307.064
-230.892
-188.319
-185.132
-210.237
-269.897
-363.995
-484.777
-618.317
-739.179
-807.494
-826.213
-796.209
-776.319
-816.082
-904.816
-1056.53
-1243.48
-1440.02
-1640.47
-1835.6
-1996.72
-2115.33
-2225.38
-2334.92
-2414.66
-2450.64
-2446.35
-2409.44
-2348.62
-2274.67
-2200.9
-2137.27
-2089.64
-2058.77
-2045
-2045.62
-47.8715
-61.3203
-54.0211
-71.1153
-130.408
-251.742
-425.32
-708.568
-1076.2
-1347.88
-1226.01
-921.145
-658.432
-466.13
-357.308
-315.819
-314.604
-349.727
-435.012
-566.174
-734.72
-920.338
-1079.82
-1155.85
-1139.21
-1083.42
-1025.41
-1017.2
-1069.83
-1183.24
-1341.41
-1512.13
-1687.86
-1856.41
-1998.84
-2106.14
-2201.4
-2292.17
-2356.96
-2389.57
-2387.23
-2354.08
-2296.79
-2226.73
-2157.43
-2097.12
-2056
-2031.68
-2025.01
-2032.3
-354.874
-372.799
-305.449
-248.316
-269.6
-375.035
-561.443
-845.283
-1188.59
-1430.31
-1323.08
-984.885
-701.173
-508.419
-414.107
-387.543
-388.035
-440.094
-552.482
-711.736
-913.949
-1134.74
-1316.99
-1399.9
-1371.24
-1291.92
-1223.29
-1186.78
-1204.12
-1281.19
-1396.62
-1536.24
-1681.95
-1826.74
-1951.65
-2046.39
-2127.51
-2200.63
-2252.42
-2277.79
-2273.78
-2242.08
-2188.08
-2123.52
-2060.64
-2008.45
-1972.35
-1952.97
-1951.22
-1968.6
-857.15
-796.834
-561.261
-413.062
-367.674
-398.763
-503.111
-679.554
-890.889
-1036.11
-1014.94
-809.703
-593.415
-457.02
-402.879
-383.846
-403.667
-479.431
-598.808
-772.198
-989.305
-1226.57
-1421.15
-1502.1
-1473.55
-1387.88
-1308.98
-1275.8
-1269.77
-1314.38
-1399.16
-1509.57
-1631.16
-1752.73
-1861.44
-1947.95
-2018.09
-2075.62
-2114.56
-2129.97
-2119.74
-2084.95
-2032.42
-1972.84
-1916.8
-1872.46
-1843.52
-1830.87
-1834.66
-1860.38
-1141.08
-1061.08
-710.607
-460.067
-331.927
-299.01
-323.981
-395.293
-500.044
-588.806
-615.84
-543.39
-421.639
-347.719
-327.041
-332.612
-372.101
-453.082
-574.643
-743.104
-958.359
-1203.93
-1410.74
-1506.86
-1484.76
-1407.44
-1325.85
-1276.59
-1254.06
-1263.1
-1312.95
-1395.89
-1499.79
-1607.98
-1708.29
-1790.46
-1853.68
-1900.35
-1928.17
-1933.88
-1917.83
-1886.6
-1835.67
-1783.84
-1738.45
-1704.57
-1683.7
-1676.89
-1685.3
-1709.26
-725.161
-735.413
-540.134
-345.723
-202.279
-128.26
-120.462
-145.782
-197.684
-255.042
-292.524
-281.558
-238.021
-216.099
-222.37
-249.862
-300.098
-377.778
-494.657
-647.068
-848.524
-1088.65
-1309.71
-1442.2
-1453.82
-1400.84
-1335.81
-1274.38
-1224.03
-1175.58
-1179.26
-1223.52
-1297.75
-1389.21
-1480.91
-1560.13
-1620.97
-1663.63
-1687.2
-1689.56
-1672.86
-1641.4
-1609.75
-1574.55
-1543.28
-1519.68
-1505.73
-1503.43
-1513.81
-1534.4
-250.32
-236.713
-182.326
-82.3481
1.4306
39.1421
40.643
31.2082
4.93318
-31.433
-65.9244
-78.0099
-76.4917
-91.1118
-119.68
-158.893
-212.079
-287.516
-391.722
-521.614
-696.202
-909.223
-1132.13
-1303.99
-1367.18
-1360.73
-1331.99
-1280.02
-1194.36
-1103.69
-1046.64
-1044.17
-1081.97
-1147.18
-1220.47
-1290.11
-1348.44
-1392.63
-1419.09
-1426.67
-1420.05
-1403.27
-1382.9
-1361.07
-1341.08
-1326.19
-1319.45
-1322.4
-1335.28
-1354.72
44.3284
56.6811
56.0188
92.159
128.677
152.637
152.425
140.399
123.261
102.064
78.8046
60.3865
41.4234
12.721
-24.6328
-70.7173
-127.886
-200.043
-288.134
-395.948
-536.391
-715.003
-910.337
-1084.72
-1205.27
-1246.82
-1248.67
-1218.34
-1125.13
-1006.03
-900.228
-858.264
-872.024
-911.247
-964.423
-1022.85
-1079.25
-1125.78
-1155.98
-1171.44
-1175.6
-1171.78
-1162.86
-1152.08
-1143.07
-1138.86
-1140.74
-1149.08
-1164.2
-1182.49
106.645
125.718
154.914
170.143
183.481
199.875
207.316
202.452
190.518
174.371
158.966
141.924
118.551
85.7449
44.6445
-2.19079
-54.3509
-116.136
-190.077
-280.624
-392.83
-536.035
-698.853
-848.679
-973.958
-1064.53
-1098.11
-1075.8
-995.612
-866.902
-747.885
-681.826
-690.047
-693.045
-731.715
-783.261
-840.435
-886.72
-919.427
-941.571
-953.999
-958.676
-958.998
-959.833
-962.007
-967.674
-977.45
-990.387
-1006.44
-1022.49
144.529
156.714
175.413
193.529
209.347
223.407
233.331
233.83
226.745
213.798
198.95
181.153
159.025
130.654
96.2411
56.9574
10.4162
-45.4413
-110.144
-185.369
-273.536
-381.109
-510.078
-640.384
-749.113
-843.305
-906.262
-902.661
-833.502
-725.209
-619.115
-554.055
-520.385
-503.587
-524.229
-571.108
-625.303
-672.833
-710.246
-737.877
-755.258
-766.343
-775.656
-785.206
-797.787
-812.974
-831.014
-849.32
-865.475
-877.764
162.312
171.49
185.308
198.895
213.231
224.457
235.268
241.858
239.985
231.365
219.701
204.783
186.743
163.597
134.477
98.9901
57.3753
10.7634
-43.2111
-105.582
-177.55
-260.977
-357.119
-461.658
-559.674
-639.87
-702.936
-723.685
-677.924
-587.584
-495.884
-426.221
-371.033
-340.839
-350.688
-393.427
-437.038
-483.392
-526.546
-562.194
-588.966
-607.814
-622.207
-637.761
-657.919
-681.257
-705.91
-728.467
-745.219
-754.226
167.78
177.642
188.598
201.673
212.513
221.67
232.794
238.11
238.535
235.826
229.282
218.618
203.529
183.493
158.856
129.782
95.9259
56.1062
9.76558
-42.7469
-102.049
-167.698
-240.638
-318.512
-398.818
-471.514
-527.838
-557.579
-541.661
-475.837
-383.133
-304.979
-240.419
-204.44
-216.439
-253.076
-289.52
-340.442
-391.453
-434.026
-465.121
-487.351
-504.714
-523.653
-546.651
-572.061
-600.991
-630.766
-651.383
-661.005
172.737
179.198
187.889
198.486
208.696
219.061
227.809
233.423
236.643
235.511
230.842
223.509
212.105
196.747
177.343
153.3
124.41
90.437
52.2088
9.00878
-38.7828
-92.1096
-150.519
-211.4
-272.681
-331.934
-383.305
-417.488
-422.18
-386.874
-317.251
-217.855
-131.973
-101.813
-107.919
-138.579
-184.913
-242.403
-298.361
-345.017
-382.347
-411.24
-434.922
-455.064
-472.648
-494.838
-525.679
-561.36
-586.94
-601.088
171.813
179.926
187.933
196.579
205.264
214.343
222.347
228.652
232.288
232.767
230.833
226.029
217.69
205.908
189.992
170.205
146.857
119.778
88.6658
53.3422
13.8578
-29.469
-76.7574
-127.527
-178.031
-225.154
-266.492
-300.085
-317.5
-307.475
-260.341
-191.802
-115.452
-39.5002
-9.73086
-41.1508
-97.4358
-160.519
-224.701
-283.682
-336.313
-380.53
-415.99
-442.245
-462.499
-479.499
-498.167
-520.595
-542.793
-558.627
170.284
178.639
186.409
194.941
203.413
210.994
217.533
223.544
228.001
229.779
229.394
226.433
220.931
212.241
200.069
185.231
166.855
144.767
119.02
89.8112
57.0313
20.9376
-18.4815
-59.8734
-102.89
-144.82
-180.378
-207.587
-227.319
-233.424
-215.795
-169.3
-107.842
-53.2358
-11.3814
12.5836
-24.6952
-89.694
-163.723
-236.513
-305.297
-367.692
-422.251
-464.691
-492.247
-504.236
-507.17
-508.027
-515.504
-524.535
166.87
177.538
185.886
193.356
200.283
207.293
213.725
219.78
223.656
226.708
228.098
226.501
222.972
217.321
208.812
196.703
181.687
164.098
143.13
118.396
90.4932
59.7473
26.5158
-8.84346
-44.9996
-80.5573
-113.816
-140.738
-158.189
-166.08
-164.382
-145.874
-105.329
-59.3226
-29.6188
-11.0604
4.68609
-38.752
-100.689
-185.297
-265.893
-349.554
-426.974
-489.084
-529.1
-538.576
-524.129
-503.728
-491.146
-491.04
159.484
176.936
185.556
192.027
198.168
204.302
210.402
216.475
221.002
224.694
226.312
226.151
224.593
220.334
213.136
203.659
191.707
176.503
158.259
137.62
114.075
87.91
59.3097
28.7263
-2.93741
-34.1978
-62.1481
-86.5171
-106.213
-115.351
-115.497
-110.191
-92.5278
-64.9731
-39.3526
-26.9066
-28.0384
-23.4783
-44.2422
-109.057
-215.81
-325.112
-425.581
-504.378
-558.144
-551.7
-511.025
-469.593
-445.161
-439.768
147.503
180.247
187.021
192.131
197.643
204.121
210.111
214.95
219.301
222.79
224.764
224.935
223.381
219.763
213.939
205.659
194.822
181.608
166.291
148.258
126.93
103.794
78.9765
53.3101
26.4671
-1.11131
-25.8092
-46.0394
-62.7287
-74.2066
-78.2816
-74.5384
-66.6952
-48.226
-31.2828
-24.6907
-29.7998
-28.3762
-33.8914
-53.4888
-145.897
-259.685
-369.191
-449.274
-489.213
-483.769
-444.604
-402.134
-375.704
-367.136
226.158
222.736
220.978
220.056
219.639
219.309
218.814
218.152
217.468
216.738
215.923
214.962
213.912
212.78
211.608
210.257
208.892
207.579
206.143
204.603
202.971
201.087
198.832
196.34
193.792
191.169
188.298
185.036
181.48
177.484
172.81
167.326
160.973
153.619
144.941
134.58
122.148
107.261
89.4216
68.1278
42.8447
12.9003
-22.4165
-64.0329
-112.768
-169.335
-234.355
-308.851
-397.056
-488.413
225.027
224.049
223.477
223.23
223.289
223.449
223.452
223.223
222.882
222.483
222.011
221.431
220.788
220.122
219.449
218.768
218.13
217.525
216.896
216.266
215.553
214.733
213.736
212.752
211.739
210.714
209.627
208.393
206.994
205.277
203.115
200.426
197.141
193.1
188.05
181.698
173.671
163.53
150.881
135.328
116.304
93.1586
65.1694
31.5841
-8.25771
-55.1787
-110.243
-174.635
-250.081
-326.6
225.608
226.159
226.659
227.025
227.483
228.053
228.495
228.773
228.879
228.792
228.625
228.472
228.336
228.246
228.192
228.206
228.297
228.482
228.728
229.031
229.364
229.702
230.124
230.632
231.256
232.007
232.845
233.701
234.521
235.211
235.698
235.899
235.729
235.03
233.591
231.158
227.396
221.968
214.509
204.555
191.581
174.988
154.122
128.348
96.9742
59.0866
13.9455
-39.0058
-100.847
-161.88
227.834
229.268
230.648
231.63
232.468
233.368
234.25
235.019
235.581
235.886
236.061
236.358
236.805
237.365
237.953
238.673
239.541
240.584
241.793
243.139
244.649
246.316
248.198
250.318
252.665
255.267
258.1
261.119
264.257
267.476
270.697
273.85
276.839
279.505
281.692
283.189
283.727
282.986
280.579
276.068
268.94
258.652
244.647
226.341
203.003
173.922
138.505
95.9726
45.5171
-1.18609
231.469
233.47
235.548
237.084
238.289
239.468
240.691
241.956
242.99
243.71
244.293
245.104
246.192
247.465
248.795
250.286
252.01
253.976
256.228
258.754
261.536
264.616
268.029
271.782
275.909
280.436
285.323
290.57
296.122
301.934
307.951
314.112
320.311
326.411
332.285
337.723
342.49
346.291
348.774
349.495
348.008
343.813
336.36
325.039
309.21
288.39
261.932
229.513
190.783
156.135
236.418
238.838
241.401
243.36
244.865
246.353
247.927
249.613
251.149
252.343
253.42
254.798
256.596
258.606
260.723
262.996
265.608
268.614
272.024
275.79
279.948
284.5
289.482
294.945
300.928
307.441
314.497
322.051
330.079
338.545
347.4
356.585
365.995
375.534
385.038
394.334
403.219
411.428
418.602
424.338
428.187
429.609
428.129
423.181
414.317
400.956
382.649
359.033
329.594
304.819
242.598
245.298
248.187
250.459
252.249
254.011
255.93
258.03
260.071
261.769
263.403
265.391
267.905
270.698
273.641
276.799
280.386
284.479
289.083
294.178
299.734
305.795
312.407
319.632
327.523
336.075
345.294
355.169
365.669
376.764
388.411
400.552
413.102
425.971
439.007
452.06
464.921
477.322
488.915
499.308
508.028
514.648
518.706
519.75
517.323
510.921
500.039
484.23
463.374
446.604
249.933
252.771
255.844
258.316
260.333
262.356
264.635
267.174
269.692
271.923
274.14
276.796
280.038
283.638
287.458
291.576
296.166
301.388
307.218
313.638
320.628
328.23
336.509
345.526
355.306
365.876
377.247
389.411
402.334
415.986
430.347
445.354
460.961
477.059
493.517
510.158
526.769
543.079
558.739
573.368
586.542
597.872
606.905
613.216
616.323
615.672
610.745
601.186
586.929
576.224
258.281
261.119
264.243
266.832
269.034
271.306
273.946
276.931
279.898
282.662
285.507
288.854
292.842
297.266
301.975
307.039
312.645
318.97
326.033
333.78
342.209
351.359
361.282
372.022
383.638
396.176
409.636
423.993
439.24
455.359
472.319
490.073
508.558
527.666
547.247
567.131
587.103
606.884
626.158
644.557
661.736
677.3
690.812
701.822
709.772
714.09
714.374
710.565
702.809
697.175
267.446
270.156
273.217
275.848
278.197
280.714
283.706
287.098
290.517
293.817
297.294
301.323
306.043
311.275
316.857
322.846
329.473
336.913
345.182
354.251
364.085
374.698
386.169
398.563
411.939
426.338
441.763
458.205
475.648
494.066
513.413
533.654
554.722
576.503
598.876
621.672
644.672
667.604
690.162
712.021
732.817
752.113
769.438
784.237
795.907
803.985
808.188
808.264
804.385
801.801
277.176
279.651
282.546
285.158
287.636
290.391
293.702
297.456
301.299
305.135
309.214
313.914
319.33
325.304
331.705
338.61
346.219
354.731
364.146
374.413
385.516
397.485
410.392
424.322
439.329
455.44
472.659
490.974
510.365
530.797
552.247
574.674
598.009
622.167
647.023
672.406
698.07
723.738
749.088
773.767
797.352
819.405
839.441
857.006
871.708
883.324
891.533
896.088
897.034
897.364
287.177
289.325
291.968
294.524
297.107
300.09
303.677
307.742
311.979
316.299
320.946
326.252
332.279
338.944
346.112
353.855
362.399
371.858
382.28
393.626
405.864
419.055
433.271
448.577
465.03
482.645
501.421
521.349
542.408
564.575
587.825
612.121
637.412
663.618
690.603
718.159
746.027
773.903
801.455
828.304
854.056
878.292
900.616
920.673
938.113
952.453
962.996
969.532
972.128
973.384
297.119
298.883
301.216
303.673
306.349
309.528
313.353
317.654
322.194
326.966
332.139
337.956
344.533
351.766
359.597
368.094
377.424
387.718
398.999
411.251
424.479
438.714
454.031
470.494
488.14
506.98
527.017
548.242
570.648
594.206
618.896
644.69
671.546
699.368
727.996
757.202
786.714
816.226
845.403
873.883
901.28
927.189
951.189
972.828
991.703
1007.58
1020.53
1030.73
1037.6
1042.21
306.666
308.026
310.012
312.346
315.102
318.448
322.406
326.853
331.662
336.814
342.427
348.661
355.635
363.339
371.713
380.821
390.801
401.765
413.747
426.722
440.704
455.759
471.949
489.308
507.868
527.639
548.629
570.835
594.251
618.85
644.612
671.523
699.531
728.527
758.325
788.693
819.358
850.026
880.371
910.046
938.687
965.911
991.341
1014.62
1035.44
1053.3
1067.53
1077.07
1082.09
1084.69
315.492
316.458
318.098
320.301
323.11
326.576
330.605
335.106
340.08
345.53
351.471
358.015
365.275
373.282
382.062
391.642
402.113
413.563
426.017
439.487
454.007
469.638
486.427
504.41
523.598
543.997
565.619
588.464
612.516
637.771
664.215
691.816
720.513
750.19
780.658
811.685
842.995
874.302
905.292
935.622
964.938
992.863
1018.96
1042.76
1063.76
1081.46
1095.59
1106.11
1112.92
1116.94
323.33
323.943
325.247
327.309
330.178
333.717
337.731
342.2
347.25
352.886
359.039
365.756
373.16
381.349
390.366
400.244
411.028
422.759
435.473
449.213
464.026
479.979
497.109
515.424
534.931
555.643
577.563
600.699
625.042
650.573
677.286
705.147
734.09
763.991
794.663
825.883
857.376
888.835
919.961
950.42
979.843
1007.86
1034.03
1057.91
1079.02
1096.95
1111.29
1121.78
1128.37
1132.19
329.983
330.314
331.34
333.257
336.151
339.722
343.62
347.977
353.012
358.719
364.973
371.747
379.155
387.366
396.467
406.47
417.38
429.201
441.976
455.761
470.625
486.641
503.831
522.192
541.715
562.41
584.301
607.392
631.681
657.134
683.717
711.408
740.139
769.801
800.224
831.171
862.386
893.556
924.352
954.449
983.462
1010.99
1036.68
1060.14
1080.99
1098.87
1113.38
1123.73
1129.65
1132.73
335.36
335.495
336.303
338.088
340.951
344.473
348.251
352.41
357.315
362.994
369.219
375.917
383.236
391.351
400.362
410.314
421.175
432.908
445.545
459.161
473.857
489.69
506.682
524.818
544.086
564.481
586.034
608.763
632.652
657.672
683.75
710.857
738.938
767.894
797.578
827.769
858.203
888.587
918.579
947.824
975.941
1002.52
1027.17
1049.51
1069.12
1085.46
1098.45
1108.42
1115.01
1118.82
339.448
339.471
340.131
341.771
344.612
348.052
351.601
355.528
360.242
365.747
371.841
378.382
385.481
393.366
402.182
411.929
422.554
434.038
446.364
459.63
473.952
489.396
505.973
523.638
542.386
562.222
583.176
605.265
628.464
652.736
678.014
704.211
731.304
759.201
787.756
816.772
845.987
875.111
903.817
931.766
958.603
983.898
1007.2
1028.11
1046.41
1061.75
1073.24
1080.27
1083.15
1084.16
342.322
342.318
342.871
344.395
347.177
350.509
353.801
357.413
361.865
367.148
372.986
379.263
386.073
393.633
402.13
411.551
421.832
432.888
444.765
457.525
471.312
486.19
502.149
519.151
537.153
556.183
576.269
597.431
619.656
642.867
667.037
692.05
717.827
744.315
771.391
798.863
826.47
853.908
880.847
906.941
931.869
955.301
976.783
995.689
1011.54
1024.28
1033.83
1039.7
1041.54
1041.99
344.137
344.127
344.62
346.085
348.768
351.928
354.921
358.24
362.386
367.348
372.869
378.805
385.251
392.429
400.479
409.46
419.29
429.865
441.164
453.31
466.417
480.581
495.794
511.966
529.081
547.161
566.202
586.248
607.28
629.231
652.004
675.565
699.782
724.583
749.869
775.466
801.146
826.608
851.504
875.444
898.038
918.937
937.914
954.544
968.092
977.993
984.023
986.012
983.919
981.511
345.08
345.089
345.567
346.982
349.51
352.439
355.156
358.163
361.961
366.565
371.719
377.272
383.312
390.032
397.598
406.06
415.303
425.281
435.943
447.403
459.763
473.116
487.407
502.646
518.734
535.702
553.587
572.365
592.022
612.512
633.746
655.622
678.058
700.95
724.193
747.629
771.019
794.098
816.559
838.019
858.02
876.04
891.706
904.893
915.261
922.145
924.961
923.538
917.904
912.466
345.396
345.448
345.909
347.213
349.539
352.231
354.68
357.377
360.84
365.036
369.759
374.883
380.492
386.738
393.792
401.676
410.333
419.636
429.596
440.285
451.848
464.314
477.693
491.871
506.866
522.652
539.274
556.695
574.902
593.81
613.348
633.434
653.954
674.799
695.849
716.956
737.881
758.309
777.919
796.411
813.425
828.458
840.873
850.318
856.558
859.144
857.539
851.252
840.118
830.394
345.408
345.477
345.824
346.975
349.095
351.478
353.62
356.045
359.171
362.98
367.25
371.895
377.042
382.789
389.285
396.57
404.59
413.206
422.449
432.378
443.117
454.685
467.069
480.171
494.021
508.562
523.836
539.842
556.517
573.804
591.57
609.763
628.251
646.953
665.727
684.4
702.734
720.388
736.961
752.101
765.523
776.925
785.755
791.324
793.205
791.011
784.376
773.016
756.661
741.672
345.267
345.314
345.545
346.478
348.308
350.329
352.204
354.34
357.106
360.53
364.349
368.549
373.216
378.461
384.408
391.075
398.397
406.324
414.819
424.004
433.887
444.563
455.942
468.021
480.711
494.06
508
522.55
537.639
553.25
569.251
585.522
601.99
618.479
634.932
651.095
666.752
681.558
695.078
706.875
716.593
723.914
728.464
729.584
726.658
719.226
706.81
689.03
665.551
643.993
345.173
345.026
345.103
345.842
347.291
348.923
350.531
352.386
354.842
357.837
361.184
364.936
369.15
373.939
379.342
385.375
392.031
399.255
407.047
415.461
424.533
434.286
444.692
455.727
467.309
479.433
492.09
505.243
518.828
532.743
546.978
561.332
575.771
590.113
604.204
617.852
630.726
642.557
652.935
661.341
667.339
670.52
670.496
666.768
658.658
645.627
627.172
602.776
572.156
543.019
345.407
344.929
344.662
345.091
346.159
347.376
348.679
350.304
352.454
354.987
357.864
361.167
364.962
369.302
374.171
379.618
385.634
392.172
399.289
406.958
415.257
424.126
433.592
443.584
454.129
465.087
476.492
488.257
500.346
512.681
525.181
537.753
550.237
562.518
574.329
585.49
595.648
604.425
611.554
616.513
618.694
617.68
613.006
604.193
590.574
571.4
546.175
514.383
475.388
437.565
346.15
345.096
344.358
344.367
344.963
345.782
346.799
348.198
349.983
352.059
354.504
357.41
360.802
364.69
369.069
373.949
379.321
385.223
391.682
398.668
406.201
414.255
422.814
431.885
441.37
451.274
461.453
471.94
482.621
493.426
504.252
515.084
525.708
536.002
545.638
554.383
561.919
567.759
571.539
572.948
571.347
566.128
556.807
542.849
523.706
498.558
466.535
427.037
379.564
331.31
347.571
345.415
344.099
343.652
343.73
344.189
344.935
346.048
347.441
349.133
351.194
353.73
356.757
360.241
364.166
368.525
373.362
378.682
384.505
390.848
397.661
404.935
412.63
420.792
429.342
438.261
447.338
456.626
465.924
475.281
484.598
493.73
502.571
510.908
518.441
524.794
529.732
532.835
533.389
531.1
525.606
516.276
502.408
483.307
458.36
426.965
388.333
341.258
284.539
225.793
349.847
345.995
344.014
343.135
342.725
342.859
343.287
343.981
344.982
346.331
348.093
350.297
352.976
356.102
359.652
363.615
368.013
372.838
378.123
383.903
390.097
396.645
403.579
410.84
418.533
426.463
434.651
442.711
450.84
458.961
466.862
474.442
481.546
487.828
493.144
497.167
499.449
499.608
497.106
491.265
481.802
468.249
449.924
425.989
395.559
357.853
312.436
258.371
193.669
125.524
205.736
197.53
198.239
200.241
204.418
208.223
213.123
219.655
226.634
232.794
228.781
196.709
122.934
-42.803
-318.556
-692.314
-814.072
-487.714
-152.593
53.1514
108.563
140.283
158.69
159.597
168.973
165.237
166.126
166.656
167.772
176.006
214.502
205.285
203.627
202.772
205.867
208.84
213.157
219.013
223.394
227.184
215.632
174.522
82.5934
-68.9346
-264.382
-448.633
-452.199
-232.588
-31.3124
80.2404
119.537
142.367
154.928
156.441
161.377
160.46
161.884
164.996
168.093
178.311
209.649
205.973
205.811
205.745
207.982
210.407
213.51
217.524
217.072
211.194
177.187
107.445
-5.86679
-127.353
-227.188
-268.617
-195.993
-53.3071
61.2052
108.239
130.914
145.136
151.706
153.076
155.219
155.293
156.627
159.805
161.102
163.603
205.654
205.435
206.466
207.128
208.811
210.904
212.158
212.755
207.789
190.169
145.354
27.397
-124.345
-214.437
-220.128
-180.664
-58.7721
49.5412
121.794
138.371
146.177
150.855
151.055
150.67
151.107
150.55
150.769
151.924
151.954
151.029
203.611
204.878
206.63
207.49
208.655
210.65
210.186
206.841
198.771
182.463
126.882
-50.5017
-272.197
-379.035
-290.348
-175.782
-26.9071
89.9082
153.194
161.017
159.898
157.666
153.103
149.883
147.697
146.146
145.115
144.389
143.559
143.135
203.373
204.563
206.655
207.774
208.876
209.979
208.61
204.37
191.269
166.321
95.7184
-77.127
-316.991
-503.348
-306.813
-154.491
5.85988
107.816
159.998
170.477
166.414
160.327
153.613
148.137
143.92
140.995
139.288
137.564
135.809
136.359
203.661
204.31
206.899
209.242
211.27
211.571
211.333
208.872
197.739
177.626
111.973
-15.4394
-213.066
-345.839
-272.189
-128.643
19.9592
126.856
167.541
155.917
162.059
157.801
149.499
143.29
138.289
134.652
132.047
130.137
128.553
129.192
203.646
204.154
207.066
210.697
214.159
216.172
219.191
218.489
213.241
200.673
157.104
78.3441
-71.9312
-174.84
-190.279
-116.323
-1.48552
95.1594
139.615
146.368
151.067
148.948
141.33
135.254
130.192
126.595
123.613
122.073
121.245
121.443
202.311
203.11
206.195
210.543
215.947
220.267
225.517
229.553
231.795
220.325
196.345
138.141
30.2234
-66.0994
-143.509
-137.433
-81.4555
12.9465
81.7713
115.942
135.127
137.251
131.074
125.407
121.079
117.543
114.914
113.747
113.266
112.922
199.059
200.081
203.473
207.817
214.464
223.509
232.811
241.039
246.806
234.221
218.681
162.713
75.2469
-31.5561
-149.035
-208.804
-202.617
-103.705
0.00896412
73.1437
112.299
120.396
118.275
114.418
110.897
108.195
106.158
105.136
104.316
103.88
193.565
194.922
198.845
204.496
213.045
225.072
237.524
247.675
253.451
243.437
223.409
165.132
78.25
-58.6264
-227.355
-338.673
-341.244
-221.956
-79.668
27.1891
86.0165
99.2038
102.194
100.98
99.3228
97.8071
96.5179
95.7162
94.8686
94.603
186.142
188.056
192.729
199.576
208.861
221.624
232.906
242.286
252.737
243.869
213.264
151.061
61.422
-88.3091
-284.29
-457.038
-471.579
-317.473
-123.597
5.58301
59.4117
77.8655
85.2523
87.0635
87.2451
86.8728
86.0231
85.5468
85.1058
85.0584
176.286
178.769
183.995
191.439
201.175
214.394
226.46
231.227
233.42
219.175
185.011
125.379
37.1142
-92.7611
-258.047
-406.643
-430.206
-308.549
-140.158
-20.3919
35.0304
57.1754
69.2399
73.7446
75.1812
75.8952
75.0948
75.268
75.1128
75.2482
163.806
166.236
171.196
177.38
185.817
195.199
202.795
199.688
187.904
169.449
137.819
87.5923
17.9199
-76.4782
-190.889
-279.874
-281.916
-200.81
-95.4239
-17.5373
25.4221
46.2199
56.9555
61.2224
63.4264
64.7947
64.735
65.0743
64.9652
65.1648
147.278
149.087
153.229
157.81
163.199
168.434
165.017
146.875
114.296
94.7937
76.3665
43.4682
5.38563
-50.2984
-111.914
-155.686
-145.119
-93.6857
-40.7178
0.652495
23.7445
38.8131
46.4903
50.9457
52.6949
54.1907
54.2171
54.7533
54.5711
54.7906
126.455
127.277
129.933
132.735
134.209
129.869
106.817
63.0886
9.79115
-6.74697
-3.34442
-5.78557
-8.74242
-23.2954
-38.9088
-56.6462
-62.979
-35.8446
-6.3628
12.6483
23.5898
33.2496
37.3054
41.2198
42.7872
43.6768
43.7258
44.1642
44.0384
44.4283
102.646
103.061
104.218
104.622
101.556
85.5902
41.3704
-36.239
-106.589
-120.548
-93.173
-55.2611
-20.2373
1.24981
5.33123
0.766249
-10.8216
-10.3599
9.48208
17.6046
22.0548
28.7359
30.3423
32.0776
33.4368
33.9522
33.9981
34.2179
33.9017
34.1761
75.1997
75.2989
75.5747
74.3033
67.6907
43.405
-16.8953
-120.361
-221.43
-239.87
-167.191
-85.3477
-26.9373
6.9351
19.8321
18.3445
13.6481
6.58566
14.4573
16.2889
17.1279
21.1648
22.7339
23.823
24.0864
24.6603
24.6998
24.9151
24.3788
24.2949
46.9595
46.2359
45.0581
42.3481
35.7788
16.8562
-39.6867
-145.176
-263.74
-283.223
-191.366
-100.124
-37.4736
0.616313
14.6427
13.9878
13.6282
9.346
12.8544
11.8267
11.1105
12.3449
13.4409
14.9321
14.5179
14.9582
15.1843
15.268
14.4413
14.866
16.0952
16.4337
16.0103
15.0839
11.9625
3.24604
-24.8229
-73.5278
-123.306
-125.033
-78.3575
-33.6794
-5.52404
7.86684
5.90579
4.57434
5.00289
3.92568
6.02798
5.13744
4.5307
4.07343
3.34041
4.18105
4.30388
4.52417
4.62561
4.78759
4.83677
5.21536
)
;

boundaryField
{
    INLET
    {
        type            zeroGradient;
    }
    OUTLET
    {
        type            fixedValue;
        value           uniform 0;
    }
    WALL
    {
        type            zeroGradient;
    }
    CYLINDER
    {
        type            zeroGradient;
    }
    frontAndBackPlanes
    {
        type            empty;
    }
}


// ************************************************************************* //
