/*--------------------------------*- C++ -*----------------------------------*\
| =========                 |                                                 |
| \\      /  F ield         | OpenFOAM: The Open Source CFD Toolbox           |
|  \\    /   O peration     | Version:  v1912                                 |
|   \\  /    A nd           | Website:  www.openfoam.com                      |
|    \\/     M anipulation  |                                                 |
\*---------------------------------------------------------------------------*/
FoamFile
{
    version     2.0;
    format      ascii;
    class       volScalarField;
    location    "0.12";
    object      p;
}
// * * * * * * * * * * * * * * * * * * * * * * * * * * * * * * * * * * * * * //

dimensions      [0 2 -2 0 0 0 0];


internalField   nonuniform List<scalar> 
6600
(
61.6847
56.9549
54.5219
53.0382
52.2325
51.8862
51.8258
52.1056
52.7022
53.6566
54.8639
56.3985
58.2451
60.5439
63.181
66.24
69.6442
73.3978
77.526
82.003
86.8152
91.9302
97.3567
103.027
108.86
114.785
120.707
126.63
132.414
137.894
142.956
147.404
151.002
153.569
154.854
154.455
151.975
147.086
139.378
128.337
113.449
94.1078
69.7386
39.6715
3.08749
-40.8405
-92.2945
-152.058
-221.854
-294.253
58.381
53.3573
51.4961
49.7456
48.625
47.9975
47.649
47.6231
47.904
48.5125
49.3418
50.5051
52.0136
53.9149
56.2766
58.9124
61.8893
65.1448
68.7
72.5771
76.7111
81.0988
85.727
90.5482
95.4672
100.455
105.249
109.776
114.082
118.04
121.365
123.962
125.609
126.03
125.013
122.084
116.89
109.077
98.2412
83.874
65.413
42.2447
13.7866
-20.6017
-61.6694
-110.253
-166.52
-230.589
-303.126
-376.265
53.8173
48.45
47.4137
45.437
44.126
43.2552
42.683
42.4337
42.5337
42.8879
43.5313
44.4814
45.7323
47.1521
49.08
51.373
53.8952
56.6765
59.713
63.0013
66.495
70.1689
73.9938
77.9181
81.8536
85.6747
89.3324
92.6639
95.5664
97.9116
99.4866
100.106
99.5988
97.7046
94.132
88.5047
80.3979
69.4781
55.346
37.4839
15.3504
-11.6331
-44.0285
-82.4181
-127.406
-179.767
-239.679
-306.397
-378.817
-448.547
48.4203
42.6568
42.2182
40.0203
38.7118
37.6616
36.8946
36.4537
36.3234
36.4784
36.9064
37.6259
38.6951
40.0057
41.3919
43.1929
45.2516
47.5615
50.0771
52.7693
55.6062
58.5591
61.5532
64.5405
67.4922
70.2752
72.6012
74.4379
75.8168
76.5863
76.4127
75.0545
72.3341
68.0172
61.8062
53.365
42.3096
28.2594
10.8204
-10.4717
-36.1217
-66.6274
-102.459
-144.095
-192.02
-246.918
-308.855
-376.239
-446.643
-510.596
42.1635
36.1298
36.0244
33.4809
32.2314
31.1183
30.218
29.5822
29.2658
29.2171
29.4881
29.9659
30.6149
31.6002
32.7812
34.0612
35.5674
37.318
39.2468
41.2844
43.4172
45.5718
47.6751
49.6528
51.4144
52.9464
54.1155
54.6578
54.4425
53.4278
51.4197
48.1074
43.2328
36.5471
27.7681
16.5984
2.67752
-14.339
-34.8199
-59.1896
-87.8472
-121.19
-159.6
-203.44
-253.047
-308.905
-371.021
-437.642
-504.667
-560.958
35.2963
28.9464
28.8951
26.0205
24.7017
23.4557
22.4289
21.6314
21.0864
20.8465
20.817
20.9849
21.3857
21.8658
22.5763
23.4531
24.4106
25.521
26.7495
28.0574
29.39
30.6692
31.835
32.7888
33.4665
33.7455
33.4919
32.567
30.8579
28.1708
24.2994
19.0159
12.0561
3.14759
-8.00025
-21.6685
-38.1317
-57.7037
-80.7231
-107.516
-138.401
-173.669
-213.575
-258.37
-308.308
-363.709
-424.527
-488.915
-551.089
-598.123
27.574
21.0714
20.7012
17.5201
16.1453
14.7512
13.5722
12.6161
11.8645
11.2891
10.8932
10.694
10.5991
10.727
10.9478
11.1908
11.5377
11.933
12.372
12.8471
13.2762
13.5999
13.7379
13.5854
13.0409
12.0885
10.6069
8.34659
5.09229
0.696523
-4.98006
-12.1418
-21.0487
-31.9708
-45.1721
-60.9008
-79.4216
-100.975
-125.82
-154.223
-186.39
-222.51
-262.752
-307.281
-356.305
-410.126
-468.333
-529.004
-585.422
-622.025
18.6064
12.1007
11.5608
8.04906
6.58105
4.99205
3.59111
2.41128
1.40631
0.545094
-0.253272
-0.940801
-1.51158
-2.08432
-2.52936
-2.89508
-3.26294
-3.64799
-4.02818
-4.49498
-5.04174
-5.75411
-6.67517
-7.91888
-9.58588
-11.8139
-14.7259
-18.4127
-23.0429
-28.8667
-36.1245
-44.9845
-55.6099
-68.2149
-83.0528
-100.352
-120.301
-143.111
-168.988
-198.097
-230.579
-266.545
-306.062
-349.203
-396.15
-447.299
-502.35
-558.429
-608.07
-634.381
8.39299
2.23647
1.51668
-2.14911
-3.79062
-5.66466
-7.31808
-8.81366
-10.1894
-11.5086
-12.7846
-14.0609
-15.298
-16.4473
-17.6409
-18.8191
-20.0136
-21.2155
-22.5162
-23.9234
-25.492
-27.2671
-29.308
-31.7055
-34.5825
-38.0047
-42.0994
-47.0368
-53.0238
-60.2398
-68.8381
-79.0001
-90.9249
-104.795
-120.777
-139.041
-159.773
-183.12
-209.213
-238.176
-270.07
-304.93
-342.78
-383.67
-427.707
-475.173
-526.301
-577.559
-620.812
-638.892
-3.1298
-8.63573
-9.5661
-13.1121
-14.8589
-17.0908
-19.1004
-20.994
-22.8682
-24.7072
-26.5973
-28.4952
-30.4504
-32.5154
-34.5094
-36.5232
-38.6125
-40.7478
-43.0011
-45.4286
-48.0137
-50.8424
-53.954
-57.4004
-61.2843
-65.7935
-71.111
-77.3094
-84.443
-92.6909
-102.297
-113.442
-126.257
-140.871
-157.442
-176.109
-196.966
-220.13
-245.701
-273.727
-304.239
-337.239
-372.677
-410.518
-450.898
-494.267
-540.302
-586.321
-624.824
-638.681
-15.816
-20.5698
-21.6242
-24.9029
-26.6884
-29.2523
-31.644
-34.0221
-36.4332
-38.9689
-41.5598
-44.273
-46.9897
-49.7355
-52.7283
-55.7719
-58.8598
-62.0475
-65.3253
-68.7315
-72.3466
-76.2051
-80.3434
-84.8485
-89.8083
-95.2907
-101.437
-108.425
-116.424
-125.566
-135.915
-147.607
-160.815
-175.686
-192.313
-210.77
-231.157
-253.533
-277.927
-304.373
-332.86
-363.339
-395.748
-430.009
-466.037
-504.557
-544.374
-583.383
-615.239
-628.619
-29.1133
-33.1595
-34.1889
-37.3051
-39.2262
-42.0398
-44.9282
-47.8825
-50.8897
-54.1359
-57.5149
-61.0072
-64.8026
-68.6295
-72.45
-76.4718
-80.6279
-84.8603
-89.2203
-93.7059
-98.3498
-103.17
-108.239
-113.613
-119.371
-125.632
-132.544
-140.234
-148.764
-158.239
-168.851
-180.738
-193.974
-208.627
-224.797
-242.571
-261.963
-283
-305.702
-330.035
-355.958
-383.424
-412.302
-442.359
-473.82
-506.402
-538.517
-567.135
-586.245
-597.52
-42.6035
-46.0192
-46.9755
-50.1121
-52.2228
-55.3492
-58.5487
-62.135
-66.0702
-69.9985
-74.2932
-78.725
-83.194
-88.1013
-93.1637
-98.2871
-103.558
-108.949
-114.405
-119.968
-125.593
-131.374
-137.325
-143.506
-150.003
-156.877
-164.208
-172.106
-180.778
-190.381
-200.937
-212.524
-225.27
-239.283
-254.598
-271.215
-289.184
-308.5
-329.105
-350.952
-373.97
-398.032
-422.948
-448.535
-474.789
-500.504
-523.948
-541.315
-547.797
-553.803
-55.9361
-58.7362
-59.6879
-62.8805
-65.3586
-68.9556
-72.6134
-76.6036
-81.1824
-86.2353
-91.3942
-97.0094
-102.81
-108.603
-114.754
-121.058
-127.47
-134.026
-140.67
-147.272
-153.926
-160.62
-167.351
-174.168
-181.142
-188.362
-195.944
-203.976
-212.504
-221.659
-231.651
-242.607
-254.557
-267.527
-281.57
-296.745
-312.994
-330.272
-348.545
-367.705
-387.601
-408.063
-428.833
-450.108
-470.781
-489.54
-504.965
-514.967
-519.926
-521.748
-68.6446
-70.7898
-71.9508
-75.2675
-78.0798
-82.1794
-86.4784
-91.4039
-96.5485
-102.337
-108.689
-115.156
-122.109
-129.416
-136.783
-144.351
-151.988
-159.814
-167.568
-175.333
-183.039
-190.624
-198.128
-205.558
-212.956
-220.38
-227.893
-235.581
-243.625
-252.188
-261.323
-271.138
-281.793
-293.388
-305.93
-319.348
-333.652
-348.792
-364.635
-381.063
-397.94
-415
-432.116
-448.935
-464.703
-478.277
-488.072
-492.919
-498.748
-499.454
-80.595
-81.8178
-83.2402
-86.797
-90.0579
-94.6361
-99.4854
-105.153
-111.467
-118.159
-125.455
-133.404
-141.601
-150.092
-158.861
-167.83
-176.848
-185.933
-195.005
-204.004
-212.77
-221.305
-229.588
-237.545
-245.194
-252.588
-259.853
-267.084
-274.351
-281.786
-289.635
-298.1
-307.26
-317.162
-327.867
-339.436
-351.759
-364.711
-378.212
-392.145
-406.299
-420.39
-434.284
-447.586
-459.555
-469.012
-474.895
-478.627
-480.809
-482.31
-90.9999
-91.9373
-93.3493
-97.0986
-100.595
-105.895
-111.535
-117.894
-125.226
-133.207
-141.5
-150.38
-160.029
-170.088
-180.463
-190.921
-201.528
-212.051
-222.523
-232.814
-242.833
-252.467
-261.586
-270.126
-278.069
-285.453
-292.339
-298.79
-304.968
-311.145
-317.432
-324.01
-331.168
-339.112
-347.903
-357.451
-367.735
-378.691
-390.15
-401.96
-413.866
-425.49
-436.676
-447.06
-455.987
-462.423
-465.752
-469.001
-469.961
-471.098
-98.7048
-99.6404
-101.368
-105.539
-109.383
-115.325
-121.736
-129.097
-137.253
-146.311
-156.244
-166.626
-177.479
-188.894
-200.834
-213.173
-225.508
-237.802
-249.937
-261.789
-273.221
-284.062
-294.173
-303.432
-311.736
-319.038
-325.413
-331.016
-335.979
-340.42
-344.694
-349.189
-354.149
-359.782
-366.271
-373.753
-382.144
-391.276
-401.081
-411.368
-421.348
-430.708
-439.616
-447.493
-453.489
-457.028
-460.328
-461.684
-462.695
-463.218
-103.325
-104.363
-106.856
-111.467
-115.981
-122.736
-129.857
-138.155
-147.364
-157.415
-168.409
-180.388
-193.011
-206.235
-219.912
-233.98
-248.312
-262.617
-276.725
-290.436
-303.544
-315.9
-327.288
-337.52
-346.429
-353.908
-359.983
-364.691
-368.18
-370.816
-372.847
-374.607
-376.656
-379.498
-383.473
-388.65
-395.038
-402.63
-411.354
-420.275
-428.509
-436.488
-443.53
-448.606
-451.426
-453.55
-455.152
-456.501
-457.554
-457.834
-105.294
-106.941
-110.109
-114.868
-120.248
-127.518
-135.195
-144.722
-155.018
-166.358
-178.685
-191.927
-206.077
-221.043
-236.786
-253.032
-269.521
-286.093
-302.473
-318.404
-333.665
-347.95
-361.002
-372.588
-382.466
-390.42
-396.327
-400.251
-402.389
-402.894
-402.183
-400.904
-399.637
-399.041
-399.696
-402.08
-406.428
-412.817
-420.465
-428.029
-435.779
-442.936
-447.812
-450.037
-450.559
-451.159
-452.029
-453.397
-454.489
-454.834
-104.617
-107.105
-111.103
-116.157
-122.21
-130.039
-138.291
-148.406
-159.778
-172.115
-185.704
-200.542
-216.455
-233.378
-250.952
-269.323
-288.361
-307.56
-326.636
-345.246
-363.092
-379.779
-395.034
-408.533
-419.909
-428.864
-435.163
-438.745
-439.612
-438.071
-434.583
-429.614
-424.057
-418.945
-415.37
-414.164
-415.72
-420.293
-426.703
-434.67
-443.078
-449.28
-452.182
-452.391
-451.947
-451.252
-451.51
-452.319
-453.015
-453.438
-101.49
-104.49
-109.827
-115.019
-121.823
-130.025
-138.923
-149.423
-161.488
-175.075
-189.847
-205.921
-223.379
-242.113
-262.068
-282.873
-304.4
-326.421
-348.571
-370.384
-391.418
-411.227
-429.374
-445.411
-458.937
-469.529
-476.796
-480.533
-480.696
-477.302
-470.711
-461.698
-451.21
-440.553
-431.174
-424.578
-421.685
-423.616
-430.099
-439.696
-448.75
-454.618
-456.778
-456.708
-455.187
-453.761
-452.536
-451.69
-451.398
-451.622
-96.5308
-100.396
-105.776
-111.714
-118.911
-127.359
-137.035
-148.107
-160.353
-174.457
-190.413
-207.912
-226.977
-247.387
-269.241
-292.623
-317.018
-342.095
-367.615
-393.077
-417.906
-441.534
-463.356
-482.789
-499.309
-512.479
-521.762
-526.53
-526.523
-521.729
-512.551
-499.363
-483.108
-465.275
-447.966
-433.859
-424.546
-422.384
-428.105
-439.256
-450.572
-457.592
-460.835
-460.46
-458.29
-455.253
-452.289
-449.822
-448.514
-448.143
-89.1776
-94.8982
-99.7865
-106.306
-113.593
-122.241
-132.34
-143.951
-156.791
-171.232
-187.758
-206.062
-226.399
-248.707
-272.832
-298.433
-325.536
-353.919
-383.112
-412.604
-441.785
-469.966
-496.35
-520.187
-540.827
-557.565
-569.641
-576.405
-577.488
-572.58
-561.254
-543.945
-521.53
-495.606
-468.604
-443.295
-423.241
-413.027
-416.741
-430.687
-446.104
-455.673
-459.885
-460.48
-457.915
-453.946
-449.815
-446.132
-443.742
-442.487
-82.1765
-88.7216
-93.324
-99.8325
-106.931
-115.318
-125.225
-136.815
-150.031
-165.162
-182.026
-201.012
-222.291
-245.928
-271.77
-299.792
-329.736
-361.378
-394.393
-428.225
-462.225
-495.587
-527.414
-556.749
-582.621
-604.156
-620.583
-630.93
-634.368
-630.182
-618.065
-597.831
-570.028
-535.494
-496.179
-455.804
-419.993
-398.685
-397.112
-411.201
-431.188
-446.611
-453.969
-456.86
-456.332
-453.363
-448.894
-444.223
-440.828
-438.585
-76.5392
-83.7421
-86.5306
-92.582
-99.0206
-107.135
-116.68
-127.967
-141.106
-156.218
-173.244
-192.711
-214.734
-239.336
-266.602
-296.507
-329.089
-364.002
-400.874
-439.24
-478.435
-517.607
-555.699
-591.551
-623.993
-651.909
-674.06
-689.094
-696.24
-694.846
-683.848
-662.379
-629.971
-587.467
-536.314
-479.334
-424.096
-383.625
-369.911
-381.034
-406.069
-430.857
-450.45
-460.609
-462.958
-460.223
-455.102
-449.322
-444.584
-441.514
-71.3474
-76.6702
-79.0834
-85.0577
-90.7147
-98.3758
-107.067
-117.708
-130.359
-145.033
-162.134
-181.699
-203.845
-228.872
-257.247
-288.816
-323.592
-361.465
-402.11
-445.069
-489.671
-535.005
-580.002
-623.382
-663.72
-699.498
-729.065
-751.063
-764.13
-767.068
-758.787
-738.277
-704.321
-656.812
-595.473
-519.666
-440.017
-382.379
-355.8
-359.342
-385.337
-417.642
-448.632
-465.877
-471.724
-470.621
-464.934
-458.3
-453.398
-451.053
-64.7153
-67.5513
-71.4673
-76.3519
-81.8366
-89.3889
-97.2806
-107.068
-118.761
-132.765
-149.273
-168.323
-190.347
-215.699
-244.577
-277.017
-313.423
-353.732
-397.866
-445.369
-495.462
-547.22
-599.553
-651.219
-700.592
-745.742
-784.605
-815.342
-836.071
-845.696
-842.575
-826.18
-795.226
-744.917
-673.031
-583.114
-490.646
-412.671
-366.542
-359.526
-383.44
-416.178
-448.022
-465.944
-472.441
-471.944
-467.241
-462.053
-458.72
-457.623
-59.2565
-56.9172
-63.9267
-67.2524
-72.7729
-80.126
-87.2448
-96.5076
-107.175
-120.113
-135.538
-153.785
-175.332
-200.285
-229.158
-262.036
-299.323
-341.339
-388.318
-440.075
-495.597
-553.851
-613.864
-674.472
-733.902
-789.77
-839.404
-880.681
-911.889
-931.188
-935.897
-925.02
-899.883
-845.951
-768.151
-675.429
-580.077
-491.425
-436.382
-414.993
-418.265
-436.351
-454.42
-465.191
-468.234
-465.832
-462.46
-459.524
-458.797
-459.513
-79.3867
-50.1547
-57.7322
-58.7631
-64.8419
-71.2653
-77.4048
-86.673
-96.4282
-108.323
-122.726
-139.645
-160.088
-184.513
-212.9
-245.642
-283.359
-326.351
-375.231
-430.412
-490.793
-555.371
-623.16
-693.24
-763.278
-829.645
-890.89
-945.138
-988.585
-1019.88
-1035.93
-1030.2
-1006.32
-961.364
-882.026
-793.27
-699.351
-622.73
-564.631
-524.78
-501.337
-490.511
-485.246
-480.385
-472.441
-464.135
-458.135
-456.217
-457.247
-459.104
61.3214
56.5732
54.1473
52.7054
51.9306
51.5953
51.5725
51.8841
52.5291
53.5506
54.8149
56.417
58.3242
60.682
63.4
66.5274
70.0437
73.9381
78.2304
82.9081
87.9416
93.3205
99.0421
105.057
111.308
117.683
124.167
130.804
137.336
143.585
149.457
154.889
159.66
163.552
166.338
167.691
167.194
164.49
159.243
150.986
139.218
123.383
102.849
76.9425
45.03
6.28428
-39.5399
-92.9098
-157.358
-223.256
57.993
52.9786
51.1318
49.4059
48.3071
47.6986
47.3854
47.3935
47.7272
48.3953
49.3019
50.5129
52.0675
54.007
56.4663
59.1838
62.2764
65.6769
69.414
73.4845
77.8519
82.515
87.453
92.619
97.962
103.386
108.615
113.751
118.844
123.723
128.002
131.567
134.327
136.028
136.43
135.208
131.942
126.246
117.758
106.004
90.4883
70.6024
45.7295
15.2005
-21.6195
-65.5843
-116.859
-175.518
-243.733
-312.081
53.418
48.0762
47.0401
45.0884
43.801
42.9513
42.4211
42.2007
42.3452
42.745
43.4473
44.4528
45.7688
47.2929
49.2439
51.6564
54.317
57.2577
60.4924
63.981
67.7266
71.6912
75.8479
80.1353
84.5047
88.904
93.0257
96.8426
100.413
103.612
106.186
107.898
108.548
107.917
105.748
101.749
95.501
86.6091
74.7161
59.3195
39.8865
15.8752
-13.2861
-48.207
-89.5014
-137.978
-193.796
-256.306
-325.456
-391.971
48.008
42.2801
41.8338
39.6687
38.3812
37.3555
36.6231
36.2079
36.1279
36.3381
36.8185
37.5977
38.7165
40.1134
41.618
43.5332
45.748
48.2404
50.9559
53.879
56.9784
60.2349
63.5707
66.9407
70.2869
73.6118
76.6452
79.1423
81.1798
82.6808
83.3756
83.0583
81.5294
78.5095
73.7173
66.8485
57.5532
45.4459
30.1121
11.0809
-12.1374
-40.0272
-73.0648
-111.78
-156.719
-208.599
-267.511
-332.01
-400.499
-463.006
41.7436
35.7407
35.6486
33.1286
31.9013
30.8165
29.951
29.3497
29.0933
29.0867
29.4109
29.9636
30.7039
31.7266
33.043
34.4897
36.1692
38.1068
40.2605
42.5425
44.9638
47.4408
49.9122
52.3192
54.5652
56.6264
58.404
59.632
60.1763
59.9354
58.7713
56.443
52.7039
47.2989
39.926
30.294
18.0468
2.82334
-15.737
-38.0766
-64.6363
-95.8133
-131.98
-173.551
-220.956
-274.79
-335.022
-399.902
-466.592
-523.576
34.8689
28.5503
28.5308
25.6631
24.3794
23.173
22.1821
21.4353
20.942
20.7397
20.7721
21.0142
21.5125
22.1455
22.9543
23.9767
25.1194
26.4279
27.883
29.4557
31.0822
32.6954
34.2375
35.6233
36.7534
37.5929
38.0211
37.8392
36.8994
35.0264
31.9976
27.6569
21.7826
14.0848
4.28918
-7.91535
-22.8344
-40.7842
-62.123
-87.205
-116.369
-149.937
-188.196
-231.451
-280.007
-334.294
-394.386
-458.437
-522.085
-572.013
27.1345
20.6581
20.3521
17.1606
15.835
14.4837
13.3404
12.4387
11.7396
11.216
10.9112
10.7818
10.7952
11.0395
11.4028
11.8039
12.3334
12.9298
13.6212
14.3663
15.0999
15.7826
16.3138
16.6265
16.5913
16.1337
15.1972
13.6026
11.1478
7.62527
2.87583
-3.30401
-11.1537
-20.9369
-32.9206
-47.3339
-64.4796
-84.6459
-108.085
-135.102
-165.975
-200.929
-240.163
-283.89
-332.354
-385.907
-444.412
-506.116
-565.539
-606.884
18.1583
11.6761
11.213
7.68785
6.28411
4.73698
3.37738
2.24387
1.29404
0.491744
-0.225683
-0.842683
-1.29187
-1.7254
-2.0491
-2.22574
-2.4029
-2.55901
-2.69046
-2.87519
-3.09844
-3.44242
-3.9688
-4.76766
-5.93327
-7.58422
-9.87621
-12.9533
-16.8999
-21.9224
-28.296
-36.1896
-45.7934
-57.343
-71.0645
-87.2197
-106.028
-127.705
-152.492
-180.604
-212.225
-247.517
-286.617
-329.67
-376.902
-428.69
-484.731
-542.933
-596.813
-628.66
7.97645
1.83201
1.15487
-2.5007
-4.06873
-5.91068
-7.51887
-8.95405
-10.2891
-11.5268
-12.7304
-13.8894
-15.0503
-16.0592
-17.0811
-18.1267
-19.0967
-20.0643
-21.1194
-22.2231
-23.4675
-24.8659
-26.4901
-28.4264
-30.7935
-33.6943
-37.2093
-41.5046
-46.8149
-53.3041
-61.0876
-70.3646
-81.3596
-94.2823
-109.329
-126.651
-146.466
-168.968
-194.297
-222.623
-254.086
-288.786
-326.796
-368.212
-413.216
-462.231
-515.081
-568.765
-616.051
-638.53
-3.46716
-9.02262
-9.9195
-13.4305
-15.1236
-17.3291
-19.2894
-21.1292
-22.948
-24.7069
-26.5308
-28.3369
-30.1541
-32.1222
-33.9429
-35.7642
-37.6438
-39.5779
-41.5482
-43.6722
-45.9306
-48.3905
-51.0935
-54.1021
-57.518
-61.4907
-66.1961
-71.7456
-78.205
-85.7692
-94.6833
-105.09
-117.126
-130.951
-146.725
-164.647
-184.851
-207.448
-232.577
-260.35
-290.84
-324.103
-360.173
-399.108
-441.058
-486.326
-534.932
-583.88
-625.341
-641.052
-16.1718
-20.9596
-21.9649
-25.2041
-26.9527
-29.4908
-31.8267
-34.1575
-36.513
-38.9784
-41.4832
-44.0876
-46.6946
-49.2853
-52.134
-54.9783
-57.8783
-60.8099
-63.8287
-66.9434
-70.2311
-73.7291
-77.466
-81.5216
-86.0019
-90.9928
-96.6023
-102.998
-110.375
-118.862
-128.556
-139.608
-152.182
-166.431
-182.488
-200.426
-220.374
-242.448
-266.709
-293.218
-322.026
-353.162
-386.618
-422.363
-460.429
-501.328
-544.536
-587.898
-624.419
-637.945
-29.5609
-33.5155
-34.5171
-37.601
-39.48
-42.2682
-45.1094
-47.9996
-50.9486
-54.118
-57.4209
-60.8016
-64.4807
-68.1723
-71.8062
-75.6552
-79.6058
-83.604
-87.6981
-91.8776
-96.1867
-100.645
-105.333
-110.28
-115.575
-121.361
-127.792
-134.968
-142.941
-151.854
-161.915
-173.255
-185.981
-200.173
-215.919
-233.353
-252.545
-273.523
-296.338
-321.029
-347.589
-375.985
-406.184
-438.139
-471.827
-507.464
-543.831
-578.925
-606.764
-620.206
-43.0648
-46.3377
-47.2888
-50.3875
-52.4513
-55.5438
-58.6936
-62.2351
-66.1083
-69.9696
-74.1683
-78.526
-82.864
-87.6357
-92.5709
-97.5025
-102.528
-107.677
-112.864
-118.125
-123.422
-128.847
-134.43
-140.215
-146.295
-152.729
-159.61
-167.065
-175.279
-184.393
-194.478
-205.63
-217.976
-231.637
-246.702
-263.177
-281.104
-300.538
-321.478
-343.892
-367.741
-392.968
-419.445
-446.983
-476.002
-505.519
-533.75
-557.17
-570.94
-581.85
-56.3453
-59.0346
-59.9671
-63.121
-65.5561
-69.1356
-72.7454
-76.6912
-81.2079
-86.2008
-91.2796
-96.7751
-102.483
-108.124
-114.101
-120.229
-126.454
-132.755
-139.132
-145.439
-151.773
-158.119
-164.482
-170.922
-177.496
-184.31
-191.49
-199.148
-207.322
-216.133
-225.761
-236.359
-248.015
-260.774
-274.664
-289.77
-306.124
-323.674
-342.385
-362.234
-383.135
-404.914
-427.32
-450.383
-473.818
-496.54
-516.816
-531.212
-536.097
-541.039
-69.0084
-71.0692
-72.1962
-75.4761
-78.2511
-82.3325
-86.5838
-91.4683
-96.5581
-102.272
-108.547
-114.923
-121.751
-128.923
-136.135
-143.492
-150.929
-158.529
-166.023
-173.496
-180.879
-188.125
-195.281
-202.363
-209.411
-216.479
-223.634
-230.967
-238.661
-246.916
-255.835
-265.484
-275.971
-287.419
-299.913
-313.416
-327.886
-343.322
-359.678
-376.842
-394.675
-413.017
-431.688
-450.449
-468.554
-485.02
-498.254
-506.705
-512.991
-514.91
-80.8897
-82.0142
-83.4376
-86.9539
-90.1869
-94.7308
-99.5413
-105.172
-111.441
-118.074
-125.291
-133.136
-141.228
-149.57
-158.174
-166.972
-175.772
-184.624
-193.429
-202.139
-210.597
-218.8
-226.731
-234.334
-241.634
-248.692
-255.644
-262.621
-269.707
-276.991
-284.668
-292.975
-302.056
-311.967
-322.71
-334.337
-346.86
-360.168
-374.131
-388.669
-403.69
-418.975
-434.301
-449.206
-462.975
-474.836
-483.518
-487.902
-492.613
-494.411
-91.1504
-92.0323
-93.4619
-97.1877
-100.673
-105.949
-111.557
-117.879
-125.163
-133.074
-141.3
-150.089
-159.615
-169.585
-179.77
-190.044
-200.434
-210.717
-220.934
-230.939
-240.646
-249.944
-258.716
-266.917
-274.558
-281.666
-288.299
-294.504
-300.44
-306.428
-312.68
-319.332
-326.559
-334.531
-343.396
-353.134
-363.634
-374.813
-386.606
-398.892
-411.468
-424.015
-436.39
-448.295
-458.888
-466.881
-471.432
-476
-477.636
-479.545
-98.7207
-99.6792
-101.394
-105.568
-109.403
-115.319
-121.704
-129.045
-137.147
-146.142
-155.993
-166.317
-177.031
-188.301
-200.125
-212.243
-224.374
-236.418
-248.298
-259.859
-270.973
-281.48
-291.239
-300.149
-308.115
-315.104
-321.243
-326.708
-331.642
-336.135
-340.441
-344.938
-349.976
-355.801
-362.487
-370.081
-378.607
-387.943
-397.891
-408.307
-418.818
-429.057
-439.055
-448.407
-456.252
-461.569
-464.316
-466.509
-468.145
-469.315
-103.226
-104.318
-106.833
-111.43
-115.919
-122.663
-129.761
-138.027
-147.207
-157.21
-168.123
-180.008
-192.536
-205.603
-219.128
-233.025
-247.117
-261.169
-275.003
-288.407
-301.197
-313.201
-324.238
-334.129
-342.718
-349.948
-355.823
-360.391
-363.784
-366.364
-368.513
-370.603
-373.02
-376.105
-380.243
-385.63
-392.19
-399.774
-408.311
-417.343
-426.115
-434.573
-442.5
-449.277
-454.271
-457.308
-460.149
-460.95
-462.226
-462.821
-105.102
-106.81
-109.983
-114.734
-120.148
-127.407
-135.05
-144.559
-154.794
-166.069
-178.338
-191.488
-205.549
-220.381
-235.922
-251.991
-268.25
-284.57
-300.638
-316.243
-331.157
-345.076
-357.763
-368.98
-378.476
-386.068
-391.7
-395.537
-397.751
-398.52
-398.174
-397.21
-396.293
-396.17
-397.287
-399.893
-404.195
-410.288
-417.761
-425.615
-433.421
-440.817
-446.717
-450.628
-452.673
-454.616
-455.884
-457.059
-458.165
-458.577
-104.407
-106.907
-110.899
-115.967
-122.062
-129.853
-138.078
-148.171
-159.5
-171.781
-185.313
-200.056
-215.849
-232.651
-250.047
-268.196
-286.995
-305.912
-324.663
-342.925
-360.395
-376.697
-391.538
-404.604
-415.577
-424.199
-430.27
-433.732
-434.628
-433.183
-429.992
-425.697
-421.045
-416.773
-413.783
-412.914
-414.565
-418.872
-425.155
-432.769
-440.931
-447.586
-451.374
-452.372
-452.716
-452.962
-453.703
-454.75
-455.741
-456.192
-101.281
-104.255
-109.595
-114.782
-121.591
-129.78
-138.65
-149.106
-161.168
-174.704
-189.398
-205.381
-222.709
-241.293
-261.072
-281.659
-302.92
-324.625
-346.428
-367.847
-388.457
-407.826
-425.505
-441.05
-454.158
-464.323
-471.21
-474.685
-474.811
-471.786
-465.937
-457.778
-448.209
-438.678
-430.602
-424.937
-422.451
-423.917
-429.62
-438.506
-447.428
-453.65
-456.203
-455.889
-454.598
-453.852
-453.646
-453.888
-454.35
-454.816
-96.2061
-100.101
-105.529
-111.437
-118.625
-127.051
-136.72
-147.769
-159.937
-174.013
-189.892
-207.299
-226.253
-246.5
-268.179
-291.308
-315.407
-340.151
-365.278
-390.286
-414.613
-437.717
-459.007
-477.889
-493.869
-506.535
-515.418
-519.978
-519.997
-515.456
-506.712
-494.427
-479.752
-463.926
-448.597
-435.959
-427.361
-425.045
-429.895
-439.781
-450.65
-457.795
-460.568
-460.529
-458.699
-456.563
-454.549
-453.118
-452.416
-452.449
-88.8182
-94.5387
-99.4766
-105.973
-113.267
-121.902
-131.971
-143.544
-156.332
-170.787
-187.197
-205.401
-225.6
-247.758
-271.671
-297.019
-323.809
-351.816
-380.57
-409.558
-438.156
-465.695
-491.444
-514.645
-534.607
-550.803
-562.424
-568.84
-569.699
-564.871
-554.195
-538.227
-517.686
-494.103
-469.976
-447.786
-429.899
-420.057
-421.567
-433.473
-448.179
-458.09
-462.402
-462.412
-460.385
-457.114
-453.531
-450.588
-448.872
-448.275
-81.7828
-88.3183
-92.9462
-99.433
-106.553
-114.932
-124.819
-136.389
-149.577
-164.642
-181.379
-200.314
-221.469
-244.911
-270.542
-298.29
-327.888
-359.118
-391.644
-424.914
-458.261
-490.9
-521.952
-550.513
-575.612
-596.394
-612.139
-622.017
-625.227
-621.202
-609.468
-590.128
-564.127
-532.888
-498.139
-462.446
-430.045
-409.253
-405.832
-416.887
-436.171
-451.403
-458.205
-459.924
-458.326
-454.971
-450.851
-446.972
-444.382
-442.845
-76.0938
-83.2704
-86.1223
-92.1494
-98.6089
-106.7
-116.249
-127.519
-140.59
-155.634
-172.614
-191.974
-213.829
-238.252
-265.306
-294.938
-327.152
-361.607
-397.924
-435.651
-474.098
-512.42
-549.585
-584.477
-615.947
-642.852
-664.171
-678.712
-685.508
-683.774
-672.873
-652.353
-622.123
-582.978
-536.392
-485.508
-435.768
-398.626
-383.111
-390.242
-412.2
-435.026
-449.434
-457.315
-459.182
-456.882
-452.594
-447.873
-444.45
-442.179
-70.8938
-76.2065
-78.6816
-84.623
-90.3014
-97.9071
-106.61
-117.205
-129.834
-144.485
-161.512
-180.93
-202.901
-227.781
-255.915
-287.195
-321.584
-358.961
-398.98
-441.216
-484.976
-529.344
-573.233
-615.416
-654.5
-689.004
-717.421
-738.496
-750.99
-753.714
-745.522
-725.509
-692.866
-647.781
-591.495
-524.964
-453.594
-394.997
-366.062
-366.508
-389.285
-422.337
-446.767
-462.282
-467.227
-465.373
-460.406
-454.668
-450.177
-447.404
-64.2835
-67.1311
-71.0785
-75.9278
-81.4308
-88.9353
-96.8207
-106.554
-118.243
-132.189
-148.612
-167.54
-189.418
-214.597
-243.199
-275.369
-311.354
-351.127
-394.588
-441.279
-490.443
-541.124
-592.208
-642.436
-690.238
-733.781
-771.093
-800.501
-820.289
-829.426
-826.285
-809.399
-778.222
-730.896
-666.163
-583.292
-495.737
-421.016
-373.738
-355.178
-376.118
-413.169
-445.004
-466.364
-473.628
-472.705
-467.331
-461.682
-457.679
-455.943
-58.8172
-56.4878
-63.5516
-66.8402
-72.3451
-79.6838
-86.802
-96.0148
-106.642
-119.493
-134.863
-153.029
-174.434
-199.168
-227.75
-260.334
-297.191
-338.678
-384.927
-435.776
-490.268
-547.329
-605.934
-664.882
-722.444
-776.249
-823.966
-863.601
-893.062
-911.241
-915.899
-904.844
-877.665
-830.135
-756.987
-664.095
-568.333
-485.82
-422.099
-396.484
-400.109
-421.911
-445.689
-462.388
-469.336
-469.043
-465.889
-462.364
-460.282
-459.999
-78.879
-49.7114
-57.3547
-58.3437
-64.3969
-70.8175
-76.9622
-86.1865
-95.9085
-107.743
-122.065
-138.892
-159.185
-183.389
-211.463
-243.833
-281.144
-323.637
-371.726
-425.936
-485.199
-548.439
-614.661
-682.718
-750.671
-814.897
-873.592
-925.711
-966.925
-996.03
-1011.45
-1007.97
-983.772
-939.741
-863.567
-772.423
-678.987
-593.803
-531.374
-489.115
-469.328
-465.022
-469.736
-471.905
-470.238
-466.019
-461.74
-459.464
-459.523
-460.719
-66.3308
-38.4114
-47.0338
-50.1614
-57.0442
-63.5337
-69.8382
-77.6253
-86.7035
-98.0542
-111.528
-127.556
-146.882
-169.689
-196.81
-229.546
-267.955
-311.835
-362.01
-419.399
-484.257
-555.806
-632.148
-711.457
-791.344
-869.118
-941.356
-1005.43
-1060.17
-1102.52
-1133.05
-1141.88
-1117.66
-1056.19
-978.149
-888.489
-799.656
-722.45
-657.831
-605.26
-566.88
-538.723
-516.836
-497.547
-480.643
-466.698
-458.676
-457.544
-459.256
-461.014
-49.8686
-44.5245
-47.802
-50.163
-53.9844
-59.2406
-65.6943
-73.1886
-82.2504
-93.2347
-106.549
-123.203
-143.404
-168.044
-197.71
-233.456
-275.38
-323.95
-380.535
-445.91
-520.131
-601.851
-689.372
-781.679
-875.577
-966.865
-1051.04
-1125.4
-1187.28
-1233.73
-1256.84
-1247.62
-1206.12
-1144.08
-1066.8
-982.455
-897.235
-821.112
-756.012
-700.079
-651.109
-608.282
-569.78
-535.038
-503.949
-479.216
-464.435
-459.629
-461.912
-464.171
-39.1162
-42.9295
-46.8375
-49.4368
-52.3163
-56.8013
-63.4261
-71.3293
-80.7337
-92.1394
-106.206
-124.645
-147.97
-176.811
-210.787
-250.792
-298.98
-356.527
-423.638
-500.025
-585.605
-680.343
-782.949
-890.669
-998.461
-1099.39
-1190.91
-1271.14
-1334.87
-1370.51
-1371.93
-1347.51
-1300.21
-1236.6
-1160.68
-1080.57
-1001.45
-925.37
-853.705
-787.774
-727.3
-671.872
-621.343
-575.709
-535.505
-502.245
-478.791
-467.233
-467.57
-470.973
-33.8558
-37.7067
-41.7114
-45.4637
-48.7582
-53.6677
-60.2949
-68.5612
-78.5992
-90.9725
-106.918
-127.521
-153.73
-185.847
-224.861
-271.918
-328.859
-396.125
-474.076
-563.984
-666.878
-781.059
-902.553
-1025.08
-1143.21
-1253.26
-1352.79
-1435.57
-1488.49
-1505.82
-1494.87
-1459.89
-1406.57
-1338.32
-1262.42
-1181.03
-1098.28
-1016.21
-937.163
-861.997
-791.69
-726.597
-667.223
-614.19
-568.107
-529.705
-500.232
-481.839
-475.546
-482.321
-28.5361
-31.7749
-35.1398
-39.168
-42.9578
-47.9619
-54.4537
-63.015
-73.6813
-87.0697
-104.747
-127.378
-156.206
-192.168
-237.193
-291.952
-356.962
-434.566
-527.431
-637.267
-762.681
-898.391
-1037.38
-1173.59
-1304.2
-1426.55
-1529.89
-1600.9
-1636.19
-1641.03
-1618.42
-1573.98
-1512.58
-1438.94
-1356.97
-1269.5
-1179.73
-1090.59
-1003.47
-920.221
-841.794
-769.267
-703.584
-645.511
-595.782
-554.69
-522.393
-499.839
-490.247
-498.324
-22.4953
-25.2152
-27.9905
-31.2218
-34.5072
-38.9268
-45.2662
-54.1777
-65.2308
-79.4926
-97.9633
-122.09
-153.807
-194.521
-245.426
-307.024
-381.621
-473.68
-587.133
-721.388
-870.566
-1027.31
-1184.43
-1337.67
-1483.02
-1609.16
-1699.21
-1752.51
-1772.89
-1763.83
-1729.12
-1674.32
-1604.31
-1522.16
-1431.79
-1336.9
-1239.89
-1143.35
-1049.24
-959.066
-874.392
-796.441
-726.374
-665.162
-613.397
-571.279
-538.662
-516.064
-506.068
-507.629
-15.6977
-17.3495
-18.8287
-20.9575
-23.9421
-27.808
-33.3862
-41.517
-52.0235
-65.9762
-85.0654
-110.696
-145.589
-190.441
-246.57
-317.271
-406.268
-517.846
-655.177
-814.895
-988.446
-1167.16
-1345.8
-1516.52
-1664.22
-1772.22
-1844.88
-1882.66
-1887.82
-1864.39
-1818.3
-1752.28
-1671.79
-1580.38
-1481.79
-1379.32
-1275.48
-1172.48
-1072.19
-976.553
-886.994
-805.079
-732.118
-669.003
-616.41
-574.484
-543.086
-522.213
-512.058
-510.352
-6.96143
-7.78461
-8.38399
-9.24107
-11.0071
-13.8096
-17.5595
-23.3896
-32.3629
-45.6915
-66.0248
-93.7368
-129.966
-177.889
-241.352
-325.21
-432.793
-566.568
-729.529
-916.495
-1115.3
-1317.9
-1513.84
-1681.79
-1811.84
-1903.27
-1959.18
-1981.79
-1972.42
-1935.53
-1876.55
-1800.23
-1709.92
-1610.31
-1504.43
-1395.36
-1285.42
-1176.81
-1071.62
-971.53
-878.35
-793.589
-718.608
-654.398
-601.502
-560.187
-530.193
-511.068
-502.581
-501.806
2.99176
3.53747
4.13907
5.20967
5.7327
5.49666
4.41468
0.665928
-7.59314
-20.4716
-39.4718
-67.0338
-104.796
-156.816
-228.84
-328.101
-457.688
-617.384
-806.217
-1020.53
-1244.78
-1462.14
-1648.83
-1800.85
-1914.9
-1992.55
-2033.16
-2041.64
-2019.45
-1971.1
-1901.22
-1815.83
-1718.3
-1611.72
-1499.69
-1384.98
-1270.06
-1157.04
-1047.82
-944.435
-848.572
-761.827
-685.564
-620.678
-567.769
-526.947
-497.886
-479.987
-472.977
-473.301
14.0559
16.9546
20.1369
23.8821
27.2694
28.8853
29.6165
29.114
24.533
14.2416
-2.69249
-28.6121
-66.5047
-121.752
-201.762
-316.054
-468.821
-657.68
-874.024
-1109.46
-1343.23
-1553.35
-1729.35
-1867.65
-1967.25
-2034.02
-2062.18
-2057.45
-2027.58
-1970.14
-1892.83
-1801.05
-1697.66
-1586.02
-1469.33
-1350.41
-1231.65
-1115.11
-1002.98
-897.185
-799.523
-711.585
-634.594
-569.444
-516.58
-476.05
-447.448
-430.016
-423.301
-423.473
27.7057
33.0472
38.214
43.8262
50.5806
56.7162
60.9815
64.1329
64.7209
60.2453
48.7673
27.3162
-8.96021
-67.498
-156.691
-286.227
-458.043
-665.802
-901.69
-1149.47
-1381.8
-1583.23
-1750.82
-1880.13
-1969.49
-2024.11
-2047.12
-2036.1
-1997.99
-1936.49
-1855.77
-1759.98
-1652.88
-1537.82
-1417.89
-1295.88
-1174.2
-1055.21
-941.089
-833.842
-735.306
-646.964
-569.992
-505.099
-452.612
-412.372
-383.831
-366.241
-358.817
-357.731
41.1464
48.8832
57.7047
66.3974
76.1834
87.3609
97.9458
108.032
116.832
121.56
118.616
103.088
68.1928
5.45862
-92.5202
-231.913
-413.919
-632.65
-879.907
-1129.55
-1360.06
-1553.91
-1714.62
-1839.46
-1925.55
-1975.97
-1995.28
-1983.28
-1943.44
-1880.26
-1798.06
-1700.65
-1591.53
-1474.19
-1351.95
-1227.73
-1104.2
-983.783
-868.749
-761.187
-662.853
-575.165
-499.087
-435.171
-383.53
-343.85
-315.527
-297.659
-289.27
-286.857
53.4842
63.2305
75.486
89.3086
104.53
122.272
141.323
161.024
180.523
196.731
204.104
193.69
158.687
95.4798
-5.08584
-151.332
-338.962
-559.669
-808.889
-1055.32
-1281.32
-1478.38
-1639.5
-1763.99
-1852.9
-1906.02
-1925.5
-1914.06
-1875.05
-1812.46
-1730.37
-1632.36
-1522.15
-1403.61
-1280.23
-1155.08
-1030.91
-910.295
-795.624
-688.953
-591.973
-505.933
-431.647
-369.493
-319.408
-280.93
-253.269
-235.407
-226.18
-222.605
64.6663
78.1882
94.0774
113.396
135.723
161.211
189.898
219.997
248.216
270.594
282.786
278.557
248.366
184.983
86.6054
-63.8053
-251.428
-467.448
-710.926
-957.272
-1184.04
-1385.27
-1554.18
-1686.14
-1780.51
-1837.68
-1859.5
-1849.29
-1811.04
-1748.74
-1666.34
-1568.21
-1458.53
-1340.66
-1217.64
-1092.62
-968.701
-848.756
-735.254
-630.194
-535.123
-451.15
-378.947
-318.74
-270.343
-233.175
-206.371
-188.811
-179.156
-174.864
75.6645
91.166
109.71
131.644
157.477
187.055
219.729
253.351
285.379
313.09
329.65
325.657
295.94
234.22
134.575
-10.561
-199.497
-413.307
-645.423
-888.33
-1118.36
-1321.91
-1493.17
-1628.88
-1726.92
-1787.34
-1812.25
-1805.16
-1769.94
-1710.24
-1629.94
-1533.17
-1423.92
-1305.79
-1182.27
-1056.92
-933.047
-813.563
-700.881
-596.93
-503.144
-420.517
-349.607
-290.542
-243.059
-206.532
-180.063
-162.473
-152.427
-147.548
75.7339
91.2078
109.904
132.077
158.028
187.425
219.854
253.109
284.682
312.272
328.769
324.504
294.87
231.16
131.054
-14.8061
-205.851
-422.361
-653.72
-894.83
-1124.47
-1327.75
-1498.84
-1633.95
-1731.16
-1790.73
-1814.77
-1806.72
-1770.47
-1709.96
-1629.18
-1532.12
-1422.37
-1303.52
-1179.35
-1053.53
-929.385
-809.78
-697.103
-593.252
-499.654
-417.243
-346.501
-287.474
-239.811
-202.823
-175.578
-156.961
-145.871
-140.175
64.5963
77.9862
94.0003
113.265
135.221
160.382
188.875
218.835
246.934
268.817
280.249
275.228
243.649
178.36
77.98
-74.3789
-267.691
-488.475
-730.728
-976.277
-1203.32
-1403.35
-1570.14
-1700.45
-1792.51
-1846.99
-1866.07
-1853.02
-1811.9
-1747.2
-1663.12
-1563.86
-1452.92
-1333.43
-1208.72
-1082.31
-957.458
-837.026
-723.394
-618.498
-523.798
-440.267
-368.42
-308.309
-259.555
-221.438
-193.053
-173.397
-161.586
-155.456
53.3428
63.24
75.3008
88.9504
104.076
121.571
140.207
159.548
178.543
193.878
200.461
189.096
152.67
87.2602
-16.2567
-166.303
-358.813
-584.203
-835.946
-1084.23
-1310.44
-1504.92
-1663.01
-1784.22
-1870.89
-1921.27
-1937.28
-1922.29
-1879.9
-1813.78
-1728.08
-1626.74
-1513.71
-1392.76
-1267.17
-1139.93
-1014.04
-892.229
-776.892
-670.008
-573.138
-487.369
-413.335
-351.215
-300.753
-261.307
-232.016
-211.927
-200.118
-194.263
40.9352
48.6983
57.3279
65.9857
75.8956
86.7749
96.8908
106.598
114.827
118.868
115.085
98.6185
62.2853
-2.75959
-103.708
-247.511
-434.887
-658.961
-910.437
-1164.64
-1396.28
-1588
-1745.09
-1866.39
-1949.94
-1997.32
-2012.29
-1995.93
-1952
-1884.88
-1798.85
-1697.81
-1585.31
-1464.75
-1339.41
-1212.29
-1086.18
-963.69
-847.133
-738.583
-639.715
-551.788
-475.581
-411.433
-359.294
-318.715
-288.932
-268.99
-258.03
-253.132
27.4624
32.771
37.9391
43.5646
50.1124
56.0277
60.2031
62.9342
63.0085
58.0818
45.6766
23.141
-14.4133
-74.8133
-167.058
-300.972
-477.893
-691.343
-933.165
-1186.9
-1421.43
-1621.45
-1785.67
-1912.87
-1999.87
-2050.13
-2068.99
-2053.68
-2011.01
-1945.38
-1860.79
-1761.35
-1650.75
-1532.16
-1408.69
-1283.29
-1158.53
-1036.84
-920.473
-811.495
-711.735
-622.604
-545.102
-479.728
-426.6
-385.461
-355.712
-336.468
-326.744
-322.788
13.7338
16.5471
19.738
23.5185
26.7433
28.2894
28.9231
27.9451
23.0872
12.4212
-5.23363
-32.071
-71.1195
-127.908
-210.634
-328.627
-485.753
-680.326
-903.694
-1146
-1383.07
-1593.41
-1768.06
-1904.98
-2001.94
-2065.53
-2090.06
-2080.36
-2045.51
-1984.39
-1903.13
-1807.51
-1700.52
-1585.33
-1465.11
-1342.7
-1220.63
-1101.1
-986.327
-878.337
-778.97
-689.794
-611.947
-546.156
-492.677
-451.381
-421.776
-403.128
-394.992
-392.729
2.621
3.02006
3.70343
4.78842
5.07318
4.72533
3.52502
-0.334835
-8.77716
-22.1322
-41.6892
-69.9637
-108.638
-161.81
-235.906
-338.068
-471.084
-635.551
-831.601
-1053.62
-1282.89
-1502.44
-1689.97
-1841
-1953.12
-2028.49
-2065.82
-2069.43
-2042.95
-1991.2
-1917.38
-1828.15
-1726.97
-1616.95
-1501.56
-1383.49
-1265.28
-1149.14
-1037.14
-931.324
-833.496
-745.274
-667.959
-602.363
-548.914
-507.612
-478.083
-459.631
-451.844
-451.249
-7.40129
-8.24553
-8.75994
-9.71219
-11.7196
-14.5334
-18.4186
-24.3769
-33.6002
-47.3541
-67.9409
-96.2163
-133.213
-182.095
-247.186
-333.196
-443.307
-580.999
-749.885
-943.61
-1148.94
-1356.74
-1555.24
-1722.74
-1852.13
-1942.52
-1996.11
-2014.14
-2001.34
-1961.19
-1898.48
-1818.57
-1724.97
-1622.03
-1513.03
-1400.75
-1287.67
-1176.11
-1068.1
-965.532
-870.258
-783.854
-707.71
-642.799
-589.558
-548.095
-518.119
-498.915
-491.252
-490.259
-16.1632
-17.7777
-19.204
-21.4751
-24.5686
-28.4765
-34.1672
-42.4162
-53.1589
-67.4183
-86.8455
-112.953
-148.344
-193.987
-251.418
-323.749
-414.659
-529.172
-670.994
-836.408
-1016.06
-1200.01
-1383.07
-1557.4
-1705.7
-1813.87
-1884.16
-1918.58
-1920.89
-1894.52
-1845.24
-1776.33
-1693.13
-1598.59
-1497.16
-1391.86
-1285.13
-1179.31
-1076.4
-978.298
-886.621
-802.975
-728.719
-664.899
-612.002
-570.144
-539.258
-518.962
-509.472
-507.226
-22.9523
-25.6229
-28.3907
-31.7539
-35.0868
-39.5634
-45.9588
-54.9468
-66.2286
-80.7108
-99.4645
-123.944
-156.105
-197.543
-249.426
-312.214
-388.302
-482.414
-599.198
-738.093
-892.495
-1054.19
-1215.86
-1373.9
-1523.61
-1650.93
-1738.51
-1790.26
-1808.26
-1796.85
-1759.69
-1703.43
-1631.39
-1546.39
-1453.68
-1356.22
-1256.76
-1157.79
-1061.11
-968.565
-881.751
-802.004
-730.619
-668.555
-616.343
-574.185
-541.953
-519.909
-509.12
-507.647
-28.9536
-32.1004
-35.5261
-39.7077
-43.5139
-48.5857
-55.13
-63.7412
-74.561
-88.1541
-106.027
-128.932
-158.08
-194.598
-240.345
-295.992
-362.087
-441.146
-536.352
-649.722
-779.445
-919.723
-1063.14
-1203.39
-1337.88
-1464.54
-1569.72
-1638.53
-1672.1
-1675.12
-1651.4
-1605.24
-1541.55
-1467.25
-1383.9
-1294.65
-1203.37
-1111.98
-1022.72
-937.136
-856.442
-781.939
-714.581
-655.245
-604.605
-562.866
-530.135
-507.267
-498.038
-502.51
-34.2956
-38.1388
-42.1082
-45.8908
-49.2533
-54.2685
-60.9581
-69.2612
-79.398
-91.8818
-107.984
-128.805
-155.283
-187.757
-227.261
-275.027
-332.759
-401.133
-480.785
-573.136
-679.16
-797.218
-922.949
-1049.16
-1170.33
-1284.46
-1389.31
-1472.73
-1523.05
-1539.33
-1527.92
-1491.92
-1437.16
-1368.76
-1292.26
-1210.68
-1126.93
-1043.57
-962.742
-885.325
-812.596
-745.038
-683.422
-628.52
-580.872
-541.175
-510.069
-489.08
-480.626
-491.061
-39.5209
-43.3521
-47.2
-49.8339
-52.7861
-57.3508
-64.011
-71.9317
-81.4117
-92.8896
-107.075
-125.678
-149.231
-178.314
-212.679
-253.189
-301.993
-360.383
-428.8
-506.895
-594.618
-692.179
-798.434
-910.19
-1021.2
-1125.64
-1220.47
-1304.69
-1368.9
-1402.91
-1403.39
-1377.7
-1329.68
-1265.95
-1190.14
-1111.49
-1033.12
-957.068
-884.389
-816.502
-753.371
-694.867
-641.272
-592.678
-549.847
-513.83
-487.067
-472.161
-468.668
-473.771
-50.2601
-44.8951
-48.1236
-50.5587
-54.4379
-59.7388
-66.2012
-73.7054
-82.832
-93.8728
-107.255
-124.054
-144.439
-169.366
-199.403
-235.526
-277.887
-327.095
-384.651
-451.38
-527.278
-610.942
-701.195
-796.61
-893.684
-987.865
-1075.04
-1152.71
-1218.17
-1266.25
-1287.93
-1273.53
-1231.86
-1169.76
-1094.18
-1011.18
-929.677
-855.234
-790.078
-732.242
-680.561
-633.997
-591.36
-552.256
-517.11
-487.684
-468.365
-460.545
-463.035
-465.817
-66.7125
-38.8614
-47.4765
-50.5783
-57.4581
-63.9467
-70.2892
-78.1223
-87.2367
-98.6207
-112.152
-128.323
-147.788
-170.846
-198.342
-231.486
-270.271
-314.671
-365.603
-424.052
-490.294
-563.457
-641.728
-723.176
-805.466
-885.591
-960.97
-1028.43
-1085.95
-1130.42
-1162.89
-1171.55
-1139.16
-1078.68
-1002.74
-912.718
-826.444
-752.311
-689.863
-638.745
-598.55
-566.294
-538.434
-512.477
-488.826
-469.964
-458.18
-455.566
-458.165
-460.41
61.3772
57.878
56.1211
55.2869
55.0134
55.0704
55.4032
56.1342
57.1904
58.5622
60.2967
62.3365
64.6868
67.3501
70.4257
74.0146
78.063
82.55
87.5006
92.8663
98.637
104.789
111.318
118.187
125.357
132.815
140.634
148.522
156.279
163.87
171.301
178.4
184.975
190.852
195.759
199.369
201.364
201.432
199.185
194.177
185.944
173.969
157.668
136.406
109.552
76.4075
36.4093
-11.3808
-68.7403
-126.075
60.0709
59.0158
58.5065
58.4725
58.7891
59.3809
60.2277
61.4228
62.9277
64.7422
66.9059
69.4109
72.2805
75.5141
79.1833
83.3715
88.0477
93.2261
98.8938
105.041
111.634
118.652
126.078
133.886
142.077
150.64
159.498
168.512
177.571
186.597
195.525
204.23
212.565
220.324
227.235
233.05
237.51
240.293
241.015
239.249
234.547
226.423
214.352
197.754
176.042
148.559
114.636
73.3263
23.5859
-25.3796
60.5431
60.9373
61.5056
62.226
63.1356
64.2745
65.6185
67.2766
69.2194
71.4723
74.095
77.1107
80.5452
84.4263
88.7809
93.643
99.0153
104.922
111.368
118.345
125.819
133.774
142.185
151.042
160.332
170.008
180.002
190.233
200.618
211.097
221.581
231.953
242.053
251.679
260.627
268.692
275.619
281.106
284.806
286.316
285.199
280.991
273.212
261.346
244.851
223.109
195.475
161.369
120.107
80.4511
62.6587
63.7836
65.0892
66.5129
68.0051
69.6843
71.5276
73.6035
76.0046
78.7116
81.8165
85.3594
89.3828
93.9327
99.0131
104.602
110.709
117.366
124.605
132.428
140.815
149.751
159.215
169.181
179.61
190.451
201.655
213.165
224.945
236.94
249.058
261.173
273.11
284.7
295.776
306.142
315.576
323.817
330.537
335.34
337.798
337.479
333.949
326.742
315.371
299.284
277.985
250.903
217.466
187.368
65.9586
67.5116
69.3026
71.2588
73.3267
75.5226
77.8811
80.3773
83.2199
86.3946
89.9906
94.078
98.718
103.941
109.756
116.095
122.957
130.394
138.465
147.173
156.505
166.456
176.998
188.104
199.712
211.775
224.244
237.101
250.336
263.899
277.706
291.616
305.464
319.098
332.352
345.065
357.054
368.08
377.821
385.899
391.92
395.486
396.191
393.607
387.295
376.782
361.601
341.353
315.736
293.656
70.1635
71.9729
74.1205
76.4829
79.052
81.7063
84.5258
87.4877
90.771
94.45
98.5608
103.201
108.471
114.383
120.922
128.018
135.662
143.921
152.858
162.477
172.773
183.735
195.36
207.619
220.445
233.772
247.558
261.815
276.541
291.708
307.232
322.975
338.791
354.514
369.995
385.1
399.667
413.463
426.181
437.467
446.944
454.227
458.937
460.684
459.08
453.685
444.123
429.971
410.962
395.707
75.0991
77.0686
79.4458
82.1021
85.0409
88.1456
91.3981
94.8512
98.5739
102.734
107.369
112.573
118.451
125.06
132.332
140.198
148.649
157.741
167.545
178.069
189.315
201.28
213.993
227.42
241.488
256.107
271.244
286.914
303.136
319.902
337.138
354.721
372.5
390.313
408.022
425.498
442.583
459.054
474.624
488.962
501.713
512.533
521.081
526.991
529.866
529.286
524.843
516.221
503.393
493.582
80.6206
82.6468
85.1466
87.9969
91.1876
94.6788
98.3399
102.251
106.454
111.109
116.28
122.057
128.531
135.809
143.808
152.439
161.676
171.599
182.256
193.675
205.855
218.83
232.627
247.222
262.519
278.419
294.884
311.938
329.628
347.963
366.886
386.28
405.989
425.857
445.743
465.516
485.019
504.041
522.316
539.535
555.367
569.475
581.496
591.051
597.756
601.17
600.951
596.819
588.763
583.074
86.5339
88.4652
90.9601
93.9457
97.3635
101.162
105.209
109.529
114.204
119.344
125.037
131.374
138.472
146.379
155.058
164.408
174.409
185.123
196.609
208.889
221.979
235.924
250.761
266.461
282.925
300.048
317.792
336.195
355.316
375.177
395.727
416.849
438.39
460.193
482.112
504.013
525.738
547.086
567.815
587.631
606.214
623.222
638.307
651.139
661.32
668.402
672.026
671.991
668.418
665.924
92.4713
94.2585
96.7124
99.7442
103.319
107.367
111.773
116.479
121.597
127.214
133.412
140.267
147.932
156.435
165.739
175.763
186.492
197.967
210.245
223.347
237.305
252.167
267.975
284.701
302.25
320.526
339.492
359.182
379.651
400.922
422.951
445.633
468.826
492.373
516.126
539.941
563.664
587.117
610.072
632.249
653.327
672.95
690.741
706.264
719.03
728.656
734.949
737.796
737.34
737.059
98.1424
99.7436
102.106
105.168
108.866
113.092
117.764
122.834
128.364
134.422
141.077
148.429
156.596
165.643
175.513
186.13
197.488
209.639
222.626
236.474
251.212
266.898
283.566
301.199
319.715
339.022
359.079
379.905
401.547
424.033
447.342
471.392
496.047
521.149
546.532
572.044
597.534
622.824
647.678
671.793
694.812
716.347
735.995
753.372
768.186
780.316
789.595
795.688
798.496
800.244
103.198
104.626
106.897
109.94
113.693
118.074
122.986
128.36
134.23
140.66
147.715
155.503
164.11
173.601
183.939
195.065
206.972
219.705
233.31
247.807
263.221
279.604
297.003
315.411
334.755
354.949
375.937
397.722
420.347
443.853
468.246
493.467
519.386
545.822
572.589
599.517
626.445
653.175
679.456
704.968
729.362
752.282
773.406
792.477
809.26
823.363
834.155
841.283
844.969
847.064
107.337
108.603
110.778
113.789
117.592
122.1
127.177
132.76
138.887
145.642
153.057
161.174
170.109
179.942
190.653
202.187
214.526
227.714
241.804
256.811
272.754
289.683
307.649
326.656
346.643
367.515
389.208
411.713
435.072
459.343
484.56
510.674
537.54
564.959
592.727
620.662
648.591
676.314
703.576
730.07
755.459
779.407
801.593
821.686
839.351
854.357
866.723
876.579
883.458
887.941
110.294
111.417
113.521
116.523
120.329
124.88
130.073
135.834
142.178
149.146
156.775
165.119
174.281
184.343
195.314
207.133
219.772
233.275
247.695
263.052
279.361
296.661
315.005
334.406
354.813
376.133
398.293
421.276
445.124
469.913
495.694
522.412
549.911
577.975
606.39
634.966
663.533
691.899
719.824
747.011
773.135
797.865
820.898
841.961
860.788
876.979
889.968
899.056
904.258
907.184
111.871
112.914
114.955
117.918
121.732
126.316
131.582
137.433
143.847
150.911
158.673
167.15
176.425
186.61
197.705
209.642
222.415
236.069
250.652
266.184
282.679
300.167
318.691
338.271
358.866
380.386
402.751
425.94
449.998
475.015
501.038
528.011
555.766
584.081
612.734
641.535
670.319
698.901
727.049
754.479
780.866
805.864
829.107
850.211
868.79
884.51
897.093
906.317
912.116
915.535
111.895
112.931
114.97
117.931
121.739
126.327
131.59
137.429
143.843
150.902
158.653
167.132
176.408
186.574
197.652
209.586
222.346
235.976
250.538
266.052
282.52
299.977
318.472
338.018
358.57
380.04
402.349
425.473
449.46
474.399
500.337
527.213
554.86
583.053
611.567
640.214
668.826
697.222
725.173
752.396
778.568
803.343
826.344
847.148
865.305
880.471
892.467
901.279
906.867
910.107
110.366
111.473
113.56
116.564
120.366
124.902
130.09
135.829
142.154
149.119
156.735
165.056
174.201
184.244
195.176
206.956
219.553
233.004
247.366
262.663
278.9
296.115
314.365
333.66
353.941
375.115
397.111
419.904
443.537
468.092
493.617
520.051
547.23
574.933
602.941
631.061
659.121
686.932
714.257
740.807
766.263
790.296
812.585
832.832
850.734
865.841
877.493
884.952
888.514
890.087
107.451
108.698
110.854
113.854
117.644
122.14
127.194
132.756
138.867
145.592
152.987
161.08
169.98
179.771
190.434
201.902
214.171
227.283
241.281
256.182
272.01
288.807
306.62
325.454
345.241
365.88
387.305
409.505
432.516
456.399
481.193
506.843
533.19
560.024
587.134
614.332
641.439
668.251
694.512
719.918
744.136
766.845
787.73
806.453
822.649
836.05
846.622
854.334
858.765
861.15
103.353
104.758
107.007
110.027
113.76
118.131
123.026
128.372
134.196
140.608
147.627
155.373
163.942
173.373
183.644
194.69
206.504
219.131
232.615
246.972
262.228
278.436
295.632
313.806
332.886
352.772
373.402
394.777
416.936
439.917
463.73
488.315
513.528
539.171
565.048
590.984
616.804
642.304
667.222
691.232
713.98
735.115
754.333
771.379
785.985
797.707
806.019
810.66
811.771
811.807
98.3396
99.9066
102.249
105.283
108.957
113.174
117.815
122.851
128.35
134.365
140.967
148.282
156.397
165.372
175.156
185.681
196.923
208.949
221.789
235.471
250.02
265.49
281.915
299.269
317.462
336.398
356.023
376.349
397.424
419.272
441.863
465.117
488.893
513.012
537.294
561.576
585.699
609.474
632.649
654.906
675.867
695.132
712.295
727.034
739.138
748.445
754.638
757.361
756.6
755.371
92.7027
94.4598
96.8908
99.8789
103.436
107.461
111.843
116.518
121.592
127.151
133.309
140.111
147.699
156.129
165.348
175.259
185.862
197.192
209.304
222.213
235.953
250.576
266.112
282.519
299.701
317.549
336.022
355.142
374.961
395.5
416.705
438.464
460.628
483.031
505.502
527.877
549.996
571.665
592.645
612.642
631.316
648.297
663.181
675.506
684.872
690.991
693.662
692.677
688.047
684.086
86.7858
88.6936
91.1715
94.1149
97.4948
101.264
105.31
109.579
114.21
119.296
124.943
131.206
138.23
146.059
154.638
163.867
173.74
184.294
195.598
207.668
220.527
234.207
248.746
264.106
280.169
296.824
314.025
331.805
350.212
369.267
388.911
409.013
429.409
449.932
470.425
490.725
510.651
529.991
548.48
565.818
581.674
595.694
607.542
616.847
623.146
626.045
625.251
620.617
612.278
605.256
80.9188
82.9053
85.3788
88.2032
91.3334
94.8083
98.4574
102.313
106.48
111.079
116.185
121.892
128.3
135.476
143.368
151.889
160.987
170.745
181.207
192.411
204.346
217.042
230.526
244.762
259.635
275.041
290.929
307.322
324.257
341.735
359.693
377.997
396.476
414.962
433.303
451.352
468.915
485.76
501.596
516.094
528.92
539.718
548.11
553.723
556.147
554.926
549.753
540.315
526.544
515.254
75.4314
77.3633
79.7046
82.3344
85.2125
88.3156
91.5194
94.9398
98.6134
102.717
107.289
112.428
118.22
124.725
131.906
139.654
147.952
156.878
166.489
176.795
187.783
199.469
211.862
224.917
238.546
252.652
267.197
282.181
297.624
313.503
329.737
346.188
362.682
379.052
395.145
410.811
425.858
440.024
453.005
464.444
473.972
481.241
485.885
487.506
485.681
479.979
469.971
455.381
436.178
419.371
70.503
72.2785
74.4073
76.7312
79.2657
81.9024
84.6623
87.608
90.814
94.4524
98.502
103.064
108.241
114.076
120.508
127.477
134.98
143.067
151.818
161.218
171.262
181.94
193.243
205.121
217.504
230.308
243.499
257.066
271.002
285.27
299.77
314.361
328.865
343.109
356.938
370.188
382.663
394.081
404.101
412.359
418.452
421.971
422.528
419.727
413.134
402.271
386.743
366.055
339.966
316.713
66.3124
67.8374
69.6082
71.5169
73.5845
75.7212
78.0467
80.5068
83.2741
86.4172
89.9407
93.9472
98.5128
103.659
109.353
115.572
122.297
129.578
137.462
145.952
155.043
164.713
174.931
185.651
196.812
208.357
220.228
232.405
244.854
257.525
270.311
283.06
295.603
307.759
319.345
330.178
340.045
348.664
355.663
360.636
363.184
362.885
359.288
351.939
340.383
324.111
302.616
275.547
242.765
212.308
63.0303
64.1325
65.3953
66.7943
68.2773
69.8894
71.7184
73.7319
76.0883
78.7434
81.7745
85.248
89.1986
93.6541
98.6344
104.109
110.084
116.591
123.649
131.263
139.416
148.082
157.217
166.801
176.781
187.112
197.724
208.565
219.58
230.696
241.816
252.789
263.437
273.575
283.003
291.489
298.791
304.615
308.585
310.267
309.208
304.967
297.086
285.051
268.333
246.366
218.646
184.529
143.696
105.063
60.9189
61.2895
61.8226
62.5313
63.4064
64.5059
65.8236
67.4169
69.3314
71.52
74.0769
77.0238
80.3743
84.1642
88.4381
93.1855
98.4377
104.198
110.47
117.247
124.495
132.182
140.268
148.749
157.602
166.762
176.17
185.742
195.392
205.026
214.541
223.81
232.646
240.841
248.179
254.405
259.22
262.305
263.278
261.697
257.099
248.996
236.876
220.185
198.344
170.706
136.637
95.5399
47.0793
-1.19187
60.4532
59.3782
58.8397
58.7887
59.0717
59.6367
60.4425
61.5904
63.0672
64.82
66.9301
69.3566
72.1357
75.2892
78.8877
82.9721
87.5261
92.5675
98.0667
104.019
110.385
117.135
124.248
131.688
139.46
147.518
155.777
164.131
172.481
180.731
188.744
196.381
203.485
209.821
215.133
219.159
221.566
221.993
220.042
215.248
207.132
195.208
178.92
157.633
130.697
97.4357
57.2124
9.00472
-47.8424
-105.173
61.7373
58.2646
56.4832
55.6175
55.3039
55.3454
55.6387
56.3257
57.3508
58.6733
60.3582
62.3097
64.5788
67.1617
70.1721
73.6758
77.6024
81.9562
86.7382
91.9079
97.4527
103.338
109.567
116.079
122.835
129.825
137.037
144.222
151.26
158.146
164.738
170.794
176.172
180.67
184.005
185.833
185.827
183.626
178.797
170.869
159.346
143.693
123.339
97.6142
65.7702
27.072
-18.9903
-73.4213
-137.065
-202.564
-19.3412
-32.6145
-30.5598
-28.5351
-24.588
-19.1239
-13.2432
-5.51652
3.13692
12.4424
23.4998
35.3174
45.807
52.0831
61.8758
61.9719
52.1692
45.388
35.058
23.2462
12.1277
2.8561
-5.86355
-13.6486
-19.5174
-24.9814
-29.0349
-30.901
-33.1453
-19.6762
-8.1822
-22.0418
-22.2653
-22.8825
-20.2137
-15.4335
-10.4793
-3.91306
3.66137
11.6084
20.3438
30.0297
38.7624
42.0445
49.7778
49.7772
42.1018
38.3653
29.8728
20.0821
11.283
3.35609
-4.25022
-10.8627
-15.7697
-20.5207
-23.3735
-22.5481
-22.5552
-8.55482
-13.3095
-16.9803
-16.1386
-17.9481
-15.5934
-11.8071
-7.57767
-2.05626
4.3689
11.1292
18.0471
25.3463
32.423
34.9685
40.2291
40.1404
34.9967
32.1651
25.2674
17.8169
10.8468
4.08068
-2.37902
-7.94003
-12.1433
-15.8811
-18.3763
-16.3921
-17.3497
-13.637
-15.7023
-14.9104
-12.3645
-14.0658
-11.3895
-8.47425
-4.87144
-0.262584
5.04993
10.6867
16.2167
21.6366
27.1347
29.5062
32.8823
32.77
29.5434
26.9486
21.5546
16.0286
10.4637
4.80701
-0.540051
-5.18067
-8.80312
-11.6687
-14.4284
-12.645
-15.1908
-15.9553
-13.4144
-12.862
-10.3129
-10.8409
-7.90424
-5.78703
-2.59676
1.25218
5.61026
10.1818
14.6146
18.7948
23.0215
24.8757
27.266
27.1668
24.9148
22.8585
18.7071
14.4488
9.99967
5.40128
1.01155
-2.85843
-6.08201
-8.16598
-11.1673
-10.6015
-13.1889
-13.693
-10.7227
-11.3253
-8.9891
-8.37786
-5.36924
-3.85081
-0.902591
2.28793
5.85591
9.53256
13.0609
16.3791
19.6657
20.9567
22.8324
22.7522
21.0081
19.5403
16.3039
12.9139
9.3675
5.66785
2.06858
-1.13558
-4.11554
-5.60856
-8.68376
-9.25449
-11.664
-11.0145
-8.61461
-9.72055
-7.78803
-6.80474
-3.83517
-2.63148
0.189009
2.76495
5.70655
8.70064
11.5481
14.2012
16.7545
17.7036
19.1758
19.1158
17.8119
16.6458
14.1343
11.4179
8.54818
5.53696
2.5647
-0.0159651
-2.87071
-4.0475
-7.07845
-8.01712
-9.97905
-8.86544
-6.84204
-7.65933
-6.2105
-5.77195
-3.01202
-1.97032
0.770348
2.78977
5.25849
7.72298
10.0799
12.232
14.2231
15.101
16.1677
16.1042
15.1463
14.1053
12.1559
9.957
7.58395
5.10678
2.60994
0.593876
-2.18215
-3.19782
-6.00152
-6.39871
-7.84148
-7.05255
-5.34115
-5.64713
-4.43709
-4.8667
-2.44256
-1.65521
0.924501
2.4755
4.62017
6.67247
8.62231
10.4019
12.0376
12.876
13.5983
13.5224
12.8365
11.9288
10.3214
8.50727
6.5433
4.48056
2.31426
0.767025
-1.84411
-2.60339
-5.05501
-4.59994
-5.82631
-5.52761
-4.18856
-4.24649
-3.0701
-3.77295
-1.73843
-1.40616
0.88174
2.03578
3.95489
5.67321
7.27686
8.75715
10.0776
10.794
11.3586
11.3056
10.7878
9.99533
8.68361
7.17542
5.55385
3.82541
1.88933
0.741657
-1.57815
-1.88013
-3.94318
-3.2457
-4.44131
-4.35352
-3.49522
-3.38224
-2.36688
-2.5997
-0.904731
-0.969116
0.985447
1.77738
3.48366
4.86062
6.17332
7.3931
8.40839
9.00551
9.46553
9.43271
9.0039
8.34959
7.32603
6.08172
4.75768
3.36893
1.64671
0.865647
-1.12165
-1.03871
-2.75377
-2.54069
-3.5444
-3.67072
-3.00522
-2.77342
-1.97777
-1.74155
-0.304426
-0.403291
1.25089
1.75612
3.22755
4.23605
5.29283
6.26301
7.05236
7.57428
7.91898
7.89444
7.54814
6.99569
6.20242
5.21201
4.15112
3.12854
1.64282
1.15022
-0.540008
-0.425871
-1.87432
-2.11506
-2.90128
-3.17099
-2.41833
-2.2471
-1.59863
-1.33775
-0.108827
-0.0385919
1.37056
1.72776
2.98903
3.68801
4.54288
5.29953
5.91203
6.33035
6.5675
6.55211
6.30926
5.86378
5.24944
4.47681
3.61221
2.90273
1.62759
1.29557
-0.167768
-0.206677
-1.45625
-1.69973
-2.36112
-2.53999
-1.67177
-1.69548
-1.18265
-1.0923
-0.121381
0.102325
1.26267
1.53972
2.64098
3.14059
3.8435
4.44651
4.92012
5.2188
5.37807
5.37677
5.21478
4.8865
4.40434
3.78338
3.0679
2.55919
1.45676
1.21024
-0.00801021
-0.198737
-1.1957
-1.27136
-1.7944
-1.75089
-1.09076
-1.15556
-0.801765
-0.787481
-0.0782805
0.178295
0.948122
1.30625
2.19928
2.57993
3.20844
3.63982
4.022
4.2588
4.39275
4.39089
4.25729
3.99273
3.60039
3.15535
2.51598
2.11932
1.24673
0.898806
0.0926525
-0.138842
-0.866524
-0.874961
-1.22578
-1.13612
-0.819282
-0.771955
-0.510507
-0.464606
-0.0488425
0.15748
0.705198
1.07817
1.71844
2.00877
2.51641
2.92808
3.18514
3.40309
3.51772
3.50857
3.38899
3.15942
2.89419
2.48782
1.96019
1.65349
1.02555
0.654248
0.0995628
-0.0861724
-0.513167
-0.560356
-0.817454
-0.861643
-0.59357
-0.542087
-0.317129
-0.221347
0.0403281
0.206551
0.581822
0.831989
1.26235
1.65355
1.85734
2.18786
2.41184
2.57832
2.66468
2.65573
2.56624
2.39377
2.17617
1.8252
1.61499
1.213
0.752102
0.569056
0.185791
0.0122938
-0.259061
-0.361024
-0.581026
-0.646942
-0.404288
-0.42672
-0.230475
-0.0836326
0.115277
0.213664
0.509578
0.614263
0.879236
1.12532
1.38515
1.53219
1.68101
1.79148
1.84193
1.83753
1.78392
1.66824
1.51508
1.35077
1.09733
0.841949
0.578709
0.491366
0.189039
0.0888474
-0.120252
-0.266905
-0.45856
-0.440902
-0.289713
-0.335718
-0.20844
0.00823448
0.103479
0.146027
0.365979
0.426541
0.59728
0.614954
0.805206
0.905217
0.983463
1.06821
1.06923
1.06888
1.06612
0.987669
0.889509
0.783249
0.585806
0.59005
0.422851
0.35292
0.120023
0.0764661
-0.0290956
-0.222039
-0.359337
-0.264822
-0.189334
-0.0386443
-0.182029
-0.0815447
-0.00251363
0.0481142
0.15091
0.258315
0.330775
0.27812
0.278404
0.297292
0.291958
0.336523
0.347929
0.34833
0.333951
0.29567
0.29723
0.27309
0.267348
0.341042
0.251928
0.148982
0.0442005
-0.0133579
-0.100988
-0.173879
-0.0454041
-0.148421
)
;

boundaryField
{
    INLET
    {
        type            zeroGradient;
    }
    OUTLET
    {
        type            fixedValue;
        value           uniform 0;
    }
    WALL
    {
        type            zeroGradient;
    }
    CYLINDER
    {
        type            zeroGradient;
    }
    frontAndBackPlanes
    {
        type            empty;
    }
}


// ************************************************************************* //
