/*--------------------------------*- C++ -*----------------------------------*\
| =========                 |                                                 |
| \\      /  F ield         | OpenFOAM: The Open Source CFD Toolbox           |
|  \\    /   O peration     | Version:  v1912                                 |
|   \\  /    A nd           | Website:  www.openfoam.com                      |
|    \\/     M anipulation  |                                                 |
\*---------------------------------------------------------------------------*/
FoamFile
{
    version     2.0;
    format      ascii;
    class       volScalarField;
    location    "0.1";
    object      p;
}
// * * * * * * * * * * * * * * * * * * * * * * * * * * * * * * * * * * * * * //

dimensions      [0 2 -2 0 0 0 0];


internalField   nonuniform List<scalar> 
6600
(
64.2012
59.5175
57.0721
55.5598
54.7135
54.3786
54.3026
54.4996
54.9757
55.7391
56.7958
58.0912
59.689
61.6455
64.0096
66.7295
69.7984
73.1118
76.7794
80.7749
85.0513
89.6589
94.5217
99.611
104.837
110.108
115.333
120.501
125.586
130.425
134.72
138.36
141.225
143.012
143.442
142.244
139.033
133.292
124.613
112.57
96.6034
76.086
50.403
18.9097
-19.2129
-64.9285
-118.375
-180.282
-252.622
-328.374
60.9486
56.0215
54.1518
52.4619
51.2732
50.6397
50.2794
50.1683
50.3318
50.7887
51.4948
52.4651
53.6995
55.2724
57.1733
59.3842
62.0202
64.8565
67.9611
71.3758
74.9979
78.8459
82.8844
87.0698
91.3217
95.5682
99.7472
103.547
106.976
110.107
112.698
114.439
115.265
114.868
112.869
109
102.944
94.1437
82.2169
66.686
46.9742
22.4386
-7.528
-43.6045
-86.51
-137.178
-195.756
-262.352
-337.73
-414.538
56.5207
51.25
50.2121
48.3764
47.0709
46.2008
45.5588
45.171
45.1166
45.3542
45.7893
46.481
47.4689
48.7739
50.3406
52.0735
53.9828
56.3342
58.852
61.703
64.6882
67.7852
70.9906
74.2191
77.4215
80.5034
83.4051
85.9592
88.0287
89.5327
90.2278
89.9265
88.5125
85.6911
81.0892
74.3879
65.2494
53.2051
37.824
18.64
-4.93438
-33.4922
-67.6123
-107.943
-155.084
-209.838
-272.367
-341.916
-417.436
-491.035
51.2627
45.7131
45.2911
43.1577
41.8653
40.8519
40.0057
39.4199
39.1611
39.1442
39.409
39.9117
40.6089
41.5207
42.6732
44.0456
45.5038
47.2114
49.1532
51.3278
53.591
55.9452
58.2735
60.5123
62.6135
64.5513
66.2089
67.3135
67.7274
67.4747
66.3626
64.0478
60.3407
54.9882
47.6727
38.0627
25.7887
10.4557
-8.38347
-31.2042
-58.4977
-90.7769
-128.555
-172.373
-222.731
-280.318
-345.205
-415.76
-489.526
-557.516
45.2733
39.4537
39.3295
36.8616
35.5738
34.4274
33.4721
32.7642
32.2822
32.0296
32.0481
32.3202
32.7824
33.3957
34.0948
34.9416
35.9465
37.0553
38.3395
39.7644
41.2396
42.7047
44.0817
45.281
46.2068
46.8094
47.0604
46.8129
45.7591
43.7071
40.5585
36.1405
30.1713
22.3475
12.3656
-0.0838238
-15.3471
-33.8266
-55.903
-81.9738
-112.48
-147.833
-188.434
-234.696
-286.976
-345.784
-411.109
-481.125
-551.77
-612.262
38.5409
32.4784
32.4119
29.6071
28.3631
27.0842
25.9688
25.0799
24.4064
23.9546
23.6804
23.5478
23.5654
23.7383
24.0319
24.4459
24.8758
25.4069
25.9767
26.5453
27.1237
27.6
27.9333
28.0286
27.7965
27.1484
25.9564
24.075
21.3426
17.5887
12.5652
6.06297
-2.12747
-12.311
-24.7766
-39.8362
-57.8225
-79.0343
-103.81
-132.504
-165.434
-202.912
-245.23
-292.671
-345.492
-404.026
-468.285
-536.369
-602.379
-653.639
31.1441
24.9977
24.7083
21.469
20.0786
18.663
17.3783
16.2891
15.4078
14.7062
14.0891
13.578
13.1582
12.8032
12.4734
12.1486
12.0658
11.8948
11.6916
11.4153
10.9866
10.4111
9.61578
8.53298
7.04658
5.02598
2.41386
-0.922612
-5.21368
-10.7176
-17.6455
-26.1565
-36.4282
-48.7469
-63.4203
-80.7038
-100.872
-124.233
-151.026
-181.488
-215.884
-254.424
-297.283
-344.654
-396.752
-453.873
-515.606
-580.094
-640.451
-681.107
22.7663
16.6864
16.1505
12.5487
11.0099
9.34987
7.88595
6.60795
5.39238
4.2723
3.18602
2.13844
1.12476
0.148422
-0.70862
-1.60985
-2.62694
-3.56278
-4.63939
-5.88865
-7.30164
-8.98114
-10.927
-13.2071
-15.9351
-19.2313
-23.2813
-28.2466
-34.2211
-41.333
-49.8585
-60.0827
-72.1918
-86.3665
-102.822
-121.824
-143.622
-168.389
-196.341
-227.688
-262.57
-301.11
-343.4
-389.534
-439.699
-494.288
-552.921
-612.839
-666.349
-696.158
13.0819
7.21907
6.45984
2.83961
1.23852
-0.753388
-2.50749
-4.09409
-5.64429
-7.20344
-8.80658
-10.4336
-12.0871
-13.7631
-15.544
-17.2053
-19.0174
-20.9725
-23.0009
-25.2268
-27.716
-30.4816
-33.5907
-37.1116
-41.1393
-45.8185
-51.2285
-57.5111
-64.8726
-73.5093
-83.6051
-95.3083
-108.815
-124.363
-142.14
-162.28
-184.966
-210.418
-238.758
-270.086
-304.516
-342.095
-382.852
-426.843
-474.194
-525.243
-579.975
-634.884
-681.483
-702.037
2.31196
-3.17582
-4.06888
-7.4556
-9.1034
-11.4631
-13.6244
-15.7352
-17.8047
-19.872
-22.0915
-24.3873
-26.7303
-29.1748
-31.7037
-34.4717
-37.2078
-40.1851
-43.3154
-46.5987
-50.1473
-54.0156
-58.2724
-62.9639
-68.1733
-74.018
-80.6852
-88.3237
-97.0179
-106.875
-118.077
-130.877
-145.448
-161.909
-180.391
-201.066
-224.07
-249.468
-277.377
-307.902
-341.068
-376.878
-415.301
-456.32
-500.062
-546.922
-596.775
-646.535
-687.876
-702.658
-9.45807
-14.1762
-15.2213
-18.414
-20.1442
-22.7515
-25.2816
-27.927
-30.6328
-33.4744
-36.3054
-39.2839
-42.4777
-45.833
-49.3785
-53.0372
-56.9165
-60.8792
-65.1419
-69.6155
-74.2838
-79.2469
-84.6071
-90.4268
-96.7878
-103.78
-111.492
-120.081
-129.708
-140.537
-152.698
-166.249
-181.339
-198.178
-216.88
-237.492
-260.1
-284.83
-311.709
-340.741
-371.943
-405.287
-440.733
-478.204
-517.649
-559.69
-603.433
-646.638
-682.226
-696.01
-21.9783
-25.8634
-26.8718
-29.9651
-31.8771
-34.7548
-37.6516
-40.6942
-44.0116
-47.6121
-51.4168
-55.3297
-59.3964
-63.6421
-68.1039
-72.8734
-77.8897
-83.0819
-88.4252
-93.9939
-99.8261
-105.93
-112.36
-119.185
-126.488
-134.358
-142.926
-152.322
-162.67
-174.045
-186.573
-200.457
-215.777
-232.562
-250.909
-270.94
-292.718
-316.212
-341.442
-368.43
-397.132
-427.484
-459.373
-492.662
-527.461
-563.707
-599.829
-633.18
-657.139
-669.647
-34.7135
-37.8786
-38.6812
-41.7714
-43.95
-47.1893
-50.5145
-54.0902
-57.9842
-62.2067
-66.7845
-71.7037
-76.8902
-82.366
-87.9545
-93.728
-99.7553
-106.112
-112.693
-119.446
-126.426
-133.622
-141.064
-148.839
-157.008
-165.648
-174.855
-184.723
-195.368
-206.974
-219.652
-233.394
-248.315
-264.581
-282.226
-301.239
-321.635
-343.463
-366.693
-391.241
-417.03
-443.951
-471.831
-500.355
-530.165
-559.658
-586.791
-607.633
-616.784
-624.801
-46.8572
-49.5519
-50.253
-53.5251
-55.9563
-59.6097
-63.2751
-67.5372
-72.3297
-77.3588
-82.7173
-88.6037
-94.8059
-101.287
-108.21
-115.344
-122.602
-130.033
-137.744
-145.694
-153.844
-162.102
-170.532
-179.152
-187.996
-197.15
-206.723
-216.83
-227.563
-238.97
-251.203
-264.47
-278.805
-294.176
-310.639
-328.256
-347.043
-366.911
-387.789
-409.624
-432.289
-455.59
-479.197
-503.2
-526.941
-549.129
-567.92
-580.503
-584.956
-587.377
-58.1738
-60.2277
-61.3144
-64.7354
-67.5747
-71.7173
-75.7965
-80.621
-86.0931
-92.2388
-98.7415
-105.488
-112.83
-120.554
-128.534
-136.914
-145.587
-154.361
-163.262
-172.429
-181.677
-191.015
-200.391
-209.786
-219.229
-228.814
-238.596
-248.649
-259.077
-270.054
-281.704
-294.031
-307.168
-321.271
-336.344
-352.344
-369.203
-386.893
-405.359
-424.453
-444.008
-463.742
-483.523
-503.091
-521.587
-537.788
-549.714
-556.039
-563.073
-563.578
-68.5139
-69.6454
-71.4345
-74.8582
-78.1374
-82.8309
-87.8031
-93.3936
-99.4611
-106.147
-113.813
-121.932
-130.273
-139.251
-148.765
-158.475
-168.487
-178.769
-189.055
-199.424
-209.831
-220.247
-230.551
-240.699
-250.707
-260.566
-270.317
-280.089
-290.002
-300.144
-310.657
-321.791
-333.656
-346.246
-359.603
-373.74
-388.65
-404.214
-420.282
-436.749
-453.474
-470.18
-486.591
-502.277
-516.556
-528.325
-536.146
-539.53
-542.415
-544.118
-77.8749
-77.0742
-79.9102
-83.4451
-87.2837
-92.4163
-98.1443
-104.728
-111.826
-119.459
-127.784
-137.057
-146.994
-157.205
-167.915
-179.252
-190.793
-202.553
-214.46
-226.276
-237.967
-249.541
-260.841
-271.824
-282.388
-292.474
-302.158
-311.538
-320.666
-329.716
-338.972
-348.534
-358.559
-369.278
-380.779
-393.063
-405.998
-419.45
-433.357
-447.616
-462.019
-476.096
-489.602
-502.154
-513.062
-521.152
-525.525
-530.094
-530.446
-531.965
-84.6942
-83.7643
-87.1966
-90.4748
-94.8508
-100.355
-106.652
-113.995
-122.222
-131.275
-140.666
-150.718
-161.875
-173.877
-186.13
-198.824
-212.127
-225.601
-239.109
-252.577
-265.85
-278.805
-291.308
-303.252
-314.436
-324.811
-334.379
-343.192
-351.41
-359.204
-366.711
-374.298
-382.336
-391.003
-400.418
-410.606
-421.59
-433.27
-445.44
-457.956
-470.25
-481.976
-493.2
-503.254
-511.007
-515.654
-519.191
-521.231
-522.264
-522.972
-88.3494
-89.142
-92.1176
-95.7873
-100.499
-106.508
-113.202
-121.128
-130.252
-140.33
-151.132
-162.757
-175.134
-188.224
-202.266
-216.811
-231.781
-247.196
-262.731
-278.099
-293.171
-307.763
-321.771
-334.91
-346.991
-357.902
-367.532
-375.909
-383.111
-389.324
-394.964
-400.351
-405.808
-411.807
-418.71
-426.76
-435.892
-445.916
-456.744
-467.823
-478.435
-488.529
-497.674
-504.983
-509.668
-511.969
-513.94
-515.337
-516.528
-516.88
-90.2791
-91.8313
-94.9849
-99.2742
-104.316
-110.872
-117.961
-126.249
-135.866
-146.74
-158.769
-171.895
-185.803
-200.537
-216.132
-232.574
-249.607
-267.066
-284.701
-302.343
-319.652
-336.338
-352.182
-366.893
-380.263
-392.009
-401.921
-409.974
-416.298
-421.08
-424.487
-427.032
-429.451
-432.376
-436.347
-441.667
-448.599
-457.257
-467.104
-477.155
-486.783
-495.667
-502.573
-506.686
-508.354
-509.833
-510.406
-511.812
-512.98
-513.347
-91.3601
-93.4326
-95.8762
-100.497
-105.872
-112.829
-120.344
-129.715
-139.716
-150.592
-163.751
-178.104
-193.135
-209.564
-227.133
-245.525
-264.647
-284.428
-304.643
-324.855
-344.773
-363.993
-382.192
-399.042
-414.241
-427.405
-438.233
-446.519
-452.173
-455.295
-456.353
-455.962
-454.739
-453.602
-453.494
-455.307
-459.565
-466.486
-475.49
-485.437
-495.421
-503.283
-507.693
-508.869
-509.207
-508.948
-509.354
-510.33
-511.191
-511.643
-89.8655
-92.8985
-94.9538
-99.559
-105.032
-112.22
-120.045
-130.113
-140.62
-152.511
-165.851
-180.858
-197.597
-215.545
-234.789
-255.239
-276.731
-298.962
-321.875
-345.043
-368.024
-390.361
-411.63
-431.327
-449.002
-464.225
-476.506
-485.475
-491.041
-493.23
-492.1
-488.184
-482.482
-476.276
-471.072
-468.021
-467.864
-472.005
-480.589
-492.376
-503.443
-510.35
-512.884
-513.138
-511.921
-510.882
-510.079
-509.628
-509.65
-510.009
-85.2162
-89.6056
-91.3279
-96.5401
-101.343
-109.36
-117.269
-127.267
-138.178
-151.617
-165.575
-180.603
-198.353
-217.905
-238.759
-261.153
-284.989
-310.046
-335.929
-362.317
-388.804
-414.865
-439.857
-463.158
-484.155
-502.269
-517.032
-527.9
-534.251
-535.789
-532.627
-525.37
-514.827
-502.447
-490.064
-479.678
-472.818
-473.085
-480.952
-494.075
-507.662
-515.798
-518.284
-517.574
-515.885
-513.23
-510.514
-508.287
-507.093
-506.803
-77.6293
-84.1997
-84.8876
-92.0291
-95.6762
-104.329
-111.827
-122.312
-133.278
-146.888
-161.395
-177.969
-196.32
-216.433
-238.803
-263.203
-289.32
-316.991
-346.023
-375.985
-406.416
-436.742
-466.206
-494.016
-519.329
-541.476
-559.762
-573.293
-581.314
-583.53
-579.68
-569.51
-553.764
-533.811
-512.226
-492.338
-476.211
-468.09
-471.848
-487.054
-504.998
-516.915
-520.905
-519.292
-516.833
-513.029
-508.629
-504.844
-502.438
-501.313
-69.2351
-77.3831
-77.5254
-86.1929
-88.9873
-98.0088
-104.612
-115.534
-126.133
-139.487
-154.296
-171.667
-190.53
-211.49
-235.071
-261.053
-289.26
-319.663
-351.82
-385.46
-420.14
-455.192
-489.791
-522.998
-553.804
-581.165
-604.168
-621.934
-633.427
-637.715
-633.973
-621.844
-601.549
-574.449
-542.328
-508.331
-476.459
-456.2
-454.69
-468.312
-488.907
-508.95
-516.329
-516.819
-514.751
-511.172
-506.453
-501.645
-498.147
-495.936
-60.7515
-70.1699
-70.3373
-78.9769
-81.69
-90.5912
-96.4685
-107.253
-117.077
-130.384
-145.024
-162.347
-181.526
-203.232
-227.691
-254.785
-284.791
-317.512
-352.783
-390.206
-429.318
-469.469
-509.808
-549.294
-586.66
-620.623
-649.944
-673.284
-689.321
-697.172
-695.85
-684.07
-661.123
-627.124
-583.644
-533.308
-482.196
-444.221
-429.064
-438.014
-461.965
-487.655
-507.056
-517.328
-519.326
-516.211
-510.91
-504.973
-500.481
-497.606
-52.9519
-62.1212
-62.9216
-71.049
-73.9491
-82.1212
-88.2369
-97.9533
-107.439
-120.203
-133.597
-150.562
-169.794
-191.891
-216.827
-244.633
-275.93
-310.677
-348.685
-389.759
-433.364
-478.834
-525.325
-571.712
-616.648
-658.603
-695.892
-726.729
-749.654
-763.351
-766.219
-756.812
-733.412
-695.153
-642.826
-576.791
-501.911
-437.327
-407.499
-409.884
-438.856
-475.689
-506.497
-525.058
-530.859
-528.312
-521.867
-514.39
-508.858
-505.937
-47.4343
-53.8966
-56.1449
-62.6627
-66.4313
-73.1558
-79.2455
-88.3384
-96.8868
-109.251
-121.853
-137.815
-156.279
-178.094
-202.899
-231.311
-263.375
-299.416
-339.619
-383.889
-431.877
-482.781
-535.706
-589.508
-642.831
-694.015
-740.997
-781.359
-812.906
-834.06
-843.866
-839.317
-819.571
-782.429
-723.238
-641.327
-548.313
-465.39
-410.868
-392.292
-419.42
-467.707
-505.664
-528.141
-535.747
-533.612
-527.945
-521.164
-516.815
-515.164
-45.3724
-46.3643
-49.9584
-54.2745
-59.8188
-63.8232
-70.1175
-78.7342
-86.6439
-97.7309
-109.634
-124.534
-141.926
-162.978
-187.337
-215.454
-247.861
-284.665
-326.179
-372.929
-424.901
-481.122
-540.549
-602.112
-664.596
-726.187
-784.259
-835.995
-878.296
-909.657
-929.278
-932.79
-918.921
-888.298
-820.826
-730.386
-630.223
-540.83
-470.704
-442.362
-449.01
-478.221
-506.091
-523.353
-529.19
-526.863
-523.344
-519.546
-517.971
-518.293
-58.873
-40.5024
-47.8482
-45.9136
-54.297
-55.0227
-62.0989
-69.9013
-77.2269
-86.6045
-97.7514
-112.094
-128.251
-147.872
-171.236
-199.151
-231.308
-268.188
-310.475
-358.829
-413.9
-474.755
-540.4
-609.851
-681.976
-754.814
-824.068
-887.989
-944.213
-988.416
-1018.24
-1034.18
-1025.36
-995.547
-936.888
-846.44
-750.255
-661.155
-595.119
-552.945
-535.109
-532.341
-536.351
-536.872
-531.11
-523.814
-517.757
-515.347
-516.026
-517.989
65.7856
61.1335
58.707
57.2217
56.4238
56.1327
56.0937
56.3575
56.9125
57.7696
58.919
60.3298
62.046
64.1444
66.6683
69.5664
72.8453
76.3932
80.3362
84.6381
89.2718
94.2921
99.6158
105.209
111.004
116.933
122.901
128.854
134.881
140.751
146.216
151.087
155.286
158.648
160.871
161.636
160.642
157.457
151.606
142.688
130.24
113.685
92.4054
65.6079
32.6702
-7.27075
-54.3315
-108.99
-175.104
-243.296
62.5425
57.663
55.7969
54.1527
53.0115
52.4231
52.112
52.0692
52.314
52.8706
53.6868
54.7697
56.1302
57.8515
59.9191
62.308
65.1519
68.282
71.6781
75.3972
79.3851
83.6563
88.1746
92.8805
97.7101
102.609
107.507
112.099
116.441
120.619
124.463
127.547
129.673
130.803
130.59
128.677
124.78
118.474
109.276
96.7377
80.3719
59.6099
33.8105
2.16778
-35.8949
-81.2656
-134.055
-194.343
-264.516
-335.512
58.139
52.9287
51.8875
50.1199
48.8581
48.0368
47.4561
47.1455
47.1852
47.5181
48.0781
48.8865
50.0151
51.4771
53.2111
55.1769
57.3298
59.955
62.8209
65.9783
69.3631
72.9102
76.6153
80.3958
84.208
87.9773
91.6665
95.0675
97.9625
100.453
102.405
103.477
103.437
102.194
99.3715
94.5816
87.5885
77.9746
65.2329
48.9202
28.5159
3.42532
-26.8998
-63.1441
-105.901
-156.022
-213.705
-278.204
-349.547
-418.898
52.9202
47.423
47.0203
44.9679
43.7234
42.7652
41.9993
41.4833
41.3365
41.4123
41.8071
42.445
43.3105
44.4077
45.748
47.3539
49.144
51.1161
53.395
55.9382
58.646
61.4686
64.3208
67.1458
69.8907
72.5119
74.9885
77.0747
78.4843
79.2337
79.267
78.2479
75.9304
72.1706
66.6309
58.9482
48.7928
35.7828
19.4708
-0.610614
-24.9601
-54.1156
-88.5632
-128.842
-175.49
-229.267
-290.294
-357.121
-428.108
-493.575
46.9705
41.1725
41.1372
38.7474
37.5059
36.4282
35.5498
34.9335
34.5717
34.4341
34.578
35.0085
35.6465
36.4628
37.4195
38.5175
39.8128
41.2697
42.9173
44.734
46.6817
48.6595
50.6014
52.423
54.05
55.4083
56.4705
57.1395
57.1254
56.2126
54.2511
51.0878
46.5184
40.2737
32.0406
21.474
8.26902
-7.97092
-27.6723
-51.2284
-79.0907
-111.731
-149.529
-192.877
-242.223
-298.229
-360.902
-428.382
-497.811
-557.947
40.2883
34.1753
34.3577
31.5551
30.3733
29.1791
28.1464
27.362
26.814
26.4857
26.3672
26.4036
26.6132
26.9863
27.5363
28.2462
29.0082
29.8766
30.8514
31.8731
32.9358
33.9652
34.8954
35.6468
36.1379
36.2612
35.9471
35.0631
33.3905
30.758
26.9729
21.759
14.9415
6.30502
-4.46989
-17.7011
-33.725
-52.8745
-75.4922
-101.95
-132.609
-167.825
-207.912
-253.169
-303.895
-360.565
-423.292
-490.26
-556.966
-610.138
32.9277
26.6595
26.8472
23.4714
22.1903
20.8551
19.6683
18.6914
17.9333
17.3681
16.9179
16.5801
16.3908
16.2791
16.2284
16.1867
16.4359
16.6648
16.8839
17.076
17.1803
17.1725
17.0139
16.6338
15.9142
14.7208
12.9498
10.5306
7.27259
2.94922
-2.70524
-9.87426
-18.746
-29.5645
-42.6265
-58.2259
-76.6062
-98.0836
-122.976
-151.547
-184.087
-220.876
-262.119
-308.027
-358.854
-414.99
-476.463
-541.409
-603.841
-648.499
24.5882
18.5557
18.2463
14.6178
13.203
11.6216
10.2607
9.10546
8.02056
7.05317
6.16034
5.30947
4.52172
3.81486
3.25253
2.73023
2.05494
1.49343
0.876317
0.129726
-0.757958
-1.8365
-3.12833
-4.70516
-6.65786
-9.11069
-12.2372
-16.2074
-21.1685
-27.2028
-34.5061
-43.4168
-54.1351
-66.8463
-81.8054
-99.2501
-119.438
-142.606
-168.978
-198.791
-232.255
-269.542
-310.808
-356.221
-406.006
-460.549
-519.615
-581.008
-638.054
-673.135
14.983
9.18348
8.58417
4.98375
3.48699
1.57865
-0.055888
-1.51112
-2.9257
-4.31675
-5.73349
-7.13078
-8.53896
-9.93772
-11.3961
-12.7343
-14.0936
-15.6278
-17.2127
-18.9226
-20.8432
-22.9885
-25.4311
-28.2248
-31.4579
-35.2809
-39.8107
-45.1444
-51.4429
-58.9558
-67.8646
-78.3261
-90.5533
-104.747
-121.125
-139.896
-161.223
-185.321
-212.392
-242.573
-276.017
-312.859
-353.17
-397.043
-444.727
-496.709
-552.609
-609.353
-659.733
-684.951
4.35956
-1.12954
-1.90812
-5.2503
-6.80372
-9.06842
-11.1015
-13.065
-14.9845
-16.8663
-18.8846
-20.956
-23.0421
-25.2136
-27.3964
-29.8043
-32.1799
-34.6495
-37.2739
-40.0393
-42.9853
-46.2113
-49.7709
-53.7242
-58.1415
-63.1187
-68.8277
-75.4734
-83.1902
-92.0208
-102.12
-113.76
-127.111
-142.345
-159.632
-179.103
-200.939
-225.29
-252.271
-282.016
-314.62
-350.138
-388.617
-430.128
-474.807
-523.021
-574.849
-626.776
-670.803
-688.41
-7.32186
-12.0599
-13.036
-16.1646
-17.7968
-20.3003
-22.7006
-25.2075
-27.7411
-30.4011
-33.0314
-35.7602
-38.6779
-41.7037
-44.9377
-48.1925
-51.654
-55.2021
-58.9356
-62.8004
-66.8621
-71.164
-75.8097
-80.8759
-86.4324
-92.5871
-99.4239
-107.041
-115.627
-125.396
-136.487
-148.997
-163.062
-178.82
-196.443
-216.076
-237.792
-261.708
-287.936
-316.525
-347.537
-381.016
-416.948
-455.297
-496.14
-540.026
-586.608
-633.129
-672.049
-686.193
-19.9098
-23.7083
-24.6727
-27.6851
-29.4988
-32.2702
-35.0383
-37.94
-41.0904
-44.4897
-48.0681
-51.7272
-55.5179
-59.4374
-63.5188
-67.9007
-72.4532
-77.1595
-81.9952
-86.9946
-92.1736
-97.5906
-103.29
-109.345
-115.832
-122.84
-130.519
-139.024
-148.47
-158.902
-170.455
-183.325
-197.623
-213.472
-230.969
-250.177
-271.215
-294.148
-319.002
-345.834
-374.668
-405.465
-438.188
-472.787
-509.154
-547.888
-587.808
-626.58
-657.924
-671.833
-32.7003
-35.71
-36.4716
-39.4708
-41.5501
-44.7019
-47.8928
-51.3098
-55.0378
-59.0623
-63.3962
-68.0661
-72.9431
-78.079
-83.3192
-88.649
-94.2415
-100.09
-106.077
-112.242
-118.587
-125.091
-131.801
-138.802
-146.168
-153.987
-162.338
-171.295
-181.013
-191.674
-203.407
-216.295
-230.428
-245.871
-262.727
-281.094
-300.981
-322.419
-345.446
-370.038
-396.168
-423.811
-452.851
-483.064
-514.685
-547.209
-578.998
-606.608
-624.743
-636.699
-44.8771
-47.3947
-48.0675
-51.253
-53.583
-57.1382
-60.663
-64.7852
-69.3937
-74.2195
-79.3564
-84.957
-90.8765
-96.9872
-103.526
-110.272
-116.982
-123.892
-131.052
-138.367
-145.836
-153.388
-161.067
-168.895
-176.909
-185.205
-193.931
-203.213
-213.143
-223.774
-235.223
-247.635
-261.121
-275.783
-291.662
-308.742
-327.084
-346.7
-367.527
-389.537
-412.686
-436.835
-461.778
-487.447
-513.67
-539.253
-562.46
-579.509
-586.064
-592.683
-56.1467
-58.1189
-59.1786
-62.5074
-65.2517
-69.2876
-73.2267
-77.9048
-83.2043
-89.1321
-95.4002
-101.865
-108.885
-116.303
-123.832
-131.776
-140.014
-148.172
-156.493
-165.025
-173.582
-182.184
-190.791
-199.405
-208.05
-216.826
-225.782
-234.993
-244.576
-254.688
-265.519
-277.192
-289.759
-303.249
-317.735
-333.289
-349.853
-367.374
-385.834
-405.133
-425.125
-445.661
-466.542
-487.9
-508.612
-527.46
-542.964
-553.158
-559.122
-561.687
-66.5554
-67.601
-69.342
-72.664
-75.8746
-80.4604
-85.2992
-90.7457
-96.6301
-103.122
-110.548
-118.422
-126.424
-135.037
-144.183
-153.364
-162.917
-172.654
-182.294
-191.993
-201.711
-211.36
-220.865
-230.191
-239.341
-248.32
-257.221
-266.194
-275.392
-284.892
-294.779
-305.214
-316.377
-328.418
-341.348
-355.098
-369.692
-385.09
-401.145
-417.748
-434.803
-452.098
-469.433
-486.414
-502.449
-516.384
-526.571
-531.776
-537.647
-539.325
-76.1662
-75.0578
-77.8651
-81.3318
-85.1158
-90.1273
-95.739
-102.184
-109.112
-116.56
-124.643
-133.611
-143.27
-153.113
-163.418
-174.296
-185.275
-196.533
-207.792
-218.901
-229.85
-240.638
-251.112
-261.239
-270.941
-280.193
-289.06
-297.643
-305.984
-314.264
-322.808
-331.835
-341.445
-351.715
-362.76
-374.662
-387.303
-400.555
-414.354
-428.601
-443.112
-457.525
-471.715
-485.409
-497.818
-507.621
-513.712
-517.979
-520.26
-522.395
-82.9196
-81.8941
-85.2967
-88.4694
-92.778
-98.1875
-104.389
-111.593
-119.656
-128.51
-137.666
-147.484
-158.335
-169.974
-181.819
-194.069
-206.804
-219.655
-232.579
-245.335
-257.83
-269.946
-281.573
-292.605
-302.872
-312.316
-320.955
-328.92
-336.434
-343.645
-350.669
-357.77
-365.291
-373.522
-382.584
-392.431
-403.074
-414.439
-426.344
-438.643
-451.027
-463.063
-474.659
-485.503
-494.864
-501.607
-505.104
-508.248
-509.594
-511.102
-86.6682
-87.3784
-90.3157
-93.8936
-98.5523
-104.46
-111.063
-118.888
-127.872
-137.756
-148.348
-159.733
-171.817
-184.539
-198.156
-212.29
-226.77
-241.531
-256.366
-271.008
-285.292
-299.011
-312.079
-324.231
-335.33
-345.262
-353.971
-361.502
-367.948
-373.485
-378.512
-383.463
-388.675
-394.462
-401.1
-408.823
-417.573
-427.177
-437.549
-448.494
-459.156
-469.075
-478.379
-486.59
-492.846
-496.605
-500.051
-501.362
-502.582
-503.337
-88.737
-90.1768
-93.3263
-97.5104
-102.523
-108.975
-116.012
-124.191
-133.693
-144.401
-156.259
-169.134
-182.722
-197.162
-212.376
-228.293
-244.807
-261.708
-278.634
-295.493
-311.944
-327.723
-342.576
-356.244
-368.544
-379.203
-388.046
-395.103
-400.589
-404.714
-407.712
-410.031
-412.267
-415.038
-418.904
-424.084
-430.686
-438.737
-448.206
-458.065
-467.114
-475.728
-483.201
-488.358
-491.058
-493.348
-495.025
-496.462
-497.652
-498.099
-89.9456
-91.8985
-94.3458
-98.8789
-104.273
-111.077
-118.557
-127.872
-137.724
-148.502
-161.482
-175.617
-190.368
-206.477
-223.72
-241.674
-260.219
-279.386
-298.921
-318.334
-337.346
-355.583
-372.714
-388.444
-402.465
-414.414
-424.029
-431.206
-435.989
-438.484
-439.048
-438.364
-437.13
-436.188
-436.287
-438.213
-442.424
-449.072
-457.472
-466.065
-474.969
-483.088
-488.37
-490.536
-490.814
-491.133
-492.081
-493.497
-494.714
-495.17
-88.5935
-91.4906
-93.5425
-98.0652
-103.559
-110.59
-118.352
-128.463
-138.855
-150.699
-163.87
-178.619
-195.174
-212.852
-231.686
-251.73
-272.717
-294.347
-316.545
-338.906
-360.958
-382.239
-402.351
-420.818
-437.19
-451.102
-462.056
-469.759
-474.131
-475.394
-473.788
-469.856
-464.461
-458.718
-454.049
-451.596
-452.108
-456.21
-463.133
-472.422
-482.479
-489.946
-493.507
-493.738
-492.962
-491.896
-491.927
-492.6
-493.326
-493.841
-84.0071
-88.3496
-90.1433
-95.204
-100.009
-107.945
-115.797
-125.71
-136.576
-150.1
-163.841
-178.712
-196.251
-215.543
-236.102
-258.068
-281.43
-305.887
-331.047
-356.615
-382.151
-407.109
-430.868
-452.817
-472.369
-489.002
-502.234
-511.555
-516.523
-517.07
-513.331
-506.002
-495.858
-484.374
-473.191
-464.213
-458.966
-459.091
-465.305
-476.104
-487.193
-495.114
-498.479
-498.791
-496.9
-495.001
-493.32
-492.148
-491.678
-491.91
-76.4987
-83.1215
-83.7992
-90.8068
-94.4892
-103.067
-110.54
-121.01
-131.923
-145.367
-159.998
-176.411
-194.563
-214.421
-236.506
-260.6
-286.277
-313.366
-341.692
-370.805
-400.254
-429.434
-457.586
-483.928
-507.658
-528.111
-544.724
-556.557
-562.926
-563.569
-558.763
-548.34
-533.228
-514.828
-495.295
-477.622
-463.895
-457.556
-460.982
-472.802
-486.896
-496.704
-501.959
-502.322
-499.935
-496.515
-493.05
-490.158
-488.571
-488.2
-68.1985
-76.4213
-76.4965
-85.0896
-87.9791
-96.8493
-103.567
-114.347
-124.943
-138.247
-153.153
-170.34
-189.037
-209.846
-233.218
-258.892
-286.709
-316.576
-348.069
-380.888
-414.56
-448.42
-481.625
-513.261
-542.342
-567.828
-588.891
-604.641
-614.125
-616.559
-611.37
-598.642
-578.87
-553.232
-524.061
-494.156
-467.235
-449.433
-447.798
-459.987
-478.426
-491.467
-498.733
-501.17
-499.002
-494.773
-490.339
-486.323
-483.72
-482.351
-59.7671
-69.2066
-69.4454
-78.0389
-80.7813
-89.5793
-95.6187
-106.168
-116.161
-129.377
-143.977
-161.21
-180.338
-201.934
-226.215
-253.032
-282.715
-314.995
-349.646
-386.272
-424.375
-463.3
-502.171
-539.956
-575.407
-607.293
-634.401
-655.617
-669.496
-674.953
-671.372
-658.223
-635.201
-602.78
-562.735
-517.778
-473.012
-439.847
-428.011
-436.02
-457.31
-478.624
-490.099
-496.403
-497.913
-495.552
-490.851
-485.796
-482.033
-479.59
-52.0058
-61.1465
-62.0808
-70.2413
-73.0482
-81.2556
-87.4376
-97.0507
-106.688
-119.243
-132.757
-149.712
-168.918
-190.936
-215.652
-243.31
-274.351
-308.716
-346.18
-386.482
-429.096
-473.346
-518.333
-562.908
-605.737
-645.352
-680.139
-708.501
-728.889
-739.639
-739.546
-727.712
-703.61
-666.473
-616.855
-557.068
-492.182
-435.657
-405.404
-406.222
-428.873
-461.087
-486.781
-501.112
-506.09
-503.988
-498.57
-492.172
-486.905
-483.437
-46.5434
-53.0023
-55.2645
-61.9708
-65.5688
-72.4261
-78.4723
-87.5924
-96.2177
-108.464
-121.216
-137.122
-155.632
-177.332
-202.073
-230.382
-262.228
-297.952
-337.703
-381.289
-428.316
-478.03
-529.451
-581.397
-632.461
-681.004
-725.077
-762.528
-791.371
-809.416
-815.255
-807.276
-784.91
-747.831
-691.267
-615.077
-527.093
-453.766
-405.401
-391.337
-406.206
-443.631
-481.828
-503.982
-514.265
-514.499
-508.124
-501.215
-495.961
-493.383
-44.5658
-45.5055
-49.0822
-53.6472
-59.0231
-63.2405
-69.4035
-78.1551
-86.0771
-97.1612
-109.125
-123.948
-141.408
-162.46
-186.76
-214.882
-247.138
-283.612
-324.765
-370.926
-422.026
-477.116
-535.063
-594.733
-654.821
-713.52
-768.275
-816.505
-855.801
-884.128
-899.322
-898.045
-879.63
-846.39
-783.409
-695.873
-595.729
-506.025
-440.949
-414.414
-422.558
-448.001
-479.304
-500.955
-511.518
-512.383
-508.282
-503.518
-500.213
-499.206
-57.9063
-39.7483
-47.0654
-45.4493
-53.4025
-54.6259
-61.5088
-69.3767
-76.7709
-86.2695
-97.3984
-111.655
-127.919
-147.505
-170.901
-198.796
-230.858
-267.511
-309.485
-357.301
-411.607
-471.419
-535.62
-603.186
-672.762
-742.471
-808.308
-868.091
-920.468
-961.288
-988.206
-998.112
-984.715
-951.234
-895.211
-804.663
-707.557
-607.501
-535.269
-495.368
-481.588
-488.017
-499.725
-507.954
-510.545
-508.01
-503.748
-500.316
-499.728
-500.646
-48.5426
-31.9118
-40.1409
-37.702
-47.6162
-48.5642
-54.9639
-61.2145
-68.6147
-76.8067
-87.4046
-101.21
-116.94
-135.605
-158.061
-184.673
-216.245
-254.029
-297.571
-347.296
-404.337
-469.309
-541.791
-619.779
-701.228
-783.548
-863.841
-938.34
-1004.01
-1058.9
-1099.06
-1125.49
-1125.71
-1085.46
-1011.97
-923.684
-826.094
-742.627
-676.634
-625.811
-589.557
-565.635
-547.668
-532.845
-518.909
-506.186
-498.382
-496.473
-498.345
-500.218
-39.5051
-33.0114
-36.0567
-38.7323
-44.256
-47.686
-51.3792
-56.5773
-64.2653
-73.062
-83.5631
-96.5122
-112.217
-131.751
-155.586
-184.313
-218.963
-260.146
-307.892
-363.641
-428.549
-503.045
-586.167
-675.91
-771.164
-868.676
-963.838
-1051.24
-1127.57
-1189.67
-1232.88
-1248.77
-1226.8
-1175.09
-1103.43
-1019.07
-932.855
-854.236
-788.63
-733.398
-686.293
-644.444
-607.194
-572.799
-541.525
-516.87
-501.694
-497.606
-500.318
-502.514
-30.6337
-31.9804
-34.34
-37.6629
-41.6
-45.3785
-49.0197
-54.2927
-62.3808
-72.1555
-82.9199
-96.0623
-112.865
-134.737
-162.187
-195.649
-234.752
-281.183
-337.14
-403.652
-480.12
-566.131
-662.459
-768.423
-880.541
-993.277
-1098.96
-1194.66
-1277.83
-1340.5
-1370.41
-1364.48
-1332.16
-1276.46
-1206.15
-1125.58
-1046.79
-971.056
-900.018
-834.323
-773.747
-717.856
-665.973
-618.492
-575.686
-540.053
-515.548
-504.374
-505.774
-508.889
-25.8247
-28.5415
-30.9954
-34.0194
-37.4935
-41.4113
-45.775
-51.3331
-59.4652
-69.753
-81.6631
-96.0801
-114.868
-139.28
-170.126
-207.865
-253.362
-308.471
-374.386
-451.289
-540.753
-644.371
-761.276
-887.705
-1016.42
-1140.45
-1256.35
-1361.41
-1446.32
-1496.78
-1510.24
-1494.19
-1453.33
-1393.73
-1320.75
-1242.07
-1159.75
-1077.93
-997.924
-921.783
-849.519
-781.999
-719.606
-662.873
-612.853
-570.588
-538.436
-519.007
-512.796
-519.022
-21.7007
-24.0755
-26.118
-28.7045
-31.9147
-35.5812
-40.1903
-45.8473
-53.7918
-64.1382
-77.1985
-93.129
-113.671
-140.572
-175.154
-218.176
-271.028
-334.448
-409.932
-500.609
-609.502
-736.929
-877.299
-1022.91
-1166.86
-1305.25
-1434.35
-1542.85
-1615.72
-1651.15
-1653.63
-1627.51
-1578.29
-1511.79
-1433.92
-1348.46
-1258.4
-1167.64
-1078.19
-991.831
-909.943
-833.383
-763.176
-700.376
-645.75
-600.041
-563.758
-538.348
-527.163
-536.716
-16.4103
-18.4863
-20.3193
-22.0366
-24.5468
-28.0083
-31.8871
-36.6897
-44.4577
-55.1014
-68.4915
-85.5121
-107.586
-136.882
-175.315
-224.087
-283.748
-355.993
-444.603
-554.812
-688.576
-841.449
-1004.91
-1170.13
-1333.02
-1487.92
-1621.61
-1717.01
-1775.38
-1797.28
-1787.04
-1749.28
-1690.86
-1615.6
-1528.18
-1433.02
-1334.02
-1234.08
-1135.68
-1040.88
-951.116
-867.89
-792.319
-725.443
-668.194
-620.826
-583.532
-557.121
-545.204
-547.265
-10.6864
-11.8734
-12.9119
-13.799
-14.8529
-17.1735
-20.518
-25.236
-32.205
-42.1602
-55.029
-71.8717
-95.2271
-127.065
-169.365
-222.929
-290.612
-375.979
-483.178
-616.508
-776.872
-955.985
-1142.92
-1331.26
-1512.3
-1670.42
-1790.37
-1872.18
-1915.44
-1923.19
-1899.09
-1849.9
-1778.97
-1692.46
-1594.57
-1489.83
-1381.79
-1273.63
-1167.6
-1065.78
-970.093
-881.897
-802.598
-733.288
-674.757
-627.369
-591.113
-566.207
-553.376
-550.95
-3.69584
-3.67329
-3.42035
-3.43633
-3.62076
-4.60467
-6.75544
-10.2615
-15.3583
-23.0562
-34.6626
-51.6414
-76.4409
-109.941
-154.793
-214.26
-293.383
-396.263
-525.589
-684.509
-873.366
-1078.7
-1291.31
-1497.43
-1677.1
-1822.07
-1928.23
-1995.82
-2023.86
-2017.26
-1979.3
-1916.3
-1833.68
-1736.05
-1628.81
-1515.71
-1400.11
-1284.9
-1172.65
-1065.5
-965.157
-873.367
-791.449
-720.471
-661.371
-614.414
-579.783
-557.047
-546.493
-544.924
4.61069
5.54782
7.09915
8.73798
9.81793
10.7275
11.1038
10.4914
8.25067
2.37228
-8.60932
-24.9667
-48.8216
-82.9973
-130.607
-196.921
-289.159
-412.625
-568.209
-753.627
-973.122
-1204.42
-1429.17
-1629.53
-1797.96
-1930.26
-2023.02
-2076.46
-2090.05
-2069.29
-2019.36
-1944.19
-1851.71
-1745.69
-1630.73
-1510.79
-1389.06
-1268.47
-1151.45
-1040.1
-936.424
-841.981
-758.179
-686.164
-626.686
-580.115
-546.393
-525.15
-517.135
-516.91
13.9366
16.3789
19.4254
23.0571
26.8518
30.7645
34.1028
35.6982
35.6432
33.3742
25.9801
11.8064
-10.2343
-43.6412
-92.788
-165.106
-269.82
-414.384
-599.572
-814.168
-1051.64
-1293.3
-1515.96
-1707.04
-1863.94
-1985
-2065.63
-2107.5
-2108.65
-2076.9
-2017.33
-1934.69
-1835.12
-1722.91
-1602.37
-1477.44
-1351.34
-1226.81
-1106.23
-991.952
-885.815
-789.504
-704.421
-631.576
-571.792
-525.341
-492.08
-471.503
-463.097
-463.319
24.1121
28.7188
34.1132
40.1909
46.3825
52.6008
59.3767
65.8619
69.8282
71.4078
69.7071
61.4781
44.451
14.5217
-35.4359
-114.915
-233.573
-395.531
-596.993
-829.237
-1079.05
-1325.23
-1540.04
-1723.04
-1870
-1985.21
-2054.97
-2086.06
-2080.69
-2043.02
-1978.39
-1892
-1788.82
-1673.14
-1549.3
-1421.15
-1292.01
-1164.65
-1041.7
-925.362
-817.659
-720.308
-634.601
-561.549
-501.694
-455.127
-421.656
-400.777
-391.925
-391.097
35.1922
41.2227
48.5427
57.4657
67.6129
77.5541
87.8102
99.0628
109.773
119.306
126.68
128.203
118.898
92.8181
40.8408
-45.6247
-171.939
-342.982
-553.925
-796.762
-1048.76
-1295.29
-1503.01
-1678.86
-1824.23
-1928.58
-1995.06
-2025.02
-2018.27
-1979.21
-1913.59
-1826.59
-1722.43
-1605.38
-1479.79
-1349.7
-1218.58
-1089.53
-965.193
-847.904
-739.715
-642.236
-556.717
-483.961
-424.415
-378.182
-344.966
-323.978
-314.117
-311.447
45.081
53.0486
62.6532
74.0924
87.1716
101.832
118.469
137.255
157.299
177.844
196.793
209.841
208.786
185.495
134.051
46.5664
-83.8947
-258.93
-471.39
-717.682
-965.708
-1204.04
-1417.32
-1593.24
-1735.97
-1842.95
-1912.57
-1943.78
-1938.34
-1901.01
-1837.15
-1751.34
-1647.53
-1530.29
-1404.25
-1273.52
-1141.71
-1012.07
-887.455
-770.294
-662.581
-565.918
-481.484
-410.033
-351.91
-306.942
-274.53
-253.702
-243.174
-239.463
51.9328
62.8059
75.2347
89.7012
107.078
127.908
151.734
179.282
210.224
241.658
269.052
287.938
293.147
276.912
228.027
141.779
12.3389
-163.51
-374.696
-612.12
-858.995
-1095.23
-1312.15
-1497.54
-1647.41
-1760.44
-1833.51
-1867.24
-1864.56
-1829.75
-1767.51
-1682.57
-1579.9
-1464.08
-1339.01
-1208.67
-1076.98
-947.491
-823.29
-706.907
-600.315
-505.049
-422.216
-352.482
-296.04
-252.594
-221.466
-201.43
-190.742
-186.237
59.2294
71.262
85.6805
102.772
123.33
147.762
176.073
207.78
242.526
278.06
311.024
335.793
343.759
328.52
281.81
195.6
68.5547
-102.579
-309.837
-540.478
-782.779
-1019.69
-1238.79
-1429.08
-1584.06
-1699.79
-1775.71
-1813.41
-1815.56
-1785.46
-1727.07
-1645.11
-1544.35
-1429.27
-1304.22
-1173.65
-1041.76
-912.22
-788.175
-672.24
-566.343
-471.934
-390.038
-321.243
-265.692
-223.04
-192.452
-172.502
-161.376
-156.167
59.039
71.0883
85.4094
102.527
123.316
148.066
176.624
208.687
243.88
279.834
313.104
337.268
344.811
329.542
283.125
196.431
70.0041
-101.009
-308.363
-538.981
-782.803
-1022.16
-1242.4
-1432.77
-1587.59
-1703.21
-1778.95
-1816.5
-1818.45
-1788.19
-1729.59
-1647.34
-1546.32
-1431.04
-1305.79
-1174.93
-1042.69
-912.874
-788.634
-672.472
-566.427
-471.948
-389.962
-320.914
-264.762
-220.96
-188.51
-166.042
-152.335
-145.225
52.1497
63.0736
75.4734
90.0422
107.771
128.826
152.965
180.896
212.204
243.972
271.599
290.755
296.286
280.244
231.647
144.762
16.6402
-158.995
-370.146
-607.477
-858.226
-1099.52
-1319.03
-1505.85
-1656.38
-1769.5
-1842.39
-1875.85
-1872.93
-1837.78
-1774.99
-1689.26
-1585.85
-1469.38
-1343.63
-1212.39
-1079.64
-949.112
-823.96
-706.721
-599.408
-503.462
-419.808
-348.891
-290.679
-244.669
-210
-185.612
-170.735
-163.012
44.9267
52.9793
62.7838
74.331
87.5396
102.657
119.705
138.809
159.157
180.298
199.841
213.342
212.8
190.258
139.52
52.3478
-77.5569
-252.669
-465.479
-711.62
-965.475
-1209.86
-1426.55
-1605.2
-1748.43
-1855.61
-1925.52
-1956.99
-1951.95
-1914.82
-1850.6
-1763.92
-1658.97
-1540.46
-1413.06
-1280.78
-1147.21
-1015.71
-889.256
-770.384
-661.08
-562.848
-476.699
-403.193
-342.466
-294.236
-257.914
-232.619
-217.488
-209.998
35.0566
41.1675
48.7259
57.8489
67.9133
78.0581
88.8842
100.441
111.311
121.402
129.358
131.426
122.885
97.5794
46.1568
-39.482
-165.052
-336.001
-547.335
-791.169
-1049.02
-1301.76
-1515.15
-1693.26
-1838.86
-1944.23
-2011.74
-2042.41
-2036.52
-1997.93
-1932.27
-1844.81
-1739.9
-1621.71
-1494.53
-1362.43
-1228.99
-1097.4
-970.473
-850.633
-739.955
-640.01
-551.993
-476.628
-414.252
-364.771
-327.783
-302.544
-288.318
-282.061
23.9907
28.676
34.2123
40.4601
46.8049
53.2408
60.3224
66.8718
71.1534
73.3126
72.0587
64.3755
47.9718
18.5611
-30.7961
-109.398
-227.297
-388.783
-590.817
-825.123
-1080.05
-1332.63
-1553.03
-1738.88
-1889.23
-2002.54
-2074.31
-2107.26
-2103.35
-2066.35
-2002.07
-1915.74
-1812.27
-1695.81
-1570.52
-1440.31
-1308.64
-1178.5
-1052.6
-933.246
-822.53
-722.189
-633.511
-557.45
-494.544
-444.933
-408.337
-384.122
-371.484
-366.538
13.7399
16.2485
19.395
23.1408
27.177
31.4157
34.7742
36.4435
36.9224
35.0394
27.9263
14.2583
-7.37137
-40.2635
-88.6389
-160.137
-264.571
-409.044
-594.577
-811.765
-1053.85
-1301.27
-1529.48
-1724.65
-1884.89
-2007.28
-2089.11
-2132.83
-2136.08
-2105.24
-2046.54
-1964.37
-1864.85
-1752.14
-1630.41
-1503.64
-1375.16
-1247.86
-1124.29
-1006.83
-897.475
-798.012
-709.909
-634.174
-571.511
-522.2
-486.161
-462.915
-452.356
-449.773
4.33565
5.39023
7.06261
8.65521
9.89937
11.1083
11.5503
11.1004
9.23231
3.6855
-6.92326
-22.9514
-46.4882
-80.2217
-127.136
-192.741
-284.917
-408.749
-564.912
-752.605
-976.719
-1213.24
-1443.08
-1648.61
-1820.65
-1955.35
-2050.42
-2106.32
-2121.33
-2102.08
-2054.24
-1980.19
-1887.97
-1781.76
-1665.88
-1544.44
-1420.7
-1297.59
-1177.68
-1063.21
-956.312
-858.723
-771.952
-697.195
-635.186
-586.362
-550.696
-527.763
-517.663
-517.117
-3.98646
-3.88296
-3.67641
-3.66254
-3.56613
-4.38716
-6.62165
-9.92608
-14.6024
-22.0988
-33.3836
-50.0792
-74.594
-107.721
-152.093
-211.202
-290.379
-393.602
-523.648
-684.163
-876.286
-1086.99
-1305.54
-1517.05
-1700.66
-1849.12
-1958.85
-2028.97
-2058.79
-2054.87
-2019.39
-1957.79
-1876.13
-1779.08
-1671.3
-1557.12
-1439.82
-1322.42
-1207.52
-1097.33
-993.875
-899.012
-814.251
-740.786
-679.441
-630.721
-594.8
-570.96
-560.762
-559.443
-11.0875
-12.2288
-13.2637
-13.99
-14.8877
-17.2221
-20.5928
-25.0324
-31.755
-41.4755
-54.0735
-70.6971
-93.8242
-125.332
-167.24
-220.64
-288.418
-374.054
-481.681
-616.311
-779.659
-963.057
-1155.33
-1349.31
-1536.33
-1699.06
-1822.9
-1907.29
-1953.4
-1964.54
-1943.49
-1896.3
-1827.45
-1742.06
-1644.19
-1538.95
-1429.69
-1319.54
-1211.07
-1106.42
-1007.64
-916.417
-834.301
-762.551
-701.89
-652.96
-615.931
-590.841
-578.274
-575.036
-16.8346
-18.9205
-20.7102
-22.3333
-24.8056
-28.2303
-32.0144
-36.6584
-44.297
-54.7218
-67.8788
-84.6274
-106.52
-135.54
-173.693
-222.418
-282.139
-354.511
-443.595
-554.894
-690.887
-847.261
-1015.26
-1185.81
-1354.82
-1516.03
-1654.46
-1752.8
-1814.69
-1840.56
-1834.11
-1799.5
-1744.13
-1670.7
-1584.49
-1489.49
-1389.69
-1288.06
-1187.49
-1089.8
-997.002
-910.653
-832.162
-762.654
-703.112
-653.976
-615.524
-588.448
-574.668
-572.616
-22.1712
-24.581
-26.5706
-29.0443
-32.1573
-35.9067
-40.4579
-45.9786
-53.7259
-63.9312
-76.8208
-92.5637
-113.035
-139.701
-174.016
-216.964
-269.864
-333.277
-409.04
-500.652
-611.457
-741.629
-885.732
-1036.13
-1185.25
-1329.39
-1464.84
-1578.59
-1654.73
-1694.29
-1701.03
-1679.15
-1633.73
-1570.87
-1495.42
-1410.72
-1320.77
-1228.99
-1137.39
-1048.28
-963.101
-883.103
-809.548
-743.578
-686.105
-637.788
-599.05
-571.326
-559.455
-564.96
-26.4595
-29.1662
-31.5223
-34.4161
-37.7817
-41.6911
-45.9827
-51.6189
-59.67
-69.8301
-81.569
-95.9531
-114.568
-138.718
-169.437
-207.123
-252.522
-307.613
-373.668
-451.339
-542.24
-648.032
-768.043
-898.389
-1031.59
-1160.58
-1282.55
-1394.36
-1483.85
-1537.91
-1556.34
-1545.3
-1508.89
-1453.27
-1383.65
-1307.52
-1226.8
-1144.45
-1062.85
-984.043
-908.227
-836.735
-770.232
-709.635
-655.953
-610.238
-573.943
-549.596
-539.956
-550.851
-31.3459
-32.5006
-34.9277
-38.1473
-41.964
-45.7397
-49.4728
-54.696
-62.6976
-72.4156
-83.1017
-96.161
-112.77
-134.563
-161.89
-195.234
-234.278
-280.738
-336.851
-403.848
-481.276
-568.925
-667.653
-776.825
-893.063
-1010.4
-1121.36
-1222.49
-1311.8
-1379.82
-1414.58
-1413.69
-1385.34
-1333.94
-1267.1
-1191.27
-1115.38
-1040.5
-968.544
-900.495
-836.07
-775.503
-718.521
-665.778
-618.072
-577.208
-546.873
-530.344
-527.426
-533.123
-40.4699
-33.4555
-36.7393
-39.4766
-44.6883
-48.082
-51.8997
-57.0356
-64.7597
-73.4429
-83.818
-96.6568
-112.294
-131.779
-155.597
-184.352
-218.995
-260.121
-308.034
-364.218
-429.847
-505.462
-590.321
-682.576
-781.029
-882.622
-982.587
-1074.91
-1156.49
-1225.53
-1275.95
-1294.87
-1274.81
-1227.79
-1159.33
-1079.98
-998.455
-922.685
-857.178
-800.093
-749.086
-702.456
-658.562
-617.347
-579.196
-546.867
-526.135
-518.109
-520.796
-524.028
-49.5696
-32.6104
-40.7707
-38.5445
-48.2321
-48.9897
-55.459
-61.6663
-69.0416
-77.115
-87.7457
-101.495
-117.145
-135.838
-158.166
-184.808
-216.542
-254.479
-298.227
-348.337
-405.997
-471.922
-545.855
-625.849
-709.827
-795.486
-879.822
-959.042
-1029.81
-1089.66
-1135.75
-1166.51
-1172.13
-1129.03
-1058.71
-973.255
-883.685
-805.259
-742.123
-689.805
-650.934
-621.154
-595.349
-570.474
-547.257
-528.145
-516.023
-513.671
-516.421
-518.842
65.8387
62.3729
60.5908
59.6774
59.322
59.3554
59.6785
60.3203
61.292
62.5554
64.1011
65.9694
68.1307
70.67
73.5956
76.9123
80.6055
84.7242
89.2969
94.2747
99.6591
105.451
111.598
118.064
124.789
131.736
138.898
146.347
153.837
161.118
168.078
174.66
180.731
186.093
190.515
193.724
195.357
194.993
192.245
186.713
177.943
165.406
148.501
126.537
98.8695
64.8042
23.8211
-25.0594
-83.8089
-142.774
64.498
63.3694
62.8079
62.6913
62.879
63.3759
64.1679
65.2583
66.6556
68.3481
70.3501
72.6836
75.3636
78.4056
81.8535
85.744
90.1048
94.9618
100.299
106.083
112.322
118.99
126.047
133.454
141.166
149.203
157.582
166.248
175.052
183.798
192.323
200.54
208.373
215.685
222.261
227.814
231.99
234.428
234.765
232.603
227.495
218.944
206.413
189.304
166.993
138.812
104.083
61.8748
11.0646
-39.1978
64.8282
65.1424
65.6172
66.2201
66.9769
67.9734
69.2251
70.7384
72.5328
74.6558
77.1621
80.0192
83.2759
86.9096
90.972
95.4936
100.55
106.161
112.31
118.99
126.178
133.826
141.882
150.301
159.078
168.258
177.852
187.822
198.037
208.288
218.417
228.328
237.954
247.21
255.917
263.806
270.561
275.835
279.27
280.487
279.066
274.558
266.473
254.26
237.339
215.083
186.856
152.062
109.983
69.408
66.7611
67.8025
68.976
70.2487
71.6033
73.1184
74.831
76.7366
78.9364
81.4708
84.476
87.8851
91.7503
96.0438
100.792
106.004
111.756
118.102
125.077
132.672
140.859
149.56
158.684
168.18
178.062
188.406
199.259
210.606
222.3
234.145
245.978
257.673
269.175
280.434
291.317
301.609
311.007
319.164
325.726
330.321
332.569
332.067
328.369
320.97
309.341
292.905
271.153
243.55
209.514
178.758
69.8391
71.2862
72.9598
74.7612
76.6654
78.6719
80.8707
83.2121
85.8042
88.7488
92.2189
96.2179
100.695
105.674
111.139
117.098
123.568
130.655
138.458
146.994
156.226
166.028
176.273
186.885
197.914
209.463
221.624
234.392
247.625
261.14
274.737
288.288
301.74
315.052
328.161
340.896
352.969
364.03
373.711
381.667
387.575
391.076
391.744
389.089
382.626
371.886
356.427
335.854
309.836
287.313
73.7971
75.4788
77.5075
79.755
82.119
84.5786
87.209
89.9954
92.996
96.429
100.383
104.971
110.061
115.715
121.914
128.656
135.898
143.753
152.376
161.862
172.152
183.075
194.46
206.222
218.442
231.244
244.749
258.964
273.782
289.002
304.407
319.859
335.298
350.721
366.108
381.319
396.071
410.003
422.755
434.018
443.485
450.799
455.551
457.313
455.681
450.206
440.486
426.106
406.806
391.245
78.4561
80.3148
82.5716
85.0904
87.8242
90.7215
93.7814
97.0194
100.438
104.321
108.793
113.943
119.685
126.009
132.965
140.511
148.568
157.22
166.645
177.039
188.356
200.397
212.926
225.877
239.316
253.403
268.272
283.954
300.356
317.268
334.471
351.814
369.255
386.806
404.461
422.094
439.436
456.138
471.852
486.272
499.094
510.004
518.662
524.679
527.614
527.03
522.542
513.848
500.89
490.905
83.6986
85.6001
87.9771
90.6965
93.6905
96.9429
100.413
104.078
107.973
112.317
117.339
123.03
129.384
136.381
144.093
152.434
161.305
170.745
180.988
192.262
204.587
217.723
231.404
245.536
260.199
275.57
291.793
308.917
326.851
345.401
364.358
383.579
403.008
422.652
442.508
462.471
482.297
501.647
520.173
537.557
553.512
567.758
579.948
589.674
596.528
600.066
599.911
595.741
587.555
581.738
89.2963
91.1201
93.4818
96.3299
99.5684
103.122
106.962
111.031
115.383
120.183
125.715
131.988
138.951
146.627
155.053
164.126
173.746
183.944
195.007
207.168
220.447
234.602
249.37
264.632
280.48
297.092
314.623
333.123
352.522
372.652
393.314
414.348
435.671
457.28
479.184
501.305
523.413
545.17
566.222
586.254
605.003
622.2
637.514
650.6
661.018
668.261
671.97
671.988
668.431
665.918
94.8977
96.575
98.9279
101.851
105.219
109.008
113.204
117.675
122.443
127.726
133.745
140.555
148.079
156.364
165.438
175.201
185.535
196.515
208.389
221.396
235.542
250.624
266.39
282.726
299.703
317.494
336.252
356.044
376.821
398.431
420.669
443.347
466.369
489.738
513.486
537.549
561.701
585.61
608.929
631.363
652.658
672.528
690.616
706.452
719.49
729.334
735.795
738.713
738.219
737.898
100.233
101.755
104.017
106.944
110.455
114.476
118.935
123.725
128.873
134.624
141.136
148.411
156.444
165.277
174.922
185.303
196.295
207.979
220.579
234.306
249.201
265.099
281.771
299.091
317.095
335.936
355.775
376.701
398.685
421.582
445.179
469.281
493.791
518.72
544.107
569.888
595.834
621.611
646.868
671.292
694.583
716.416
736.407
754.135
769.266
781.646
791.072
797.244
800.113
801.912
104.98
106.324
108.504
111.445
115.027
119.18
123.854
128.971
134.501
140.624
147.526
155.214
163.662
172.945
183.091
193.993
205.571
217.867
231.086
245.436
260.971
277.57
295.026
313.188
332.067
351.795
372.545
394.422
417.415
441.388
466.129
491.441
517.229
543.504
570.293
597.512
624.923
652.179
678.913
704.791
729.51
752.768
774.259
793.693
810.79
825.118
836.064
843.296
847.028
849.123
108.832
110.029
112.128
115.053
118.665
122.929
127.801
133.161
138.969
145.392
152.605
160.629
169.441
179.073
189.574
200.884
212.911
225.7
239.429
254.269
270.297
287.434
305.488
324.306
343.864
364.276
385.712
408.298
432.043
456.825
482.434
508.668
535.424
562.699
590.505
618.747
647.179
675.45
703.192
730.074
755.805
780.095
802.625
823.029
840.951
856.181
868.758
878.826
885.897
890.504
111.555
112.626
114.636
117.541
121.205
125.528
130.497
136.025
142.058
148.709
156.14
164.392
173.423
183.282
194.022
205.602
217.959
231.115
245.197
260.365
276.711
294.19
312.645
331.912
351.932
372.796
394.675
417.718
441.961
467.29
493.49
520.35
547.752
575.681
604.137
633.024
662.097
691.011
719.411
746.978
773.431
798.487
821.854
843.24
862.38
878.888
892.192
901.568
906.969
910.009
112.953
113.95
115.906
118.767
122.439
126.805
131.826
137.449
143.603
150.358
157.886
166.24
175.392
185.368
196.221
207.942
220.467
233.789
248.025
263.339
279.831
297.476
316.129
335.614
355.852
376.916
398.983
422.216
446.674
472.243
498.699
525.819
553.477
581.65
610.338
639.444
668.728
697.853
726.473
754.279
780.998
806.339
829.958
851.447
870.372
886.377
899.185
908.566
914.451
917.892
112.835
113.847
115.813
118.674
122.341
126.697
131.717
137.338
143.482
150.233
157.755
166.101
175.24
185.204
196.048
207.749
220.247
233.55
247.765
263.051
279.51
297.122
315.741
335.186
355.375
376.384
398.387
421.549
445.929
471.415
497.781
524.8
552.34
580.381
608.922
637.864
666.967
695.897
724.308
751.897
778.391
803.503
826.879
848.073
866.574
881.995
894.163
903.083
908.726
911.973
111.247
112.33
114.349
117.247
120.91
125.217
130.168
135.683
141.698
148.337
155.745
163.969
172.979
182.797
193.486
205.02
217.32
230.41
244.424
259.514
275.769
293.149
311.496
330.64
350.519
371.22
392.913
415.747
439.761
464.842
490.769
517.323
544.38
571.919
599.942
628.347
656.888
685.219
712.988
739.883
765.633
789.961
812.563
833.124
851.334
866.742
878.647
886.252
889.853
891.42
108.335
109.539
111.64
114.568
118.176
122.42
127.268
132.603
138.382
144.773
151.963
159.941
168.697
178.279
188.707
199.929
211.864
224.552
238.166
252.885
268.768
285.739
303.616
322.234
341.563
361.713
382.851
405.1
428.475
452.849
478.004
503.734
529.926
556.571
583.675
611.14
638.711
666.03
692.722
718.458
742.955
765.936
787.087
806.042
822.43
836.007
846.772
854.683
859.22
861.626
104.295
105.649
107.834
110.785
114.354
118.484
123.14
128.21
133.705
139.795
146.636
154.267
162.661
171.849
181.905
192.7
204.144
216.307
229.374
243.548
258.897
275.281
292.493
310.386
328.955
348.331
368.684
390.115
412.608
436.026
460.146
484.762
509.774
535.192
561.034
587.204
613.453
639.419
664.725
689.027
712.018
733.402
752.886
770.18
784.984
796.827
805.179
809.845
810.997
811.059
99.3792
100.913
103.18
106.117
109.616
113.619
118.041
122.785
127.895
133.58
140.032
147.247
155.181
163.921
173.453
183.687
194.533
206.04
218.456
231.977
246.64
262.282
278.662
295.646
313.272
331.685
351.039
371.425
392.801
415.014
437.841
461.076
484.613
508.47
532.684
557.171
581.678
605.856
629.34
651.805
672.938
692.395
709.795
724.767
737.043
746.452
752.693
755.382
754.467
753.073
93.894
95.5798
97.9424
100.872
104.227
107.996
112.151
116.583
121.28
126.506
132.459
139.171
146.597
154.78
163.709
173.315
183.471
194.259
205.911
218.683
232.564
247.357
262.787
278.738
295.278
312.575
330.774
349.94
370.022
390.845
412.186
433.85
455.735
477.849
500.222
522.771
545.239
567.265
588.492
608.617
627.378
644.472
659.513
672.017
681.516
687.658
690.243
689.142
684.397
680.275
88.1585
89.9889
92.3636
95.2149
98.4467
101.965
105.771
109.788
114.071
118.819
124.248
130.43
137.288
144.829
153.103
162.014
171.429
181.414
192.233
204.137
217.131
230.963
245.361
260.199
275.56
291.625
308.546
326.356
344.982
364.242
383.91
403.809
423.859
444.062
464.431
484.855
505.073
524.707
543.383
560.784
576.646
590.695
602.601
611.962
618.295
621.185
620.311
615.471
606.773
599.417
82.4674
84.3686
86.7435
89.4631
92.4479
95.6635
99.0985
102.698
106.549
110.804
115.736
121.323
127.548
134.402
141.969
150.128
158.784
167.982
177.985
188.98
200.998
213.787
227.075
240.747
254.892
269.674
285.242
301.636
318.742
336.354
354.239
372.238
390.291
408.411
426.604
444.733
462.503
479.542
495.471
509.958
522.722
533.464
541.828
547.403
549.724
548.321
542.905
533.211
519.157
507.536
77.1485
79.003
81.2459
83.7653
86.4744
89.3403
92.3526
95.5346
98.9004
102.674
107.082
112.099
117.717
123.895
130.697
138.039
145.876
154.281
163.453
173.55
184.556
196.238
208.353
220.82
233.713
247.188
261.369
276.288
291.829
307.759
323.834
339.887
355.883
371.838
387.744
403.445
418.608
432.843
445.789
457.113
466.5
473.635
478.146
479.612
477.585
471.618
461.276
446.242
426.448
409.055
72.4005
74.0849
76.1088
78.3495
80.6779
83.1139
85.6795
88.4287
91.3444
94.6954
98.5547
103.015
107.983
113.487
119.52
126.051
133.07
140.686
149.03
158.231
168.2
178.759
189.707
200.978
212.629
224.805
237.606
251.041
264.975
279.177
293.422
307.545
321.491
335.282
348.877
362.091
374.585
385.941
395.784
403.8
409.646
412.942
413.275
410.195
403.236
391.921
375.878
354.636
327.916
303.949
68.3755
69.8206
71.4942
73.2814
75.1574
77.132
79.2668
81.5617
84.0565
86.9411
90.2808
94.1822
98.5158
103.358
108.64
114.393
120.643
127.485
135.015
143.27
152.176
161.6
171.4
181.513
191.966
202.872
214.33
226.305
238.646
251.128
263.54
275.752
287.697
299.361
310.66
321.362
331.133
339.566
346.253
350.848
353.025
352.376
348.425
340.674
328.629
311.765
289.578
261.694
227.944
196.474
65.2454
66.2855
67.4544
68.7111
70.0413
71.5068
73.1731
75.0062
77.1307
79.5872
82.4689
85.7782
89.4912
93.6461
98.2065
103.227
108.76
114.866
121.583
128.888
136.74
145.051
153.742
162.724
172.033
181.727
191.876
202.431
213.227
224.039
234.676
245.031
255.057
264.678
273.742
281.983
289.046
294.551
298.096
299.278
297.711
292.984
284.595
271.978
254.577
231.816
203.195
168.085
126.128
86.2329
63.2736
63.5911
64.0554
64.6367
65.3636
66.3143
67.5158
68.956
70.692
72.7151
75.1177
77.8531
80.9659
84.4501
88.3351
92.6728
97.5204
102.902
108.791
115.169
122.017
129.276
136.892
144.796
153
161.543
170.427
179.609
188.919
198.139
207.087
215.678
223.853
231.501
238.39
244.227
248.649
251.272
251.702
249.515
244.277
235.523
222.726
205.28
182.572
153.939
118.732
76.3341
26.3649
-23.5693
62.9252
61.7893
61.2194
61.0726
61.2284
61.6802
62.4213
63.4514
64.7827
66.3791
68.2867
70.491
73.04
75.9247
79.2078
82.9148
87.0706
91.7083
96.7789
102.25
108.144
114.419
121.023
127.92
135.062
142.484
150.163
158.022
165.917
173.628
181.007
187.948
194.351
200.068
204.846
208.345
210.2
210.019
207.394
201.873
192.99
180.252
163.084
140.825
112.801
78.3101
36.702
-13.0518
-71.7028
-131.163
64.2628
60.7709
58.9767
58.0331
57.6387
57.6255
57.9117
58.4871
59.3914
60.564
62.0219
63.7637
65.8078
68.19
70.9524
74.0856
77.5715
81.4687
85.7793
90.4406
95.4678
100.858
106.545
112.508
118.665
124.984
131.477
138.114
144.658
150.885
156.722
162.087
166.755
170.523
173.164
174.36
173.693
170.744
165.098
156.298
143.858
127.224
105.789
78.8762
45.7252
5.5312
-42.2139
-98.5041
-164.382
-232.649
-12.4594
-28.2745
-22.4751
-21.6429
-18.3188
-13.8401
-8.74123
-2.75651
4.51009
12.3984
20.6411
30.0217
38.1819
42.3819
48.6918
48.542
42.503
38.0131
29.9139
20.4517
12.1633
4.2287
-3.10073
-9.15223
-14.2845
-18.7857
-22.2139
-23.0677
-29.0355
-13.24
-3.01818
-18.6212
-15.3347
-17.4694
-14.6052
-11.0368
-6.63081
-1.55532
4.63336
11.2097
17.9382
25.3699
31.6669
35.1278
39.4924
39.3922
35.1656
31.5202
25.2555
17.7349
10.963
4.36067
-1.8942
-7.00424
-11.464
-15.0731
-17.9917
-15.8542
-19.2021
-3.63882
-8.39589
-12.8552
-10.3873
-13.6922
-10.8445
-8.11771
-4.4587
-0.134781
5.04429
10.4979
15.99
21.6926
26.4811
29.511
32.2475
32.1726
29.5003
26.355
21.5605
15.8075
10.267
4.78635
-0.450294
-4.80641
-8.50443
-11.2878
-14.1732
-10.8766
-13.3975
-8.92965
-11.6898
-10.5326
-7.90294
-10.258
-7.40037
-5.4894
-2.40465
1.28128
5.54963
9.9872
14.3797
18.7747
22.4471
24.8732
26.7039
26.6507
24.8403
22.3421
18.646
14.2166
9.77818
5.313
0.995776
-2.73257
-5.8415
-7.80573
-10.6975
-8.36083
-11.0752
-12.1728
-10.4961
-9.66409
-7.02155
-7.5362
-4.70153
-3.39742
-0.703334
2.39478
5.88682
9.44687
12.9333
16.3529
19.1508
21.0427
22.3506
22.3135
21.0053
19.0635
16.2395
12.7888
9.2596
5.6693
2.13823
-1.0014
-3.71924
-5.06359
-7.9332
-7.431
-10.1262
-10.9182
-7.96872
-8.57129
-6.36493
-5.74884
-2.97463
-1.92348
0.534984
3.12199
5.92283
8.79807
11.6143
14.2732
16.4056
17.9012
18.8422
18.8175
17.8629
16.3286
14.1723
11.4827
8.63107
5.72798
2.8914
0.27255
-2.20947
-3.2914
-6.09535
-6.71971
-8.90809
-8.34073
-5.85963
-6.81577
-5.22967
-4.68563
-2.15143
-1.10734
1.21056
3.34337
5.58967
7.96167
10.2431
12.3623
14.0642
15.2781
15.9757
15.956
15.2402
13.9914
12.2661
10.1212
7.80669
5.41462
3.13801
0.976791
-1.3603
-2.42847
-4.98764
-5.52148
-7.09822
-6.18093
-4.19993
-4.86036
-3.72022
-3.89955
-1.70085
-0.775736
1.35868
3.08038
4.97994
6.97241
8.82178
10.5634
11.9744
12.9726
13.5194
13.5015
12.939
11.9105
10.4731
8.71138
6.82773
4.81545
2.89709
1.14531
-1.0025
-1.94565
-4.16268
-3.97191
-5.13528
-4.47313
-3.12713
-3.32275
-2.3539
-2.91454
-1.11335
-0.536505
1.32969
2.68227
4.35959
6.00229
7.54772
9.00245
10.1408
10.9581
11.3986
11.3833
10.9273
10.0888
8.9192
7.44348
5.87313
4.20661
2.51958
1.13798
-0.734117
-1.33471
-3.1492
-2.60084
-3.57659
-3.36138
-2.61295
-2.47715
-1.50917
-1.83812
-0.39388
-0.144464
1.43449
2.46592
3.90265
5.17877
6.47591
7.68073
8.58896
9.28562
9.64173
9.6293
9.25114
8.53707
7.60378
6.37525
5.06687
3.76933
2.32422
1.26695
-0.310488
-0.595139
-2.05456
-1.73817
-2.70916
-2.84195
-2.26743
-2.00868
-1.1784
-1.11212
0.129769
0.280162
1.58571
2.42046
3.56558
4.57793
5.5647
6.52286
7.28782
7.86507
8.14757
8.13915
7.83167
7.22597
6.4633
5.48022
4.48127
3.45918
2.29462
1.44516
0.143022
-0.0323263
-1.3251
-1.36681
-2.23135
-2.51152
-1.71143
-1.57254
-1.05428
-0.713098
0.257479
0.561827
1.56865
2.33866
3.16148
4.07806
4.89426
5.57473
6.20891
6.60145
6.80387
6.79902
6.57726
6.14762
5.53952
4.8285
4.0059
3.07461
2.22615
1.454
0.443281
0.156375
-0.943417
-1.25328
-1.77571
-1.94187
-1.11131
-1.05422
-0.837326
-0.447418
0.213984
0.700432
1.42889
2.11897
2.87104
3.56124
4.26808
4.80961
5.2616
5.53305
5.67491
5.669
5.52255
5.22655
4.76681
4.22019
3.49297
2.78429
2.02122
1.32771
0.582082
0.0881333
-0.616451
-1.00711
-1.22195
-1.28092
-0.638327
-0.551987
-0.443776
-0.142218
0.236121
0.765986
1.28516
1.81375
2.44175
3.13277
3.57395
4.06467
4.39972
4.64524
4.75077
4.73937
4.63912
4.37337
4.03074
3.52549
3.0688
2.36339
1.72093
1.20354
0.656982
0.128198
-0.285048
-0.569397
-0.675513
-0.750041
-0.331154
-0.156768
-0.0416822
0.117065
0.305459
0.75099
1.05258
1.61504
2.01374
2.56681
2.90681
3.33215
3.57524
3.82551
3.91939
3.91176
3.81134
3.54996
3.30552
2.86054
2.51618
1.92767
1.56196
1.02354
0.673299
0.213725
0.00587012
-0.137582
-0.2468
-0.399461
-0.152804
0.0726159
0.125031
0.193827
0.301724
0.651243
0.810624
1.36207
1.6133
2.02372
2.24415
2.61845
2.80932
3.0154
3.08039
3.07897
3.00251
2.79153
2.59561
2.21458
1.98943
1.57057
1.30052
0.823372
0.589226
0.216661
0.0965297
0.0192975
0.0262608
-0.191167
-0.130176
0.130258
-0.0202563
0.215921
0.339734
0.606383
0.539177
1.01144
1.22006
1.56837
1.71648
1.95405
2.07726
2.23343
2.26546
2.26618
2.23494
2.06292
1.94035
1.69616
1.54128
1.19433
0.986233
0.620473
0.469124
0.233618
0.129449
-0.0962423
0.0767837
-0.176951
-0.172044
0.364307
-0.130983
0.169817
0.279044
0.437098
0.405017
0.753017
0.863986
1.1649
1.23994
1.39028
1.44942
1.53943
1.55385
1.55333
1.54804
1.4357
1.3813
1.22715
1.14103
0.847072
0.73095
0.417984
0.371011
0.213637
0.107114
-0.17947
0.313591
-0.210373
-0.176894
0.162022
-0.14291
0.510034
-0.0838016
0.279502
0.158156
0.52492
0.509935
0.74233
0.741421
0.854593
0.886113
0.937811
0.942182
0.943651
0.948935
0.874297
0.861713
0.717496
0.726133
0.510238
0.512637
0.157994
0.245646
-0.103997
0.4673
-0.176512
0.131907
-0.202778
-1.12579
-0.119243
0.12466
0.597515
-0.0238607
0.166076
0.0876
0.194081
0.0909913
0.192643
0.236587
0.336775
0.319091
0.347958
0.341382
0.343485
0.350544
0.308317
0.340175
0.223995
0.194503
0.0924078
0.195993
0.090179
0.152566
-0.0181463
0.591537
0.106578
-0.125102
-1.13277
)
;

boundaryField
{
    INLET
    {
        type            zeroGradient;
    }
    OUTLET
    {
        type            fixedValue;
        value           uniform 0;
    }
    WALL
    {
        type            zeroGradient;
    }
    CYLINDER
    {
        type            zeroGradient;
    }
    frontAndBackPlanes
    {
        type            empty;
    }
}


// ************************************************************************* //
