/*--------------------------------*- C++ -*----------------------------------*\
| =========                 |                                                 |
| \\      /  F ield         | OpenFOAM: The Open Source CFD Toolbox           |
|  \\    /   O peration     | Version:  v1912                                 |
|   \\  /    A nd           | Website:  www.openfoam.com                      |
|    \\/     M anipulation  |                                                 |
\*---------------------------------------------------------------------------*/
FoamFile
{
    version     2.0;
    format      ascii;
    class       volScalarField;
    location    "0.4";
    object      p;
}
// * * * * * * * * * * * * * * * * * * * * * * * * * * * * * * * * * * * * * //

dimensions      [0 2 -2 0 0 0 0];


internalField   nonuniform List<scalar> 
6600
(
158.461
154.039
152.04
150.827
149.867
149.068
148.446
147.973
147.561
147.151
146.776
146.429
146.141
145.878
145.64
145.375
145.097
144.924
144.688
144.488
144.426
144.334
144.215
143.812
143.232
142.562
141.81
140.937
139.741
138.148
136.016
133.444
130.235
126.188
121.097
114.467
105.838
94.924
81.4695
64.9825
44.8735
20.4925
-8.91142
-44.1723
-86.0139
-135.1
-192.286
-256.71
-333.92
-418.823
155.703
151.562
149.968
148.525
147.235
146.254
145.417
144.67
143.931
143.201
142.46
141.77
141.09
140.404
139.69
138.922
138.097
137.272
136.348
135.217
134.104
132.91
131.58
130.207
128.589
126.726
124.441
121.788
118.745
115.106
110.778
105.565
99.5122
92.3688
83.9509
73.8625
61.5197
46.5037
28.5471
7.19823
-18.1193
-48.005
-83.3469
-124.891
-173.417
-229.464
-293.988
-366.026
-448.72
-538.864
152.164
148.151
146.868
145.386
144.057
142.941
141.913
140.876
139.771
138.742
137.681
136.607
135.484
134.317
133.076
131.756
130.282
128.679
127.035
125.171
123.025
120.753
118.111
115.207
112.045
108.702
104.927
100.514
95.4052
89.6004
82.939
75.1473
66.092
55.6442
43.6215
29.7713
13.5071
-5.78397
-28.3579
-54.6676
-85.375
-120.882
-162.169
-209.814
-264.57
-327.203
-398.271
-476.669
-562.084
-651.664
148.206
144.19
143.308
141.756
140.479
139.248
138.019
136.789
135.486
134.1
132.745
131.319
129.787
128.092
126.2
124.185
122.067
119.663
117.016
114.232
111.095
107.517
103.648
99.3235
94.5647
89.3207
83.5754
77.2062
70.0397
61.8513
52.5907
42.1227
30.1203
16.3222
0.497622
-17.4495
-37.8944
-61.5483
-88.7951
-120.071
-155.996
-197.119
-244.044
-297.303
-357.612
-425.842
-502.143
-584.723
-671.245
-757.614
143.962
140.016
139.48
137.813
136.467
135.101
133.641
132.165
130.741
129.201
127.51
125.673
123.676
121.461
118.989
116.189
113.177
109.986
106.407
102.474
98.2829
93.61
88.2518
82.3157
75.8148
68.7113
60.8916
52.296
42.6566
31.9518
19.9606
6.54852
-8.5382
-25.5972
-45.0133
-67.0093
-91.8877
-120.054
-151.915
-188.002
-228.873
-275.057
-326.944
-384.992
-449.822
-522.141
-601.911
-687.069
-773.608
-855.438
139.444
135.605
135.261
133.309
131.878
130.412
128.813
127.085
125.297
123.494
121.499
119.263
116.72
113.89
110.784
107.374
103.553
99.2656
94.6618
89.5401
83.8061
77.7711
71.2751
63.9182
55.6212
46.4901
36.4621
25.5063
13.4045
-0.00439399
-14.9003
-31.3968
-49.7215
-70.1619
-93.1485
-119.039
-148.008
-180.386
-216.597
-257.1
-302.398
-352.897
-408.81
-470.532
-538.502
-613.309
-695.135
-781.661
-867.159
-942.789
134.806
131.032
130.721
128.259
126.791
125.106
123.331
121.44
119.376
117.086
114.571
111.785
108.697
105.24
101.352
97.0524
92.4233
87.2211
81.4496
75.1929
68.3654
60.5089
52.1196
43.0796
33.1043
22.0806
9.8648
-3.60606
-18.23
-34.3416
-52.0646
-71.6197
-93.245
-117.133
-143.582
-173.023
-205.738
-241.971
-282.01
-326.253
-375.107
-428.894
-487.837
-552.11
-621.961
-697.868
-780.106
-866.757
-950.052
-1017.35
129.882
126.173
125.914
123.147
121.659
119.677
117.599
115.335
112.863
110.099
107.011
103.533
99.7207
95.5115
90.8834
85.6992
79.9244
73.6009
66.5615
58.733
50.4559
41.3564
31.2855
20.2696
8.25871
-4.85845
-19.2064
-34.8967
-52.1584
-71.0078
-91.5893
-114.111
-138.799
-165.914
-195.69
-228.36
-264.232
-303.651
-346.872
-394.108
-445.65
-501.74
-562.526
-628.158
-698.747
-774.691
-856.469
-941.699
-1021.01
-1078.29
124.62
121.094
120.861
117.95
116.482
114.242
111.887
109.232
106.243
102.862
99.0864
94.8997
90.2355
85.106
79.434
73.2514
66.4221
58.9075
50.7248
41.6099
31.4592
20.5177
8.59442
-4.34754
-18.4165
-33.7318
-50.4363
-68.5492
-88.2164
-109.591
-132.86
-158.224
-185.88
-215.928
-248.592
-284.115
-322.715
-364.672
-410.225
-459.568
-512.852
-570.262
-631.921
-697.904
-768.326
-843.473
-923.231
-1005.14
-1079.52
-1125.91
119.146
115.996
115.724
112.997
111.34
108.811
106.083
102.997
99.5376
95.6329
91.2036
86.2883
80.7791
74.7018
68.0342
60.6097
52.463
43.4553
33.6894
23.2053
11.6144
-1.01672
-14.8095
-29.8427
-46.1253
-63.7008
-82.6292
-103.201
-125.36
-149.31
-175.17
-203.045
-233.156
-265.762
-300.948
-338.853
-379.687
-423.625
-470.836
-521.469
-575.681
-633.528
-695.102
-760.485
-829.747
-903.201
-980.513
-1058.28
-1126.33
-1162.01
113.758
111.242
110.611
107.945
106.077
103.325
100.29
96.8259
92.8354
88.3444
83.3435
77.7137
71.4718
64.4444
56.6801
48.1779
38.878
28.6868
17.3348
5.02296
-8.28494
-22.811
-38.5307
-55.5453
-73.9473
-93.8145
-115.129
-137.935
-162.46
-188.806
-217.072
-247.452
-280.008
-314.77
-351.976
-391.74
-434.163
-479.409
-527.623
-578.891
-633.244
-690.814
-751.604
-815.63
-882.94
-953.863
-1027.79
-1100.81
-1162.01
-1189.07
108.661
106.623
105.726
103.101
100.976
97.9223
94.5946
90.7672
86.3558
81.3293
75.7067
69.404
62.3693
54.5634
45.8201
36.0483
25.365
13.8632
1.31634
-12.5614
-27.5635
-43.7901
-61.4163
-80.4424
-100.916
-122.891
-146.531
-171.755
-198.653
-227.32
-257.814
-290.185
-324.669
-361.384
-400.282
-441.498
-485.126
-531.201
-579.784
-631.013
-684.981
-741.58
-800.867
-862.911
-927.683
-995.276
-1065.33
-1133.58
-1189.04
-1209.03
103.937
102.27
101.28
98.6702
96.3681
93.0286
89.3798
85.1458
80.2811
74.7831
68.5479
61.5774
53.7724
45.0739
35.5732
25.1012
13.4137
0.433816
-13.5888
-28.8475
-45.6164
-63.7357
-83.188
-104.139
-126.646
-150.674
-176.288
-203.635
-232.697
-263.477
-296.078
-330.611
-366.926
-405.084
-445.3
-487.563
-531.872
-578.264
-626.834
-677.571
-730.465
-785.656
-842.969
-902.289
-963.9
-1027.79
-1092.51
-1154.6
-1203.58
-1220.18
99.9639
98.5005
97.4793
94.8816
92.4999
88.9989
85.0875
80.5101
75.22
69.2295
62.4741
54.8534
46.3726
36.9074
26.345
14.849
2.25137
-11.6813
-27.0262
-43.65
-61.6291
-81.2771
-102.521
-125.318
-149.758
-175.901
-203.678
-233.111
-264.261
-297.116
-331.557
-367.611
-405.524
-445.175
-486.415
-529.349
-574.056
-620.53
-668.645
-718.448
-769.977
-823.117
-877.937
-934.272
-991.841
-1051.07
-1109.2
-1162.01
-1199.44
-1213.92
96.8703
95.727
94.5926
92.0244
89.501
85.8698
81.8133
76.9798
71.354
64.9769
57.7868
49.6836
40.607
30.6318
19.4944
7.0383
-6.67588
-21.6245
-38.0031
-56.0466
-75.6351
-96.7332
-119.502
-144.005
-170.215
-198.162
-227.902
-259.35
-292.417
-327.094
-363.471
-401.391
-440.595
-481.249
-523.418
-566.969
-611.799
-657.886
-705.334
-753.991
-803.736
-854.635
-906.527
-959.219
-1012.94
-1065.69
-1114.49
-1153.57
-1175.24
-1186.15
94.9757
93.9244
92.7404
90.2444
87.6267
83.8764
79.7219
74.7346
68.9384
62.3693
54.8583
46.3866
36.8499
26.2903
14.5972
1.5612
-12.8883
-28.7646
-46.1302
-64.9839
-85.6614
-108.199
-132.524
-158.727
-186.81
-216.682
-248.353
-281.812
-316.98
-353.666
-391.637
-430.956
-471.659
-513.491
-556.354
-600.223
-645.137
-691.038
-737.671
-784.979
-832.804
-881.011
-929.696
-978.132
-1026.69
-1073.15
-1113.44
-1141.75
-1151.87
-1157.88
94.3579
93.3797
92.0773
89.5278
86.9303
83.166
78.9604
73.8861
68.0587
61.4267
53.8386
45.2614
35.6528
24.7944
12.5922
-0.880378
-15.8212
-32.35
-50.6372
-70.6659
-92.3697
-115.95
-141.554
-169.198
-198.915
-230.694
-264.373
-299.798
-336.879
-375.548
-415.682
-456.885
-498.959
-541.916
-585.619
-630.002
-674.929
-720.294
-766.135
-812.189
-858.275
-904.114
-949.495
-994.754
-1038.08
-1077.1
-1110.22
-1133.18
-1142.75
-1143.64
95.0335
94.0273
92.4547
90.0076
87.3668
83.6798
79.6154
74.5962
68.8392
62.2181
54.6384
46.044
36.4308
25.5652
13.3908
-0.231534
-15.4091
-32.2198
-50.7076
-71.2871
-94.0028
-118.734
-145.612
-174.666
-205.917
-239.408
-275.099
-312.824
-352.295
-393.23
-435.318
-478.419
-522.252
-566.625
-611.455
-656.485
-701.65
-746.937
-792.129
-837.128
-881.517
-925.449
-968.475
-1010.41
-1049.66
-1084.83
-1111.25
-1125.19
-1133.9
-1133.69
96.6715
95.6254
93.9253
91.5686
88.9021
85.3552
81.444
76.6464
71.1723
64.7939
57.4691
49.1841
39.7526
29.0216
17.0258
3.53135
-11.6028
-28.5752
-47.3197
-67.9827
-91.0003
-116.387
-144.216
-174.532
-207.357
-242.615
-280.229
-320.079
-361.943
-405.501
-450.39
-496.061
-542.17
-588.414
-634.492
-680.45
-726.209
-771.525
-816.372
-860.586
-904.158
-946.558
-988.031
-1027.29
-1063.23
-1092.98
-1114.4
-1123.88
-1126.59
-1127.65
99.3061
98.0845
96.3453
94.0401
91.4537
88.1286
84.4372
79.889
74.7374
68.7256
61.8029
53.9531
44.9721
34.801
23.2479
10.2206
-4.41768
-20.8227
-39.4073
-60.1825
-83.2239
-108.868
-137.236
-168.434
-202.537
-239.512
-279.282
-321.586
-366.186
-412.708
-460.609
-509.381
-558.333
-606.968
-655.153
-702.726
-749.468
-795.38
-840.39
-884.359
-927.14
-968.957
-1008.52
-1045.1
-1078.25
-1104.05
-1116.53
-1124.1
-1124.47
-1125.12
102.583
101.097
99.4169
97.2297
94.8213
91.7836
88.3833
84.2309
79.54
74.0495
67.765
60.4964
52.1189
42.6361
31.7773
19.3905
5.33341
-10.4371
-28.1493
-48.2697
-70.9657
-96.4475
-124.941
-156.585
-191.523
-229.866
-271.544
-316.43
-364.042
-413.95
-465.606
-518.212
-571.042
-623.317
-674.255
-723.64
-771.877
-818.835
-864.265
-908.596
-951.439
-991.693
-1029.1
-1063.5
-1091.99
-1110.93
-1121.65
-1123.62
-1124.42
-1124.43
106.227
104.646
102.865
100.888
98.7628
96.0372
92.9557
89.2685
85.0742
80.1458
74.5423
68.0535
60.5831
52.0082
42.223
31.0098
18.1521
3.2919
-13.5769
-32.6984
-54.4636
-79.2096
-107.338
-139.088
-174.533
-213.869
-257.13
-304.262
-355.124
-408.992
-465.12
-522.578
-580.209
-636.767
-691.42
-744.091
-794.563
-842.941
-889.462
-933.962
-975.851
-1014.88
-1050.39
-1080.36
-1104.12
-1116.47
-1122.87
-1124.31
-1125.05
-1124.92
109.853
108.336
106.69
104.906
102.949
100.573
98.0167
94.8655
91.2619
86.9587
82.0382
76.4146
69.9726
62.4972
53.8634
43.8699
32.2014
18.8027
3.59879
-13.9116
-34.2734
-57.8627
-84.9329
-115.983
-151.381
-191.282
-235.953
-285.311
-339.061
-396.925
-457.984
-521.266
-585.16
-647.895
-708.118
-764.619
-817.759
-868.278
-916.042
-960.92
-1002.23
-1039.92
-1072.58
-1098.45
-1112.46
-1122.04
-1124.36
-1126.17
-1127.05
-1127.1
113.405
111.888
110.393
108.794
107.23
105.136
102.948
100.389
97.4762
93.8335
89.6667
84.9005
79.4669
73.27
66.1274
57.8462
48.2024
36.6745
22.8393
6.87331
-11.3927
-33.2089
-58.7863
-88.4736
-122.835
-162.404
-207.397
-258.33
-315.274
-377.526
-444.25
-514.044
-585.414
-656.08
-723.068
-785.475
-842.64
-895.424
-945.538
-990.923
-1030.91
-1066.78
-1096.26
-1113.04
-1123.17
-1126.5
-1128.58
-1130.06
-1130.97
-1131.32
116.447
115.247
113.887
112.544
111.31
109.627
107.878
105.608
103.588
100.531
97.113
93.201
88.7729
83.7696
78.028
71.3664
63.5882
54.4835
43.347
29.5402
13.3324
-5.96265
-29.2118
-57.0061
-89.7731
-128.31
-173.152
-224.485
-283.094
-349.051
-421.543
-499.162
-579.67
-660.075
-737.352
-807.844
-871.008
-927.684
-977.566
-1021.83
-1061.39
-1093.81
-1116.25
-1128.33
-1132.97
-1134.66
-1135.69
-1136.22
-1136.57
-1136.91
118.615
118.437
116.848
116.021
115.027
113.629
112.276
110.486
108.915
106.524
103.799
100.685
97.1888
93.2552
88.8592
83.8462
78.0142
71.2363
62.9011
52.2026
38.3378
22.0052
2.20519
-22.3165
-52.4064
-88.697
-132.34
-183.839
-243.572
-312.538
-390.522
-476.077
-566.825
-659.73
-749.395
-831.381
-902.946
-963.624
-1015.46
-1058.32
-1094.09
-1120.38
-1134.67
-1142.33
-1143.64
-1144.21
-1144.13
-1143.6
-1142.92
-1142.77
119.345
121.207
118.7
119.12
118.426
117.337
116.408
115.047
113.678
111.963
109.811
107.372
104.685
101.704
98.4339
94.7946
90.6204
85.699
79.7834
72.5157
62.5908
49.6176
33.3972
12.9199
-13.2681
-46.1153
-86.6108
-136.194
-195.75
-266.266
-348.688
-442.798
-545.783
-652.83
-758.946
-856.595
-940.851
-1008.08
-1059.29
-1098.88
-1129.37
-1144.09
-1151.62
-1152.81
-1151.99
-1151.46
-1150.54
-1149.35
-1148.13
-1147.17
118.581
123.413
120.177
121.583
120.934
120.43
119.919
118.791
117.862
116.543
114.876
113.003
110.934
108.744
106.509
104.2
101.711
98.7676
95.2107
90.7714
84.6009
75.7141
63.821
48.023
26.9318
-1.13719
-37.4372
-83.6037
-141.349
-212.2
-297.477
-398.105
-513.486
-638.613
-765.328
-883.791
-985.065
-1060.99
-1113.67
-1151.05
-1162.67
-1168.21
-1165.23
-1162.07
-1159.98
-1158.39
-1156.61
-1154.34
-1152.1
-1150.29
115.47
124.875
120.892
123.472
123.003
122.856
122.78
122.075
121.463
120.547
119.356
118.013
116.488
114.835
113.394
112.119
111.039
109.937
108.478
106.52
103.729
98.9937
91.6617
80.7665
65.442
43.5535
13.304
-27.2276
-80.8685
-150.01
-236.74
-343.502
-472.073
-617.825
-769.286
-916.186
-1037.41
-1123.92
-1180.94
-1207.06
-1205.93
-1194.87
-1185.16
-1176.91
-1170.69
-1166.81
-1163.18
-1158.8
-1155.11
-1153.15
92.315
122.147
121.418
124.444
124.347
124.54
124.878
124.539
124.308
123.567
122.628
121.62
120.452
119.471
118.584
118.195
118.63
119.054
119.434
120.655
121.641
120.802
117.453
111.505
101.664
86.2854
63.0013
28.722
-19.3371
-83.9846
-169.625
-279.837
-419.915
-588.785
-772.727
-952.705
-1092.09
-1191.64
-1255.11
-1267.05
-1255.58
-1237.87
-1219.15
-1202.38
-1189.14
-1179.48
-1171.55
-1163.4
-1156.65
-1153.97
172.744
168.232
166.1
164.693
163.871
163.523
163.223
162.945
162.802
162.854
163.125
163.477
163.92
164.636
165.496
166.41
167.541
168.705
169.93
171.281
172.664
174.054
175.44
176.909
178.401
179.747
180.812
181.707
182.253
182.097
181.289
179.825
177.293
173.266
167.388
159.361
148.919
135.686
118.892
97.966
72.4638
41.5781
4.33603
-40.2129
-92.7029
-153.904
-224.743
-304.071
-399.754
-503.19
170.091
165.7
164.256
162.86
161.806
161.22
160.768
160.377
160.117
160.002
160.092
160.293
160.388
160.633
161.142
161.652
162.248
163.056
163.854
164.644
165.351
165.952
166.312
166.608
166.925
167.181
166.98
166.238
165.069
162.988
160.009
156.104
150.921
143.974
134.839
123.224
108.866
91.2547
69.6571
43.5163
12.3681
-24.5791
-68.3547
-119.877
-179.974
-249.318
-328.851
-417.042
-519.396
-630.57
166.659
162.385
161.765
160.407
159.305
158.507
157.811
157.262
156.887
156.688
156.507
156.534
156.66
156.67
156.719
156.93
156.982
157.002
157.108
157.246
157.353
157.336
157.109
156.375
155.227
153.889
152.318
150.061
147.011
142.879
137.425
130.672
122.437
112.273
99.7095
84.3074
65.7308
43.3717
16.6418
-14.9661
-51.9781
-95.1268
-145.472
-203.937
-271.293
-348.402
-435.702
-531.964
-637.928
-749.342
162.847
158.628
158.603
157.031
156.027
155.188
154.387
153.665
153.103
152.703
152.373
152.022
151.873
151.747
151.418
151.103
150.829
150.384
149.761
149.009
148.141
147.095
146.061
144.607
142.439
139.494
135.995
131.839
126.746
120.504
112.558
102.916
91.435
77.7564
61.4411
42.0584
19.1365
-8.02975
-39.8842
-76.972
-119.878
-169.336
-226.1
-290.98
-364.911
-448.837
-542.645
-644.507
-752.219
-860.529
158.85
154.673
155.015
152.89
152.105
151.104
150.19
149.368
148.652
147.962
147.368
146.82
146.227
145.654
145.057
144.211
143.203
142.093
140.85
139.42
137.682
135.641
133.113
130.261
126.931
122.787
117.591
111.343
103.989
95.245
84.6316
72.0857
57.4443
40.2737
20.1299
-3.50399
-30.9687
-62.8443
-99.6781
-141.986
-190.376
-245.47
-307.911
-378.446
-457.777
-546.814
-645.413
-751.037
-859.581
-963.701
154.604
150.323
150.951
148.396
147.825
146.617
145.597
144.61
143.675
142.81
141.804
140.777
139.668
138.494
137.26
135.977
134.506
132.664
130.49
128.021
125.257
122.215
118.616
114.232
109.156
103.295
96.297
88.0172
78.2507
66.8311
53.5874
38.2313
20.413
-0.271086
-24.1683
-51.8304
-83.5994
-119.821
-161.117
-208.125
-261.334
-321.321
-388.504
-463.41
-546.701
-639.188
-740.679
-848.667
-957.275
-1056.2
149.99
145.637
146.372
143.674
142.995
141.713
140.604
139.477
138.322
137.134
135.91
134.557
132.986
131.235
129.255
127.033
124.648
122.052
119.153
115.72
111.711
107.089
101.978
96.1271
89.3911
81.6889
72.7986
62.4242
50.3473
36.3957
20.3716
2.06678
-18.9622
-43.0657
-70.5595
-101.911
-137.5
-177.7
-222.981
-273.901
-331.026
-394.724
-465.361
-543.304
-628.932
-723.103
-826.137
-935.325
-1042.76
-1134.53
144.95
140.705
141.429
138.514
137.886
136.424
135.158
133.866
132.566
131.06
129.372
127.547
125.587
123.349
120.876
118.067
114.77
111.02
106.912
102.403
97.3056
91.4319
84.7266
77.0289
68.3671
58.5625
47.5057
34.8769
20.5179
4.07627
-14.6787
-35.8962
-59.8569
-86.9453
-117.639
-152.247
-191.09
-234.533
-283.074
-337.161
-397.15
-463.498
-536.408
-616.07
-702.786
-797.277
-900.022
-1008.72
-1113.27
-1195.45
139.54
135.522
136.145
132.974
132.379
130.693
129.316
127.785
126.116
124.383
122.446
120.177
117.651
114.831
111.622
108.086
104.131
99.6396
94.4605
88.5611
82.0065
74.6715
66.4443
57.1809
46.6943
34.8647
21.5907
6.7623
-9.90892
-28.7115
-49.9452
-73.8298
-100.665
-130.724
-164.219
-201.466
-242.996
-289.159
-340.224
-396.539
-458.469
-526.189
-599.977
-680.052
-766.598
-860.236
-961.448
-1067.56
-1166.62
-1236.09
133.51
129.95
130.207
127.323
126.619
124.663
123.147
121.433
119.397
117.092
114.618
111.931
108.901
105.517
101.663
97.297
92.404
86.9361
80.8544
74.0134
66.3193
57.5971
47.7319
36.7258
24.4247
10.6653
-4.68234
-21.7265
-40.6568
-61.7692
-85.3476
-111.534
-140.625
-172.949
-208.827
-248.461
-292.104
-340.066
-392.731
-450.354
-513.13
-581.335
-655.057
-734.447
-819.74
-911.364
-1009.05
-1109.9
-1201.88
-1257.58
127.029
124.087
123.878
121.443
120.644
118.531
116.769
114.673
112.424
109.853
106.853
103.476
99.7123
95.5218
90.8816
85.6888
79.9145
73.4483
66.1457
58.019
49.0401
39.1258
28.0691
15.6311
1.77658
-13.5993
-30.6901
-49.6558
-70.6514
-93.8253
-119.461
-147.816
-179.049
-213.384
-250.994
-292.161
-337.25
-386.455
-439.955
-497.972
-560.673
-628.124
-700.537
-778.083
-860.906
-949.419
-1043.05
-1137.49
-1220.26
-1262.71
120.408
118.08
117.752
115.49
114.561
112.366
110.539
108.096
105.325
102.297
98.9266
95.0827
90.7225
85.7573
80.2227
74.0263
67.1531
59.6622
51.4131
42.201
31.8667
20.4455
7.91443
-5.84764
-21.0906
-37.9886
-56.6848
-77.3196
-100.06
-125.023
-152.334
-182.195
-214.907
-250.676
-289.653
-331.973
-377.763
-427.277
-480.724
-538.239
-599.981
-666.046
-736.411
-811.148
-890.411
-974.452
-1063.04
-1150.79
-1223.98
-1255.1
113.884
112.044
111.774
109.625
108.572
106.236
104.183
101.676
98.7338
95.2623
91.2956
86.8435
81.8594
76.2634
70.0111
63.0245
55.1923
46.4239
36.8134
26.4031
14.9816
2.3897
-11.5378
-26.8091
-43.4604
-61.6778
-81.6835
-103.664
-127.744
-154.11
-182.908
-214.168
-247.989
-284.632
-324.271
-367.007
-412.979
-462.286
-515.042
-571.359
-631.256
-694.789
-762.004
-832.974
-907.792
-986.796
-1069.39
-1150.69
-1216.23
-1237.52
107.52
106.086
105.816
103.769
102.78
100.456
98.2295
95.3511
92.1697
88.5157
84.2497
79.3336
73.7312
67.466
60.4593
52.7038
44.156
34.6792
24.0605
12.3034
-0.521614
-14.4381
-29.6129
-46.2086
-64.3631
-84.0401
-105.386
-128.585
-153.843
-181.17
-210.703
-242.757
-277.397
-314.61
-354.462
-397.067
-442.542
-491
-542.436
-596.84
-654.329
-714.9
-778.472
-844.858
-914.003
-986.689
-1061.91
-1135.53
-1194.13
-1212.76
101.385
100.416
100.295
98.4147
97.3432
94.9511
92.8501
89.8998
86.4122
82.3456
77.738
72.5062
66.5379
59.7847
52.157
43.6241
34.0962
23.656
12.2563
-0.295689
-14.1036
-29.2035
-45.6605
-63.4718
-82.7578
-103.691
-126.249
-150.54
-176.742
-205.143
-235.695
-268.22
-302.971
-340.205
-379.953
-422.192
-466.865
-513.988
-563.6
-615.711
-670.145
-726.894
-785.93
-847.12
-910.093
-975.447
-1040.82
-1102.09
-1148.02
-1167.7
95.7981
95.2135
95.1916
93.6508
92.7605
90.3599
88.0426
85.1089
81.6003
77.3433
72.3813
66.7164
60.319
53.1065
45.0397
36.0476
26.0165
14.77
2.35163
-11.2055
-25.9244
-41.9051
-59.2961
-78.2449
-98.685
-120.657
-144.33
-169.738
-196.788
-225.547
-256.364
-289.485
-324.676
-361.85
-401.083
-442.402
-485.889
-531.498
-579.097
-628.449
-679.549
-732.332
-786.643
-842.084
-898.274
-954.591
-1008.11
-1052.78
-1079.53
-1096.41
90.8774
90.8451
90.7584
89.4539
88.6961
86.7524
84.4665
81.4015
77.8237
73.5911
68.5616
62.6748
55.9171
48.2269
39.5345
29.82
19.1343
7.39367
-5.55165
-19.8429
-35.4576
-52.3864
-70.5959
-90.2548
-111.543
-134.389
-158.79
-184.88
-212.888
-242.703
-274.108
-307.159
-342.146
-379.102
-417.913
-458.546
-500.814
-544.621
-589.898
-636.667
-684.498
-733.035
-782.174
-831.303
-881.28
-928.386
-969.442
-998.335
-1008.28
-1018.55
86.3955
86.9428
87.1373
86.2987
85.5249
83.7814
81.8891
78.9731
75.4777
71.2706
66.2458
60.2982
53.3442
45.4363
36.4808
26.3366
14.9258
2.32332
-11.3967
-26.3282
-42.5844
-60.2722
-79.401
-99.9219
-121.884
-145.509
-170.78
-197.59
-225.793
-255.695
-287.462
-320.944
-356.019
-392.683
-430.914
-470.599
-511.722
-554.118
-597.536
-641.52
-686.041
-730.982
-775.812
-820.032
-862.248
-900.894
-932.312
-951.088
-958.263
-962.967
82.3878
83.4196
83.9177
83.6857
83.5425
82.1096
80.4767
77.9104
74.7004
70.6437
65.6906
59.8009
52.7656
44.5026
35.1572
24.7002
13.0254
-0.0168982
-14.4492
-30.1947
-47.2477
-65.5912
-85.3237
-106.625
-129.382
-153.463
-179.055
-206.404
-235.513
-266.022
-297.94
-331.475
-366.519
-402.98
-440.796
-479.903
-520.084
-561.072
-602.645
-644.874
-687.202
-729.005
-769.629
-809.721
-847.2
-879.498
-902.229
-912.035
-921.694
-924.702
78.8504
80.2908
81.2838
81.4993
81.712
81.0735
80.095
78.1802
75.4739
71.7873
67.0462
61.2386
54.3808
46.1916
36.6157
25.6976
13.4944
-0.00537884
-14.9236
-31.2681
-49.1267
-68.3553
-88.877
-110.8
-134.292
-159.358
-185.79
-213.421
-242.535
-273.289
-305.516
-339.065
-374.089
-410.485
-448.059
-486.67
-526.256
-566.636
-607.285
-647.583
-687.753
-727.888
-767.19
-803.114
-835.492
-863.034
-880.453
-884.401
-888.753
-893.343
75.228
77.2388
78.7939
79.7925
80.8581
80.974
80.7686
79.5274
77.3724
74.296
70.1144
64.5723
57.7686
49.7077
40.2424
29.2769
16.7969
2.83777
-12.6974
-29.5643
-48.0941
-68.1151
-89.5151
-112.29
-136.426
-161.913
-188.919
-217.504
-247.33
-278.425
-310.9
-344.734
-379.792
-416.077
-453.573
-492.063
-531.326
-571.163
-611.317
-651.566
-691.491
-730.374
-766.956
-800.415
-829.129
-848.669
-857.227
-865.009
-865.034
-870.311
71.2149
74.0686
76.1341
77.8109
79.7309
80.8383
81.4874
81.2782
80.1202
77.8595
74.4416
69.6673
63.3583
55.5311
46.1451
35.1538
22.5297
8.28609
-7.65764
-25.2363
-44.438
-65.2897
-87.6049
-111.302
-136.471
-163.041
-190.764
-219.659
-250.041
-281.665
-314.438
-348.47
-383.707
-420.126
-457.636
-496.191
-535.614
-575.749
-616.198
-656.164
-695.475
-733.947
-769.567
-800.321
-824.072
-838.049
-841.531
-846.84
-849.402
-853.043
66.1089
70.1213
72.7991
75.5975
78.5885
80.8641
82.6643
83.5708
83.438
82.071
79.4474
75.5147
70.0342
62.878
53.9505
43.2264
30.6579
16.1499
-0.166035
-18.2428
-38.0879
-59.6757
-82.9199
-107.631
-133.729
-161.252
-190.227
-220.327
-251.429
-283.604
-316.88
-351.153
-386.604
-423.173
-460.915
-499.744
-539.478
-579.934
-621.176
-662.788
-703.492
-741.531
-775.766
-805.078
-823.067
-826.811
-832.876
-835.211
-839.798
-841.926
59.9028
65.5773
68.5511
72.5989
76.6507
80.086
83.2945
85.6474
86.9764
86.9774
85.5181
82.5679
77.972
71.581
63.258
52.9183
40.568
26.1672
9.56341
-9.05388
-29.5716
-51.978
-76.1276
-101.893
-129.507
-158.237
-187.868
-218.912
-251.12
-284.338
-318.337
-353.173
-388.849
-425.528
-463.344
-502.454
-542.767
-584.063
-626.232
-669.579
-712.009
-750.716
-785.108
-811.805
-825.339
-825.434
-826.416
-828.881
-834.018
-835.684
52.292
59.9486
62.9841
68.6647
73.8647
78.544
83.17
86.916
89.7108
91.3129
91.447
89.9378
86.6132
81.3353
73.9403
64.2161
52.1535
37.8608
21.2031
2.28467
-18.8028
-41.9539
-67.0754
-93.9644
-122.667
-153.047
-184.733
-217.072
-250.38
-284.518
-319.358
-354.822
-390.897
-427.743
-465.584
-504.792
-545.676
-587.821
-631.545
-676.772
-721.683
-763.193
-798.158
-819.263
-821.75
-826.272
-824.43
-827.264
-831.133
-832.515
43.1119
53.1645
55.8889
63.1893
69.5093
75.6821
81.9627
87.5364
92.1784
95.556
97.3922
97.4757
95.6595
91.6755
85.3489
76.5345
65.0729
50.9654
34.3273
15.143
-6.49785
-30.3991
-56.5273
-84.7891
-114.763
-146.193
-179.442
-213.715
-248.877
-284.498
-320.531
-356.832
-393.412
-430.261
-467.825
-506.719
-547.587
-591.161
-635.946
-682.189
-729.873
-774.07
-808.777
-826.034
-826.106
-823.573
-823.751
-826.202
-828.782
-830.162
32.2145
45.4287
47.3867
56.4864
63.5633
71.1668
78.9479
86.1824
92.7524
98.2091
102.178
104.338
104.439
102.163
97.2483
89.5223
78.9326
65.3603
48.9383
29.626
7.57444
-17.071
-44.0885
-73.5266
-105.237
-138.875
-173.711
-209.95
-246.912
-284.482
-322.072
-359.602
-396.862
-433.855
-470.857
-508.82
-549.125
-591.695
-637.59
-685.919
-736.16
-785.306
-818.765
-825.242
-829.938
-825.12
-824.913
-824.9
-825.641
-826.325
19.0885
36.4728
36.9692
47.6708
55.7303
65.0705
74.62
83.7321
92.3161
99.9102
106.043
110.323
112.462
112.127
109.044
102.748
93.1207
80.195
64.1616
44.96
22.5346
-2.9262
-31.1766
-61.8597
-94.8145
-130.13
-167.434
-205.534
-245.051
-284.875
-324.603
-363.838
-402.242
-439.54
-475.832
-511.964
-549.28
-591.736
-638.164
-686.885
-739.09
-791.272
-827.818
-830.986
-829.628
-826.297
-825.074
-822.795
-822.048
-821.904
2.53052
26.0241
27.1773
38.3843
46.3528
56.7134
67.551
78.5668
89.4596
99.5464
108.158
114.929
119.282
121.053
119.991
115.704
107.18
95.2951
80.1027
61.1408
38.3535
12.401
-16.9932
-49.2821
-84.3855
-121.476
-160.926
-201.531
-243.606
-286.002
-328.322
-369.7
-409.701
-447.935
-483.959
-517.421
-551.435
-589.336
-633.81
-685.533
-742.759
-793.066
-822.788
-836.385
-829.113
-827.633
-824.435
-821.317
-818.892
-817.804
-35.3882
7.75065
15.8737
28.2877
37.1758
48.2167
59.8769
72.222
85.3796
98.4429
109.333
117.887
124.408
128.913
129.137
125.782
119.724
109.687
95.045
75.9996
52.9856
25.8345
-4.79097
-38.1537
-74.6207
-114.324
-155.549
-198.956
-243.685
-289.35
-334.572
-378.803
-420.776
-460.538
-497.313
-528.462
-557.535
-586.901
-620.874
-664.105
-714.291
-769.576
-802.449
-827.799
-828.553
-828.908
-827.879
-824.28
-820.557
-818.283
-35.0078
0.200114
9.84777
19.3118
29.0093
40.1661
53.0548
66.4219
80.6455
95.7301
110.139
121.717
130.337
136.974
140.466
138.67
132.916
123.003
108.666
89.606
65.7308
37.0767
4.53677
-30.9882
-68.75
-110.69
-155.056
-201.37
-249.804
-299.393
-348.551
-396.482
-441.729
-483.142
-520.192
-551.532
-572.308
-589.444
-612.722
-655.637
-710.999
-753.658
-797.178
-821.661
-834.931
-842.224
-844.04
-839.413
-833.528
-829.206
-21.8527
-4.33502
6.77804
15.4966
25.9767
38.3162
52.4351
68.5629
85.1127
100.487
115.005
128.226
139.27
146.598
149.376
147.264
140.81
129.476
112.876
91.4518
65.4068
34.928
0.299545
-37.8954
-79.2062
-123.269
-170.997
-221.021
-273.294
-326.522
-379.474
-430.305
-477.773
-520.302
-557.084
-581.629
-592.143
-598.254
-609.849
-638.123
-681.361
-732.87
-783.177
-827.166
-861.932
-881.06
-882.078
-874.75
-866.146
-860.607
-17.2291
-5.98626
4.92166
14.6219
26.1124
40.5737
57.8289
77.0212
94.8734
111.227
126.266
139.954
149.699
154.753
155.799
152.121
143.214
128.311
107.054
81.2064
51.5108
17.7787
-20.3206
-61.3668
-105.513
-153.626
-204.52
-258.527
-314.709
-371.948
-428.273
-481.773
-530.766
-573.719
-604.833
-619.517
-619.637
-607.299
-592.289
-603.095
-643.08
-713.152
-795.446
-868.169
-923.48
-946.074
-942.62
-932.022
-919.515
-912.413
-17.7159
-8.04839
1.05371
11.2705
25.4209
42.7956
62.4776
83.7907
106.28
125.852
140.483
152.374
162.163
166.554
163.995
155.79
141.464
121.605
96.2618
65.1876
29.687
-9.31461
-51.2369
-97.1389
-145.806
-197.783
-253.649
-312.132
-373.143
-434.942
-494.899
-551.637
-602.993
-641.753
-662.817
-666.269
-646.345
-604.023
-571.041
-568.831
-624.957
-727.858
-843.464
-949.499
-1021.05
-1043.38
-1036.54
-1010.23
-987.992
-977.795
-21.9535
-14.2545
-6.53285
3.98804
19.6846
40.1228
66.0836
93.8437
115.698
132.752
150.488
165.819
174.119
175.153
169.426
158.132
139.743
112.808
79.8823
42.928
2.48168
-42.3908
-91.2019
-141.57
-195.596
-252.768
-314.41
-379.52
-446.672
-514.021
-580.347
-642.549
-691.747
-721.849
-733.62
-718.124
-668.608
-605.642
-557.153
-569.031
-645.641
-783.595
-926.531
-1059.51
-1135.2
-1145.98
-1120.84
-1082.47
-1049.72
-1040.38
-28.9424
-23.4257
-19.2119
-10.9704
6.51841
34.8956
65.0132
88.221
115.776
139.395
156.37
169.525
177.422
176.378
167.584
151.721
128.597
97.3559
59.2166
15.5981
-32.5919
-82.2409
-135.985
-193.512
-253.414
-317.766
-386.069
-458.463
-534.726
-612.127
-688.909
-751.89
-793.379
-818.236
-816.449
-773.371
-698.248
-621.185
-590.166
-623.759
-723.297
-861.521
-1016.02
-1161.23
-1228.06
-1214.62
-1168.66
-1119.19
-1084.58
-1071.66
-42.3681
-42.3016
-45.0771
-40.923
-19.8908
12.238
44.5938
71.4613
100.735
130.618
152.73
165.01
171.101
169.121
156.474
134.216
103.518
65.4443
22.901
-22.3399
-72.1734
-127.725
-186.202
-249.576
-316.593
-388.775
-466.867
-551.624
-640.63
-735.099
-817.553
-875.036
-915.938
-933.528
-907.996
-831.471
-747.215
-695.21
-690.945
-730.784
-813.168
-935.083
-1075.15
-1195.8
-1234.28
-1204.4
-1148.95
-1101.98
-1072.32
-1062.34
-63.2218
-73.4579
-88.291
-97.324
-77.2022
-41.2016
-6.18275
43.8432
84.1125
113.451
131.535
141.484
144.534
136.806
118.071
91.6824
57.7807
16.4401
-30.5693
-80.4935
-130.276
-184.19
-244.636
-312.614
-386.931
-469.297
-560.142
-660.084
-772.291
-879.106
-961.309
-1025.14
-1061.78
-1056.41
-989.27
-913.898
-852.727
-820.692
-816.395
-849.416
-909.321
-991.091
-1090.06
-1156.86
-1153.56
-1106.95
-1065.49
-1039.78
-1027.42
-1027.49
-96.8583
-131.47
-181.895
-223.59
-210.397
-150.087
-90.7695
-33.8058
24.238
60.1705
77.0542
85.1258
82.6417
64.1735
35.7653
4.87781
-26.2188
-61.4945
-102.483
-149.273
-202.186
-258.583
-319.459
-388.608
-469.762
-562.014
-670.75
-794.31
-925.779
-1041.59
-1135.93
-1199.44
-1204.18
-1154.53
-1095.37
-1035.29
-986.561
-955.189
-952.13
-970.322
-1000.74
-1039.25
-1081.43
-1096.9
-1063.3
-1010.28
-981.043
-974.909
-979.12
-985.136
-160.909
-247.452
-367.197
-477.473
-491.352
-454.635
-306.502
-171.536
-84.9706
-39.0214
-17.5021
-14.4891
-32.7693
-68.351
-109.978
-139.09
-156.27
-177.476
-206.668
-240.76
-282.579
-336.224
-402.901
-478.138
-567.176
-673.355
-804.686
-953.421
-1101.84
-1233.38
-1327.09
-1355.73
-1327.76
-1276.05
-1227.57
-1179.42
-1137.24
-1110.32
-1093.97
-1091.12
-1089.8
-1088.79
-1088.08
-1068.56
-1022.02
-973.623
-946.846
-945.429
-956.349
-961.917
-260.324
-420.826
-661.785
-936.091
-1017.52
-818.319
-558.201
-354.539
-227.774
-165.803
-152.536
-170.672
-218.422
-277.903
-324.683
-343.046
-331.296
-321.687
-328.853
-352.738
-385.93
-430.04
-493.349
-572.771
-671.929
-800.635
-963.114
-1138.97
-1300.85
-1433.58
-1493.31
-1495.65
-1465.11
-1431.82
-1393.77
-1349.55
-1307.31
-1271.22
-1238.24
-1208.15
-1178.22
-1147.84
-1116.27
-1074.85
-1025.2
-979.84
-952.545
-946.972
-955.563
-959.42
-361.2
-607.029
-946.073
-1263.53
-1271.39
-951.416
-652.423
-452.006
-343.791
-311.803
-325.917
-378.461
-458.224
-541.005
-594.849
-592.719
-539.235
-484.53
-457.513
-458.486
-481.876
-523.679
-587.077
-676.482
-789.872
-941.19
-1129.53
-1328.24
-1500.1
-1608.13
-1649.02
-1646.97
-1632.96
-1605.21
-1569.08
-1521.91
-1470.75
-1419.11
-1367.68
-1312.03
-1259.32
-1204.79
-1150.9
-1096.29
-1045.61
-1003.99
-975.939
-962.828
-963.905
-970.765
-383.793
-621.896
-886.853
-1099.68
-1053.87
-818.378
-601.485
-476.587
-431.459
-442.48
-503.723
-612.633
-746.819
-866.827
-923.506
-881.276
-760.612
-644.869
-584.707
-562.369
-564.847
-603.241
-668.294
-765.292
-898.483
-1078.84
-1292.71
-1504.99
-1664.65
-1750.75
-1789.39
-1807.34
-1801.76
-1763.44
-1717.2
-1661.34
-1596.32
-1528.54
-1460.46
-1388.35
-1316.44
-1246.02
-1179.42
-1120.07
-1069.13
-1028.24
-999.157
-983.034
-979.271
-992.367
-284.253
-429.559
-567.309
-642.57
-667.975
-590.729
-482.674
-441.766
-457.702
-519.588
-656.063
-840.21
-1053.01
-1234.49
-1285.15
-1177.22
-971.867
-787.319
-690.319
-648.08
-626.519
-655.817
-723.951
-833.607
-986.091
-1185.19
-1421.23
-1642.34
-1785.87
-1852.27
-1900.25
-1940.57
-1932.46
-1879.35
-1818.36
-1750.11
-1670.29
-1591.94
-1509.03
-1427.77
-1345.94
-1268.35
-1195.1
-1131.33
-1079.47
-1039.69
-1011.8
-996.299
-994.51
-1001.04
-147.69
-223.463
-295.921
-346.598
-360.838
-341.591
-322.217
-345.676
-415.636
-538.334
-733.742
-983.274
-1270.92
-1506.2
-1549.5
-1356.83
-1096.07
-875.565
-747.54
-687.645
-654.749
-667.809
-735.372
-848.115
-1017.25
-1235.91
-1485.45
-1711.08
-1846.65
-1906.4
-1956.11
-2002.58
-1995.61
-1937.19
-1863.57
-1781.64
-1693.86
-1607.35
-1518.82
-1431.23
-1345.16
-1263.08
-1189.01
-1124.93
-1073.05
-1033.7
-1007.52
-992.992
-988.483
-988.057
-39.2001
-68.4102
-93.5658
-116.113
-130.026
-140.954
-167.274
-223.561
-317.808
-477.022
-691.091
-976.799
-1312.46
-1573.72
-1596.54
-1342.89
-1076.47
-869.699
-728.023
-645.026
-616.566
-623.212
-681.578
-798.969
-974.423
-1199.69
-1457.01
-1688.26
-1823.14
-1883.37
-1925.62
-1964.26
-1966.25
-1915.97
-1844.73
-1762.34
-1676.26
-1587.32
-1499.01
-1408.89
-1319.91
-1235.74
-1159.6
-1094.9
-1043.67
-1005.28
-981.204
-967.401
-963.254
-966.996
36.8509
31.3115
29.5301
24.228
15.104
-3.41494
-41.8721
-105.125
-201.113
-352.722
-547.139
-817.485
-1142.44
-1391.76
-1387.73
-1151.43
-931.514
-750.759
-621.203
-540.558
-509.431
-512.582
-563.616
-674.88
-842.98
-1065.93
-1323.18
-1560.9
-1706.93
-1776.52
-1815.8
-1851.63
-1858.73
-1831.49
-1779.27
-1710.83
-1633.28
-1549.02
-1460.82
-1370.76
-1278.86
-1191.15
-1112.31
-1044.78
-991.608
-953.823
-930.765
-920.282
-920.533
-929.163
92.3222
92.5057
98.3217
97.9979
91.3566
73.0326
38.1168
-13.7782
-89.4158
-198.584
-346.364
-567.469
-832.659
-1039.22
-1037.62
-852.769
-686.781
-549.944
-446.38
-379.743
-350.549
-350.8
-389.132
-481.147
-630.069
-832.907
-1076.94
-1322.09
-1494.64
-1590.08
-1655.62
-1703.76
-1729.43
-1728.9
-1700.93
-1650.8
-1584.56
-1503.58
-1415.05
-1322.87
-1228.84
-1137.43
-1055.2
-986.19
-931.9
-893.088
-868.996
-858.044
-860.004
-870.135
122.399
128.117
136.713
136.719
129.866
115.549
93.1051
58.6623
7.4312
-68.0754
-173.868
-321.348
-504.94
-649.646
-619.345
-549.768
-427.694
-335.195
-257.755
-199.753
-165.95
-157.741
-179.309
-243.181
-357.037
-522.464
-735.776
-979.688
-1187.15
-1320.81
-1427.87
-1515.85
-1580.17
-1617.72
-1624.1
-1594.93
-1540.04
-1464.86
-1377.08
-1283.64
-1187.44
-1093.11
-1007.05
-934.405
-877.724
-837.13
-811.289
-798.319
-797.705
-805.979
135.327
145.892
152.253
152.312
148.994
141.813
127.026
103.677
70.1749
23.251
-40.0308
-131
-250.838
-344.701
-346.945
-292.513
-215.861
-149.039
-91.7037
-38.7067
3.63517
30.4067
33.3574
0.811389
-73.858
-191.737
-353.522
-556.818
-751.015
-955.125
-1126.45
-1272.6
-1395.95
-1491.52
-1552.86
-1566.27
-1533.86
-1473.95
-1392.45
-1293.02
-1185.62
-1081.88
-989.295
-911.137
-849.336
-804.076
-774.238
-757.81
-753.328
-756.509
138.248
144.933
151.074
154.745
154.515
149.431
140.473
126.806
106.387
79.1274
44.2414
-3.27671
-68.9856
-135.631
-154.62
-119.608
-57.0315
1.89562
39.442
89.5509
136.51
179.173
206.609
204.627
166.016
89.9915
-10.675
-170.003
-362.561
-573.366
-791.818
-1006.72
-1208.1
-1379.09
-1508.01
-1578.32
-1585.73
-1541.83
-1459.94
-1352.17
-1232.96
-1117.51
-1014.63
-928.057
-859.317
-808.259
-773.115
-751.038
-740.377
-737.781
140.397
144.526
146.627
150.228
153.622
152.529
147.787
140.298
128.541
111.789
90.264
64.4365
35.4791
7.6129
-9.0586
-0.389419
36.2274
69.4694
121.611
175.544
227.621
274.433
312.642
334.336
328.676
292.665
229.194
119.265
-37.2867
-239.487
-482.487
-752.598
-1034.51
-1299.86
-1516.54
-1653.96
-1703.49
-1675.18
-1588.38
-1464.84
-1327.6
-1196.44
-1080.72
-984.014
-907.115
-849.013
-808.025
-780.75
-764.928
-757.244
138.87
142.199
145.135
148.59
150.602
150.474
148.188
143.782
136.504
126.987
115.612
102.693
87.0218
74.2777
73.0906
81.7801
93.2786
122.343
157.615
201.182
246.179
294.622
348.088
391.17
414.987
411.505
377.607
319.74
200.153
14.2059
-235.916
-543.421
-890.237
-1243.94
-1548.4
-1754.52
-1850.2
-1849.04
-1764.24
-1625.12
-1465.93
-1314.32
-1180.08
-1069.64
-983.12
-917.033
-871.839
-840.851
-821.666
-810.771
137.107
139.915
141.538
143.891
145.987
146.914
145.989
143.82
140.253
135.224
127.654
119.099
111.348
106.224
107.343
120.006
138.2
146.272
169.502
207.027
243.8
286.657
329.744
373.149
411.789
429.734
421.289
380.097
288.126
128.292
-105.209
-416.242
-789.676
-1197.53
-1571.92
-1848.87
-1977.35
-1989.75
-1914.27
-1782.9
-1620.38
-1451.83
-1300.32
-1175.73
-1079.4
-1008.63
-956.049
-920.831
-899.403
-887.51
134.867
136.859
138.431
140.307
141.593
142.534
142.965
142.315
140.203
136.911
133.047
129.073
125.105
121.852
122.833
130.391
145.014
163.881
179.77
195.893
226.093
258.765
287.258
319.341
346.047
361.633
359.515
330.656
261.623
135.627
-61.6958
-345.205
-716.539
-1132.33
-1535.28
-1904.86
-2047.68
-2048.12
-1979.61
-1864.07
-1708.08
-1544.39
-1393.43
-1266.83
-1166.94
-1092.05
-1037.91
-1001.02
-980.198
-968.334
131.249
132.556
134.203
136.111
138.128
139.236
139.99
139.811
139.223
137.9
135.402
132.325
129.894
128.943
130.564
135.823
143.895
156.184
173.779
191.722
210.67
229.56
251.262
273.904
291.054
299.939
292.529
264.277
206.356
107.912
-49.2009
-290.637
-623.054
-1014.44
-1430.02
-1805.22
-1981.66
-1985.45
-1948.26
-1858.06
-1723.49
-1577.21
-1440.2
-1323.92
-1229.72
-1157.63
-1104.3
-1065.72
-1049.93
-1037.83
127.83
128.761
130.992
132.842
134.765
135.837
136.805
137.193
136.821
135.908
134.556
133.146
131.619
130.777
131.464
134.761
141.289
149.317
158.137
171.291
187.919
201.966
216.472
230.191
241.296
244.289
235.037
209.013
158.257
75.8271
-53.4455
-251.256
-515.923
-860.38
-1253.87
-1613.81
-1792.43
-1823.86
-1819.93
-1757.44
-1659.08
-1548.78
-1438.53
-1341.14
-1260.3
-1196.08
-1147.37
-1113.65
-1096.24
-1088.01
122.204
125.32
128.282
130.245
131.515
132.915
133.624
134.164
134.222
133.741
132.593
130.998
129.84
128.873
128.497
129.904
133.511
138.88
145.928
154.26
164.179
175.144
184.908
193.492
200.036
198.285
187.324
161.373
116.336
46.6172
-59.7836
-218.213
-428.878
-713.996
-1070.5
-1392.53
-1567.1
-1634.89
-1645.52
-1615.2
-1551.47
-1474.86
-1398.46
-1324.61
-1261.57
-1209.91
-1169.81
-1141.79
-1126.45
-1120.59
112.258
123.496
126.729
128.059
129.079
130.034
130.604
130.921
130.896
130.246
129.287
128.033
126.549
124.739
123.932
124.663
126.36
129.281
133.377
139.593
147.106
153.774
159.387
164.544
165.539
160.902
147.865
122.627
82.0716
20.7758
-70.2547
-198.277
-372.089
-606.355
-902.042
-1185.37
-1377.56
-1472.43
-1496.77
-1481.67
-1439.34
-1387.12
-1334.23
-1286.06
-1243.42
-1207.19
-1178.25
-1157.18
-1144.68
-1140.97
98.9023
124.205
125.808
126.213
126.631
127.078
127.429
127.449
127.523
126.999
126.078
124.794
123.171
121.907
121.045
120.591
121.368
123.546
125.713
128.691
132.828
137.058
138.845
138.079
133.636
124.652
107.758
80.1679
38.425
-20.8428
-104.018
-215.506
-366.375
-561.813
-790.584
-1023.6
-1205.85
-1332.05
-1372.1
-1363.33
-1339.47
-1307.65
-1274.8
-1244.55
-1217.84
-1196.25
-1178.08
-1163.76
-1154.11
-1150.64
172.839
169.054
167.2
166.197
165.669
165.428
165.291
165.219
165.337
165.665
166.184
166.91
167.802
168.889
170.095
171.435
172.887
174.432
176.191
178.173
180.363
182.658
185.072
187.591
190.148
192.653
195.064
197.38
199.322
200.784
201.735
202.162
201.88
200.493
197.657
193.066
186.331
176.967
164.544
148.605
128.413
103.122
72.0289
34.4538
-10.3091
-63.1628
-124.806
-196.033
-280.691
-368.208
170.772
169.072
168.205
167.878
167.747
167.843
168.088
168.418
168.875
169.477
170.28
171.335
172.627
174.08
175.704
177.51
179.453
181.616
184.018
186.677
189.643
192.851
196.284
199.868
203.56
207.293
211.076
214.814
218.32
221.566
224.491
227.019
228.955
230.084
230.146
228.813
225.566
219.91
211.699
200.548
185.573
165.878
140.993
110.354
73.1565
28.6481
-23.968
-86.0994
-159.466
-233.726
169.988
169.591
169.514
169.817
170.164
170.608
171.174
171.887
172.726
173.677
174.81
176.204
177.87
179.773
181.892
184.196
186.757
189.576
192.737
196.238
200.081
204.254
208.714
213.409
218.293
223.339
228.548
233.818
239.06
244.234
249.23
253.942
258.248
261.988
264.909
266.635
266.785
265.06
261.144
254.521
244.518
230.52
211.883
187.996
158.283
121.973
78.1895
26.1926
-34.8195
-94.9001
170.409
170.661
171.18
172.026
172.855
173.627
174.483
175.531
176.76
178.134
179.647
181.393
183.433
185.793
188.47
191.394
194.649
198.227
202.187
206.577
211.358
216.536
222.075
227.956
234.111
240.595
247.315
254.261
261.364
268.538
275.723
282.765
289.571
295.963
301.713
306.544
310.189
312.358
312.629
310.521
305.517
296.963
284.306
267.051
244.553
216.141
181.223
139.09
89.0226
42.5637
171.762
172.317
173.185
174.479
175.756
176.859
178.005
179.37
180.988
182.829
184.79
186.918
189.383
192.255
195.544
199.179
203.141
207.512
212.317
217.603
223.38
229.63
236.346
243.474
251.018
258.967
267.323
276.019
285.039
294.298
303.698
313.146
322.487
331.579
340.239
348.271
355.468
361.475
365.883
368.255
368.076
364.865
358.148
347.314
331.823
311.168
284.698
251.966
212.729
177.657
173.704
174.408
175.556
177.235
178.88
180.273
181.695
183.44
185.536
187.832
190.216
192.762
195.692
199.135
203.055
207.413
212.141
217.308
222.997
229.26
236.107
243.508
251.429
259.868
268.845
278.34
288.363
298.894
309.869
321.248
332.914
344.76
356.678
368.538
380.21
391.547
402.288
412.074
420.53
427.21
431.704
433.584
432.337
427.483
418.559
404.93
386.077
361.668
331.434
305.911
176.137
176.985
178.273
180.215
182.158
183.812
185.573
187.76
190.304
193.003
195.787
198.813
202.279
206.315
210.909
215.987
221.505
227.523
234.126
241.388
249.312
257.896
267.059
276.847
287.264
298.348
310.08
322.444
335.413
348.889
362.81
377.09
391.642
406.349
421.059
435.583
449.651
463.002
475.256
486.021
494.949
501.648
505.697
506.627
503.764
496.513
484.589
467.835
446.201
428.655
178.977
179.88
181.258
183.33
185.485
187.436
189.558
192.138
195.102
198.238
201.498
205.028
209.05
213.685
218.945
224.768
231.093
237.976
245.512
253.781
262.796
272.525
282.97
294.121
306.021
318.683
332.113
346.309
361.224
376.801
392.977
409.689
426.808
444.207
461.758
479.274
496.563
513.314
529.209
543.986
557.258
568.551
577.343
583.005
585.053
583.241
577.286
566.809
551.687
540.126
182.066
182.919
184.338
186.478
188.805
191.043
193.492
196.436
199.819
203.422
207.169
211.208
215.755
220.99
226.929
233.483
240.604
248.328
256.766
266.01
276.096
286.991
298.683
311.181
324.508
338.701
353.788
369.747
386.548
404.142
422.466
441.423
460.918
480.853
501.085
521.469
541.791
561.818
581.28
599.708
616.61
631.566
644.143
654.001
660.904
664.406
663.915
659.172
650.339
643.714
185.162
185.9
187.335
189.544
192.007
194.509
197.248
200.51
204.283
208.336
212.564
217.092
222.175
227.995
234.584
241.847
249.72
258.244
267.554
277.753
288.867
300.875
313.767
327.534
342.217
357.852
374.475
392.077
410.626
430.077
450.362
471.399
493.114
515.406
538.16
561.238
584.416
607.387
629.749
651.133
671.246
689.693
706.087
720.017
730.914
738.178
741.431
740.532
735.701
732.334
188.01
188.649
190.078
192.383
194.981
197.632
200.608
204.178
208.316
212.778
217.461
222.467
228.043
234.414
241.598
249.483
258.03
267.298
277.409
288.469
300.514
313.53
327.484
342.383
358.272
375.207
393.213
412.288
432.403
453.509
475.542
498.448
522.147
546.552
571.564
596.977
622.53
647.93
672.861
697.003
719.909
741.137
760.309
776.982
790.782
801.508
808.866
812.537
812.413
811.968
190.437
190.998
192.436
194.762
197.447
200.224
203.41
207.279
211.724
216.504
221.561
227.012
233.061
239.893
247.556
255.981
265.121
275.029
285.831
297.641
310.494
324.365
339.23
355.113
372.063
390.128
409.328
429.667
451.111
473.616
497.138
521.621
547.006
573.217
600.086
627.41
654.945
682.383
709.392
735.6
760.652
784.232
805.936
825.365
842.188
855.86
865.711
871.303
872.674
873.094
192.261
192.768
194.187
196.491
199.193
202.106
205.525
209.628
214.26
219.277
224.642
230.45
236.876
244.08
252.121
260.967
270.581
281.007
292.369
304.763
318.231
332.765
348.354
365.021
382.8
401.734
421.855
443.159
465.62
489.206
513.873
539.588
566.302
593.9
622.217
651.041
680.094
709.091
737.716
765.648
792.537
817.968
841.5
862.71
881.074
896.201
908.105
916.796
921.951
925.105
193.28
193.815
195.157
197.4
200.115
203.185
206.771
210.993
215.737
220.885
226.45
232.529
239.236
246.697
254.991
264.11
274.033
284.811
296.545
309.338
323.227
338.213
354.295
371.487
389.83
409.366
430.117
452.076
475.23
499.554
525.035
551.648
579.316
607.922
637.286
667.171
697.319
727.446
757.245
786.369
814.45
841.118
866.012
888.768
909.008
926.225
939.537
948.002
952.177
954.16
193.361
193.96
195.281
197.439
200.118
203.269
206.979
211.259
216.014
221.192
226.853
233.085
239.951
247.535
255.916
265.129
275.183
286.134
298.06
311.042
325.122
340.312
356.621
374.068
392.693
412.524
433.579
455.858
479.35
504.053
529.969
557.059
585.246
614.393
644.311
674.773
705.519
736.259
766.686
796.464
825.237
852.615
878.154
901.328
921.585
938.585
952.295
962.974
970.388
975.028
192.422
193.11
194.53
196.494
199.131
202.335
206.114
210.373
215.021
220.11
225.764
232.035
238.919
246.47
254.768
263.897
273.909
284.843
296.755
309.698
323.718
338.843
355.097
372.51
391.113
410.927
431.967
454.233
477.723
502.431
528.359
555.485
583.732
612.955
642.966
673.537
704.409
735.293
765.875
795.812
824.727
852.213
877.849
901.256
922.128
940.141
954.863
965.762
972.522
976.32
190.47
191.247
192.723
194.595
197.219
200.41
204.174
208.337
212.786
217.672
223.202
229.39
236.155
243.501
251.56
260.446
270.237
280.955
292.625
305.301
319.022
333.822
349.744
366.822
385.095
404.585
425.293
447.212
470.34
494.672
520.203
546.921
574.762
603.591
633.219
663.421
693.939
724.481
754.726
784.318
812.88
840.011
865.329
888.489
909.174
926.998
941.494
952.127
958.558
962.149
187.637
188.559
189.973
191.912
194.434
197.565
201.232
205.217
209.413
214.018
219.293
225.26
231.778
238.8
246.465
254.946
264.329
274.636
285.868
298.059
311.256
325.492
340.832
357.308
374.951
393.791
413.839
435.082
457.497
481.08
505.827
531.716
558.695
586.655
615.415
644.751
674.408
704.1
733.504
762.27
790.015
816.331
840.77
862.846
882.075
898.194
911.236
921.484
928.55
932.714
184.098
185.212
186.619
188.533
190.913
193.929
197.45
201.212
205.074
209.31
214.252
219.875
226.015
232.604
239.77
247.708
256.507
266.237
276.853
288.355
300.812
314.267
328.772
344.391
361.155
379.074
398.159
418.398
439.778
462.281
485.891
510.586
536.314
562.981
590.431
618.448
646.779
675.151
703.252
730.735
757.227
782.318
805.581
826.607
844.992
860.21
871.49
878.29
881.011
881.903
180.079
181.363
182.852
184.611
186.853
189.739
193.055
196.516
200.002
203.821
208.324
213.527
219.191
225.225
231.784
239.064
247.206
256.194
266.035
276.719
288.257
300.738
314.205
328.727
344.35
361.08
378.924
397.871
417.9
438.997
461.145
484.302
508.407
533.376
559.073
585.298
611.807
638.324
664.544
690.135
714.727
737.929
759.294
778.339
794.571
807.631
817.265
823.158
825.19
825.824
175.816
177.226
178.794
180.409
182.513
185.165
188.253
191.396
194.437
197.778
201.812
206.521
211.626
217.058
222.936
229.476
236.812
244.961
253.915
263.631
274.147
285.523
297.816
311.079
325.38
340.732
357.108
374.527
392.959
412.378
432.772
454.108
476.309
499.284
522.914
547.015
571.342
595.613
619.517
642.715
664.855
685.56
704.437
721.035
734.781
745.083
751.563
753.986
752.365
750.405
171.556
173.04
174.628
176.167
178.055
180.458
183.255
186.01
188.644
191.508
194.995
199.127
203.65
208.437
213.604
219.371
225.859
233.089
241.027
249.684
259.069
269.213
280.211
292.096
304.92
318.723
333.477
349.155
365.769
383.285
401.66
420.889
440.901
461.585
482.828
504.475
526.287
547.962
569.174
589.561
608.745
626.341
641.928
655.149
665.63
672.839
676.194
675.387
670.379
665.585
167.514
169.005
170.558
172.016
173.681
175.767
178.213
180.611
182.806
185.199
188.184
191.707
195.553
199.644
204.1
209.093
214.729
221.013
227.911
235.452
243.628
252.48
262.103
272.541
283.8
295.938
308.961
322.797
337.442
352.898
369.113
386.034
403.626
421.777
440.363
459.243
478.202
496.944
515.123
532.365
548.266
562.438
574.437
583.771
590.045
592.847
591.701
586.105
575.795
566.838
163.916
165.307
166.737
168.056
169.474
171.25
173.345
175.329
177.109
179.061
181.52
184.459
187.661
191.047
194.753
198.944
203.706
209.04
214.923
221.325
228.278
235.836
244.027
252.944
262.614
273.025
284.191
296.102
308.696
321.98
335.913
350.422
365.442
380.894
396.636
412.524
428.344
443.802
458.557
472.236
484.41
494.656
502.573
507.674
509.43
507.357
501.036
490.201
474.517
460.106
160.882
162.083
163.302
164.381
165.532
167.017
168.706
170.31
171.715
173.222
175.165
177.517
180.097
182.829
185.839
189.264
193.151
197.521
202.376
207.67
213.43
219.689
226.49
233.888
241.944
250.634
259.942
269.866
280.359
291.409
302.978
314.995
327.369
340.02
352.815
365.582
378.112
390.097
401.177
410.979
419.088
425.029
428.339
428.515
425.055
417.439
405.133
387.662
364.592
343.433
158.518
159.415
160.306
161.07
161.953
163.107
164.394
165.622
166.664
167.806
169.268
171.023
172.967
175.087
177.46
180.153
183.222
186.676
190.509
194.726
199.331
204.31
209.743
215.67
222.122
229.109
236.604
244.561
252.962
261.755
270.937
280.415
290.108
299.91
309.689
319.235
328.317
336.655
343.87
349.557
353.296
354.607
353.003
347.943
338.819
325.071
306.173
281.767
251.406
222.357
156.905
157.354
157.778
158.18
158.786
159.573
160.485
161.294
161.994
162.793
163.807
165.039
166.417
167.973
169.735
171.737
174.038
176.639
179.539
182.745
186.231
190.014
194.131
198.598
203.477
208.797
214.498
220.554
226.911
233.508
240.327
247.306
254.339
261.314
268.066
274.379
279.969
284.534
287.732
289.131
288.29
284.691
277.792
267.058
251.868
231.524
205.367
172.836
133.335
95.0671
156.23
155.946
155.725
155.733
156.036
156.485
156.947
157.333
157.752
158.203
158.789
159.54
160.424
161.466
162.663
164.03
165.604
167.408
169.459
171.739
174.224
176.899
179.764
182.877
186.255
189.92
193.878
198.076
202.438
206.878
211.388
215.937
220.377
224.549
228.274
231.318
233.419
234.206
233.306
230.301
224.724
216.078
203.75
187.122
165.539
138.28
104.613
63.8842
15.3103
-34.2376
156.756
155.069
154.074
153.708
153.682
153.745
153.778
153.817
153.897
154.016
154.238
154.567
155.009
155.575
156.242
157.034
157.959
159.013
160.267
161.683
163.254
164.941
166.65
168.466
170.428
172.536
174.839
177.25
179.695
182.064
184.356
186.506
188.432
189.896
190.631
190.39
188.923
185.932
180.941
173.494
163.1
149.223
131.261
108.535
80.3587
45.9583
4.52972
-44.9536
-103.854
-164.992
158.611
154.785
152.88
152.091
151.66
151.266
150.945
150.716
150.568
150.439
150.338
150.302
150.361
150.514
150.72
150.944
151.223
151.637
152.109
152.7
153.412
154.186
154.91
155.487
156.061
156.715
157.47
158.191
158.748
159.173
159.271
159.085
158.455
157.232
155.074
151.593
146.501
139.581
130.429
118.514
103.313
84.2189
60.5489
31.5667
-3.40289
-45.0984
-94.2309
-151.562
-219.911
-292.193
-10.4475
-15.1406
-20.3439
-24.4894
-29.4844
-37.0551
-46.7166
-62.6116
-83.9908
-116.38
-168.847
-214.935
-205.776
-150.63
-78.2988
-9.85736
44.213
92.4861
117.608
126.321
134.537
137.331
138.133
135.199
133.829
130.534
127.536
124.449
122.583
131.436
-7.07359
-16.4448
-24.3432
-30.0777
-36.2898
-44.4669
-52.8649
-66.6077
-79.5887
-95.7047
-112.872
-118.142
-108.949
-67.3634
-21.9953
22.1908
57.3644
82.2261
110.747
124.705
131.386
136.133
137.43
135.455
133.597
130.501
126.86
125.557
127.136
136.21
-20.3831
-25.3779
-31.0391
-36.8743
-43.4935
-50.8504
-58.5132
-68.5638
-76.0005
-83.4484
-83.5754
-71.1263
-45.712
-4.36346
28.0509
49.8543
72.1775
88.9541
110.939
125.796
132.383
136.438
135.577
134.229
131.781
129.033
125.735
124.677
124.362
127.122
-34.7526
-36.5431
-39.9368
-45.6455
-51.8385
-58.4026
-65.6365
-73.3195
-77.472
-78.5145
-71.5894
-47.3581
4.30727
38.8178
55.7383
82.6008
94.0564
106.334
120.047
134.297
140.633
140.661
138.404
134.293
128.647
125.828
122.859
121.219
119.289
119.153
-44.3396
-45.3755
-48.1286
-53.8465
-60.4517
-68.0618
-76.4528
-85.2532
-89.8456
-88.5942
-77.0013
-37.8582
30.6804
67.7864
88.5202
93.6039
105.173
121.788
134.016
147.319
149.657
145.982
141.72
136.148
129.122
124.761
120.582
117.742
114.987
113.185
-49.7479
-51.1085
-54.0335
-59.7796
-67.7341
-77.5802
-88.8882
-100.399
-110.826
-114.089
-97.3693
-52.9859
31.2499
67.9828
78.2461
86.9395
105.967
125.896
144.474
151.191
153.316
149.039
142.791
135.512
128.465
123.539
118.608
114.654
111.036
109.16
-53.1536
-55.0606
-58.2298
-64.1774
-73.3183
-85.6386
-100.893
-117.592
-142.296
-157.48
-150.511
-87.0016
-20.8063
8.46397
22.9025
52.8605
88.907
123.829
148.229
154.157
148.603
145.753
139.989
132.109
124.663
118.544
113.357
109.158
105.111
104.094
-55.1918
-57.8154
-61.5652
-68.0463
-78.2082
-93.0193
-112.962
-145.906
-190.19
-201.291
-208.067
-201.98
-155.013
-120.049
-94.3133
-20.1067
43.2715
102.917
137.863
148.308
138.544
137.011
131.224
118.624
111.944
106.5
101.424
98.2782
95.6048
95.7218
-55.6973
-58.8383
-63.2729
-70.5936
-81.7887
-98.5998
-130.164
-180.235
-212.695
-252.127
-320.279
-399.636
-392.71
-330.259
-256.432
-138.27
-36.1465
45.1177
95.7399
110.32
101.427
97.6047
97.3698
89.8173
86.6811
86.5047
83.8483
82.7662
81.9762
82.6785
-54.2762
-56.8802
-61.4597
-69.1562
-80.2832
-100
-129.566
-176.199
-244.611
-319.66
-451.759
-635.012
-755.953
-663.394
-492.318
-319.374
-157.957
-53.9574
9.45806
25.7162
16.58
9.9637
15.5194
27.3058
46.6813
58.1335
59.9791
62.5961
64.4453
66.6885
-50.9215
-52.417
-56.0546
-62.285
-71.1927
-86.314
-111.884
-150.219
-234.027
-382.948
-605.411
-890.815
-1203.68
-1112.43
-831.251
-549.939
-316.714
-187.861
-116.274
-102.729
-111.97
-121.005
-105.704
-61.3306
-14.3977
16.1371
29.3907
38.9665
44.4154
48.4662
-45.54
-46.6205
-48.8565
-53.0779
-58.7705
-68.063
-84.5641
-109.977
-191.908
-407.306
-730.301
-1120.52
-1595.2
-1507.61
-1078.93
-745.019
-470.271
-320.919
-255.857
-253.822
-270.141
-286.074
-255.464
-172.22
-93.2798
-38.0623
-7.28686
13.2583
24.1352
30.3177
-39.252
-39.9698
-41.525
-44.2228
-46.9431
-51.2084
-58.618
-58.014
-148.195
-405.473
-781.835
-1208.19
-1708.17
-1613.14
-1143.54
-810.405
-554.434
-416.071
-380.87
-402.297
-444.724
-475.814
-424.866
-302.872
-180.864
-96.3197
-44.5397
-12.2365
4.28609
11.9298
-33.1271
-33.3209
-34.3849
-36.0504
-36.8517
-38.7134
-39.4965
-46.2382
-116.261
-353.504
-671.972
-1063.17
-1391.81
-1351.71
-1001.87
-732.822
-543.907
-453.346
-453.104
-508.942
-606.49
-668.631
-604.412
-437.616
-264.591
-146.498
-76.0217
-34.9636
-13.3665
-3.87815
-27.7109
-27.1646
-27.5327
-28.13
-27.5831
-28.2415
-26.5995
-37.3051
-71.325
-240.807
-468.975
-737.92
-939.402
-944.271
-740.199
-563.963
-447.792
-414.029
-452.634
-544.784
-697.55
-796.185
-735.369
-526.879
-321.182
-176.7
-92.7988
-51.2395
-25.6978
-17.7908
-21.0925
-20.9065
-20.6756
-20.6579
-18.7003
-19.399
-16.1303
-20.8865
-38.5503
-127.357
-265.897
-416.115
-544.649
-565.895
-467.211
-375.449
-324.887
-327.556
-385.07
-483.901
-653.18
-765.699
-726.238
-517.236
-321.127
-182.301
-100.693
-57.6074
-33.1091
-25.1618
-14.5674
-14.7909
-14.3666
-14.1978
-12.3228
-11.879
-9.43385
-11.3899
-20.7412
-53.0855
-126.374
-198.488
-268.92
-275.512
-236.351
-208.119
-198.622
-222.842
-288.101
-388.508
-519.415
-604.703
-559.681
-408.058
-261.676
-154.674
-88.5203
-51.9022
-33.63
-24.0107
-9.47972
-9.87681
-9.26766
-9.13971
-7.46775
-6.88209
-4.68624
-6.30628
-9.75779
-18.1393
-50.9728
-82.4077
-98.9603
-92.0299
-86.8913
-91.1526
-99.3757
-127.786
-183.542
-259.078
-347.872
-403.51
-358.604
-266.596
-175.032
-107.002
-63.7433
-37.8939
-24.0525
-14.7116
-5.56933
-6.07947
-5.61503
-5.33097
-4.0688
-3.79981
-1.9606
-2.05455
-2.50714
-3.01953
-13.1329
-20.4624
-20.5508
-14.2963
-15.4361
-24.6151
-35.7851
-55.7543
-95.1491
-146.23
-199.847
-223.952
-192.456
-140.483
-92.7563
-58.482
-35.51
-20.9486
-10.7531
-6.52618
-2.65652
-2.86977
-2.65164
-2.51655
-1.99623
-2.1539
-1.08316
-0.181218
-0.554725
0.0809103
-0.497693
-0.237041
3.9549
8.13561
10.4005
10.2691
-1.67359
-13.0962
-27.4314
-43.8933
-58.3735
-65.5624
-71.6793
-54.0384
-34.1873
-21.0802
-13.4882
-9.19602
-5.24064
-5.45231
)
;

boundaryField
{
    INLET
    {
        type            zeroGradient;
    }
    OUTLET
    {
        type            fixedValue;
        value           uniform 0;
    }
    WALL
    {
        type            zeroGradient;
    }
    CYLINDER
    {
        type            zeroGradient;
    }
    frontAndBackPlanes
    {
        type            empty;
    }
}


// ************************************************************************* //
