/*--------------------------------*- C++ -*----------------------------------*\
| =========                 |                                                 |
| \\      /  F ield         | OpenFOAM: The Open Source CFD Toolbox           |
|  \\    /   O peration     | Version:  v1912                                 |
|   \\  /    A nd           | Website:  www.openfoam.com                      |
|    \\/     M anipulation  |                                                 |
\*---------------------------------------------------------------------------*/
FoamFile
{
    version     2.0;
    format      ascii;
    class       volScalarField;
    location    "0.38";
    object      p;
}
// * * * * * * * * * * * * * * * * * * * * * * * * * * * * * * * * * * * * * //

dimensions      [0 2 -2 0 0 0 0];


internalField   nonuniform List<scalar> 
6600
(
185.167
180.945
179.006
177.711
177.045
176.953
176.975
177.083
177.388
178.002
178.926
180.154
181.765
183.677
185.832
188.316
191.131
194.188
197.515
201.069
204.92
208.974
213.23
217.688
222.358
227.198
232.086
236.893
241.451
245.579
249.182
252.164
254.228
254.913
254.088
251.529
246.853
239.721
229.57
215.655
197.274
173.709
144.419
108.758
65.7204
14.2625
-45.8469
-114.945
-196.981
-286.539
182.9
179.017
177.835
176.779
176.049
175.784
175.718
175.776
175.996
176.494
177.347
178.513
179.838
181.504
183.385
185.537
187.964
190.719
193.643
196.762
200.115
203.63
207.223
210.818
214.498
218.22
221.895
225.448
228.567
231.086
232.86
233.754
233.517
231.769
228.212
222.648
214.629
203.794
189.688
171.489
148.575
120.24
85.7378
44.4103
-4.72895
-62.7501
-129.62
-205.466
-292.35
-385.386
180.124
176.558
176.166
175.324
174.696
174.329
174.14
174.178
174.512
175.051
175.808
176.926
178.218
179.669
181.352
183.259
185.304
187.601
190.097
192.732
195.457
198.327
201.292
204.198
207.019
209.656
211.994
213.876
215.275
215.988
215.788
214.479
211.826
207.448
201.015
192.229
180.691
165.941
147.71
125.09
97.3961
63.9388
24.1214
-22.7773
-77.6789
-141.494
-214.328
-295.359
-384.059
-475.214
177.195
173.899
174.132
173.217
172.734
172.396
172.186
172.184
172.498
173.145
173.962
174.899
176.089
177.389
178.852
180.494
182.31
184.161
186.131
188.262
190.407
192.529
194.582
196.589
198.399
199.797
200.739
201.115
200.774
199.554
197.249
193.582
188.361
181.207
171.822
159.736
144.543
125.856
103.185
75.9332
43.5579
5.37381
-39.3286
-91.2417
-150.951
-219.371
-296.579
-380.762
-469.466
-556.109
174.27
171.154
171.732
170.379
170.119
169.779
169.623
169.688
169.946
170.446
171.205
172.12
173.1
174.203
175.4
176.69
178.128
179.615
181.051
182.48
183.92
185.317
186.592
187.533
188.146
188.254
187.614
186.394
184.296
181.068
176.537
170.453
162.521
152.498
139.984
124.533
105.755
83.2405
56.5537
25.154
-11.5853
-54.1816
-103.086
-158.881
-222.043
-293.381
-372.893
-458.393
-545.713
-626.237
171.347
168.239
168.995
167.192
167.106
166.708
166.555
166.636
166.882
167.233
167.685
168.3
169.039
169.879
170.79
171.727
172.668
173.634
174.555
175.362
176.011
176.444
176.676
176.434
175.612
174.359
172.427
169.431
165.39
160.098
153.356
144.823
134.226
121.35
105.799
87.1599
65.0192
38.9695
8.58017
-26.5087
-66.6976
-112.53
-164.491
-222.901
-288.029
-360.587
-440.653
-525.992
-610.487
-682.916
168.192
165.063
165.929
163.957
163.911
163.443
163.251
163.201
163.251
163.411
163.651
163.904
164.236
164.654
165.151
165.628
166.039
166.349
166.501
166.481
166.262
165.826
164.877
163.529
161.431
158.549
154.936
150.299
144.358
136.951
127.919
116.984
103.837
88.1747
69.7061
48.0855
22.9881
-5.97848
-39.1732
-77.023
-119.923
-168.095
-221.771
-281.296
-346.893
-419.05
-497.974
-581.522
-661.659
-723.962
164.656
161.577
162.436
160.541
160.512
159.894
159.643
159.448
159.27
159.118
159.041
159.02
158.993
158.945
158.854
158.695
158.442
158.056
157.492
156.643
155.404
153.684
151.513
148.759
145.352
141.026
135.634
129.188
121.426
112.064
100.905
87.6571
72.0888
53.9821
33.0518
8.98449
-18.5515
-49.87
-85.2867
-125.023
-169.33
-218.53
-272.814
-332.276
-397.132
-467.829
-544.22
-623.983
-698.177
-748.661
160.873
157.962
158.629
156.747
156.683
155.901
155.452
155.052
154.658
154.301
153.939
153.547
153.108
152.59
151.957
151.168
150.168
148.892
147.328
145.453
143.285
140.527
137.189
133.074
128.135
122.265
115.282
107.009
97.3425
86.0699
72.8955
57.5823
39.8953
19.6383
-3.38996
-29.4245
-58.7479
-91.6255
-128.273
-168.968
-213.899
-263.112
-316.701
-374.812
-437.634
-505.668
-578.498
-653.28
-720.152
-758.113
156.594
154.001
154.22
152.417
152.279
151.369
150.826
150.186
149.525
148.877
148.198
147.415
146.499
145.405
144.145
142.696
141.033
139.069
136.711
133.82
130.369
126.427
121.685
116.169
109.863
102.485
93.9036
84.0962
72.7046
59.6103
44.6112
27.5221
8.17276
-13.6535
-38.1607
-65.5626
-96.0475
-129.809
-167.02
-207.771
-252.197
-300.433
-352.52
-408.443
-468.303
-532.553
-601.281
-670.266
-728.57
-755.118
151.785
149.309
149.611
147.746
147.425
146.253
145.597
144.76
143.84
142.864
141.746
140.478
139.054
137.446
135.568
133.394
130.875
127.985
124.669
120.929
116.595
111.532
105.755
99.0266
91.2409
82.44
72.4015
60.9171
47.9515
33.335
16.8204
-1.67353
-22.3689
-45.3985
-70.8948
-99.0676
-130.085
-164.006
-200.912
-240.942
-284.141
-330.491
-380.015
-432.747
-488.748
-548.273
-611.774
-674.971
-726.359
-744.012
146.403
144.29
144.581
142.731
142.372
141.026
140.159
138.994
137.76
136.395
134.811
133.032
131.012
128.759
126.212
123.329
120.069
116.436
112.228
107.353
101.887
95.6969
88.7266
80.954
72.0701
61.9599
50.7077
38.0986
23.8467
7.86443
-9.81911
-29.3728
-50.9476
-74.6964
-100.744
-129.149
-160.002
-193.433
-229.462
-268.075
-309.293
-353.056
-399.357
-448.166
-499.374
-553.674
-610.376
-666.584
-712.38
-727.417
140.798
139.083
139.388
137.242
136.932
135.529
134.505
132.998
131.425
129.611
127.556
125.265
122.698
119.79
116.539
112.869
108.673
104.004
98.9588
93.3514
86.997
79.9243
71.9823
63.0511
53.1635
42.0737
29.5644
15.6972
0.600496
-16.2139
-34.7405
-55.0509
-77.2447
-101.349
-127.418
-155.604
-185.94
-218.342
-252.795
-289.323
-327.914
-368.509
-410.93
-455.085
-500.763
-548.498
-596.725
-642.684
-678.056
-693.693
135.219
133.793
133.864
131.938
131.679
130.015
128.721
126.901
124.984
122.768
120.262
117.418
114.242
110.701
106.751
102.426
97.6561
92.2009
86.0289
79.3056
71.927
63.7957
54.8919
45.0671
34.1626
22.2076
9.11742
-5.37172
-21.4405
-38.9341
-57.9075
-78.5831
-100.938
-125.033
-150.873
-178.377
-207.575
-238.557
-271.19
-305.354
-340.963
-377.849
-415.853
-454.563
-494.287
-534.129
-572.033
-603.607
-622.009
-634.298
129.699
128.638
128.569
126.931
126.346
124.332
123.076
120.908
118.653
116.009
113.049
109.754
106.035
101.897
97.2783
92.0951
86.4318
80.3531
73.6348
66.1663
57.9535
48.9659
39.0899
28.3898
16.7315
3.86127
-10.2531
-25.3751
-41.8496
-59.7591
-79.1024
-99.8831
-122.16
-145.881
-171.037
-197.676
-225.688
-254.881
-285.216
-316.547
-348.761
-381.763
-415.16
-448.377
-481.506
-512.741
-539.903
-558.784
-563.884
-569.525
124.551
123.833
123.594
122.137
121.232
119.34
117.615
115.139
112.7
109.614
106.187
102.373
98.1546
93.4657
88.3239
82.6948
76.3723
69.3518
61.7526
53.4987
44.5135
34.777
24.1511
12.5478
0.0599592
-13.2711
-27.6831
-43.4316
-60.372
-78.4659
-97.9379
-118.725
-140.748
-164.002
-188.433
-213.913
-240.386
-267.789
-295.949
-324.764
-353.878
-383.001
-411.716
-440.029
-466.445
-489.612
-507.283
-517.336
-523.402
-525.522
119.925
119.522
119.126
117.77
116.589
114.612
112.646
110.073
107.208
103.829
100.036
95.7261
90.9595
85.7135
79.8885
73.5335
66.7096
59.2591
51.0855
42.1746
32.4924
22.0605
10.8978
-1.18893
-14.3347
-28.5305
-43.6485
-59.6528
-76.7727
-95.109
-114.583
-135.213
-156.988
-179.716
-203.315
-227.759
-252.921
-278.54
-304.46
-330.469
-356.555
-382.554
-407.84
-431.634
-453.042
-469.96
-480.188
-483.664
-491.015
-493.259
116.049
115.763
115.279
113.983
112.706
110.637
108.395
105.612
102.448
98.7924
94.6386
89.9852
84.7578
78.9876
72.7119
65.7715
58.1427
49.9272
41.1063
31.6316
21.434
10.3783
-1.48916
-14.1102
-27.5394
-41.875
-57.242
-73.6826
-91.0804
-109.49
-128.973
-149.48
-170.894
-193.207
-216.246
-239.756
-263.564
-287.611
-311.74
-335.979
-360.019
-383.329
-405.391
-425.893
-443.864
-456.639
-461.36
-463.317
-465.859
-470.001
112.972
112.916
112.274
110.969
109.586
107.544
105.135
102.152
98.7228
94.765
90.2829
85.2312
79.5981
73.3454
66.4125
58.9879
50.9519
42.167
32.6838
22.5013
11.6742
0.239051
-11.9878
-25.1232
-39.0821
-53.9066
-69.5558
-86.0134
-103.443
-121.946
-141.431
-161.86
-183.223
-205.219
-227.731
-250.654
-273.755
-296.777
-319.53
-341.751
-363.861
-385.531
-405.438
-423.399
-438.29
-447.557
-449.904
-453.291
-452.782
-455.711
110.805
110.644
110.144
108.876
107.322
105.274
102.823
99.7488
96.1554
91.9636
87.2044
81.8165
75.7847
69.162
61.8166
53.6234
44.8481
35.4752
25.4468
14.7314
3.23019
-8.91415
-21.6085
-35.0172
-49.2038
-64.1223
-79.9292
-96.6816
-114.237
-132.628
-152.038
-172.459
-193.727
-215.847
-238.457
-261.09
-283.448
-305.416
-327.232
-348.964
-369.869
-389.176
-407.05
-423.159
-434.425
-438.116
-441.268
-442.469
-444.073
-445.065
109.376
109.106
108.852
107.578
106.091
103.968
101.447
98.3473
94.6805
90.3699
85.4043
79.7541
73.3802
66.272
58.56
50.0576
40.711
30.5941
19.8159
8.42095
-3.55399
-16.2744
-29.7009
-43.7405
-58.3029
-73.5833
-89.4409
-105.977
-123.43
-141.899
-161.244
-181.627
-203.109
-225.357
-248.176
-271.297
-294.078
-316.079
-337.219
-357.484
-376.934
-394.775
-409.989
-422.052
-430.044
-432.471
-434.511
-435.277
-437.666
-438.169
108.746
108.276
108.219
106.992
105.753
103.644
101.114
98.0281
94.3359
89.996
84.9217
79.1078
72.5359
65.0818
56.7928
47.7982
37.9959
27.3255
15.8294
3.63141
-9.17677
-22.5194
-36.4222
-50.8235
-65.8854
-81.4937
-97.714
-114.476
-131.816
-149.903
-169.113
-189.441
-211.03
-233.983
-257.738
-281.514
-304.753
-326.935
-348.087
-367.849
-385.836
-401.688
-413.427
-419.283
-420.384
-425.659
-428.022
-430.897
-433.398
-434.037
108.593
108.049
108.339
107.048
106.093
104.124
101.766
98.7514
95.0933
90.7558
85.6403
79.715
72.9641
65.4193
56.8333
47.2946
36.9508
25.7017
13.5944
0.65769
-12.9759
-27.2966
-42.0882
-57.3158
-73.0107
-88.9766
-105.268
-122.032
-139.344
-157.34
-176.106
-196.154
-217.76
-241.054
-265.893
-291.514
-316.647
-340.425
-361.969
-380.625
-396.265
-410.085
-418.916
-419.359
-418.69
-419.784
-423.962
-428.378
-431.635
-432.453
108.544
108.11
108.692
107.589
106.97
105.108
103.151
100.298
96.8138
92.6003
87.5744
81.671
74.7561
66.9364
58.2162
48.3377
37.4438
25.556
12.7487
-1.00029
-15.5684
-30.814
-46.4598
-62.6692
-79.0777
-95.7009
-112.459
-129.424
-146.557
-164.122
-182.456
-201.871
-223.093
-246.786
-272.956
-300.596
-328.474
-355.212
-379.001
-398.095
-411.608
-419.484
-422.619
-422.577
-422.854
-422.415
-425.259
-428.494
-430.963
-432.092
108.366
108.377
108.979
108.441
108.097
106.341
104.839
102.325
99.2262
95.2154
90.3761
84.6211
77.8882
69.9338
60.9541
50.8646
39.5709
27.1566
13.5711
-1.08008
-16.5188
-33.0386
-50.0741
-67.1884
-84.585
-102.026
-119.448
-136.622
-153.877
-171.106
-188.621
-207.121
-227.361
-250.448
-277.35
-307.836
-339.992
-371.035
-398.507
-420.205
-433.17
-434.13
-425.112
-426.553
-426.383
-427.238
-428.043
-428.89
-429.967
-430.879
108.441
108.885
109.502
109.306
109.64
107.594
106.653
104.612
102.002
98.3795
93.8853
88.339
81.7376
73.9906
64.8812
54.5477
42.8843
29.9374
15.6845
0.0349274
-16.5486
-34.0876
-52.3524
-71.0003
-89.691
-108.217
-126.482
-144.384
-161.619
-178.491
-195.162
-212.066
-230.487
-252.167
-278.888
-311.285
-348.431
-386.687
-421.058
-445.993
-455.566
-450.037
-440.467
-432.957
-433.319
-432.526
-430.76
-429.31
-428.731
-428.786
107.887
109.761
109.949
110.246
110.465
109.636
108.666
107.105
104.89
101.782
97.789
92.6844
86.3744
78.8775
69.9466
59.5496
47.6396
34.2687
19.4249
3.03687
-14.7337
-33.8132
-53.6282
-73.9735
-94.4115
-114.592
-133.952
-152.622
-170.324
-187.049
-202.841
-218
-233.743
-252.156
-276.654
-309.696
-350.897
-398.329
-445.858
-480.473
-483.92
-461.95
-454.38
-446.839
-443.628
-438.919
-434.126
-429.667
-426.929
-425.933
105.967
110.608
110.217
110.835
111.512
111.328
110.668
109.494
107.685
105.178
101.679
97.0703
91.2985
84.1092
75.4674
65.1926
53.1308
39.2146
23.674
6.6004
-12.0859
-32.2318
-53.931
-76.1523
-98.6954
-120.781
-142.095
-162.006
-180.367
-197.095
-212.04
-225.264
-237.405
-251.044
-270.468
-301
-344.352
-400.545
-464.601
-515.212
-520.989
-490.772
-470.969
-465.117
-457.011
-448.74
-440.313
-432.544
-427.252
-424.671
101.683
111.282
110.07
111.515
112.538
112.744
112.524
111.737
110.372
108.219
105.431
101.395
96.2384
89.5779
81.4473
71.5738
59.7356
45.6309
29.3958
11.1619
-8.80026
-30.1365
-53.1761
-77.5261
-102.523
-127.266
-150.653
-172.306
-192.011
-209.14
-223.855
-235.119
-243.971
-251.141
-261.358
-281.832
-324.954
-395.321
-482.714
-548.469
-548.157
-534.093
-501.644
-494.589
-485.025
-472.591
-458.684
-445.482
-436.171
-431.233
84.2713
109.071
109.7
112.165
113.496
113.667
113.834
113.32
112.459
110.788
108.254
104.835
100.209
94.2308
86.4988
76.9432
65.5108
51.5336
34.8127
16.0655
-4.81307
-27.8929
-52.5329
-78.7765
-106.271
-134.173
-160.552
-184.303
-205.966
-224.307
-238.068
-247.925
-254.029
-255.164
-252.026
-256.346
-284.953
-350.466
-451.271
-545.231
-562.837
-555.614
-538.596
-537.854
-534.551
-521.822
-501.455
-479.562
-464.09
-456.465
87.9717
83.3744
81.1788
79.7137
78.6379
77.8069
77.0585
76.326
75.5839
74.7948
73.9612
73.0908
72.3503
71.5086
70.4283
69.0681
67.7304
66.3363
64.7086
62.9986
61.1667
58.8592
56.4122
53.7999
50.8738
47.5631
43.8579
39.6166
35.3521
30.7605
25.1923
18.6679
11.2885
2.81834
-6.98335
-18.366
-31.7268
-47.5179
-66.1428
-88.0989
-113.98
-144.466
-180.17
-221.856
-270.436
-326.897
-391.668
-463.804
-550.755
-644.01
84.8044
80.0898
78.3014
76.5385
75.0288
73.7926
72.649
71.5401
70.4332
69.3147
68.1549
66.8819
65.61
64.3233
62.8289
60.8844
58.751
56.521
54.1149
51.3517
48.514
45.439
41.9455
38.001
33.6224
28.736
23.4331
17.289
10.4907
3.31138
-4.67485
-13.8142
-24.156
-35.9324
-49.4618
-64.9661
-82.7554
-103.272
-127.016
-154.522
-186.414
-223.385
-266.147
-315.334
-371.883
-436.733
-510.264
-591.178
-685.248
-787.282
80.4522
75.5967
74.1432
72.2544
70.5361
69.0419
67.5987
66.1116
64.5793
62.9873
61.3705
59.6675
57.7375
55.6355
53.4289
51.0132
48.2322
45.1191
41.8006
38.1475
34.0274
29.5433
24.8392
19.615
13.7095
7.06643
-0.240721
-8.13023
-17.0599
-26.9736
-37.9538
-50.1616
-63.7312
-78.9748
-96.2881
-115.998
-138.45
-164.032
-193.145
-226.392
-264.472
-308.072
-357.809
-414.266
-478.413
-551.23
-632.989
-722.41
-820.591
-924.643
75.4423
70.3859
69.2345
67.0586
65.2364
63.4846
61.7396
59.9876
58.1668
56.2304
54.1306
51.9075
49.4713
46.7674
43.646
40.3113
36.6977
32.7687
28.3103
23.4819
18.311
12.4274
5.94791
-0.989798
-8.58356
-16.9371
-26.2864
-36.5223
-47.8164
-60.3299
-74.2021
-89.6699
-106.853
-125.92
-147.296
-171.361
-198.508
-229.241
-263.862
-302.993
-347.288
-397.353
-453.845
-517.331
-588.609
-668.482
-757.181
-852.941
-953.762
-1056
69.7872
64.5365
63.7706
61.2944
59.376
57.4723
55.4623
53.3851
51.2304
48.9533
46.4712
43.7268
40.7032
37.4075
33.7389
29.6013
25.0074
20.055
14.693
8.54753
1.79342
-5.55285
-13.7351
-22.6642
-32.3909
-42.9649
-54.4186
-67.0123
-80.826
-96.1563
-113.144
-131.989
-152.862
-175.946
-201.583
-230.199
-262.18
-297.972
-338.018
-382.928
-433.22
-489.391
-552.064
-621.806
-699.172
-785.01
-879.418
-979.82
-1082.41
-1181.52
63.6117
58.164
57.679
54.7639
52.8147
50.7421
48.5634
46.2652
43.8225
41.1655
38.242
35.0108
31.4975
27.4077
22.9818
18.1709
12.7691
6.53018
-0.269818
-7.41031
-15.3935
-24.4191
-34.3086
-45.1523
-56.982
-69.8334
-83.9343
-99.2694
-115.948
-134.176
-154.243
-176.481
-201.065
-228.239
-258.275
-291.462
-328.201
-369.025
-414.43
-464.794
-520.507
-582.179
-650.301
-725.335
-807.606
-897.779
-996.035
-1100.03
-1204.13
-1299.39
56.9681
51.4908
51.2142
47.6123
45.8144
43.5162
41.0415
38.432
35.6259
32.5765
29.173
25.3559
21.1222
16.5001
11.2853
5.52753
-0.83885
-7.73789
-15.9107
-24.7829
-34.3308
-44.8765
-56.4912
-69.27
-83.2897
-98.4087
-114.866
-132.877
-152.584
-174.116
-197.615
-223.321
-251.56
-282.629
-316.834
-354.467
-395.853
-441.421
-491.617
-546.802
-607.388
-673.736
-746.317
-825.404
-911.242
-1004.55
-1105.69
-1212.12
-1316.55
-1406.42
49.699
44.3702
44.1067
40.09
38.3925
35.861
33.2027
30.2712
27.0308
23.4391
19.4959
15.1297
10.0888
4.57858
-1.5368
-8.30593
-16.0053
-24.2472
-33.2007
-43.371
-54.6137
-66.872
-80.2725
-94.8647
-110.908
-128.564
-147.702
-168.501
-191.096
-215.719
-242.578
-271.814
-303.678
-338.518
-376.678
-418.419
-464.041
-513.91
-568.364
-627.674
-692.258
-762.49
-838.535
-920.648
-1008.95
-1104.07
-1206.71
-1314.47
-1418.09
-1500.18
41.8491
37.0144
36.3865
32.6958
30.8083
27.9554
24.9925
21.7472
18.1311
14.0254
9.37642
4.23637
-1.39996
-7.77148
-14.8874
-22.7274
-31.3699
-41.2327
-51.8399
-63.4986
-76.3823
-90.4823
-105.905
-122.663
-140.758
-160.515
-182.106
-205.629
-231.187
-258.956
-289.055
-321.708
-357.162
-395.595
-437.349
-482.77
-532.093
-585.567
-643.488
-706.227
-773.985
-847
-925.531
-1009.66
-1099.54
-1195.55
-1298.32
-1405.5
-1505.89
-1577.43
33.851
29.5346
28.6746
25.2569
23.2609
20.2217
16.9626
13.3037
9.22015
4.6772
-0.458822
-6.36831
-12.932
-20.2253
-28.3363
-37.5009
-47.4262
-58.4179
-70.5938
-83.8452
-98.3725
-114.3
-131.661
-150.685
-171.343
-193.646
-217.814
-243.979
-272.299
-302.971
-336.183
-372.031
-410.705
-452.453
-497.477
-546.038
-598.457
-655.016
-715.868
-781.145
-851.227
-926.254
-1006.33
-1091.57
-1182.04
-1278.18
-1379.91
-1484.44
-1580.21
-1639.88
25.664
22.1405
21.1464
17.8827
15.6539
12.4638
9.02842
5.10659
0.597903
-4.54226
-10.2689
-16.6632
-23.9551
-32.1387
-41.1903
-51.2772
-62.6262
-75.1217
-88.9739
-104.05
-120.438
-138.276
-157.678
-178.719
-201.582
-226.362
-253.099
-281.979
-313.115
-346.6
-382.619
-421.419
-463.148
-507.912
-555.92
-607.348
-662.363
-721.199
-784.164
-851.471
-923.071
-999.213
-1080.02
-1165.55
-1255.81
-1350.93
-1450.32
-1550.74
-1640.41
-1688.85
17.7526
14.5498
13.6772
10.573
8.30275
4.97628
1.32671
-2.82642
-7.54543
-12.9784
-19.3053
-26.4112
-34.4132
-43.336
-53.4331
-64.5563
-76.932
-90.5669
-105.641
-122.305
-140.555
-160.392
-181.996
-205.391
-230.616
-257.819
-287.118
-318.568
-352.322
-388.597
-427.484
-468.966
-513.229
-560.519
-610.95
-664.682
-721.922
-782.844
-847.461
-915.875
-988.381
-1064.95
-1145.71
-1230.64
-1319.78
-1413.3
-1510.55
-1606.48
-1688.6
-1726.9
9.67678
7.30967
6.38568
3.5365
1.27031
-2.04962
-5.74985
-10.1215
-15.2167
-20.9738
-27.5078
-35.0447
-43.5184
-53.1408
-63.9451
-76.0985
-89.6532
-104.635
-121.097
-139.166
-158.937
-180.527
-203.95
-229.374
-256.883
-286.45
-318.2
-352.23
-388.54
-427.22
-468.475
-512.549
-559.445
-609.16
-661.86
-717.645
-776.572
-838.744
-904.424
-973.705
-1046.51
-1123
-1203.16
-1286.99
-1374.41
-1465.59
-1559.33
-1650.55
-1725.8
-1755.27
1.99372
0.476193
-0.283021
-2.77615
-5.01126
-8.33476
-12.0249
-16.325
-21.453
-27.5692
-34.5249
-42.4771
-51.4244
-61.5809
-72.9148
-85.7085
-99.9964
-115.861
-133.46
-152.914
-174.261
-197.583
-222.92
-250.313
-279.822
-311.612
-345.638
-381.983
-420.802
-462.151
-505.958
-552.179
-601.054
-652.76
-707.259
-764.641
-825.017
-888.462
-954.888
-1024.38
-1097.05
-1172.83
-1251.82
-1333.95
-1419.3
-1507.83
-1597.96
-1684.46
-1753.12
-1774.81
-4.60245
-5.65566
-6.28728
-8.39944
-10.3677
-13.5032
-17.1742
-21.5726
-26.658
-32.572
-39.5825
-47.6029
-56.8869
-67.3346
-79.2786
-92.7161
-107.783
-124.6
-143.144
-163.558
-186.06
-210.729
-237.594
-266.789
-298.292
-332.143
-368.446
-407.086
-448.042
-491.402
-537.377
-586.022
-637.157
-690.779
-747.028
-805.879
-867.349
-931.448
-998.263
-1067.75
-1139.95
-1214.84
-1292.3
-1372.39
-1455.16
-1540.19
-1625.37
-1705.22
-1765.3
-1783.3
-10.1795
-10.8661
-11.3975
-13.2551
-14.9653
-17.6789
-20.8586
-24.9543
-30.0669
-35.9572
-42.8726
-50.941
-60.203
-70.7672
-82.8006
-96.389
-111.752
-129.099
-148.533
-170.051
-193.67
-219.569
-247.851
-278.539
-311.735
-347.426
-385.644
-426.492
-469.928
-515.798
-563.964
-614.434
-667.361
-722.73
-780.442
-840.563
-903.029
-967.81
-1034.88
-1104.21
-1175.66
-1249.31
-1325.06
-1402.64
-1481.92
-1562.83
-1640.84
-1710.53
-1758.1
-1774.64
-15.1751
-15.4215
-15.6469
-17.0953
-18.5482
-20.9862
-23.8014
-27.2584
-31.6065
-37.067
-43.5033
-51.2197
-60.2157
-70.8546
-82.9685
-96.7488
-112.339
-129.835
-149.471
-171.469
-195.943
-222.876
-252.411
-284.613
-319.456
-357.02
-397.237
-439.996
-485.302
-533.193
-583.628
-636.431
-691.411
-748.583
-807.94
-869.334
-932.798
-998.319
-1065.63
-1134.54
-1205.09
-1277.1
-1350.66
-1425.91
-1501.75
-1576.36
-1645.84
-1701.62
-1733.45
-1746.96
-19.4912
-19.27
-19.3639
-20.2997
-21.1436
-22.9339
-25.2064
-28.2561
-31.9741
-36.654
-42.516
-49.4258
-57.7977
-67.6659
-79.2613
-92.6769
-108.148
-125.859
-145.843
-168.164
-193.044
-220.689
-251.069
-284.366
-320.645
-359.812
-401.94
-446.96
-494.691
-544.906
-597.51
-652.4
-709.461
-768.499
-829.432
-892.24
-956.767
-1022.75
-1090.29
-1159.28
-1229.28
-1300.12
-1371.4
-1443.05
-1515.46
-1584.36
-1644.11
-1687.28
-1704.56
-1713.7
-23.3625
-22.5314
-22.3934
-22.9184
-23.3025
-24.3952
-25.7882
-27.9038
-30.8495
-34.4875
-39.1816
-45.0841
-52.5718
-61.5942
-72.5739
-85.333
-99.908
-116.906
-136.61
-159.112
-184.334
-212.461
-243.736
-278.06
-315.524
-356.202
-400.032
-446.947
-496.762
-549.363
-604.531
-661.961
-721.334
-782.522
-845.475
-910.001
-975.838
-1043.14
-1111.46
-1180.33
-1249.66
-1319.29
-1389.27
-1458.42
-1525.34
-1588.05
-1642.85
-1679.97
-1692.61
-1694.78
-27.1473
-25.7902
-25.4152
-25.2018
-24.9349
-25.3639
-25.9884
-27.1196
-28.9513
-31.5974
-35.07
-39.7127
-45.5658
-53.1015
-62.4454
-73.8819
-87.6474
-103.864
-122.661
-144.462
-169.577
-197.854
-229.496
-264.649
-303.3
-345.444
-391.055
-440.061
-492.278
-547.405
-605.211
-665.414
-727.6
-791.445
-856.628
-922.987
-990.684
-1059.06
-1128.01
-1197.67
-1267.54
-1336.98
-1405.81
-1473.89
-1539.22
-1597.01
-1642.85
-1671.53
-1684.46
-1683.27
-31.0239
-29.1808
-28.6006
-27.6415
-26.7114
-26.2603
-25.9698
-26.1558
-26.7495
-27.9286
-29.9086
-32.9823
-37.1907
-42.8659
-50.1858
-59.5497
-71.7884
-86.8734
-104.722
-125.543
-149.838
-177.844
-209.47
-244.919
-284.309
-327.621
-374.904
-425.982
-480.587
-538.479
-599.34
-662.722
-728.085
-794.888
-862.991
-932.244
-1001.94
-1072.34
-1143.33
-1214.04
-1284.45
-1354.98
-1424.01
-1490.89
-1552.95
-1609.27
-1649.79
-1664.68
-1671.72
-1672.61
-35.0684
-32.6741
-31.8283
-30.1977
-28.6931
-27.4603
-26.2191
-25.2898
-24.7148
-24.5504
-24.9329
-26.0856
-28.4245
-32.0406
-37.2633
-44.4387
-54.25
-67.0087
-82.973
-102.355
-125.323
-152.38
-183.651
-219.117
-258.933
-303.136
-351.765
-404.84
-462.043
-522.913
-587.085
-654.084
-723.108
-793.8
-865.537
-937.669
-1010.48
-1083.5
-1156.14
-1228.7
-1300.8
-1372.17
-1442.34
-1509.4
-1569.59
-1616.97
-1649.91
-1663.99
-1663.65
-1665.23
-39.731
-36.3056
-35.3461
-33.1645
-31.1503
-29.2257
-27.0842
-25.0495
-23.1352
-21.4308
-20.1885
-19.4902
-19.6087
-20.8957
-23.7402
-28.5299
-35.5745
-45.4617
-58.8087
-75.9922
-97.1055
-122.487
-152.633
-187.658
-227.578
-272.478
-322.251
-376.932
-436.47
-500.383
-568.194
-639.292
-713.021
-788.095
-863.723
-940.02
-1016.5
-1092.52
-1168.2
-1243.36
-1318.15
-1390.86
-1461.59
-1526.08
-1584.3
-1629.34
-1647.39
-1657.34
-1657.44
-1658.4
-44.2485
-40.5691
-39.2414
-36.5899
-34.2355
-31.7406
-28.9078
-26.0578
-23.038
-19.804
-16.7484
-14.0095
-11.7262
-10.4109
-10.4512
-12.3481
-16.4376
-23.2382
-33.3304
-47.3582
-65.8947
-89.0859
-117.312
-151.159
-190.63
-235.742
-286.483
-342.839
-404.687
-471.775
-543.339
-618.842
-697.121
-777.285
-858.794
-940.127
-1020.49
-1100.69
-1180.12
-1257.33
-1333.15
-1408.22
-1478.96
-1544.32
-1596.93
-1632.02
-1649.1
-1650.35
-1651.71
-1652.02
-48.289
-44.7374
-43.7279
-40.7747
-38.1992
-35.2526
-31.7986
-28.179
-24.1773
-19.8124
-15.2355
-10.5589
-6.00276
-1.97294
1.07037
2.53331
1.79614
-1.57043
-8.10135
-18.4734
-33.4902
-53.706
-79.4064
-111.134
-149.348
-194.038
-245.122
-302.527
-366.39
-436.386
-511.96
-592.109
-676.207
-762.982
-849.849
-936.438
-1023.14
-1107.8
-1189.83
-1271.53
-1351
-1427.21
-1497.59
-1560.15
-1610.94
-1632.45
-1643.78
-1644.15
-1645.39
-1645.71
-52.8411
-48.6293
-48.6498
-45.0339
-42.8289
-39.7882
-36.0357
-31.9229
-27.1524
-21.8879
-16.0359
-9.59049
-2.90285
3.81972
10.0647
15.2125
18.4885
19.3135
16.9171
10.5649
-0.407844
-16.8986
-39.529
-68.5927
-104.634
-148.046
-198.951
-257.158
-322.598
-395.355
-474.978
-560.497
-650.447
-743.088
-837.621
-931.849
-1023.68
-1113.86
-1202.01
-1286.92
-1368.19
-1443.56
-1515.78
-1576.36
-1612.93
-1633.91
-1636.98
-1638.85
-1639.67
-1639.95
-58.1411
-52.4998
-53.5281
-49.3501
-47.4919
-44.4262
-40.8313
-36.7317
-31.6343
-25.7955
-19.1134
-11.4473
-3.00697
6.07118
15.2937
23.951
31.3152
36.505
38.8264
37.4714
31.479
19.741
1.37018
-24.2213
-57.5023
-98.8858
-148.553
-206.835
-273.594
-348.921
-432.226
-522.587
-618.858
-719.97
-823.178
-925.024
-1024.58
-1121.74
-1215.39
-1303.35
-1385.65
-1464.1
-1534.04
-1589.8
-1616.97
-1629.28
-1632.14
-1633.63
-1634.2
-1634.37
-63.8423
-56.0543
-58.203
-54.1433
-52.3941
-49.3882
-46.0057
-42.2386
-37.3877
-31.5112
-24.4233
-16.0584
-6.28921
4.84207
17.0113
29.31
40.8472
50.7881
58.1596
62.128
61.448
55.075
41.7549
20.5499
-9.03977
-47.5958
-95.627
-153.129
-220.454
-297.644
-385.251
-481.75
-585.137
-694.141
-805.793
-917.868
-1027.22
-1131.44
-1230.28
-1324
-1408.46
-1483.79
-1552.4
-1593.65
-1619.22
-1623.64
-1626.86
-1627.96
-1628.43
-1628.48
-71.0288
-59.9498
-63.1743
-59.0823
-57.5585
-54.8431
-51.4369
-47.7196
-43.3444
-37.9496
-30.8974
-22.4457
-12.2996
-0.184399
14.0918
29.7282
44.7768
59.0475
71.9225
82.0464
87.5592
87.3463
79.5412
63.4875
38.6803
4.44372
-40.3635
-96.5597
-164.173
-243.108
-333.91
-436.725
-548.562
-666.624
-790.046
-912.835
-1030.63
-1145.11
-1250.69
-1347.15
-1437.02
-1512.43
-1566.12
-1598.71
-1613.09
-1618.25
-1620.83
-1621.86
-1622.4
-1622.5
-95.9429
-66.5079
-67.775
-63.8703
-62.8042
-60.4625
-57.3359
-54.0343
-49.7342
-44.6982
-38.3611
-30.3194
-20.3729
-7.90068
8.20981
27.6132
46.4317
63.6207
81.1214
97.6354
109.629
115.444
114.445
104.077
84.0501
53.7638
12.0227
-42.0911
-108.848
-188.968
-283.03
-392.194
-513.336
-642.486
-777.243
-911.801
-1043.19
-1165.69
-1279.39
-1378.52
-1460.99
-1535.78
-1572.81
-1596.2
-1605.78
-1611.52
-1614.67
-1616.06
-1616.79
-1617.12
-88.3698
-66.1499
-65.8404
-65.2066
-64.5894
-63.1867
-61.0457
-58.7394
-55.7959
-51.7888
-46.3572
-39.2472
-30.0163
-18.2172
-2.79046
18.9052
44.8853
66.5724
86.3548
106.977
126.3
139.398
145.261
140.353
123.586
96.1847
56.7115
4.65786
-60.7749
-141.141
-238.487
-355.237
-487.813
-630.039
-776.083
-925.112
-1075.21
-1210.03
-1325.17
-1429.28
-1508.82
-1564.45
-1593.72
-1598.17
-1603.82
-1609.13
-1611.3
-1611.75
-1612.54
-1613.68
-78.3486
-71.2925
-68.7868
-68.0651
-66.9621
-65.4219
-64.1759
-62.3131
-59.5985
-56.3962
-51.9715
-45.1198
-35.7502
-21.9218
-1.59844
23.0789
49.7846
76.1413
102.014
125.44
147.169
162.969
169.222
166.423
150.773
121.726
79.8575
23.9645
-45.6469
-129.43
-231.435
-357.3
-505.611
-663.561
-829.311
-999.917
-1165.63
-1301.99
-1410.6
-1500.28
-1567.02
-1588.15
-1596.31
-1601.69
-1606.7
-1608.92
-1609.23
-1608.96
-1609.85
-1611.84
-75.0255
-75.7267
-73.5352
-71.1204
-70.2636
-69.0095
-67.4104
-65.6911
-64.0447
-61.1185
-57.2676
-50.5316
-38.2647
-20.3099
2.84939
30.8572
65.0216
98.3447
125.972
153.465
175.84
190.958
196.154
188.853
169.612
135.444
86.5548
23.1501
-55.9903
-151.134
-264.547
-402.028
-564.287
-749.099
-943.321
-1135.26
-1295.93
-1420.89
-1520.6
-1577.39
-1597.38
-1605.86
-1609.16
-1612.33
-1613.77
-1612.92
-1610.38
-1608.12
-1608.52
-1611.95
-77.5368
-79.4116
-78.4439
-77.4066
-75.6691
-73.9484
-73.2585
-72.4141
-71.1935
-70.0223
-67.0048
-59.5552
-47.2141
-27.1877
5.24187
44.5531
81.5966
112.035
144.117
176.405
201.117
217.111
222.718
211.945
184.537
142.36
83.783
9.09407
-82.4778
-192.331
-322.511
-483.424
-672.526
-880.785
-1095.54
-1283.48
-1429.84
-1546.77
-1613.14
-1635.31
-1639.44
-1639.47
-1638.37
-1635.75
-1630.93
-1622.99
-1614.95
-1610.06
-1610.15
-1615.36
-83.7285
-85.1548
-83.9005
-83.7057
-83.4752
-83.7326
-83.7689
-84.67
-85.6298
-86.4164
-87.606
-85.0452
-70.4275
-39.9745
2.14672
32.3692
68.7753
116.374
154.986
187.478
217.22
236.79
240.338
226.544
191.944
139.686
72.4692
-12.3858
-116.202
-242.732
-392.316
-575.389
-796.231
-1033.82
-1250.65
-1426.03
-1567.56
-1651.45
-1687.73
-1700.44
-1701.1
-1696.37
-1688.82
-1676.75
-1660.79
-1642.51
-1628.04
-1619.57
-1618.95
-1625.58
-91.5074
-91.4817
-91.4991
-91.9559
-92.5584
-93.959
-97.3328
-102.04
-108.456
-117.484
-126.194
-127.596
-110.368
-82.0206
-51.997
1.32145
48.0412
93.9834
143.71
186.865
220.796
241.232
243.131
222.392
180.03
123.339
48.665
-44.7861
-156.281
-297.874
-475.215
-683.546
-925.806
-1181.68
-1406.77
-1573.04
-1682.11
-1745.58
-1776.29
-1788.46
-1789.33
-1779.79
-1761.58
-1736.69
-1708.09
-1681.56
-1658
-1643.4
-1639.39
-1644.55
-103.099
-99.992
-99.3554
-100.063
-102.56
-108.65
-116.18
-127.457
-143.179
-162.43
-186.675
-207.812
-214.329
-181.901
-118.958
-60.3807
14.2158
69.6909
115.369
157.547
187.868
197.421
188.209
164.826
129.459
75.5973
-0.552418
-95.9086
-214.559
-370.74
-574.788
-818.03
-1081.87
-1344.9
-1567.23
-1711.42
-1800.89
-1860.64
-1894.8
-1905.36
-1901.55
-1881
-1848.49
-1808.92
-1768.04
-1729.76
-1697.76
-1675.67
-1666.01
-1667.64
-117.26
-114.463
-111.43
-112.417
-116.836
-125.07
-141.385
-163.981
-193.643
-238.75
-310.482
-375.656
-381.063
-314.16
-209.804
-117.377
-59.9019
2.54483
53.3449
92.5585
112.492
108.4
87.7433
55.9025
14.8343
-35.5426
-99.4074
-188.289
-311.058
-480.949
-703.695
-966.332
-1245.32
-1513.74
-1732.75
-1862.43
-1937.15
-1995.13
-2032.58
-2041.02
-2026.22
-1985.85
-1930.35
-1872.37
-1815.88
-1767.07
-1728.09
-1700.13
-1685.2
-1683.04
-137.246
-126.705
-124.463
-126.023
-135.989
-150.641
-177.215
-219.287
-280.109
-378.695
-512.698
-621.764
-600.657
-492.665
-352.186
-245.125
-161.908
-96.2693
-48.8606
-18.9967
-12.0411
-28.3813
-61.0483
-106.286
-161.251
-216.12
-273.549
-354.836
-474.289
-640.812
-872.968
-1134.45
-1404.75
-1667.61
-1879.76
-2006.96
-2077.83
-2137.54
-2171.53
-2166.12
-2125.19
-2059.17
-1982.15
-1903.79
-1833.99
-1776.71
-1732.67
-1701.7
-1684.21
-1678.49
-158.504
-143.636
-137.245
-138.229
-152.727
-181.867
-230.296
-303.843
-404.424
-574.253
-787.447
-963.015
-892.327
-731.432
-540.484
-400.694
-296.461
-227.1
-188.961
-174.72
-189.197
-227.094
-282.975
-351.359
-420.1
-472.391
-522.915
-592.375
-703.981
-836.452
-1059.53
-1307.39
-1555.01
-1795.43
-1991.64
-2112.89
-2189.36
-2246.01
-2257.47
-2222.68
-2157.44
-2072.41
-1978.79
-1884.5
-1808.11
-1747.45
-1701.61
-1667.77
-1649.81
-1643.54
-178.281
-153.318
-145.026
-150.56
-172.368
-215.358
-288.655
-403.711
-566.11
-802.051
-1108.58
-1328.37
-1231.18
-949.823
-722.928
-547.863
-430.602
-373.417
-350.013
-364.236
-414.982
-492.577
-590.522
-691.146
-760.236
-804.162
-834.582
-870.91
-944.694
-1066.76
-1240.7
-1448.5
-1664.09
-1870.1
-2041.65
-2155.56
-2221.49
-2250.57
-2236.03
-2179.83
-2097.22
-2001.19
-1902.75
-1811.94
-1735.83
-1675.51
-1630.21
-1598.69
-1580.32
-1573.73
-168.723
-144.565
-140.637
-154.713
-186.345
-244.139
-347.335
-493.257
-710.026
-999.531
-1320.01
-1522.05
-1390.83
-1058.28
-804.28
-640.138
-544.023
-503.396
-505.212
-560.503
-657.022
-787.255
-932.682
-1055.38
-1123.76
-1150.25
-1157.84
-1167.63
-1199.28
-1268.41
-1383.8
-1531.68
-1691.01
-1847.32
-1978.65
-2068.94
-2116.32
-2124.06
-2092.33
-2027.62
-1943.09
-1851.39
-1765.35
-1684.63
-1617.29
-1563.94
-1523.99
-1496.47
-1480.63
-1474.4
-85.4173
-103.096
-119.185
-142.447
-184.632
-250.689
-355.096
-525.742
-747.555
-1009.25
-1269.19
-1407.68
-1285.98
-993.223
-773.276
-658.926
-606.909
-585.191
-626.937
-728.335
-874.916
-1057.72
-1242.48
-1376.69
-1435.34
-1446.23
-1430.19
-1414.08
-1413.59
-1431.88
-1477.76
-1554.25
-1642.53
-1736.18
-1817.74
-1874.8
-1902.09
-1895.74
-1861.05
-1803.88
-1732.48
-1656.32
-1583.47
-1521.81
-1468.76
-1426
-1393.78
-1371.78
-1359.3
-1354.63
-34.1008
-48.4782
-80.8735
-111.985
-156.77
-222.486
-322.268
-470.258
-647.002
-837.422
-1003.61
-1067.32
-994.298
-823.551
-680.247
-617.727
-598.606
-619.067
-701.542
-841.965
-1028.21
-1246.94
-1458.59
-1602.18
-1656.31
-1656.62
-1629.01
-1587.1
-1544.63
-1516.34
-1512.02
-1528.32
-1555.95
-1591.21
-1624.29
-1648.05
-1654.69
-1640.79
-1609.41
-1563.8
-1509.31
-1452.01
-1397.08
-1348.61
-1308.74
-1277.27
-1253.82
-1238.3
-1230.23
-1227.72
26.6595
-3.79384
-31.0354
-68.0629
-110.644
-164.035
-241.501
-349.332
-472.186
-589.806
-679.621
-724.339
-693.291
-607.399
-540.871
-524.127
-546.088
-607.308
-714.483
-880.145
-1090.49
-1337.58
-1573.96
-1732.39
-1796.19
-1802.94
-1775.4
-1712.49
-1627.09
-1551.82
-1495.65
-1457.75
-1444
-1442.28
-1444.29
-1444.31
-1432.28
-1410.79
-1379.45
-1341.29
-1299.2
-1255.98
-1215.65
-1181.21
-1153.36
-1131.85
-1116.89
-1108.08
-1104.69
-1104.78
68.3923
33.04
12.5612
-15.862
-51.8115
-91.3007
-141.097
-208.354
-287.018
-360.281
-414.233
-439.336
-428.441
-398.269
-392.6
-414.105
-460.953
-540.102
-668.256
-838.668
-1059.75
-1324.31
-1580.85
-1762.29
-1846.99
-1879.76
-1869.17
-1802.57
-1690.51
-1576.58
-1471.93
-1395.45
-1343.94
-1305.81
-1283.48
-1263.54
-1237.21
-1207.3
-1176.7
-1144.8
-1111.77
-1079.47
-1050.89
-1027.94
-1010.9
-999.312
-992.509
-990.179
-991.296
-994.144
85.7186
66.7777
39.2673
26.7564
1.34436
-20.5463
-45.2568
-79.4095
-121.281
-162.289
-194.995
-210.904
-218.285
-229.292
-257.063
-301.683
-366.351
-457.148
-582.304
-745.17
-957.368
-1213.41
-1474.19
-1673.28
-1780.36
-1833.63
-1844.47
-1785.63
-1672.12
-1552.75
-1443.7
-1345.59
-1264.31
-1204.6
-1155.28
-1108.91
-1068.68
-1034.02
-1003.94
-976.817
-950.933
-927.86
-910.033
-897.692
-889.866
-885.979
-886.125
-889.529
-894.572
-899.821
106.243
85.4867
70.0186
60.206
40.7604
33.6001
27.2831
17.9753
4.34448
-14.4108
-32.5982
-51.7811
-75.6518
-108.612
-152.062
-208.005
-276.847
-364.445
-478.149
-623.364
-810.606
-1045.39
-1294.98
-1500.57
-1625.75
-1692.52
-1710.83
-1662.98
-1560.72
-1456.08
-1361.92
-1269.11
-1183.81
-1113.65
-1047.66
-992.852
-943.511
-904.468
-873.175
-847.524
-825.842
-809.335
-798.421
-792.662
-791.505
-794.283
-799.995
-807.127
-814.168
-821.25
124.019
110.872
102.542
78.5648
75.4642
81.8988
80.1073
79.8868
77.3748
70.7525
59.3605
38.9011
8.49221
-29.863
-75.687
-130.977
-195.287
-275.276
-375.902
-501.417
-656.266
-851.537
-1075.11
-1279.98
-1427.15
-1508.61
-1534.31
-1498.79
-1419.75
-1331.58
-1248.99
-1162.46
-1083.84
-1019.03
-958.961
-902.347
-853.707
-813.609
-781.296
-755.168
-734.678
-720.804
-713.801
-713.077
-717.25
-723.272
-732.773
-743.65
-752.011
-758.865
143.607
126.83
116.185
110.622
112.764
110.196
112.341
117.515
118.105
112.599
101.685
82.4941
53.7714
20.514
-19.7071
-68.1766
-127.236
-199.656
-286.763
-389.303
-514.867
-675.72
-861.015
-1040.61
-1195.15
-1300.28
-1335.35
-1314.99
-1260.33
-1196.78
-1120.48
-1040.48
-972.465
-915.899
-864.783
-814.985
-775.418
-740.03
-712.422
-688.774
-671.15
-659.477
-654.127
-654.183
-659.605
-669.978
-684.183
-696.407
-705.162
-709.183
146.876
135.589
128.207
126.015
123.572
124.236
129.89
134.42
134.536
130.364
120.972
105.196
83.7579
55.7403
19.4816
-24.3717
-77.0148
-137.467
-209.975
-297.386
-400.647
-522.149
-667.631
-824.234
-962.887
-1075.05
-1136.01
-1126.62
-1089.32
-1036.06
-972.117
-903.303
-845.004
-796.555
-752.992
-718.104
-692.143
-672.263
-654.816
-639.704
-626.942
-617.692
-612.185
-611.286
-618.537
-631.357
-646.458
-659.69
-666.103
-668.206
144.118
136.618
132.367
130.521
128.304
129.033
131.542
132.585
133.112
132.125
126.351
114.816
97.076
72.4929
42.4885
6.18931
-37.2141
-89.6171
-151.925
-222.705
-302.784
-397.349
-511.148
-638.387
-758.602
-858.547
-934.814
-959.059
-926.148
-872.873
-812.499
-744.249
-689.671
-649.357
-615.959
-599.189
-593.327
-594.681
-597.702
-599.383
-597.496
-594.512
-590.414
-588.144
-589.149
-598.067
-612.874
-626.005
-633.024
-634.246
139.617
135.03
131.993
130.62
129.136
129.11
131.29
132.204
131.919
129.337
124.324
115.585
101.953
83.4771
58.9349
28.1806
-8.87328
-52.1831
-102.645
-162.768
-231.988
-308.668
-393.651
-490.05
-590.945
-678.093
-745.069
-789.987
-792.763
-746.495
-670.773
-602.385
-536.137
-485.171
-461.376
-460.128
-476.108
-501.927
-533.304
-563.2
-584.499
-594.016
-591.595
-581.638
-571.151
-571.943
-584.713
-603.436
-613.053
-615.757
132.82
131.462
130.863
130.363
129.038
127.968
128.228
128.29
128.085
126.393
122.468
115.569
104.73
88.8817
68.3324
43.1564
12.5325
-24.4378
-69.1903
-119.654
-175.039
-236.483
-305.393
-380.326
-457.614
-533.425
-594.923
-638.352
-656.643
-640.45
-587.842
-495.824
-409.365
-351.284
-314.354
-312.707
-342.55
-396.48
-463.243
-530.245
-584.307
-611.761
-619.595
-608.077
-591.63
-586.192
-590.798
-599.949
-607.709
-612.746
126.342
127.592
128.841
128.504
126.874
126.15
126.072
125.675
124.731
122.772
119.525
113.636
104.481
92.2223
75.7199
54.1353
27.9591
-2.66457
-38.1784
-79.7083
-126.66
-178.35
-234.988
-295.917
-358.079
-417.356
-472.9
-514.285
-537.765
-536.666
-503.142
-444.773
-360.252
-255.411
-179.881
-168.614
-205.063
-278.557
-373.236
-484.857
-589.229
-647.786
-676.371
-679.031
-664.862
-644.602
-627.788
-619.253
-615.464
-619.068
120.788
123.22
124.633
124.657
124.153
123.854
123.128
122.763
121.928
120.173
117.681
112.924
105.669
95.4898
81.7005
64.5678
44.0367
18.674
-12.2999
-47.6885
-86.551
-129.273
-175.931
-226.569
-279.732
-330.89
-375.906
-412.403
-439.098
-450.964
-439.038
-396.047
-324.589
-242.438
-158.065
-89.502
-82.921
-153.826
-284.395
-444.356
-591.428
-686.162
-734.685
-757.073
-748.447
-722.095
-688.976
-658.808
-638.209
-632.263
113.613
117.935
119.678
120.589
121.07
121.496
121.536
121.114
120.33
118.886
116.346
112.647
106.55
98.1379
87.0083
72.5455
54.988
33.9336
8.99981
-20.0653
-53.0833
-89.3188
-128.994
-171.638
-216.337
-261.458
-303.058
-336.968
-361.928
-376.295
-379.785
-362.642
-315.873
-248.047
-171.819
-107.578
-76.1569
-111.967
-231.035
-390.47
-568.37
-712.725
-786.128
-829.999
-836.954
-795.697
-737.455
-682.723
-648.334
-636.299
106.298
112.512
115.169
117.164
118.879
119.942
120.059
119.798
119.218
117.818
115.555
112.194
107.359
100.447
90.967
79.2978
65.2799
47.7112
26.0236
1.0631
-26.7218
-57.8297
-92.0138
-129.361
-169.156
-208.42
-245.57
-278.983
-304.937
-321.256
-328.858
-326.711
-306.489
-267.211
-212.587
-150.255
-125.256
-164.505
-249.695
-400.433
-547.053
-673.095
-758.609
-811.253
-819.941
-781.325
-718.001
-659.376
-621.834
-610.133
96.2138
108.181
112.124
114.931
116.879
118.025
118.379
118.191
117.512
116.32
114.518
111.68
107.744
101.992
94.2594
84.1964
71.3872
55.856
37.5331
16.0059
-9.05908
-37.0869
-67.3217
-100.082
-134.851
-170.824
-204.619
-234.286
-260.605
-280.776
-290.546
-293.389
-288.438
-269.554
-237.509
-197.692
-184.628
-234.707
-347.197
-456.324
-547.808
-613.444
-667.259
-702.002
-708.281
-686.189
-644.061
-600.113
-571.071
-558.827
87.2584
108.175
110.381
113.246
114.853
115.718
116.086
115.839
115.107
113.788
111.881
109.015
104.986
99.3998
91.9478
82.5293
70.9746
56.9519
39.6757
19.7964
-2.41036
-27.2693
-54.2957
-83.3833
-114.037
-145.814
-176.335
-204.009
-227.666
-246.948
-260.404
-268.172
-269.931
-264.283
-246.336
-229.894
-238.643
-298.984
-410.959
-512.922
-589.957
-577.952
-584.764
-601.198
-606.17
-592.827
-566.147
-534.979
-511.804
-501.053
88.068
84.6384
82.8898
82.0109
81.4938
81.169
80.7724
80.2971
79.8404
79.3594
78.8352
78.3155
77.8496
77.3027
76.6678
76.0207
75.306
74.5113
73.6146
72.7053
71.5504
70.233
68.8178
67.3506
65.7199
63.911
61.9043
59.8214
57.6433
54.9774
51.6379
47.7413
43.2299
37.926
31.6038
23.9735
14.674
3.34214
-10.4345
-27.1184
-47.2772
-71.4581
-100.332
-134.696
-175.367
-223.09
-278.449
-342.24
-418.074
-495.809
86.8322
85.7241
85.0984
84.86
84.8453
84.9352
84.962
84.8423
84.6579
84.4822
84.3229
84.1836
84.0288
83.8903
83.7666
83.7039
83.6095
83.5095
83.4096
83.2884
83.0332
82.8144
82.5447
82.3067
82.1001
81.9325
81.7421
81.6086
81.3296
80.7205
79.8218
78.6112
77.0001
74.8339
71.9096
67.9567
62.6768
55.7384
46.7613
35.2714
20.7888
2.72688
-19.5656
-46.81
-79.6346
-118.749
-165.039
-219.753
-284.485
-349.516
87.1607
87.5098
87.8983
88.259
88.6915
89.1699
89.6563
89.9951
90.153
90.2686
90.4669
90.7352
91.029
91.3907
91.8201
92.3338
92.8893
93.5216
94.2248
94.9542
95.7683
96.6703
97.6645
98.8355
100.187
101.706
103.356
105.103
106.855
108.57
110.207
111.715
113.009
113.966
114.422
114.158
112.899
110.337
106.095
99.7385
90.7766
78.6416
62.7448
42.5349
17.3854
-13.5362
-51.0978
-95.8392
-148.65
-200.275
89.0432
90.1628
91.3299
92.2869
93.1304
94.0134
94.929
95.6874
96.2491
96.7359
97.2949
97.9955
98.798
99.7032
100.703
101.838
103.108
104.535
106.123
107.89
109.814
111.942
114.327
117
119.988
123.247
126.777
130.549
134.504
138.626
142.852
147.145
151.411
155.555
159.445
162.888
165.641
167.404
167.803
166.413
162.739
156.295
146.598
133.078
115.062
91.8852
63.0107
27.7961
-14.6035
-53.4994
92.1669
93.8099
95.5324
96.9832
98.2016
99.442
100.764
101.994
102.987
103.847
104.798
105.985
107.359
108.866
110.513
112.329
114.373
116.701
119.301
122.174
125.34
128.802
132.64
136.862
141.506
146.571
152.061
157.93
164.172
170.743
177.623
184.753
192.056
199.439
206.776
213.899
220.594
226.558
231.441
234.815
236.271
235.368
231.612
224.448
213.324
197.683
176.864
150.437
118.065
89.5906
96.434
98.4592
100.553
102.331
103.878
105.48
107.253
108.956
110.361
111.617
113.036
114.773
116.77
118.923
121.255
123.825
126.731
130.016
133.717
137.784
142.22
147.064
152.384
158.221
164.604
171.559
179.067
187.111
195.688
204.775
214.342
224.337
234.683
245.289
256.031
266.778
277.303
287.333
296.509
304.469
310.799
315.046
316.745
315.399
310.479
301.395
287.712
269.135
245.242
225.497
101.811
104.075
106.394
108.35
110.179
112.171
114.381
116.513
118.346
120.058
121.994
124.303
126.94
129.781
132.833
136.214
140.056
144.389
149.218
154.505
160.258
166.555
173.412
180.904
189.077
197.951
207.496
217.736
228.654
240.234
252.448
265.246
278.566
292.308
306.37
320.595
334.78
348.651
361.891
374.125
384.942
393.935
400.685
404.703
405.471
402.522
395.452
383.878
367.614
354.813
108.176
110.52
112.959
115.043
117.083
119.44
122.049
124.59
126.882
129.102
131.57
134.468
137.753
141.327
145.184
149.443
154.24
159.639
165.61
172.148
179.257
186.999
195.413
204.576
214.539
225.298
236.88
249.286
262.498
276.504
291.288
306.804
322.987
339.747
356.97
374.5
392.137
409.621
426.626
442.782
457.705
470.999
482.204
490.852
496.525
498.783
497.091
490.968
480.329
472.58
115.338
117.653
120.095
122.294
124.542
127.163
130.116
133.094
135.864
138.594
141.6
145.1
149.081
153.409
158.075
163.218
168.967
175.398
182.512
190.305
198.77
207.927
217.876
228.68
240.373
252.978
266.528
281.009
296.415
312.745
329.968
348.047
366.905
386.46
406.59
427.145
447.915
468.63
488.97
508.596
527.136
544.19
559.328
572.145
582.197
588.917
591.817
590.752
585.839
582.333
123.073
125.284
127.706
130.007
132.383
135.17
138.428
141.836
145.091
148.3
151.864
156.004
160.671
165.732
171.19
177.176
183.86
191.339
199.594
208.596
218.356
228.906
240.319
252.67
266.005
280.37
295.765
312.188
329.641
348.11
367.567
387.959
409.229
431.292
454.034
477.294
500.85
524.438
547.758
570.473
592.226
612.62
631.219
647.528
660.951
670.938
677.156
679.341
677.627
676.51
131.19
133.254
135.629
137.946
140.409
143.329
146.838
150.605
154.303
158.034
162.151
166.887
172.19
177.934
184.144
190.971
198.561
207.006
216.315
226.445
237.385
249.191
261.945
275.716
290.558
306.503
323.557
341.723
360.991
381.342
402.75
425.178
448.57
472.843
497.88
523.501
549.475
575.528
601.342
626.581
650.863
673.782
694.878
713.674
729.684
742.597
752.158
758.154
760.611
762.082
139.506
141.347
143.569
145.805
148.356
151.474
155.159
159.197
163.299
167.493
172.109
177.381
183.255
189.652
196.57
204.142
212.554
221.868
232.09
243.2
255.198
268.138
282.092
297.132
313.307
330.639
349.138
368.799
389.611
411.562
434.631
458.789
483.992
510.154
537.126
564.706
592.646
620.657
648.421
675.583
701.759
726.54
749.524
770.338
788.614
803.885
815.452
822.955
826.639
828.647
147.712
149.241
151.217
153.406
156.048
159.294
163.109
167.341
171.764
176.364
181.417
187.145
193.536
200.481
207.994
216.215
225.308
235.351
246.354
258.296
271.189
285.085
300.047
316.131
333.383
351.827
371.468
392.303
414.331
437.539
461.911
487.434
514.057
541.667
570.092
599.116
628.479
657.892
687.032
715.549
743.059
769.155
793.413
815.404
834.74
851.216
864.896
876.076
884.16
889.526
155.46
156.654
158.381
160.501
163.199
166.531
170.423
174.768
179.412
184.342
189.776
195.879
202.644
210
217.98
226.729
236.376
246.994
258.593
271.171
284.753
299.378
315.095
331.965
350.024
369.289
389.766
411.463
434.37
458.485
483.812
510.331
537.967
566.586
596.008
626.009
656.329
686.681
716.752
746.205
774.677
801.783
827.146
850.425
871.354
889.544
904.366
915.01
921.284
924.892
162.468
163.346
164.828
166.865
169.619
172.974
176.851
181.225
186.016
191.208
196.913
203.252
210.243
217.873
226.202
235.327
245.359
256.365
268.359
281.354
295.38
310.48
326.706
344.1
362.685
382.461
403.451
425.664
449.09
473.743
499.621
526.697
554.884
584.039
613.972
644.459
675.234
706.026
736.523
766.399
795.293
822.838
848.655
872.266
893.242
911.127
925.606
936.347
943.156
947.146
168.509
169.108
170.36
172.327
175.133
178.466
182.235
186.55
191.411
196.759
202.613
209.053
216.135
223.894
232.392
241.729
251.981
263.179
275.354
288.536
302.763
318.087
334.548
352.165
370.949
390.938
412.133
434.527
458.127
482.937
508.957
536.15
564.428
593.65
623.629
654.132
684.904
715.657
746.102
775.901
804.684
832.083
857.711
881.171
901.828
919.137
932.805
942.917
949.503
953.424
173.44
173.82
174.874
176.834
179.595
182.857
186.452
190.644
195.484
200.879
206.764
213.183
220.211
227.943
236.459
245.837
256.118
267.323
279.476
292.618
306.81
322.102
338.52
356.075
374.788
394.671
415.736
437.979
461.402
485.998
511.755
538.634
566.563
595.408
624.971
655.031
685.346
715.621
745.532
774.762
802.959
829.692
854.504
877.034
897.078
914.402
928.324
937.661
942.433
944.601
177.217
177.39
178.298
180.314
183.002
186.101
189.488
193.476
198.209
203.555
209.361
215.638
222.494
230.063
238.439
247.683
257.818
268.848
280.786
293.683
307.61
322.626
338.756
355.997
374.353
393.836
414.461
436.236
459.143
483.161
508.268
534.422
561.552
589.559
618.256
647.396
676.733
706.017
734.916
763.061
790.121
815.731
839.442
860.693
878.925
893.881
905.794
914.832
920.352
923.315
179.791
179.892
180.725
182.69
185.355
188.252
191.405
195.145
199.666
204.856
210.493
216.529
223.106
230.38
238.474
247.439
257.275
267.971
279.525
291.987
305.448
319.966
335.562
352.252
370.004
388.829
408.745
429.765
451.873
475.012
499.151
524.263
550.263
577.035
604.453
632.3
660.274
688.085
715.473
742.083
767.508
791.366
813.327
833.05
850.13
863.921
873.659
879.117
880.548
880.632
181.272
181.425
182.238
184.077
186.698
189.425
192.309
195.753
200.01
204.937
210.308
216.039
222.244
229.127
236.83
245.382
254.792
265.016
276.048
287.938
300.76
314.602
329.485
345.384
362.297
380.22
399.168
419.144
440.142
462.128
485.008
508.741
533.274
558.497
584.247
610.363
636.604
662.612
688.043
712.616
735.964
757.64
777.192
794.243
808.521
819.78
827.565
831.381
831.143
830.096
181.986
182.109
182.907
184.643
187.202
189.752
192.354
195.496
199.409
204.016
209.028
214.362
220.165
226.597
233.799
241.861
250.741
260.372
270.766
281.949
294.017
307.057
321.076
336.066
351.993
368.839
386.645
405.405
425.081
445.647
467.047
489.162
511.928
535.283
559.086
583.119
607.18
631.005
654.189
676.335
697.128
716.212
733.18
747.558
758.881
766.676
770.565
770.329
765.96
761.844
182.196
182.246
182.977
184.651
187.048
189.399
191.73
194.521
198.08
202.292
206.905
211.828
217.145
223.075
229.751
237.228
245.487
254.476
264.141
274.524
285.733
297.839
310.884
324.812
339.595
355.259
371.752
389.12
407.338
426.318
446.01
466.339
487.18
508.426
530.004
551.709
573.258
594.427
614.93
634.33
652.174
668.063
681.639
692.553
700.361
704.586
704.718
700.505
692.046
684.491
182.01
182.069
182.712
184.265
186.437
188.533
190.576
193.06
196.221
200.002
204.162
208.599
213.46
218.878
224.984
231.856
239.452
247.708
256.596
266.155
276.467
287.61
299.6
312.401
325.99
340.329
355.461
371.334
387.933
405.219
423.08
441.444
460.223
479.262
498.434
517.623
536.532
554.814
572.214
588.412
602.999
615.509
625.441
632.314
635.674
635.111
630.311
620.851
606.504
594.187
181.545
181.64
182.207
183.594
185.5
187.283
189.054
191.212
194.036
197.385
201.036
204.992
209.331
214.202
219.746
225.988
232.916
240.432
248.5
257.181
266.578
276.736
287.644
299.29
311.603
324.62
338.301
352.628
367.575
383.052
399.017
415.324
431.893
448.623
465.321
481.824
497.932
513.245
527.375
540.003
550.762
559.278
565.081
567.628
566.357
560.735
550.384
535.131
514.798
496.423
181.053
181.144
181.544
182.723
184.329
185.823
187.306
189.156
191.614
194.508
197.719
201.18
205.035
209.394
214.341
219.935
226.163
232.924
240.191
248.008
256.481
265.621
275.465
285.947
297.031
308.708
320.927
333.728
346.986
360.677
374.691
388.936
403.265
417.595
431.768
445.545
458.695
470.906
481.715
490.735
497.55
501.73
502.821
500.293
493.661
482.38
465.876
443.647
415.433
389.639
180.735
180.693
180.889
181.792
183.034
184.209
185.417
187.049
189.12
191.545
194.245
197.274
200.668
204.529
208.924
213.9
219.415
225.453
231.937
238.917
246.475
254.628
263.402
272.718
282.598
292.926
303.754
315.002
326.615
338.551
350.652
362.844
374.982
386.935
398.547
409.576
419.712
428.665
436.008
441.262
444.005
443.746
440.02
432.249
419.801
402.18
378.918
349.526
313.656
279.583
180.815
180.416
180.268
180.832
181.679
182.523
183.524
184.906
186.612
188.574
190.789
193.367
196.311
199.733
203.604
207.966
212.782
218.095
223.831
230.044
236.726
243.964
251.697
259.916
268.603
277.653
287.104
296.85
306.885
317.08
327.354
337.564
347.577
357.245
366.372
374.685
381.853
387.532
391.361
392.78
391.282
386.369
377.54
364.319
346.008
321.776
291.029
253.287
208.074
164.32
181.506
180.491
179.844
179.898
180.338
180.87
181.66
182.758
184.084
185.613
187.42
189.574
192.143
195.119
198.504
202.269
206.444
211.05
216.07
221.54
227.399
233.763
240.553
247.761
255.287
263.138
271.24
279.561
288.068
296.615
305.125
313.44
321.409
328.835
335.521
341.181
345.466
347.932
348.192
345.772
340.073
330.542
316.573
297.593
273.092
242.292
204.27
158.224
103.609
48.2022
182.93
180.806
179.564
179.08
179.038
179.264
179.797
180.576
181.535
182.655
184.086
185.893
188.14
190.723
193.649
196.873
200.505
204.477
208.832
213.562
218.665
224.184
230.087
236.342
242.829
249.553
256.405
263.381
270.433
277.454
284.304
290.811
296.809
302.071
306.34
309.329
310.773
310.174
306.924
300.545
290.548
276.438
257.511
232.965
202.088
164.238
118.668
64.1648
-0.606654
-67.7251
185.256
181.421
179.433
178.44
177.98
177.947
178.11
178.459
179.054
179.878
180.999
182.487
184.422
186.648
189.16
191.974
195.14
198.569
202.37
206.45
210.894
215.642
220.71
226.074
231.638
237.339
243.073
248.84
254.582
260.16
265.417
270.183
274.207
277.287
279.165
279.479
277.92
274.141
267.483
257.272
242.964
224.065
200.047
170.074
133.195
88.5296
35.5843
-26.7068
-100.597
-178.625
-59.4234
-69.3173
-70.5421
-74.8088
-81.5189
-89.3283
-102.705
-118.52
-142.24
-182.56
-241.597
-263.476
-83.9418
4.35279
47.1113
72.493
97.5271
124.044
142.57
156.809
155.168
150.672
140.352
131.682
122.696
116.886
108.766
102.883
98.1144
110.068
-51.1434
-63.242
-66.9552
-74.4051
-79.894
-87.3691
-102.691
-120.936
-166.498
-254.048
-305.392
-256.354
-157.773
-76.7563
-18.4571
34.0886
87.95
130.506
150.552
158.45
158.418
151.202
138.148
125.508
114.421
107.839
102.049
97.3659
95.3354
110.298
-55.3119
-61.0463
-64.4969
-72.4519
-77.7383
-86.5773
-103.313
-134.258
-186.113
-245.543
-340.637
-385.168
-322.604
-229.473
-141.634
-49.0039
36.1376
103.816
135.681
143.575
154.301
146.789
135.43
120.986
107
97.775
92.8513
89.3255
88.735
94.1924
-57.8051
-59.7197
-61.1708
-67.6898
-73.4906
-81.7832
-98.8598
-128.139
-178.212
-268.51
-419.229
-581.748
-578.029
-477.213
-328.454
-170.679
-49.7363
46.8694
101.784
111.933
128.268
134.444
124.62
106.156
95.9308
88.1747
82.7077
80.3523
78.871
78.8083
-56.1699
-56.5898
-56.2204
-60.6188
-65.8049
-72.7087
-86.4149
-115.637
-177.216
-315.627
-547.414
-831.186
-1001.94
-864.007
-609.813
-361.865
-171.423
-43.4776
35.3412
56.0894
70.8862
84.0414
81.401
73.7431
74.6136
72.474
69.1571
68.2887
65.5047
64.5525
-51.4812
-51.7832
-51.1207
-53.7572
-57.4531
-62.9064
-73.1664
-92.7183
-172.39
-378.134
-717.216
-1122.43
-1527.46
-1390.78
-966.538
-604.619
-329.54
-171.514
-73.8745
-43.3149
-35.7433
-24.0299
-12.872
7.52211
28.5204
39.2818
44.5529
48.212
47.771
48.0244
-46.1718
-47.2741
-46.9384
-48.7275
-51.2077
-55.5442
-63.7296
-78.2481
-148.231
-409.937
-858.13
-1380.18
-1928.71
-1814.43
-1241.96
-809.932
-490.278
-311.442
-215.967
-188.941
-193.706
-188.916
-156.699
-95.2796
-44.0362
-9.96964
9.04951
20.7618
25.6671
28.1962
-40.992
-42.4114
-42.6313
-44.1068
-45.8612
-50.1176
-56.9455
-80.2327
-137.027
-418.013
-876.553
-1414.93
-1939.56
-1862.23
-1296.74
-886.959
-595.158
-435.098
-363.328
-362.721
-390.978
-394.193
-337.282
-225.972
-132.668
-67.8697
-30.7132
-10.098
0.765528
6.36677
-35.9837
-36.5391
-37.009
-38.0498
-39.1166
-43.6366
-49.2973
-82.4396
-110.85
-354.081
-724.93
-1153.09
-1525.5
-1512.93
-1127.13
-820.02
-612.595
-507.071
-490.642
-540.432
-607.223
-621.44
-534.107
-368.321
-216.301
-123.941
-67.8083
-39.4252
-23.5198
-15.1668
-30.7555
-30.4981
-30.8955
-31.3559
-31.4234
-36.2163
-39.0707
-63.8919
-90.0981
-241.304
-490.135
-777.089
-1009.99
-1041.39
-840.505
-658.224
-545.905
-514.243
-557.107
-652.826
-784.914
-835.464
-715.937
-492.596
-288.441
-159.833
-97.9925
-62.673
-43.042
-33.0912
-24.5984
-24.8329
-25.2133
-25.2726
-25.3905
-28.317
-30.432
-46.1947
-66.0202
-133.168
-277.318
-440.639
-573.605
-620.706
-551.148
-469.813
-432.897
-447.445
-524.626
-652.203
-816.001
-901.952
-790.297
-532.685
-331.976
-187.718
-121.298
-78.6863
-57.0266
-48.3588
-19.4832
-19.939
-20.4128
-20.3463
-20.0648
-21.5242
-21.4492
-30.8692
-38.9768
-60.2744
-132.821
-213.6
-282.876
-317.034
-303.939
-298.773
-311.83
-354.51
-438.011
-555.13
-702.737
-766.419
-676.503
-479.496
-311.177
-191.25
-126.631
-85.5068
-63.4849
-55.3926
-16.0869
-16.1141
-16.1607
-15.8763
-14.954
-14.6844
-12.4772
-15.2191
-15.7429
-16.8507
-45.9039
-72.2623
-102.768
-134.98
-144.49
-167.202
-200.307
-253.106
-332.391
-431.306
-538.135
-573.661
-494.419
-374.298
-252.454
-169.312
-117.37
-82.6196
-62.0334
-52.2351
-13.0938
-12.873
-12.2106
-11.3155
-9.6693
-7.82421
-4.2111
-2.01294
1.19526
8.37134
2.8715
2.68514
-11.1846
-27.9571
-48.4858
-79.2859
-116.119
-166.393
-234.212
-310.139
-381.27
-400.073
-346.095
-271.233
-192.085
-139.143
-100.682
-73.612
-56.0073
-46.6696
-10.3303
-10.0457
-8.79703
-7.29055
-5.09094
-2.17418
2.05093
6.62451
12.1176
21.8297
27.5924
35.4861
33.4783
26.2056
3.7912
-25.2164
-60.0832
-104.007
-157.373
-212.013
-259.882
-266.591
-239.571
-194.707
-144.724
-109.168
-81.6859
-61.6123
-47.603
-40.4383
-8.01229
-7.67856
-6.12183
-4.27316
-1.88343
1.46702
5.88741
11.2401
17.8896
27.5483
38.0865
47.113
52.4074
46.4674
26.532
3.67611
-29.5031
-63.1994
-102.091
-138.087
-163.947
-174.216
-163.286
-137.05
-107.001
-82.2446
-63.0193
-48.6967
-37.588
-32.1419
-6.02862
-5.73745
-4.20895
-2.36923
-0.132755
3.0435
7.40289
12.6928
18.9014
27.602
38.4304
47.4396
55.0105
46.5032
31.159
13.1644
-11.5825
-37.7166
-65.1626
-89.0147
-103.014
-111.058
-105.413
-91.4579
-75.192
-58.5089
-45.8006
-35.9897
-27.5848
-23.4868
-4.39852
-4.05238
-2.75546
-1.4098
0.485839
3.08515
6.7676
11.4012
16.4342
23.7544
32.0706
39.6284
44.4116
37.8982
27.2658
14.1594
-3.60011
-22.1775
-39.9821
-54.4719
-63.6429
-68.1055
-65.7801
-57.6904
-48.8919
-38.2048
-30.4771
-24.0734
-18.5062
-15.4805
-2.75471
-2.44651
-1.49421
-0.575419
0.832208
2.48437
5.19487
8.35069
11.5735
16.8332
22.5939
28.8496
29.5437
23.3859
18.1496
9.82548
-1.24256
-12.3444
-21.24
-29.0888
-34.3894
-36.9269
-36.0321
-31.1794
-27.3961
-21.0892
-17.3273
-13.6806
-10.6168
-8.54319
-0.875727
-0.830506
-0.454305
-0.186974
0.297879
0.865257
1.80693
2.97883
4.34816
6.47192
8.92886
11.3231
13.246
9.41867
6.1186
3.26789
-0.442395
-3.5233
-5.92462
-8.93771
-10.6607
-11.4471
-11.4466
-9.75837
-9.11216
-7.11426
-6.59013
-5.35279
-4.56454
-3.77901
)
;

boundaryField
{
    INLET
    {
        type            zeroGradient;
    }
    OUTLET
    {
        type            fixedValue;
        value           uniform 0;
    }
    WALL
    {
        type            zeroGradient;
    }
    CYLINDER
    {
        type            zeroGradient;
    }
    frontAndBackPlanes
    {
        type            empty;
    }
}


// ************************************************************************* //
