/*--------------------------------*- C++ -*----------------------------------*\
| =========                 |                                                 |
| \\      /  F ield         | OpenFOAM: The Open Source CFD Toolbox           |
|  \\    /   O peration     | Version:  v1912                                 |
|   \\  /    A nd           | Website:  www.openfoam.com                      |
|    \\/     M anipulation  |                                                 |
\*---------------------------------------------------------------------------*/
FoamFile
{
    version     2.0;
    format      ascii;
    class       volScalarField;
    location    "0.08";
    object      p;
}
// * * * * * * * * * * * * * * * * * * * * * * * * * * * * * * * * * * * * * //

dimensions      [0 2 -2 0 0 0 0];


internalField   nonuniform List<scalar> 
6600
(
69.3597
64.7433
62.2976
60.807
59.9798
59.5882
59.4918
59.6427
60.0305
60.6243
61.3917
62.4106
63.7808
65.5225
67.6208
69.9622
72.5922
75.5115
78.774
82.3521
86.1585
90.2056
94.4206
98.8111
103.399
108.103
112.821
117.389
121.604
125.539
129.073
131.948
134.007
135.089
134.804
132.704
128.463
121.79
112.229
99.1591
82.0691
60.3429
33.3155
0.200921
-39.5025
-87.1075
-142.686
-206.838
-281.877
-361.378
66.2385
61.4049
59.5508
57.8927
56.8239
56.1214
55.7077
55.5286
55.5766
55.8592
56.3872
57.159
58.181
59.5239
61.1371
62.9599
64.9676
67.2382
69.8773
72.9191
76.1302
79.4747
82.8749
86.3409
89.8913
93.4794
96.9808
100.286
102.997
105.083
106.727
107.682
107.571
106.269
103.454
98.6442
91.4497
81.5349
68.5297
51.7481
30.6773
4.68811
-26.8752
-64.8079
-109.723
-162.655
-223.726
-293.02
-371.528
-452.602
61.9614
56.8293
55.7872
54.0481
52.7508
51.9026
51.2506
50.7769
50.5521
50.5911
50.9033
51.4786
52.284
53.2759
54.4275
55.7816
57.3583
59.158
61.1269
63.2681
65.695
68.2341
70.8157
73.3991
75.9151
78.321
80.4698
82.2745
83.5178
84
83.7521
82.6031
80.1901
76.347
70.7466
62.9639
52.5912
39.2836
22.5774
1.90546
-23.2608
-53.5475
-89.5605
-132.004
-181.54
-238.973
-304.434
-377.138
-456.123
-534.263
56.8237
51.4294
51.0926
49.1263
47.7954
46.7529
45.8521
45.2051
44.8611
44.6928
44.7807
45.0715
45.6154
46.2895
47.0192
47.8789
48.9291
50.2355
51.7068
53.2137
54.6688
56.2257
57.8535
59.4603
60.9308
62.0889
62.8663
63.1795
62.7991
61.5517
59.3248
55.9614
51.1681
44.6663
36.177
25.3424
11.7584
-5.0288
-25.4587
-49.9781
-79.1136
-113.403
-153.38
-199.647
-252.762
-313.412
-381.645
-455.797
-533.438
-606.202
51.1234
45.4881
45.4718
43.0723
41.8518
40.6605
39.5715
38.7985
38.2592
37.8841
37.7587
37.7798
37.9177
38.1729
38.5287
39.0415
39.6531
40.356
41.0324
41.8125
42.4723
43.0321
43.5735
44.0433
44.2984
44.1274
43.3827
42.0181
39.9665
36.988
32.8501
27.2781
20.0476
10.9466
-0.373031
-14.2457
-31.0371
-51.128
-74.9768
-103.009
-135.621
-173.283
-216.407
-265.431
-320.787
-383.038
-452.132
-526.131
-600.98
-666.512
44.8965
39.0916
39.0001
36.0553
34.7877
33.5753
32.4768
31.5568
30.7716
30.1502
29.6578
29.2815
28.9805
28.7582
28.6162
28.5903
28.6773
28.7867
28.8248
28.6859
28.4851
28.1281
27.5623
26.7538
25.6238
24.0473
21.8477
18.8922
15.0423
10.118
3.89455
-3.82782
-13.357
-24.979
-38.9591
-55.6083
-75.2603
-98.3088
-125.098
-155.971
-191.283
-231.355
-276.493
-327.019
-383.217
-445.48
-513.835
-586.289
-656.918
-713.372
38.008
31.8893
31.7118
28.3548
26.9939
25.5786
24.3351
23.2357
22.255
21.3546
20.4686
19.6115
18.827
18.074
17.4179
16.7704
16.1075
15.3836
14.5382
13.6228
12.4874
11.1141
9.444
7.3639
4.81536
1.70021
-2.09373
-6.71703
-12.3168
-19.0424
-27.1676
-37.0386
-48.8259
-62.722
-79.0641
-98.1525
-120.255
-145.631
-174.62
-207.517
-244.547
-285.961
-331.941
-382.675
-438.401
-499.453
-565.572
-634.765
-699.951
-745.723
29.8535
23.9355
23.6686
20.0471
18.5884
16.84
15.254
13.8861
12.5717
11.3125
10.0613
8.78596
7.43672
6.07104
4.71041
3.29005
1.77171
0.17743
-1.5446
-3.54801
-5.67664
-8.0971
-10.956
-14.3174
-18.2488
-22.8219
-28.1413
-34.3612
-41.6922
-50.3571
-60.446
-72.159
-85.8455
-101.749
-120.068
-141.042
-164.913
-191.96
-222.377
-256.36
-294.114
-335.756
-381.395
-431.162
-485.235
-543.975
-607.013
-671.841
-730.32
-764.65
20.6771
15.2853
14.6999
11.0907
9.64176
7.57547
5.68647
3.90627
2.06082
0.282487
-1.51776
-3.36958
-5.26535
-7.23178
-9.32648
-11.5818
-14.0557
-16.7327
-19.4764
-22.513
-25.8977
-29.5587
-33.5991
-38.213
-43.4851
-49.4762
-56.3399
-64.155
-73.0382
-83.1742
-94.8709
-108.36
-123.737
-141.19
-160.965
-183.282
-208.32
-236.221
-267.192
-301.383
-338.884
-379.789
-424.121
-471.92
-523.338
-578.767
-638.102
-697.79
-748.942
-772.861
10.7158
5.84446
4.81295
1.49156
0.115536
-2.33747
-4.52777
-6.74792
-9.01502
-11.374
-13.8651
-16.459
-19.1488
-21.9629
-25.0001
-28.2086
-31.5877
-35.2324
-39.2288
-43.3816
-47.865
-52.8226
-58.2347
-64.1241
-70.6301
-77.8831
-85.9854
-95.1285
-105.513
-117.229
-130.329
-145.007
-161.556
-180.142
-200.885
-223.904
-249.362
-277.447
-308.226
-341.776
-378.19
-417.477
-459.614
-504.615
-552.587
-603.861
-658.509
-713.084
-758.264
-774.71
0.0619359
-4.03371
-5.55195
-8.47393
-10.1505
-12.9606
-15.5703
-18.2867
-21.042
-23.9589
-27.1044
-30.4726
-34.0476
-37.8076
-41.7488
-45.9366
-50.3774
-55.1171
-60.1186
-65.5828
-71.4596
-77.6163
-84.2546
-91.4309
-99.1985
-107.687
-117.041
-127.365
-138.783
-151.472
-165.606
-181.325
-198.69
-217.833
-238.914
-262.082
-287.409
-314.944
-344.805
-377.034
-411.613
-448.574
-487.87
-529.388
-573.108
-619.693
-668.523
-717.126
-757.436
-771.694
-11.0681
-14.2713
-16.121
-18.7983
-21.0049
-23.9509
-26.8386
-30.0795
-33.586
-37.3251
-41.198
-45.2982
-49.7339
-54.5206
-59.5581
-64.8776
-70.4487
-76.2765
-82.5422
-89.0221
-96.0292
-103.556
-111.443
-119.798
-128.715
-138.267
-148.587
-159.838
-172.17
-185.701
-200.461
-216.57
-234.219
-253.518
-274.518
-297.255
-321.821
-348.305
-376.691
-406.972
-439.151
-473.169
-508.953
-546.419
-585.517
-626.475
-667.864
-707.415
-738.042
-752.025
-22.9904
-24.9502
-27.0529
-29.8483
-32.5159
-35.539
-38.6516
-42.1778
-46.1913
-50.708
-55.6165
-60.6954
-65.9736
-71.6192
-77.7383
-84.1954
-91.0843
-98.2559
-105.701
-113.596
-121.688
-130.195
-139.248
-148.743
-158.722
-169.264
-180.459
-192.416
-205.243
-219.093
-234.12
-250.403
-267.962
-286.875
-307.237
-329.117
-352.517
-377.412
-403.83
-431.744
-461.05
-491.684
-523.529
-556.312
-590.355
-624.678
-657.181
-683.703
-698.352
-708.651
-35.2583
-36.2744
-38.0597
-40.9943
-43.754
-47.2596
-50.975
-54.9011
-59.2627
-64.2059
-69.7045
-75.8477
-82.4549
-89.3062
-96.4686
-104.098
-112.048
-120.538
-129.288
-138.274
-147.74
-157.5
-167.545
-178
-188.898
-200.2
-211.996
-224.401
-237.54
-251.529
-266.424
-282.324
-299.358
-317.586
-337.014
-357.634
-379.452
-402.471
-426.621
-451.813
-477.98
-504.947
-532.414
-560.366
-588.464
-615.276
-638.834
-655.165
-659.755
-663.854
-45.4729
-47.1911
-48.4266
-51.4337
-53.8864
-58.0652
-62.4094
-67.151
-72.4379
-78.0513
-84.0379
-90.7593
-98.2823
-106.453
-114.926
-123.759
-133.107
-142.816
-153.017
-163.325
-173.772
-184.688
-195.86
-207.299
-218.965
-230.933
-243.227
-255.881
-269.024
-282.739
-297.173
-312.49
-328.69
-345.812
-363.914
-382.992
-403.03
-423.934
-445.615
-468.001
-490.904
-514.104
-537.342
-560.853
-583.152
-602.931
-618.534
-628.135
-634.542
-635.646
-55.0595
-56.9168
-57.2279
-60.8479
-62.8301
-67.7091
-71.9702
-77.5754
-84.0755
-90.8354
-98.0158
-105.639
-113.875
-122.983
-132.827
-142.995
-153.647
-164.68
-176.06
-188.017
-199.962
-211.94
-224.146
-236.503
-248.904
-261.399
-273.958
-286.631
-299.527
-312.805
-326.542
-340.804
-355.786
-371.592
-388.215
-405.619
-423.711
-442.444
-461.721
-481.347
-501.213
-521.103
-540.855
-559.773
-577.263
-592.07
-602.471
-607.151
-612.319
-613.443
-64.49
-65.9126
-65.4137
-69.1976
-70.7114
-76.7164
-80.147
-86.8246
-93.6929
-101.327
-109.918
-119.088
-128.607
-138.471
-149.333
-161.199
-173.324
-185.825
-198.65
-211.796
-225.334
-238.798
-252.163
-265.454
-278.612
-291.616
-304.401
-317.026
-329.559
-342.066
-354.722
-367.782
-381.343
-395.502
-410.366
-425.92
-442.127
-458.815
-475.8
-493.036
-510.348
-527.365
-543.844
-559.503
-573.358
-583.688
-589.33
-594.08
-595.567
-597.279
-71.184
-72.2169
-72.2445
-76.7375
-77.1189
-84.8497
-86.7934
-95.6804
-101.738
-110.087
-119.778
-130.253
-141.339
-152.856
-164.813
-177.69
-191.392
-205.53
-220.184
-235.001
-249.848
-264.833
-279.628
-294.11
-308.19
-321.776
-334.772
-347.205
-359.164
-370.809
-382.285
-393.756
-405.51
-417.821
-430.81
-444.526
-458.841
-473.631
-488.805
-504.15
-519.245
-533.753
-547.62
-560.373
-571.062
-578.269
-581.411
-583.897
-585.34
-586.373
-73.9843
-76.7456
-74.5967
-81.9773
-81.3114
-91.2919
-91.3062
-103.521
-107.843
-118.109
-127.893
-138.848
-151.113
-164.405
-178.307
-192.606
-207.662
-223.492
-239.82
-256.515
-273.259
-289.931
-306.384
-322.283
-337.603
-352.023
-365.469
-377.899
-389.368
-399.993
-409.929
-419.539
-429.215
-439.285
-450.07
-461.697
-474.197
-487.434
-501.139
-515.041
-528.466
-540.91
-552.233
-562.026
-569.306
-573.404
-577.051
-577.581
-578.807
-579.275
-73.8648
-79.0651
-74.7611
-84.7391
-82.8651
-95.0134
-93.8812
-108.876
-111.468
-124.972
-133.974
-145.603
-158.701
-173.275
-188.793
-204.812
-221.695
-239.449
-257.681
-276.281
-295.15
-313.901
-332.306
-350.072
-366.95
-382.577
-396.789
-409.389
-420.403
-430.011
-438.471
-446.02
-453.121
-460.43
-468.502
-477.781
-488.361
-500.082
-512.882
-525.913
-537.958
-548.815
-557.988
-564.279
-567.413
-570.156
-571.746
-572.966
-574.121
-574.463
-71.4216
-79.6211
-74.2421
-86.3769
-81.0444
-95.9603
-94.8603
-110.438
-112.242
-129.263
-137.059
-150.472
-164.098
-179.189
-196.101
-214.013
-232.799
-252.519
-272.892
-293.864
-315.18
-336.372
-357.138
-377.174
-396.019
-413.419
-428.998
-442.397
-453.486
-462.322
-469.03
-474.077
-478.238
-482.22
-486.897
-492.986
-501.007
-511.335
-523.374
-535.546
-547.392
-557.775
-564.277
-566.628
-567.209
-567.632
-568.7
-570.08
-571.28
-571.748
-66.5025
-76.7039
-71.1724
-86.0802
-78.4896
-95.6847
-92.7838
-109.846
-110.617
-129.563
-136.441
-153.004
-166.878
-182.521
-200.06
-219.737
-240.624
-262.396
-285.159
-308.667
-332.686
-356.767
-380.46
-403.34
-424.93
-444.766
-462.329
-477.096
-488.708
-497.094
-502.491
-505.224
-505.936
-505.638
-505.624
-507.354
-511.967
-519.938
-530.677
-543.294
-556.414
-566.181
-570.673
-570.727
-569.695
-568.665
-568.69
-569.189
-569.793
-570.288
-61.2595
-72.0338
-65.5408
-82.5236
-75.2848
-92.2686
-89.2401
-106.219
-108.708
-125.549
-133.776
-151.664
-165.428
-183.086
-201.468
-221.924
-244.537
-268.481
-293.738
-320.148
-347.212
-374.602
-401.817
-428.26
-453.291
-476.308
-496.626
-513.768
-527.101
-536.035
-540.437
-540.576
-537.48
-532.141
-526.334
-521.847
-520.246
-523.773
-533.772
-548.55
-562.74
-572.675
-576.757
-577.273
-574.806
-572.423
-570.206
-568.591
-567.732
-567.647
-55.7438
-66.9548
-60.1752
-76.2588
-71.0517
-86.7989
-85.0136
-100.525
-103.956
-119.807
-128.687
-147.27
-160.166
-179.892
-199.502
-220.908
-244.596
-270.568
-298.404
-327.636
-358.04
-389.126
-420.417
-451.147
-480.522
-507.718
-531.97
-552.534
-568.374
-578.668
-583.099
-581.871
-575.098
-563.997
-550.414
-536.995
-526.189
-523.264
-530.927
-546.499
-564.206
-575.226
-581.353
-581.275
-578.165
-573.986
-569.67
-566.013
-563.805
-562.911
-50.3826
-61.2001
-55.3193
-69.425
-65.2096
-80.0444
-79.4411
-93.5917
-97.5687
-112.824
-121.128
-139.552
-152.516
-173.443
-193.44
-216.088
-241.025
-268.563
-298.644
-330.794
-364.618
-399.791
-435.588
-471.26
-505.88
-538.441
-567.781
-592.83
-612.759
-626.363
-632.533
-630.478
-620.381
-603.257
-581.015
-556.623
-532.985
-516.722
-516.973
-533.318
-556.15
-570.647
-577.91
-580.032
-577.198
-572.155
-566.901
-562.062
-558.799
-556.857
-45.006
-54.8767
-49.8639
-63.0288
-58.934
-72.4159
-72.6566
-85.1488
-90.2783
-103.778
-112.821
-129.791
-142.847
-163.781
-183.661
-207.709
-233.695
-262.646
-294.505
-329.277
-366.562
-405.919
-446.579
-487.803
-528.53
-567.491
-603.286
-634.589
-660.145
-678.218
-687.562
-687.077
-675.876
-654.018
-622.545
-583.834
-541.732
-507.92
-496.089
-506.038
-531.343
-556.692
-569.064
-576.251
-578.004
-575.215
-569.797
-563.705
-559.204
-556.402
-40.1523
-48.4387
-44.6276
-56.1076
-52.8584
-64.6023
-65.1138
-76.6183
-81.6184
-93.6937
-103.111
-118.766
-132.32
-151.678
-170.738
-196.097
-222.716
-252.643
-285.99
-322.989
-363.506
-406.971
-452.709
-499.888
-547.38
-593.829
-637.562
-676.822
-709.758
-734.719
-749.663
-752.928
-742.847
-718.229
-678.741
-626.048
-564.121
-505.619
-469.174
-468.794
-495.165
-534.751
-565.798
-583.642
-589.614
-586.885
-580.43
-572.852
-566.642
-562.958
-36.9098
-42.3099
-39.9313
-48.9962
-47.5904
-56.4654
-58.2354
-67.6191
-72.5258
-83.8019
-92.4512
-106.559
-120.389
-138.639
-157.073
-181.663
-208.362
-239.206
-273.699
-312.345
-355.349
-402.604
-453.441
-506.882
-561.711
-616.51
-669.51
-718.55
-761.023
-794.53
-816.895
-826.958
-820.982
-798.156
-755.977
-690.33
-606.628
-524.388
-467.848
-448.454
-465.206
-510.175
-557.782
-586.71
-598.447
-598.658
-591.281
-583.056
-576.988
-574.599
-35.0657
-36.9866
-35.697
-41.9631
-42.9304
-48.3942
-52.1059
-58.6014
-63.9825
-73.8747
-81.9473
-94.6986
-107.532
-124.616
-143.002
-165.98
-191.944
-222.872
-258.173
-297.918
-342.618
-393.037
-448.766
-508.452
-570.903
-634.851
-698.47
-758.989
-813.081
-857.474
-890.338
-910.142
-911.6
-893.838
-857.329
-777.318
-678.316
-578.742
-505.633
-471.422
-482.29
-516.076
-554.544
-581.241
-593.183
-593.159
-588.891
-583.636
-580.263
-579.835
-46.7175
-35.5351
-32.5242
-35.2463
-39.0219
-40.7599
-46.7759
-50.7421
-56.6661
-64.3303
-72.2482
-83.5405
-95.397
-111.136
-128.975
-150.535
-175.592
-206.222
-241.327
-281.378
-327.257
-380.029
-439.814
-505.242
-575.344
-648.918
-724.12
-796.702
-863.374
-922.115
-968.642
-998.383
-1012.33
-998.87
-961.411
-889.401
-788.254
-686.858
-606.19
-564.848
-552.58
-564.651
-581.276
-591.826
-592.95
-588.337
-582.228
-578.624
-578.569
-580.256
70.959
66.3669
63.9331
62.4805
61.6827
61.3339
61.2824
61.4936
61.9574
62.6478
63.5011
64.6381
66.1125
67.9919
70.224
72.7553
75.5806
78.7437
82.2705
86.2038
90.3674
94.8236
99.5096
104.411
109.556
114.876
120.304
125.669
130.796
135.707
140.37
144.586
148.039
150.579
152.029
152.029
150.115
145.93
139.129
129.219
115.681
97.9194
75.301
47.0666
12.5009
-29.2458
-78.4496
-135.114
-203.777
-275.411
67.8472
63.0579
61.2086
59.5906
58.5725
57.8976
57.5449
57.4393
57.5665
57.9317
58.5584
59.451
60.5878
62.0672
63.8352
65.8551
68.0722
70.6152
73.5389
76.9265
80.5234
84.2763
88.1602
92.1549
96.2875
100.501
104.718
108.8
112.519
115.691
118.365
120.584
121.976
122.175
121.025
118.238
113.324
105.877
95.5217
81.7899
64.1368
41.9021
14.5109
-18.8399
-58.8419
-106.367
-161.587
-224.333
-297.438
-372.343
63.5941
58.5142
57.4832
55.7958
54.5408
53.7417
53.1643
52.7629
52.6233
52.7592
53.1872
53.8705
54.8022
55.9554
57.2962
58.8634
60.6667
62.7326
65.0296
67.5291
70.3839
73.3505
76.4351
79.5668
82.696
85.7583
88.6623
91.31
93.5157
95.1193
95.9933
96.0588
95.1116
92.8125
88.8988
83.1151
74.9616
64.0461
49.9894
32.261
10.319
-16.4499
-48.6399
-86.9174
-131.935
-184.554
-245.025
-312.539
-387.17
-460.64
58.4908
53.1453
52.8501
50.9306
49.6448
48.6756
47.8523
47.283
47.0408
46.9707
47.1731
47.5965
48.2968
49.1506
50.0841
51.1717
52.4986
54.0914
55.9082
57.798
59.6852
61.7207
63.8939
66.067
68.164
70.0269
71.562
72.7559
73.3965
73.2342
72.1631
70.0864
66.754
61.8644
55.0993
46.189
34.7236
20.297
2.47371
-19.232
-45.3391
-76.4369
-113.046
-155.697
-204.948
-261.582
-325.762
-395.999
-470.608
-540.389
52.8319
47.2201
47.3259
44.9134
43.8018
42.6868
41.6608
40.9748
40.5487
40.2638
40.276
40.4505
40.7702
41.2249
41.8066
42.5532
43.4613
44.5075
45.5687
46.7431
47.8635
48.9407
50.0285
51.1084
52.0347
52.6177
52.7122
52.2404
51.1993
49.3494
46.3825
42.1246
36.3828
28.8865
19.3116
7.33508
-7.39327
-25.2552
-46.6419
-72.0438
-101.932
-136.76
-176.977
-223.01
-275.289
-334.507
-400.728
-472.027
-545.428
-610.124
46.64
40.8142
40.9625
37.9706
36.8463
35.69
34.6514
33.8289
33.1555
32.65
32.328
32.1141
31.9953
31.9941
32.1076
32.3745
32.7761
33.2183
33.676
33.978
34.2508
34.4391
34.4537
34.2678
33.8608
33.0756
31.7403
29.7526
26.9036
23.1114
18.1752
11.7816
3.69719
-6.31131
-18.5632
-33.4041
-51.1187
-72.058
-96.6129
-125.147
-158.051
-195.739
-238.543
-286.773
-340.737
-400.95
-467.531
-538.594
-609.647
-667.616
39.7733
33.5695
33.8416
30.3893
29.1295
27.7562
26.5978
25.6136
24.753
23.9865
23.2764
22.5945
22.0115
21.4869
21.0963
20.7582
20.4641
20.1219
19.6953
19.2196
18.5889
17.7896
16.7583
15.3503
13.5288
11.2428
8.32924
4.66491
0.141551
-5.46071
-12.3397
-20.7752
-31.0967
-43.5094
-58.2367
-75.5603
-95.8106
-119.313
-146.341
-177.239
-212.303
-251.796
-295.99
-345.135
-399.461
-459.366
-525.009
-594.437
-661.521
-711.057
31.6838
25.8381
25.7517
22.1374
20.7772
19.0896
17.6191
16.3702
15.1844
14.0716
12.9861
11.906
10.7986
9.68553
8.6064
7.49109
6.33189
5.13441
3.87326
2.38032
0.787465
-1.05763
-3.27372
-5.92017
-9.08735
-12.8216
-17.2192
-22.4708
-28.7071
-36.1592
-45.0294
-55.4784
-67.7425
-82.1415
-98.9338
-118.346
-140.583
-165.929
-194.682
-227.042
-263.231
-303.483
-347.96
-396.833
-450.359
-508.928
-572.246
-638.295
-700.193
-739.962
22.5961
17.2675
16.8065
13.2322
11.888
9.89265
8.11533
6.4692
4.76306
3.14764
1.52044
-0.115014
-1.76461
-3.46624
-5.24251
-7.15563
-9.25101
-11.5108
-13.8327
-16.3365
-19.1262
-22.1573
-25.5172
-29.4068
-33.8869
-39.0254
-44.9317
-51.7501
-59.6317
-68.7203
-79.1685
-91.3068
-105.379
-121.492
-139.869
-160.726
-184.315
-210.838
-240.454
-273.39
-309.801
-349.791
-393.483
-441.015
-492.607
-548.739
-609.086
-670.598
-725.644
-754.898
12.7583
7.89616
6.94023
3.68419
2.40644
0.0398579
-2.02992
-4.12664
-6.2525
-8.41855
-10.7222
-13.0855
-15.5207
-18.0463
-20.7586
-23.617
-26.6181
-29.8107
-33.2736
-36.9094
-40.8222
-45.1392
-49.8485
-54.9597
-60.6601
-67.0576
-74.2561
-82.398
-91.6747
-102.294
-114.364
-127.92
-143.18
-160.462
-179.939
-201.76
-226.032
-252.951
-282.707
-315.383
-351.089
-389.933
-431.965
-477.274
-526.051
-578.656
-635.019
-691.434
-739.42
-759.895
2.16308
-1.90596
-3.38787
-6.21085
-7.82244
-10.5365
-13.0216
-15.6106
-18.2118
-20.9485
-23.8934
-27.0207
-30.3336
-33.7902
-37.4003
-41.1902
-45.189
-49.4979
-54.0468
-58.9134
-64.1424
-69.6343
-75.5766
-81.9962
-88.9348
-96.5502
-105
-114.404
-124.856
-136.483
-149.474
-164.08
-180.377
-198.403
-218.378
-240.459
-264.813
-291.52
-320.642
-352.319
-386.615
-423.533
-463.089
-505.325
-550.406
-598.72
-649.946
-701.002
-743.529
-758.698
-8.99104
-12.0829
-13.9334
-16.5184
-18.6545
-21.5126
-24.2821
-27.3916
-30.7324
-34.2918
-37.9408
-41.7829
-45.9391
-50.4164
-55.1033
-60.0407
-65.1815
-70.4742
-76.1826
-82.1447
-88.56
-95.3858
-102.512
-110.089
-118.202
-126.893
-136.295
-146.572
-157.902
-170.46
-184.299
-199.43
-216.067
-234.379
-254.433
-276.331
-300.131
-325.955
-353.895
-383.941
-416.113
-450.446
-486.909
-525.442
-566.025
-609.27
-654.073
-698.085
-734.117
-748.545
-20.9857
-22.8082
-24.8776
-27.6075
-30.1726
-33.1042
-36.1051
-39.4872
-43.3383
-47.6639
-52.3415
-57.172
-62.1645
-67.4679
-73.2079
-79.2459
-85.6839
-92.4086
-99.2633
-106.511
-113.94
-121.807
-130.123
-138.828
-147.983
-157.67
-167.985
-179.057
-190.993
-203.876
-217.896
-233.269
-249.986
-268.071
-287.666
-308.83
-331.657
-356.159
-382.322
-410.198
-439.776
-470.981
-503.728
-537.892
-573.653
-610.76
-647.594
-681.232
-705.164
-718.605
-33.2444
-34.2067
-35.9149
-38.7695
-41.4261
-44.8612
-48.4606
-52.2374
-56.4441
-61.1894
-66.4446
-72.3276
-78.6515
-85.1651
-91.9498
-99.1595
-106.621
-114.525
-122.75
-131.2
-139.949
-148.932
-158.234
-167.918
-177.979
-188.449
-199.376
-210.878
-223.121
-236.281
-250.363
-265.429
-281.672
-299.168
-317.936
-338.022
-359.409
-382.131
-406.215
-431.581
-458.14
-485.807
-514.424
-543.724
-574.245
-604.432
-632.137
-653.356
-663.029
-672.191
-43.4832
-45.1512
-46.3295
-49.2198
-51.5912
-55.7551
-59.9535
-64.5761
-69.6974
-75.089
-80.8533
-87.3198
-94.5212
-102.349
-110.434
-118.814
-127.723
-136.949
-146.459
-156.07
-165.952
-176.126
-186.512
-197.119
-207.959
-219.083
-230.532
-242.356
-254.653
-267.533
-281.159
-295.708
-311.202
-327.704
-345.278
-363.901
-383.613
-404.378
-426.087
-448.689
-472.098
-496.132
-520.46
-545.151
-569.619
-592.559
-612.037
-625.262
-630.771
-634.224
-53.1231
-54.8925
-55.1857
-58.6964
-60.6679
-65.509
-69.5951
-75.1362
-81.4654
-87.975
-94.9254
-102.313
-110.248
-118.991
-128.463
-138.207
-148.299
-158.809
-169.735
-180.936
-192.071
-203.335
-214.772
-226.273
-237.805
-249.419
-261.113
-272.94
-285.033
-297.563
-310.623
-324.263
-338.644
-353.858
-369.96
-386.983
-404.825
-423.416
-442.735
-462.661
-482.999
-503.502
-524.071
-544.46
-563.798
-580.876
-593.652
-600.663
-608.159
-609.675
-62.5908
-63.943
-63.4443
-67.0044
-68.7553
-74.5783
-77.9298
-84.6039
-91.1825
-98.6181
-107.06
-115.94
-125.127
-134.651
-145.104
-156.555
-168.242
-180.05
-192.227
-204.898
-217.695
-230.277
-242.788
-255.215
-267.494
-279.605
-291.521
-303.296
-315.02
-326.781
-338.739
-351.177
-364.224
-377.965
-392.448
-407.634
-423.547
-440.124
-457.16
-474.534
-492.184
-509.858
-527.189
-543.773
-558.957
-571.583
-580.06
-583.992
-587.252
-589.721
-69.3185
-70.2842
-70.3608
-74.5681
-75.2438
-82.68
-85.0851
-93.6071
-99.3129
-107.655
-117.12
-127.285
-138.053
-149.271
-160.858
-173.231
-186.433
-200.127
-214.022
-228.043
-242.283
-256.496
-270.395
-283.933
-297.073
-309.691
-321.754
-333.293
-344.41
-355.332
-366.227
-377.204
-388.533
-400.442
-413.076
-426.506
-440.587
-455.15
-470.152
-485.509
-501.056
-516.156
-530.621
-544.165
-555.953
-564.733
-569.547
-574.345
-574.971
-577.068
-72.0938
-74.7507
-72.9138
-79.826
-79.8807
-88.5423
-90.8135
-101.154
-105.787
-116.013
-125.357
-136.094
-148.124
-161.079
-174.602
-188.495
-202.999
-218.271
-234.093
-249.982
-265.865
-281.745
-297.309
-312.238
-326.508
-339.879
-352.329
-363.838
-374.458
-384.299
-393.588
-402.721
-412.057
-421.907
-432.519
-443.913
-456.105
-469.05
-482.524
-496.309
-509.866
-522.734
-534.994
-545.957
-554.425
-559.497
-563.266
-565.492
-566.771
-567.832
-72.0296
-76.9724
-73.2013
-82.5064
-82.0446
-92.074
-94.555
-105.849
-110.326
-122.913
-131.575
-143.155
-156.016
-170.288
-185.408
-201.011
-217.472
-234.6
-252.148
-270.101
-288.134
-305.984
-323.412
-340.157
-355.912
-370.411
-383.498
-395.021
-405.072
-413.898
-421.735
-428.851
-435.741
-442.971
-450.987
-460.208
-470.657
-482.052
-494.286
-506.944
-519.073
-530.321
-540.397
-548.469
-553.617
-556.04
-558.108
-559.653
-561.061
-561.627
-69.7479
-77.4237
-72.6723
-83.3038
-81.254
-93.2919
-95.4891
-107.476
-112.386
-126.693
-135.106
-148.431
-161.7
-176.487
-193.1
-210.644
-228.947
-248.181
-267.871
-288.04
-308.512
-328.754
-348.499
-367.41
-385.064
-401.243
-415.561
-427.745
-437.758
-445.692
-451.753
-456.403
-460.347
-464.343
-469.268
-475.63
-483.709
-493.651
-505.377
-517.532
-528.515
-538.478
-546.314
-550.98
-552.741
-554.242
-554.758
-556.215
-557.56
-558.065
-65.08
-74.6224
-70.2682
-83.2055
-78.3805
-92.0327
-94.0499
-106.42
-112.455
-126.434
-135.235
-151.195
-164.786
-180.195
-197.471
-216.825
-237.246
-258.441
-280.651
-303.436
-326.549
-349.603
-372.196
-393.868
-414.168
-432.631
-448.757
-462.13
-472.451
-479.763
-484.359
-486.664
-487.317
-487.32
-487.788
-490.082
-495.293
-503.679
-514.734
-526.172
-537.696
-547.167
-552.474
-553.829
-554.126
-553.678
-553.941
-554.876
-555.814
-556.35
-60.0944
-70.095
-64.9453
-79.8159
-75.3817
-89.3419
-89.8728
-103.754
-109.126
-123.731
-132.835
-149.8
-163.682
-181.239
-199.342
-219.445
-241.684
-265.124
-289.751
-315.454
-341.645
-368.011
-394.042
-419.188
-442.78
-464.254
-482.995
-498.515
-510.257
-517.842
-521.308
-521.068
-517.856
-512.87
-507.897
-504.628
-504.541
-509.26
-518.835
-532.217
-546.068
-555.041
-558.286
-558.769
-557.254
-555.946
-554.92
-554.294
-554.246
-554.675
-54.8294
-65.3338
-59.6493
-73.9804
-70.9821
-84.3812
-85.3165
-98.686
-103.644
-118.633
-128.306
-145.011
-159.058
-178.395
-197.732
-218.923
-242.267
-267.822
-295.082
-323.584
-353.108
-383.164
-413.225
-442.539
-470.356
-495.868
-518.347
-537.046
-551.03
-559.696
-562.839
-560.686
-553.786
-543.45
-531.277
-519.687
-511.325
-510.009
-517.81
-533.07
-549.589
-560.534
-564.082
-563.542
-561.637
-558.624
-555.526
-552.946
-551.617
-551.38
-49.628
-59.8457
-54.7563
-67.7389
-64.9041
-78.0247
-79.4868
-91.9311
-97.5824
-111.422
-120.902
-137.626
-151.974
-172.152
-192.139
-214.545
-239.205
-266.396
-296.002
-327.455
-360.424
-394.553
-429.093
-463.26
-496.179
-526.861
-554.196
-577.117
-594.871
-606.352
-610.66
-607.525
-597.227
-580.747
-560.062
-538.383
-518.488
-506.146
-507.499
-523.245
-545.032
-559.845
-566.205
-564.968
-562.654
-558.605
-553.774
-549.539
-546.888
-545.733
-44.3742
-53.7731
-49.3481
-61.747
-58.5254
-70.8807
-72.4264
-83.7626
-90.2505
-102.573
-112.68
-128.505
-142.405
-162.502
-182.917
-206.729
-232.392
-261.05
-292.486
-326.686
-363.185
-401.499
-440.864
-480.519
-519.4
-556.27
-589.807
-618.729
-641.825
-657.426
-664.244
-661.696
-649.562
-628.307
-599.009
-564.159
-527.279
-497.938
-489.097
-501.191
-526.183
-548.933
-559.148
-561.811
-561.075
-557.703
-552.672
-547.263
-543.24
-540.744
-39.5732
-47.5114
-44.096
-55.1355
-52.477
-63.3818
-64.8744
-75.3952
-81.4487
-92.7519
-103.02
-117.659
-132.041
-150.681
-170.488
-195.424
-221.922
-251.635
-284.647
-321.184
-360.975
-403.425
-447.867
-493.451
-539.008
-583.182
-624.364
-660.907
-690.964
-712.923
-724.867
-725.232
-713.108
-688.51
-651.367
-602.308
-545.851
-495.455
-466.565
-466.271
-492.445
-524.856
-548.512
-562.833
-567.327
-564.534
-558.774
-552.001
-546.557
-543.04
-36.3116
-41.5571
-39.4394
-48.2031
-47.217
-55.4857
-58.009
-66.6908
-72.372
-83.1717
-92.2128
-105.746
-120.268
-137.947
-157.169
-181.246
-207.912
-238.657
-273.003
-311.289
-353.69
-400.005
-449.567
-501.402
-554.224
-606.561
-656.719
-702.643
-741.891
-772.217
-791.059
-797.078
-787.846
-762.679
-722.05
-661.756
-584.505
-504.001
-454.052
-440.58
-459.677
-505.958
-542.956
-568.851
-579.436
-578.181
-571.614
-563.033
-556.471
-552.83
-34.6164
-36.3475
-35.3315
-41.281
-42.607
-47.6143
-51.8309
-57.9114
-63.8675
-73.4627
-81.8949
-94.1938
-107.376
-124.109
-142.966
-165.89
-192.044
-222.909
-258.08
-297.505
-341.731
-391.335
-445.879
-504.03
-564.419
-625.722
-686.184
-743.182
-793.48
-834.372
-863.557
-878.627
-875.37
-853.064
-814.771
-741.854
-648.522
-552.24
-474.533
-437.281
-449.421
-497.744
-540.409
-570.092
-582.486
-581.803
-576.855
-569.378
-564.438
-562.36
-46.3583
-35.0998
-32.1839
-34.6788
-38.6466
-40.1381
-46.5244
-50.2183
-56.5442
-64.0669
-72.1873
-83.3804
-95.4209
-111.005
-129.015
-150.614
-176.007
-206.687
-241.76
-281.584
-327.058
-379.082
-437.863
-501.874
-569.95
-640.706
-712.507
-781.195
-843.441
-897.782
-940.12
-966.315
-974.145
-956.488
-914.052
-844.308
-745.203
-646.51
-554.137
-503.517
-497.748
-520.597
-549.964
-569.386
-577.365
-576.376
-572.384
-567.394
-565.335
-565.558
-38.1678
-25.66
-29.1314
-29.8569
-34.0506
-34.4458
-41.1374
-43.8739
-50.7496
-56.2826
-64.4775
-74.3064
-85.3445
-99.8962
-117.36
-138.115
-162.814
-192.324
-227.133
-268.469
-315.871
-370.197
-432.805
-503.818
-582.085
-665.178
-750.08
-833.633
-911.867
-980.944
-1038.06
-1078.55
-1104.55
-1100.88
-1051.71
-964.091
-862.769
-763.658
-693.504
-644.434
-616.54
-603.298
-596.454
-590.462
-581.297
-571.257
-563.659
-561.295
-562.794
-564.811
-30.7306
-23.8152
-26.8768
-28.2136
-31.5018
-34.0945
-38.5361
-42.153
-47.305
-52.8755
-60.2973
-69.7378
-81.16
-95.4794
-112.631
-134.061
-160.187
-191.909
-230.081
-275.089
-327.469
-388.742
-460.405
-542.383
-632.775
-730.154
-831.292
-931.244
-1024.4
-1105.74
-1170.87
-1215.59
-1230.29
-1204.7
-1144.47
-1063.88
-972.497
-889.769
-823.264
-773.041
-730.638
-695.577
-662.836
-631.24
-602.133
-578.427
-563.918
-560.68
-563.729
-566.089
-22.7193
-22.6181
-24.5946
-26.7539
-29.5818
-32.5537
-36.2144
-40.3146
-44.7901
-50.3556
-58.1128
-68.3732
-81.0062
-95.6818
-113.825
-137.192
-167.196
-203.824
-246.852
-297.762
-359.234
-432.396
-516.387
-611.392
-718.082
-833.901
-953.258
-1066.74
-1169.4
-1258.54
-1327.31
-1359.84
-1351.74
-1315.75
-1255.14
-1181.16
-1101.64
-1027.84
-957.961
-894.957
-837.365
-783.207
-732.487
-683.998
-639.2
-601.48
-576.573
-566.291
-568.721
-571.997
-18.1469
-20.1757
-21.9051
-24.0759
-26.4548
-29.1168
-32.6448
-36.8395
-41.4566
-47.1777
-55.1995
-66.2129
-79.9054
-95.8225
-116.065
-142.186
-176.113
-217.778
-267.518
-327.559
-399.79
-484.843
-584.197
-699.972
-829.777
-966.441
-1100.21
-1225.36
-1338.78
-1434.29
-1492.6
-1509.83
-1493.87
-1450.58
-1388.49
-1314.19
-1236.81
-1156.53
-1078.52
-1002.62
-930.763
-862.217
-797.492
-737.596
-683.094
-636.488
-601.198
-580.846
-575.666
-581.627
-14.7824
-16.5398
-17.9644
-19.7022
-21.7127
-23.9608
-27.0925
-31.3099
-36.2086
-41.8251
-49.8223
-61.0011
-75.0996
-92.4101
-114.706
-143.974
-182.085
-229.749
-287.446
-356.631
-439.903
-541.119
-663.437
-805.742
-959.528
-1114.51
-1264.08
-1404.86
-1528.51
-1615.59
-1660.75
-1668.56
-1643.71
-1593.54
-1525.84
-1446.38
-1359.92
-1269.93
-1179.74
-1091.76
-1006.99
-926.994
-852.505
-784.561
-724.364
-672.788
-631.457
-602.883
-590.681
-602.574
-10.8085
-12.0546
-13.1527
-14.3121
-15.6996
-17.3408
-19.5855
-23.0815
-27.685
-33.0363
-40.642
-51.6382
-66.1771
-84.6328
-108.643
-140.659
-183.158
-237.108
-302.604
-382.068
-480.876
-604.885
-754.916
-923.996
-1100.82
-1276.22
-1445.27
-1598.91
-1716.37
-1791.63
-1825.63
-1821.55
-1785.97
-1726.58
-1649.01
-1558.36
-1459.78
-1357.88
-1256.09
-1156.73
-1062.03
-973.16
-891.567
-818.48
-754.64
-700.832
-657.551
-626.325
-612.308
-615.491
-6.01976
-6.58877
-7.03845
-7.49448
-8.1286
-9.07334
-10.2231
-12.3796
-15.8762
-20.5786
-27.6854
-38.3528
-52.5454
-70.936
-96.1066
-130.495
-177.097
-237.117
-312.245
-406.497
-526.145
-676.588
-855.658
-1052.16
-1253.51
-1451.85
-1634.5
-1781.09
-1888.27
-1951.97
-1972.82
-1955.15
-1907.45
-1834.6
-1743.02
-1639.18
-1528.25
-1414.75
-1302.55
-1194.05
-1091.33
-996.191
-909.826
-833.504
-768.068
-713.853
-671.506
-641.569
-625.346
-621.385
-0.503977
-0.331907
0.137598
0.756571
1.38516
1.76591
1.6204
0.636322
-1.50011
-4.81108
-10.1469
-18.9345
-31.7953
-49.8999
-76.4699
-112.747
-162.428
-229.722
-318.384
-431.313
-575.341
-755.048
-964.278
-1187.38
-1412.11
-1621.4
-1798.5
-1936.81
-2031.84
-2081.62
-2087.13
-2054.93
-1991.44
-1903.79
-1798.62
-1682.54
-1560.93
-1438.04
-1317.5
-1201.74
-1093.25
-993.356
-903.594
-825.243
-758.858
-705.324
-664.815
-637.431
-623.625
-620.587
5.93491
7.06982
8.57128
10.3673
12.222
14.1563
15.74
16.7052
16.7089
16.0085
13.8641
7.77116
-4.13708
-21.8495
-47.7785
-85.0962
-138.073
-213.277
-317.75
-453.927
-624.61
-834.205
-1071.24
-1314.01
-1545.86
-1750.59
-1919.98
-2047.96
-2129.31
-2163.99
-2154.06
-2106.5
-2029.07
-1929.16
-1813.44
-1687.79
-1557.87
-1427.82
-1301.05
-1180.26
-1067.4
-964.248
-872.106
-792.139
-725.239
-671.954
-632.638
-607.028
-596.389
-596.18
12.9695
15.2975
18.184
21.5947
25.0945
28.8009
32.7719
36.9282
40.3682
42.3764
42.6648
39.9591
32.1345
16.9611
-7.26707
-44.2251
-99.4806
-181.845
-300.66
-461.513
-661.75
-893.818
-1146.41
-1397.69
-1626.09
-1823.27
-1983.61
-2099.31
-2167.33
-2188.14
-2166.01
-2107.11
-2019.95
-1911.9
-1788.83
-1657.13
-1521.81
-1387.03
-1256.23
-1131.84
-1016.06
-910.425
-816.358
-735.144
-667.559
-614.074
-575.051
-550.404
-539.933
-540.885
20.8396
24.4338
28.7391
33.9553
39.8893
46.3275
53.0179
59.7858
66.6346
73.1351
78.0013
79.8513
77.4405
68.4057
49.5686
15.7044
-41.4833
-132.335
-264.53
-440.599
-657.349
-904.921
-1167.24
-1418.87
-1639.43
-1828.76
-1980.6
-2085.35
-2142.34
-2153.15
-2123.74
-2060.25
-1969.45
-1857.63
-1731.52
-1597.04
-1459.02
-1321.72
-1188.38
-1061.76
-943.956
-836.659
-741.319
-658.948
-590.298
-535.983
-496.441
-471.378
-460.677
-460.348
28.6577
33.8686
39.9419
46.8605
54.8124
64.081
74.4909
85.4509
96.587
107.86
118.91
128.814
135.885
136.885
126.059
95.7034
35.5375
-61.1187
-200.346
-383.98
-608.023
-861.5
-1123.66
-1374.33
-1586.73
-1767.84
-1911.42
-2009.1
-2062.71
-2072.87
-2043.4
-1980.55
-1890.59
-1779.55
-1653.63
-1518.67
-1379.84
-1241.32
-1106.65
-978.607
-859.439
-750.926
-654.446
-571.139
-501.933
-447.364
-407.454
-381.695
-369.274
-366.244
35.6369
42.1777
49.9322
58.9428
69.2515
81.1567
94.8191
110.174
127.149
146.08
166.895
188.533
208.035
220.448
217.125
190.354
132.403
34.3168
-108.068
-293.694
-517.272
-768.361
-1023.85
-1267.85
-1482.4
-1661.75
-1803.3
-1903.24
-1959.46
-1972.75
-1946.63
-1887.01
-1800.4
-1692.38
-1568.57
-1434.71
-1296.1
-1157.32
-1022.07
-893.359
-773.597
-664.699
-568.166
-485.124
-416.294
-361.913
-321.887
-295.512
-281.789
-277.205
41.3156
48.9645
57.9242
68.5455
81.1792
96.18
113.934
134.801
159.203
187.424
219.056
251.461
279.772
299.331
304.447
284.59
229.191
134.488
-7.83632
-193.541
-413.22
-654.665
-904.189
-1145.76
-1364.59
-1550.17
-1697.66
-1803.02
-1863.6
-1880.51
-1858.22
-1802.58
-1719.36
-1614.51
-1493.58
-1361.67
-1224.07
-1085.67
-950.528
-821.869
-702.25
-593.668
-497.623
-415.2
-347.094
-293.585
-254.359
-228.35
-214.04
-208.072
44.4761
53.0565
63.323
75.5185
90.1102
107.568
128.429
153.018
181.698
214.506
251.061
289.284
324.896
350.004
357.413
341.155
288.071
194.922
56.6241
-127.006
-342.647
-576.102
-821.288
-1063.49
-1284.01
-1471.97
-1621.86
-1729.85
-1794.01
-1815.94
-1799.46
-1749.39
-1670.87
-1569.49
-1450.74
-1320.05
-1182.94
-1044.58
-909.317
-780.558
-660.954
-552.533
-456.821
-374.887
-307.404
-254.467
-215.508
-189.29
-174.316
-167.471
44.4727
53.0429
63.2934
75.4803
90.0726
107.556
128.505
153.333
182.265
215.491
252.662
291.416
326.971
352.229
360.208
344.441
292.598
199.153
62.1924
-119.639
-334.65
-571.656
-820.401
-1062.44
-1281.83
-1468.81
-1618.04
-1725.24
-1789.22
-1812.32
-1796.73
-1746.44
-1668.06
-1567.17
-1449.09
-1319.05
-1182.21
-1043.73
-908.089
-778.853
-658.709
-549.698
-453.331
-370.62
-302.069
-247.654
-206.907
-178.842
-162.081
-153.817
41.2871
48.9442
57.9653
68.6935
81.4629
96.6563
114.737
136.075
160.933
189.747
221.943
254.931
284.32
305.629
312.693
294.597
240.603
145.8
6.624
-175.216
-393.334
-640.101
-895.26
-1138.41
-1357.11
-1541.98
-1688.25
-1792.2
-1852.77
-1870.92
-1849.98
-1795.33
-1713.11
-1609.43
-1489.85
-1359.16
-1222
-1083.15
-946.954
-816.924
-695.729
-585.376
-487.347
-402.641
-331.791
-274.803
-231.37
-200.701
-182.012
-172.482
35.6113
42.1885
49.9852
59.045
69.456
81.5147
95.3496
111.029
128.7
148.417
170.233
193.228
214.628
229.049
227.757
203.257
147.29
50.6265
-89.8899
-273.755
-496.654
-749.436
-1008.88
-1254.38
-1470.03
-1649.15
-1789.8
-1889.59
-1946.54
-1961.29
-1937.46
-1880.41
-1795.82
-1689.37
-1566.79
-1433.7
-1295.09
-1155.38
-1018.49
-887.607
-765.291
-653.459
-553.591
-466.737
-393.608
-334.429
-289.048
-256.955
-237.532
-228.013
28.6052
33.8407
39.9638
46.9909
55.1381
64.6673
75.2131
86.3393
97.9907
109.974
121.915
133.182
141.998
144.792
135.981
107.644
49.4184
-45.4978
-183.06
-364.669
-587.737
-843.276
-1108.95
-1359.87
-1575.19
-1756.99
-1899.27
-1996.79
-2051.45
-2063.86
-2037.01
-1976.82
-1889.46
-1780.83
-1656.67
-1522.42
-1383.24
-1243.42
-1106.59
-975.745
-853.221
-740.965
-640.419
-552.68
-478.522
-418.428
-372.616
-340.781
-322.477
-314.503
20.7797
24.4409
28.8398
34.1587
40.2084
46.7388
53.5893
60.7603
68.1883
75.2939
80.6476
83.5269
82.5444
75.0703
57.8984
25.8637
-29.2967
-118.314
-248.792
-423.446
-640.021
-889.081
-1153.72
-1409.08
-1633.22
-1823.38
-1974.83
-2078.5
-2136.59
-2150.28
-2123.23
-2062.21
-1974.07
-1864.89
-1740.7
-1607.02
-1468.7
-1330.1
-1194.57
-1064.96
-943.506
-832.039
-732.186
-645.101
-571.72
-512.516
-467.754
-437.44
-421.191
-415.022
12.8761
15.2559
18.2105
21.7028
25.3036
29.1797
33.4821
38.04
41.8173
44.0983
44.9585
43.234
36.4107
22.3922
-0.648457
-36.1542
-89.4118
-169.85
-287.917
-448.532
-649.146
-883.475
-1138.93
-1394.04
-1626.3
-1825.62
-1987.27
-2102.12
-2171.15
-2195.19
-2174.88
-2118.17
-2033.44
-1927.45
-1805.99
-1675.02
-1539.42
-1403.33
-1270.31
-1143.02
-1023.77
-914.279
-816.061
-730.43
-658.374
-600.644
-557.47
-528.797
-515.181
-511.922
5.79646
6.96727
8.53207
10.4211
12.3658
14.4045
16.1885
17.4945
17.8528
17.4883
15.8191
10.3555
-0.554177
-17.2792
-42.5788
-78.7431
-130.066
-203.952
-307.894
-444.1
-615.671
-829.477
-1070.01
-1316.32
-1552.8
-1761.26
-1932.56
-2060.67
-2143.75
-2181.38
-2173.54
-2128.44
-2053.26
-1955.24
-1840.76
-1715.63
-1585.27
-1453.82
-1324.84
-1201.15
-1084.94
-978.178
-882.344
-798.629
-728.125
-671.54
-629.277
-601.359
-588.52
-587.365
-0.68494
-0.489652
0.0107166
0.69181
1.43034
1.91315
1.90541
1.19692
-0.725198
-3.80989
-8.59355
-16.5897
-28.7235
-46.4547
-72.3972
-107.552
-156.145
-222.688
-311.186
-424.881
-569.844
-750.876
-963.444
-1192.57
-1423.53
-1638.04
-1818.13
-1957.97
-2055.66
-2108.49
-2117.12
-2087.8
-2026.78
-1940.85
-1836.84
-1721.18
-1598.93
-1474.5
-1351.72
-1233.33
-1121.56
-1018.3
-925.281
-843.637
-774.348
-718.356
-675.988
-647.102
-633.681
-631.743
-6.24049
-6.79796
-7.21213
-7.57635
-8.11464
-9.01677
-10.0439
-11.9652
-15.3135
-19.8615
-26.4982
-36.5679
-50.23
-68.1856
-92.8473
-126.529
-172.094
-231.434
-306.552
-401.503
-522.192
-673.817
-855.408
-1057.32
-1265.48
-1471.14
-1658.85
-1808.75
-1918.82
-1986.13
-2011.1
-1997.58
-1953.12
-1882.38
-1792.11
-1688.59
-1577.03
-1462.03
-1347.55
-1236.23
-1130.38
-1031.97
-942.51
-863.251
-795.21
-739.072
-695.484
-664.964
-648.715
-644.343
-11.0597
-12.3083
-13.3875
-14.5026
-15.8537
-17.4351
-19.4967
-22.7606
-27.2621
-32.4541
-39.665
-50.2296
-64.4344
-82.5633
-106.119
-137.42
-179.245
-232.788
-298.197
-378.116
-477.72
-603.078
-755.571
-928.822
-1111.71
-1294.35
-1470.73
-1629.56
-1749.9
-1829.91
-1868.64
-1869.64
-1838.76
-1783
-1707.29
-1617.7
-1519.06
-1415.67
-1311.54
-1209.32
-1111.27
-1019.04
-934.329
-858.197
-791.573
-735.455
-690.452
-657.745
-640.749
-638.514
-15.0924
-16.8494
-18.2638
-19.9719
-21.9168
-24.0689
-27.0851
-31.2178
-36.0648
-41.4288
-49.0681
-60.0045
-73.8409
-90.9214
-112.788
-141.575
-179.328
-226.713
-284.198
-353.43
-437.11
-539.446
-664.219
-810.199
-968.956
-1129.83
-1286.25
-1434.3
-1563.84
-1655
-1705.09
-1718.52
-1699.66
-1654.38
-1590.29
-1513.35
-1427.59
-1336.7
-1244.84
-1153.71
-1065.3
-981.437
-903.138
-831.551
-768.022
-713.348
-668.446
-635.516
-620.609
-628.049
-18.4723
-20.5056
-22.2376
-24.3994
-26.7461
-29.3607
-32.807
-36.9282
-41.4442
-47.0036
-54.8772
-65.7493
-79.0346
-94.6461
-114.578
-140.53
-174.085
-215.431
-265.066
-325.197
-397.633
-483.271
-584.395
-703.353
-837.66
-979.385
-1118.94
-1251.16
-1372.32
-1473.25
-1535.63
-1558.84
-1549.24
-1511.83
-1454.48
-1384.83
-1309.09
-1230.03
-1150.78
-1072.09
-996.053
-922.959
-853.448
-788.917
-730.176
-679.043
-637.918
-610.396
-599.873
-610.798
-23.0726
-22.9822
-25.0057
-27.1874
-29.9777
-32.8797
-36.4397
-40.4615
-44.8931
-50.4305
-58.0781
-68.124
-80.4899
-94.8496
-112.736
-136.006
-165.842
-202.206
-244.976
-295.864
-357.612
-431.346
-516.548
-613.826
-723.953
-844.23
-968.994
-1088.52
-1197.8
-1294.19
-1368.86
-1406.47
-1405.22
-1374.28
-1319.17
-1250.43
-1175.91
-1104.45
-1035.37
-969.558
-907.698
-847.73
-790.482
-735.665
-684.619
-640.261
-607.069
-589.646
-587.929
-593.718
-31.1415
-24.181
-27.2971
-28.6645
-31.9219
-34.4832
-38.8834
-42.418
-47.503
-52.9753
-60.3295
-69.5992
-81.0908
-95.2168
-112.046
-133.158
-159.232
-190.748
-228.819
-273.852
-326.372
-388.177
-460.82
-544.442
-637.321
-738.101
-843.847
-949.517
-1048.55
-1135.91
-1209.02
-1261.96
-1279.64
-1254.74
-1200.81
-1126.19
-1043.93
-966.795
-902.48
-849.586
-803.097
-759.902
-718.991
-678.447
-639.874
-606.799
-585.776
-578.063
-580.958
-584.419
-38.5349
-26.009
-29.5058
-30.3523
-34.5133
-34.9417
-41.4302
-44.2035
-50.9713
-56.5586
-64.5749
-74.1333
-85.371
-99.9731
-117.15
-137.697
-162.174
-191.535
-226.384
-267.761
-315.43
-370.317
-433.756
-506.176
-586.413
-672.36
-761.075
-849.31
-932.789
-1007.62
-1070.73
-1117.95
-1147.98
-1148.88
-1095.15
-1013.81
-919.448
-833.062
-767.148
-719.774
-686.108
-663.458
-644.19
-625.696
-606.949
-588.891
-577.51
-575.07
-577.587
-580.146
71.0859
67.5182
65.667
64.7518
64.3467
64.3241
64.5975
65.1598
66.0446
67.1507
68.4307
69.9641
71.8409
74.1289
76.8268
79.8838
83.2944
87.0542
91.1646
95.6533
100.476
105.641
111.128
116.959
123.112
129.529
136.113
142.756
149.468
156.087
162.449
168.382
173.775
178.481
182.233
184.68
185.491
184.347
180.835
174.494
164.838
151.307
133.298
110.139
81.1398
45.5738
2.89476
-47.74
-108.63
-170.155
69.6345
68.4121
67.755
67.5287
67.6518
68.0705
68.7304
69.6987
71.0043
72.5713
74.3077
76.2892
78.6413
81.4139
84.6236
88.2332
92.2973
96.8264
101.797
107.136
112.778
118.73
125.079
131.923
139.213
146.832
154.645
162.596
170.634
178.7
186.703
194.445
201.773
208.517
214.45
219.315
222.838
224.673
224.41
221.606
215.788
206.454
193.067
175.006
151.625
122.231
86.1349
42.403
-10.1981
-62.5308
69.8095
70.0301
70.3755
70.8638
71.5213
72.3624
73.4211
74.777
76.4576
78.4393
80.7228
83.2828
86.2022
89.5026
93.2223
97.3696
102.093
107.463
113.435
119.771
126.35
133.149
140.388
148.266
156.774
165.731
174.9
184.189
193.589
203.148
212.799
222.363
231.658
240.482
248.649
255.97
262.183
266.966
269.94
270.683
268.755
263.674
254.924
241.953
224.186
200.985
171.691
135.687
92.2474
50.182
71.5529
72.4791
73.5181
74.6727
75.9282
77.2093
78.6474
80.349
82.3906
84.803
87.6476
90.8571
94.4149
98.2917
102.531
107.23
112.613
118.828
125.836
133.259
140.837
148.537
156.691
165.605
175.38
185.745
196.367
207.07
217.91
229.014
240.367
251.843
263.2
274.205
284.692
294.496
303.414
311.173
317.414
321.724
323.651
322.741
318.554
310.608
298.373
281.241
258.656
230.073
194.893
162.986
74.4071
75.7322
77.2655
78.9525
80.7318
82.5011
84.3648
86.4696
88.8622
91.6384
94.9746
98.8574
103.106
107.633
112.427
117.709
123.758
130.837
138.859
147.418
156.048
164.728
173.85
183.853
194.889
206.67
218.793
231.014
243.392
256.101
269.214
282.633
296.097
309.356
322.217
334.545
346.199
356.947
366.445
374.275
380.02
383.275
383.62
380.589
373.704
362.458
346.386
325.119
298.34
275.038
78.1201
79.7105
81.5695
83.6865
85.9339
88.1343
90.3783
92.8739
95.7002
98.9346
102.746
107.246
112.184
117.396
122.817
128.737
135.495
143.424
152.422
162.082
171.822
181.589
191.74
202.845
215.1
228.298
241.971
255.801
269.808
284.169
299.055
314.406
330.001
345.558
360.85
375.754
390.155
403.857
416.531
427.796
437.244
444.457
449.051
450.632
448.774
442.984
432.829
417.889
397.896
381.696
82.5396
84.2997
86.3829
88.7466
91.3659
94.0046
96.6557
99.5645
102.812
106.463
110.725
115.8
121.485
127.439
133.587
140.17
147.658
156.394
166.354
177.042
187.905
198.774
210.018
222.223
235.711
250.321
265.555
281.025
296.667
312.702
329.339
346.608
364.32
382.167
399.889
417.33
434.397
450.922
466.637
481.179
494.126
505.112
513.788
519.74
522.525
521.715
516.936
507.924
494.626
484.285
87.5155
89.289
91.4965
94.1067
96.9862
99.9266
102.968
106.319
110.032
114.128
118.861
124.482
130.892
137.59
144.444
151.716
159.957
169.521
180.401
192.064
203.984
215.965
228.358
241.721
256.433
272.395
289.126
306.183
323.462
341.165
359.549
378.699
398.457
418.522
438.592
458.489
478.116
497.357
515.978
533.603
549.832
564.283
576.556
586.279
593.107
596.604
596.345
591.943
583.364
577.222
92.7981
94.5309
96.7646
99.4612
102.581
105.863
109.253
112.963
117.092
121.644
126.896
133.122
140.189
147.584
155.099
163.087
172.092
182.476
194.164
206.738
219.665
232.752
246.292
260.793
276.657
293.855
311.979
330.565
349.455
368.803
388.875
409.802
431.483
453.625
475.902
498.099
520.111
541.837
563.048
583.395
602.487
619.933
635.395
648.582
659.07
666.35
670.051
670.036
666.428
663.847
98.1302
99.7296
101.925
104.727
108.022
111.506
115.196
119.31
123.879
128.889
134.63
141.406
149.017
157.037
165.249
173.962
183.711
194.848
207.312
220.724
234.608
248.746
263.348
278.913
295.85
314.211
333.636
353.664
374.068
394.957
416.587
439.134
462.552
486.568
510.836
535.102
559.244
583.169
606.681
629.463
651.127
671.293
689.611
705.656
718.922
729
735.613
738.492
737.76
737.288
103.192
104.65
106.791
109.607
112.999
116.697
120.699
125.169
130.087
135.507
141.724
149.005
157.147
165.713
174.56
183.94
194.344
206.131
219.284
233.44
248.153
263.212
278.789
295.331
313.26
332.661
353.226
374.503
396.229
418.464
441.456
465.421
490.355
516.003
541.999
568.064
594.061
619.894
645.374
670.173
693.883
716.103
736.441
754.515
769.983
782.606
792.118
798.289
801.161
802.981
107.704
109.005
111.061
113.878
117.358
121.213
125.438
130.213
135.495
141.301
147.942
155.608
164.139
173.173
182.567
192.554
203.55
215.891
229.624
244.415
259.841
275.689
292.1
309.493
328.27
348.542
370.058
392.387
415.232
438.605
462.746
487.905
514.119
541.138
568.58
596.142
623.661
651.029
678.05
704.389
729.638
753.399
775.332
795.157
812.579
827.141
838.225
845.488
849.143
851.143
111.372
112.527
114.504
117.302
120.826
124.803
129.226
134.244
139.833
145.967
152.906
160.846
169.66
179.089
188.982
199.462
210.893
223.652
237.81
253.098
269.101
285.575
302.637
320.679
340.099
361.041
383.29
406.418
430.101
454.323
479.324
505.389
532.574
560.617
589.118
617.754
646.352
674.794
702.883
730.289
756.606
781.435
804.409
825.163
843.357
858.808
871.567
881.803
889.027
893.742
113.956
114.999
116.912
119.656
123.194
127.282
131.852
137.031
142.819
149.21
156.371
164.477
173.473
183.158
193.393
204.233
215.976
228.994
243.432
259.063
275.464
292.368
309.87
328.345
348.195
369.586
392.321
415.973
440.203
464.981
490.558
517.242
545.084
573.802
602.986
632.305
661.584
690.701
719.466
747.557
774.586
800.169
823.979
845.738
865.213
882.054
895.701
905.389
910.996
914.14
115.29
116.246
118.125
120.834
124.343
128.485
133.144
138.412
144.307
150.823
158.101
166.285
175.347
185.153
195.567
206.597
218.503
231.647
246.205
261.983
278.57
295.687
313.401
332.078
352.122
373.712
396.658
420.534
444.996
470.009
495.84
522.797
550.918
579.91
609.355
638.925
668.441
697.786
726.77
755.084
782.35
808.195
832.264
854.181
873.527
889.914
903.047
912.682
918.734
922.254
115.176
116.147
118.03
120.738
124.244
128.379
133.034
138.299
144.19
150.701
157.971
166.143
175.199
184.993
195.39
206.407
218.296
231.415
245.944
261.695
278.252
295.333
313.013
331.651
351.649
373.181
396.066
419.878
444.265
469.191
494.926
521.782
549.79
578.656
607.959
637.368
666.707
695.859
724.635
752.728
779.763
805.372
829.193
850.827
869.784
885.629
898.142
907.305
913.084
916.379
113.65
114.705
116.626
119.364
122.891
126.971
131.524
136.693
142.467
148.837
155.986
164.066
173.028
182.677
192.872
203.664
215.348
228.305
242.666
258.204
274.519
291.333
308.731
327.082
346.79
368.021
390.58
414.036
438.039
462.557
487.849
514.23
541.737
570.08
598.841
627.688
656.441
684.983
713.121
740.539
766.855
791.693
814.726
835.666
854.245
870.048
882.373
890.352
894.193
895.864
110.872
112.04
114.025
116.819
120.332
124.289
128.697
133.696
139.25
145.363
152.268
160.169
168.939
178.299
188.118
198.524
209.869
222.521
236.559
251.71
267.564
283.888
300.782
318.623
337.815
358.504
380.469
403.275
426.587
450.385
474.916
500.478
527.116
554.548
582.361
610.23
637.974
665.474
692.526
718.801
743.895
767.416
789.007
808.306
824.967
838.799
849.836
858.036
862.806
865.34
107.021
108.335
110.398
113.217
116.685
120.517
124.72
129.463
134.711
140.479
147.068
154.691
163.142
172.089
181.398
191.262
202.144
214.36
227.925
242.534
257.765
273.403
289.579
306.707
325.184
345.126
366.268
388.157
410.492
433.287
456.787
481.255
506.721
532.911
559.422
585.939
612.301
638.39
664
688.788
712.338
734.248
754.184
771.875
787.023
799.122
807.649
812.435
813.634
813.682
102.341
103.814
105.962
108.777
112.159
115.837
119.807
124.241
129.114
134.478
140.65
147.853
155.909
164.381
173.086
182.337
192.6
204.216
217.184
231.123
245.605
260.397
275.68
291.901
309.477
328.479
348.586
369.324
390.421
411.94
434.139
457.242
481.246
505.864
530.708
555.483
580.042
604.284
628.006
650.871
672.458
692.347
710.138
725.465
738.075
747.769
754.183
756.95
756.043
754.624
97.1292
98.7427
100.948
103.748
107.029
110.487
114.145
118.222
122.731
127.689
133.363
140.051
147.575
155.457
163.53
172.092
181.658
192.605
204.861
218.034
231.642
245.48
259.747
274.935
291.467
309.378
328.278
347.683
367.357
387.414
408.122
429.666
451.993
474.806
497.729
520.487
542.947
565.003
586.443
606.931
626.081
643.503
658.837
671.632
681.385
687.732
690.447
689.363
684.52
680.264
91.6631
93.4166
95.6561
98.3453
101.449
104.705
108.062
111.723
115.794
120.287
125.458
131.61
138.542
145.801
153.163
160.975
169.789
179.973
191.421
203.729
216.361
229.118
242.273
256.37
271.786
288.493
306.03
323.927
342.01
360.438
379.491
399.301
419.761
440.549
461.316
481.823
501.945
521.562
540.431
558.176
574.395
588.706
600.771
610.28
616.789
619.803
618.962
614.073
605.217
597.663
86.2655
88.0636
90.2738
92.871
95.7306
98.6439
101.653
104.946
108.606
112.625
117.283
122.812
129.079
135.644
142.316
149.405
157.456
166.805
177.418
188.814
200.406
212.02
224.01
236.943
251.187
266.605
282.721
299.03
315.442
332.163
349.456
367.404
385.841
404.442
422.871
440.931
458.506
475.448
491.502
506.274
519.337
530.295
538.76
544.345
546.661
545.262
539.782
529.912
515.582
503.633
81.1971
82.9777
85.0581
87.408
90.0088
92.6144
95.2264
98.0768
101.264
104.83
109.026
113.985
119.554
125.344
131.318
137.7
144.992
153.478
163.203
173.591
184.114
194.586
205.426
217.177
230.176
244.229
258.804
273.493
288.227
303.232
318.729
334.746
351.062
367.362
383.354
398.853
413.741
427.821
440.791
452.269
461.827
469.062
473.59
475.01
472.867
466.724
456.165
440.833
420.603
402.724
76.6966
78.3019
80.16
82.2659
84.4858
86.652
88.8502
91.2899
94.0466
97.2037
100.928
105.308
110.136
115.179
120.431
126.137
132.681
140.366
149.143
158.484
167.878
177.24
186.96
197.601
209.363
221.991
234.978
248.006
261.079
274.397
288.107
302.166
316.327
330.275
343.786
356.69
368.837
379.987
389.78
397.809
403.655
406.897
407.108
403.842
396.649
385.027
368.568
346.832
319.532
294.883
72.917
74.2527
75.7849
77.463
79.2115
80.9431
82.7587
84.8066
87.1151
89.8171
93.0505
96.8335
100.947
105.325
109.931
115.011
120.831
127.708
135.469
143.74
152.001
160.272
168.932
178.485
189.012
200.216
211.637
223.04
234.488
246.145
258.084
270.184
282.195
293.824
304.856
315.145
324.504
332.653
339.199
343.693
345.7
344.8
340.556
332.479
320.039
302.686
279.911
251.321
216.714
184.312
70.0124
70.9446
71.9845
73.1265
74.3471
75.5897
76.9766
78.6168
80.584
82.9166
85.6524
88.7537
92.164
95.9046
99.9474
104.462
109.626
115.651
122.389
129.536
136.728
144.003
151.704
160.155
169.413
179.188
189.116
199.002
208.915
218.966
229.156
239.325
249.215
258.593
267.25
274.985
281.572
286.697
289.956
290.891
289.021
283.878
274.981
261.823
243.841
220.394
190.937
154.88
111.842
70.6702
68.2348
68.4577
68.7999
69.2679
69.8961
70.6984
71.7053
73.0006
74.6123
76.5069
78.6838
81.1197
83.9024
87.0571
90.5993
94.5784
99.1043
104.268
109.983
116.011
122.201
128.569
135.371
142.757
150.748
159.111
167.599
176.075
184.559
193.09
201.585
209.859
217.699
224.888
231.237
236.507
240.382
242.511
242.491
239.866
234.148
224.82
211.344
193.138
169.595
140.026
103.743
60.1071
8.6598
-42.9679
68.0431
66.8161
66.1494
65.9014
65.993
66.3732
66.9853
67.8951
69.1333
70.6123
72.2508
74.1112
76.3384
78.9592
82.0202
85.4551
89.3322
93.6368
98.3548
103.356
108.62
114.144
120.044
126.39
133.154
140.177
147.305
154.464
161.607
168.667
175.518
182.002
187.908
193.014
197.099
199.929
201.161
200.365
197.119
190.973
181.42
167.908
149.848
126.601
97.4935
61.7846
18.7807
-32.5305
-93.003
-154.713
69.4863
65.9101
64.0418
63.095
62.6628
62.6034
62.8303
63.3347
64.1498
65.1697
66.3618
67.7751
69.5422
71.6821
74.2476
77.1184
80.3432
83.873
87.7262
91.8604
96.3189
101.061
106.077
111.409
117.024
122.838
128.727
134.603
140.445
146.057
151.236
155.889
159.939
163.085
164.983
165.34
163.874
160.178
153.762
144.152
130.827
113.207
90.6558
62.4701
27.9766
-13.7392
-63.2125
-121.402
-189.624
-260.742
-5.73651
-21.5153
-16.2766
-15.0389
-12.4332
-8.8784
-4.80416
-0.0205177
5.46386
11.508
18.0914
24.3695
30.0055
34.4998
36.9301
36.92
34.4783
29.96
24.3065
18.0072
11.3894
5.31244
-0.207622
-5.02718
-9.11798
-12.7253
-15.3557
-16.5821
-21.9125
-5.97773
1.63676
-12.8834
-10.0585
-11.9465
-9.5992
-6.71574
-3.31113
0.773065
5.39528
10.4796
15.7494
20.7882
25.2205
28.6625
30.5079
30.4916
28.6375
25.1648
20.7157
15.6581
10.3575
5.24584
0.592626
-3.52863
-6.94853
-9.86391
-12.2484
-10.3158
-13.2261
1.40912
-3.44964
-8.06308
-6.05051
-8.8153
-6.64254
-4.51636
-1.70968
1.74633
5.63252
9.76239
13.9342
17.9617
21.3848
24.0062
25.3902
25.3746
23.9809
21.3352
17.8938
13.8454
9.6471
5.49193
1.57941
-1.91133
-4.73874
-6.8806
-9.09003
-6.27424
-8.3497
-3.69859
-7.30375
-7.22069
-4.56608
-6.07636
-3.96043
-2.49798
-0.172247
2.74805
5.92262
9.24639
12.5859
15.7161
18.3109
20.2845
21.3049
21.2935
20.2629
18.2692
15.6591
12.5074
9.14343
5.79679
2.5948
-0.351652
-2.69858
-4.1739
-6.32196
-4.79438
-7.47594
-7.54997
-6.88942
-6.49748
-4.30986
-4.15178
-2.09404
-0.98797
1.10671
3.51633
6.03855
8.74539
11.4006
13.8189
15.8151
17.3044
18.0602
18.0516
17.2839
15.7727
13.7648
11.3305
8.65266
5.92754
3.38055
0.947087
-1.1619
-2.28138
-4.37026
-4.53156
-6.73181
-7.11092
-4.7389
-5.22369
-3.89688
-3.0996
-1.25389
-0.128752
1.81839
3.74532
5.83227
8.05771
10.107
12.0577
13.6552
14.8085
15.3894
15.3824
14.7908
13.6158
12.0049
10.0424
7.9696
5.72304
3.62546
1.67406
-0.28731
-1.41621
-3.29293
-4.08827
-5.42595
-4.94265
-2.86535
-3.50615
-2.79368
-2.30451
-0.883096
0.335319
1.98607
3.57317
5.31748
7.15678
8.89813
10.4689
11.7382
12.6417
13.1037
13.0976
12.629
11.7084
10.4221
8.83233
7.0788
5.21047
3.45543
1.85751
0.187657
-1.02912
-2.47062
-2.95687
-3.67935
-3.0248
-1.71979
-2.04971
-1.45307
-1.35288
-0.388776
0.688406
2.00934
3.34161
4.85701
6.26297
7.76299
9.07685
10.0874
10.8225
11.2059
11.1979
10.8076
10.0605
9.03158
7.69839
6.17729
4.76308
3.23754
1.89573
0.552733
-0.521019
-1.49446
-1.58855
-2.20964
-1.84524
-1.26427
-1.17751
-0.515514
-0.457465
0.205283
1.12488
2.06394
3.12812
4.33325
5.61457
6.74906
7.80034
8.65753
9.29552
9.62373
9.61292
9.27226
8.62458
7.75055
6.69633
5.53151
4.25771
3.02507
1.96318
1.00652
0.0909432
-0.586643
-0.622979
-1.33238
-1.41267
-1.0521
-0.646522
-0.217974
0.0928993
0.550978
1.37807
1.98682
3.10382
3.98119
5.00316
5.84623
6.69595
7.40034
7.93746
8.19774
8.18833
7.91002
7.37538
6.63719
5.82578
4.91463
3.90502
3.00866
1.90295
1.28398
0.456617
-0.0287767
-0.324565
-0.797723
-1.2166
-0.773345
-0.3129
-0.217621
0.396971
0.650894
1.42235
1.94969
2.99253
3.61904
4.5881
5.01066
5.87677
6.33416
6.7512
6.92545
6.92188
6.72206
6.33891
5.79843
5.03802
4.47013
3.54745
2.92489
1.88731
1.33075
0.546796
0.277612
-0.328266
-0.440203
-0.918392
-0.0518036
-0.0209019
-0.0675309
0.613281
0.797806
1.56212
1.7772
2.85821
3.19933
4.22431
4.3064
5.22276
5.42513
5.78605
5.88246
5.88892
5.74416
5.46861
5.12394
4.35531
4.11597
3.13396
2.75088
1.74888
1.47049
0.697709
0.50818
-0.162473
-0.124621
-0.142341
0.577443
0.615337
0.222542
0.812294
0.755634
1.73044
1.63562
2.59737
2.70047
3.7191
3.68373
4.55167
4.57721
4.97518
5.00653
5.03332
4.91096
4.64835
4.46523
3.7385
3.64262
2.64892
2.54185
1.60228
1.57872
0.667495
0.720523
0.151321
0.506394
0.507349
0.0561466
1.1014
0.542582
1.30456
0.614981
1.69318
1.45762
2.30432
2.29987
3.06053
3.01893
3.81129
3.76415
4.19649
4.17407
4.22547
4.11502
3.83947
3.73741
3.07154
3.07153
2.23191
2.27385
1.35909
1.54521
0.576456
1.23332
0.468516
0.998273
-0.0392868
-0.0660377
0.713132
0.495752
1.27444
0.743385
1.49382
1.28452
1.98628
1.86031
2.59146
2.45617
3.10328
3.01432
3.43015
3.37121
3.43133
3.35019
3.08805
3.03256
2.50726
2.58066
1.90066
1.94549
1.15146
1.41719
0.627121
1.23181
0.422445
0.633668
-0.129974
0.973918
0.96802
0.0878424
1.05052
0.638785
1.38227
1.10246
1.73808
1.36527
2.17539
1.94522
2.55803
2.36343
2.72775
2.64779
2.70297
2.66542
2.43772
2.48297
2.01303
2.16989
1.43788
1.73421
0.93833
1.27154
0.552871
1.01454
0.0246648
0.910092
0.892737
1.27448
1.6595
0.135382
0.769695
0.516681
1.13679
0.789477
1.42821
1.05934
1.80515
1.43785
2.0338
1.79817
2.09374
2.01035
2.05707
2.05288
1.85858
1.97106
1.50014
1.79306
1.08364
1.41948
0.732006
1.05963
0.448578
0.743616
0.102383
1.58183
1.17289
-0.180029
0.451741
0.580412
0.548833
0.394128
0.785954
0.566091
1.08373
0.727873
1.28899
1.0277
1.4325
1.28377
1.48365
1.4188
1.45323
1.46186
1.30369
1.4149
1.04041
1.29789
0.734681
1.07943
0.514779
0.767219
0.343679
0.572426
0.597557
0.351102
-0.279454
-0.826982
-0.663636
-0.0458241
0.241324
-0.0405085
0.418776
0.252392
0.672147
0.435931
0.664574
0.624497
0.834825
0.759675
0.883723
0.842248
0.862184
0.875101
0.75421
0.851844
0.592877
0.698675
0.431113
0.688649
0.193432
0.432305
-0.0779403
0.327409
0.11822
-0.871273
-0.93241
-0.453195
-0.442893
-0.412352
0.133566
-0.287531
0.228475
-0.0322316
0.240849
0.118036
0.234882
0.201531
0.283614
0.252739
0.306215
0.287688
0.294458
0.304977
0.247427
0.296668
0.188213
0.250362
0.123716
0.250246
-0.0924298
0.230551
-0.272949
0.169711
-0.378941
-0.488042
-0.490342
)
;

boundaryField
{
    INLET
    {
        type            zeroGradient;
    }
    OUTLET
    {
        type            fixedValue;
        value           uniform 0;
    }
    WALL
    {
        type            zeroGradient;
    }
    CYLINDER
    {
        type            zeroGradient;
    }
    frontAndBackPlanes
    {
        type            empty;
    }
}


// ************************************************************************* //
