/*--------------------------------*- C++ -*----------------------------------*\
| =========                 |                                                 |
| \\      /  F ield         | OpenFOAM: The Open Source CFD Toolbox           |
|  \\    /   O peration     | Version:  v1912                                 |
|   \\  /    A nd           | Website:  www.openfoam.com                      |
|    \\/     M anipulation  |                                                 |
\*---------------------------------------------------------------------------*/
FoamFile
{
    version     2.0;
    format      ascii;
    class       volScalarField;
    location    "0.42";
    object      p;
}
// * * * * * * * * * * * * * * * * * * * * * * * * * * * * * * * * * * * * * //

dimensions      [0 2 -2 0 0 0 0];


internalField   nonuniform List<scalar> 
6600
(
461.258
456.522
454.073
452.596
451.519
450.783
450.088
449.326
448.529
447.766
447.018
446.225
445.385
444.516
443.565
442.635
441.672
440.623
439.487
438.127
436.471
434.729
432.891
430.695
428.066
425.111
421.789
417.937
413.202
407.298
400.168
391.823
381.944
370.164
355.969
339.185
319.18
295.362
267.116
233.766
194.64
148.946
95.8179
34.4408
-36.5675
-118.401
-210.528
-313.751
-434.657
-568.864
458.083
453.074
451.342
449.704
448.246
447.013
445.886
444.78
443.687
442.624
441.543
440.362
439.121
437.856
436.454
434.919
433.265
431.475
429.484
427.615
425.232
422.418
419.345
415.921
411.97
407.392
402.154
396.312
389.534
381.438
371.833
360.775
347.912
332.773
314.917
293.755
268.998
240.11
206.39
167.158
121.755
69.3401
8.80239
-60.4159
-140.135
-231.112
-332.927
-445.438
-573.793
-715.471
453.752
448.51
447.5
445.598
443.849
442.297
440.83
439.417
438.05
436.64
435.175
433.635
432
430.24
428.357
426.275
424.014
421.554
418.683
415.558
412.255
408.417
404.045
399.209
393.839
387.79
380.757
372.661
363.512
352.954
340.566
326.253
309.785
290.863
268.968
243.316
213.634
179.393
139.829
94.4373
42.5359
-16.8488
-84.7026
-162.016
-249.787
-349.132
-459.676
-580.236
-711.984
-853.018
448.679
443.205
442.619
440.187
438.314
436.586
434.864
433.138
431.438
429.681
427.793
425.787
423.662
421.365
418.858
416.088
413.03
409.732
406.231
402.087
397.536
392.482
386.795
380.429
373.312
365.387
356.458
346.037
334.19
320.727
305.327
287.708
267.638
244.655
218.319
187.967
153.195
113.401
68.1794
16.665
-41.7925
-108.084
-183.209
-267.95
-362.936
-469.447
-587.16
-713.569
-846.234
-983.155
443.021
437.222
436.928
433.772
431.974
430.107
428.179
426.173
424.061
421.854
419.508
416.984
414.26
411.301
408.104
404.629
400.781
396.426
391.704
386.495
380.647
374.21
367.098
359.196
350.429
340.359
329.033
316.341
301.991
285.578
266.867
245.717
221.781
194.522
163.533
128.538
88.8493
43.6997
-7.41152
-64.9321
-129.669
-202.433
-283.875
-374.79
-475.803
-587.969
-710.762
-840.963
-973.406
-1105.29
436.689
430.624
430.674
426.86
425.324
423.191
420.938
418.638
416.199
413.555
410.687
407.59
404.225
400.494
396.406
391.934
387.098
381.857
376.029
369.634
362.417
354.36
345.463
335.638
325.136
312.96
299.272
283.883
266.582
247.167
225.284
200.612
172.853
141.55
106.217
66.4386
21.7165
-28.5324
-84.8591
-147.885
-218.249
-296.596
-383.471
-479.317
-584.644
-700.557
-826.7
-959.538
-1090.97
-1216.26
429.708
423.603
423.905
419.513
418.282
415.684
413.157
410.544
407.742
404.711
401.39
397.746
393.726
389.314
384.475
379.089
373.072
366.469
359.297
351.602
342.929
333.354
322.72
310.948
297.92
283.441
267.405
249.531
229.42
206.789
181.566
153.411
121.918
86.6304
47.0513
2.79714
-46.4629
-101.386
-162.636
-230.533
-305.593
-388.353
-479.146
-578.43
-686.589
-804.559
-932.393
-1066.65
-1196.31
-1312.59
422.189
416.254
416.586
411.698
410.688
407.408
404.816
401.924
398.719
395.212
391.381
387.152
382.46
377.297
371.657
365.379
358.51
350.862
342.373
333.038
322.73
311.455
298.973
285.183
269.941
253.043
234.327
213.591
190.644
165.123
136.696
105.028
69.8211
30.7679
-12.5899
-60.7952
-114.269
-173.368
-238.456
-310.143
-388.863
-474.909
-568.589
-670.076
-779.589
-898.132
-1026.24
-1160.55
-1286.98
-1391.45
414.17
408.541
408.81
403.535
402.74
398.691
396.163
392.868
389.234
385.218
380.803
375.911
370.523
364.6
358.052
350.742
342.648
333.853
324.151
313.436
301.643
288.712
274.444
258.596
241.08
221.763
200.586
177.221
151.327
122.701
91.1546
56.3244
17.8442
-24.6693
-71.6029
-123.338
-180.172
-242.569
-311.01
-385.665
-466.871
-554.994
-650.141
-752.538
-862.384
-980.365
-1106.97
-1239.25
-1361
-1451.6
405.667
400.507
400.558
395.425
394.656
390.005
387.542
383.602
379.43
374.813
369.701
364.057
357.839
350.974
343.476
335.266
326.163
316.083
305.058
292.865
279.444
264.742
248.723
231.163
211.748
190.213
166.425
140.384
111.914
80.6202
46.1799
8.358
-33.1695
-78.7271
-128.625
-183.208
-242.849
-307.834
-378.34
-454.833
-537.594
-626.785
-722.559
-824.881
-933.862
-1050.21
-1174.01
-1301.72
-1417.15
-1492.64
396.817
392.478
392.202
387.487
386.439
381.706
378.813
374.408
369.765
364.541
358.731
352.308
345.206
337.394
328.76
319.3
309.037
297.722
285.337
271.802
256.909
240.498
222.476
202.865
181.476
158.086
132.424
104.142
73.0503
39.117
2.10419
-38.2706
-82.2866
-130.264
-182.554
-239.435
-301.082
-367.747
-439.82
-517.412
-600.689
-689.865
-784.962
-886.08
-993.312
-1107.04
-1226.69
-1348.36
-1455.71
-1515.85
388.124
384.651
384.028
379.842
378.205
373.571
370.386
365.427
360.285
354.494
348.046
340.895
332.962
324.243
314.687
304.127
292.559
279.971
266.112
250.975
234.519
216.602
196.974
175.519
152.119
126.536
98.6848
68.4491
35.5221
-0.471416
-39.67
-82.2336
-128.409
-178.444
-232.552
-290.941
-353.87
-421.591
-494.163
-571.827
-654.767
-743.077
-836.827
-935.881
-1040.21
-1150.18
-1265.42
-1380.14
-1477.2
-1523.05
380
377.366
376.386
372.556
370.383
365.839
362.528
356.995
351.469
345.149
338.123
330.314
321.658
312.028
301.457
289.874
277.138
263.291
248.234
231.725
213.664
193.988
172.608
149.371
124.177
96.9105
67.2814
35.0415
0.099702
-37.7097
-78.6574
-122.918
-170.69
-222.141
-277.474
-336.93
-400.612
-468.569
-541.086
-618.262
-700.074
-786.608
-877.839
-973.833
-1074.59
-1180.14
-1289.89
-1397.62
-1484.74
-1517.96
372.804
370.694
369.481
365.951
363.412
358.757
355.399
349.207
343.418
336.682
329.125
320.707
311.389
301.102
289.702
277.201
263.504
248.429
232.007
214.214
194.887
173.861
151
126.201
99.2097
69.9345
38.4415
4.59511
-31.9012
-71.3076
-113.772
-159.41
-208.355
-260.823
-316.987
-376.848
-440.542
-508.269
-580.012
-655.812
-735.765
-819.852
-908.097
-1000.31
-1096.44
-1196.72
-1300.25
-1400.92
-1480.1
-1503.51
366.643
365.061
363.722
360.451
357.671
352.792
349.503
342.507
336.673
329.492
321.471
312.539
302.59
291.636
279.527
266.217
251.679
235.832
218.414
199.351
178.633
156.197
131.905
105.727
77.5444
47.0379
13.9916
-21.5608
-59.6151
-100.338
-143.918
-190.604
-240.587
-293.844
-350.343
-410.298
-473.769
-540.705
-611.197
-685.263
-762.842
-843.917
-928.284
-1015.88
-1106.58
-1200.69
-1296.17
-1387.59
-1457.45
-1478.03
362.004
360.712
359.321
356.162
353.295
348.565
344.463
337.407
331.551
323.947
315.523
306.139
295.745
284.217
271.553
257.59
242.16
225.368
207.158
187.312
165.685
142.204
116.759
89.2215
59.5259
27.674
-6.51535
-43.2024
-82.542
-124.62
-169.445
-216.969
-267.31
-320.755
-377.473
-437.247
-500.018
-565.859
-634.759
-706.632
-781.329
-858.796
-939.102
-1021.75
-1106.1
-1192.71
-1278.06
-1355.86
-1410.37
-1429.93
359.011
357.831
356.363
353.332
350.327
345.597
340.985
334.605
328.103
320.343
311.65
301.907
291.1
279.116
265.927
251.482
235.633
218.157
199.015
178.211
155.646
131.21
104.869
76.4917
45.9493
12.9976
-22.3209
-60.0803
-100.3
-143.086
-188.599
-236.955
-288.165
-342.082
-398.607
-457.896
-519.954
-584.641
-651.815
-721.323
-793.126
-866.977
-942.473
-1019.47
-1097.63
-1175.27
-1248.01
-1307.78
-1341.33
-1357.12
357.654
356.428
354.927
351.816
348.851
344.137
339.407
333.217
326.53
318.702
309.947
300.079
289.053
276.785
263.177
248.15
231.754
213.891
194.338
172.972
149.707
124.459
97.0916
67.629
36.1314
2.42039
-33.7578
-72.3851
-113.566
-157.365
-203.661
-252.4
-303.631
-357.489
-413.999
-472.979
-534.232
-597.648
-663.119
-730.464
-799.208
-869.191
-940.292
-1011.66
-1083.2
-1151.75
-1212.16
-1254.6
-1268.69
-1278.22
357.98
356.472
354.931
351.813
348.817
344.203
339.632
333.463
326.861
319.07
310.317
300.461
289.426
277.119
263.46
248.263
231.396
212.905
192.766
170.86
147.055
121.271
93.3865
63.2419
30.8956
-3.72315
-40.7227
-80.0698
-121.769
-165.97
-212.814
-262.198
-314.037
-368.221
-424.64
-483.209
-543.848
-606.35
-670.422
-735.679
-802.014
-868.96
-935.982
-1002.35
-1067.11
-1126.78
-1176.22
-1207.38
-1216.13
-1219.95
359.756
357.796
356.303
353.133
350.326
345.687
341.342
335.388
329.054
321.433
312.848
303.13
292.196
279.925
266.247
251.106
234.331
215.725
195.255
172.886
148.513
122.017
93.4186
62.6081
29.5992
-5.76404
-43.4537
-83.5186
-126.1
-171.029
-218.359
-268.085
-320.179
-374.536
-431.013
-489.497
-549.817
-611.661
-674.669
-738.634
-802.905
-867.06
-930.629
-993.69
-1053.9
-1106.84
-1146.67
-1167.67
-1179.1
-1179.85
362.639
360.267
358.885
355.58
353.07
348.466
344.836
338.591
332.762
325.501
317.266
307.922
297.333
285.393
271.905
256.787
240.006
221.399
200.841
178.251
153.608
126.756
97.6346
66.2562
32.4858
-3.68848
-42.2799
-82.792
-126.02
-171.729
-219.826
-270.198
-322.705
-377.4
-434.216
-492.943
-553.234
-614.889
-677.553
-740.562
-803.886
-867.238
-929.607
-989.903
-1045.38
-1092.76
-1124.77
-1135.42
-1143.71
-1145.77
366.666
363.609
362.508
358.941
356.902
352.456
348.875
343.476
337.821
331.051
323.237
314.448
304.292
292.909
279.937
265.292
248.805
230.341
209.827
187.128
162.165
134.94
105.358
73.4079
39.0729
2.21908
-37.128
-78.7839
-122.697
-168.911
-217.583
-268.628
-322.029
-377.502
-434.836
-493.848
-554.608
-616.697
-679.566
-742.922
-805.988
-868.54
-930.043
-988.69
-1041.18
-1081.83
-1104.54
-1112.26
-1113.84
-1118.5
371.179
367.582
366.619
363.256
361.167
357.379
353.849
349.159
344.003
337.881
330.741
322.477
312.833
302.353
289.78
275.672
259.757
241.673
221.384
198.846
173.916
146.49
116.59
84.1296
49.0873
11.5677
-28.5018
-71.1504
-116.2
-163.55
-213.292
-265.179
-319.021
-374.993
-433.105
-493.24
-554.843
-617.761
-681.69
-745.806
-809.819
-873.16
-934.839
-991.938
-1041.03
-1074
-1084.62
-1093.83
-1093.1
-1098.33
375.874
371.975
371.06
367.981
365.864
362.684
359.466
355.39
350.799
345.36
339.016
331.593
322.881
312.881
301.309
287.898
272.949
255.464
235.512
213.094
188.201
160.692
130.504
97.6697
62.0926
23.7781
-17.2272
-60.7454
-106.738
-155.042
-205.727
-258.708
-313.859
-371.006
-430.069
-490.985
-553.827
-618.216
-683.565
-749.596
-815.548
-879.953
-941.164
-996.885
-1043.3
-1071.21
-1075.53
-1077.08
-1079.49
-1082.76
380.307
376.737
375.264
372.628
370.603
367.893
365.123
361.71
357.815
353.145
347.66
341.138
333.401
324.303
313.496
300.574
287.518
270.823
251.451
229.506
204.837
177.428
147.13
113.888
77.7946
38.8289
-3.00673
-47.7339
-95.215
-144.958
-196.974
-251.222
-307.529
-365.547
-425.542
-487.706
-552.009
-618.197
-685.989
-754.245
-822.142
-888.892
-951.195
-1005.88
-1044.64
-1060.93
-1071.62
-1066.45
-1069.58
-1071.48
384.098
381.276
379.176
377.333
375.222
372.952
370.602
367.675
364.464
360.631
356.136
350.708
344.148
336.264
326.738
315.178
301.704
287.452
268.729
247.35
223.133
195.891
165.615
132.109
95.3659
55.5663
12.7909
-32.9516
-81.6537
-133.111
-186.587
-242.398
-299.98
-359.464
-420.612
-483.748
-549.333
-617.459
-687.569
-759.357
-831.112
-899.647
-962.14
-1014.42
-1046.59
-1052.68
-1054.6
-1055.63
-1059.41
-1061.75
386.65
385.654
382.386
381.714
379.374
377.498
375.543
373.191
370.625
367.576
364.02
359.68
354.315
347.689
339.555
329.605
317.549
303.378
286.863
266.322
242.852
216.12
185.946
152.339
115.236
74.6496
30.6812
-16.3746
-66.5022
-119.708
-175.391
-233.265
-292.781
-353.657
-415.749
-479.552
-546.015
-615.919
-689.144
-764.86
-840.5
-912.289
-976.658
-1023.65
-1042.35
-1049.99
-1047
-1048.65
-1050.94
-1052.78
387.363
390.247
384.911
385.272
382.898
381.472
379.927
378.175
376.185
373.876
371.224
367.982
363.899
358.661
351.94
343.486
332.985
320.214
304.63
285.611
263.04
236.983
207.128
173.35
135.695
94.334
49.2176
0.524398
-51.4398
-106.287
-164.137
-224.008
-285.901
-348.693
-412.162
-476.481
-542.929
-613.593
-689.012
-768.472
-849.803
-926.125
-993.021
-1035.12
-1039.37
-1044.26
-1041.57
-1042.19
-1042.18
-1042.75
385.542
394.102
387.006
388.432
386.135
385.008
383.813
382.475
381.013
379.42
377.532
375.085
372.087
368.302
363.179
356.328
347.48
336.393
322.421
304.957
283.751
258.393
228.894
195.263
157.361
115.189
68.9299
18.6264
-35.4348
-93.1491
-153.558
-216.411
-280.712
-345.888
-410.913
-475.83
-541.619
-610.825
-686.73
-770.152
-859.176
-945.545
-1017.27
-1043.58
-1046.74
-1039.46
-1037.32
-1034.19
-1031.95
-1030.83
360.508
391.645
388.57
390.526
388.886
387.867
386.871
386.195
385.5
384.428
383.318
381.608
379.234
376.208
372.539
367.542
360.457
350.963
338.722
322.843
302.917
278.546
248.957
214.956
176.688
133.86
86.2326
34.1663
-21.7191
-81.8175
-145.154
-211.34
-278.678
-346.661
-414.229
-479.991
-544.927
-610.138
-682.454
-766.698
-858.4
-945.931
-1015.99
-1039.27
-1051.5
-1034.95
-1031.59
-1025.94
-1020.96
-1017.6
551.298
547.105
545.263
544.146
543.339
542.881
542.89
543.295
543.898
544.667
545.711
547.128
548.847
550.892
553.243
555.824
558.638
561.818
565.332
569.12
573.128
577.384
582.032
587.015
592.236
597.751
603.311
608.786
614.251
619.754
625.185
630.351
635.144
639.285
642.681
645.249
646.724
646.43
643.792
638.626
630.676
619.354
603.957
583.827
558.231
526.34
487.728
442.973
386.145
327.395
548.868
545.111
543.696
542.458
541.665
541.307
541.257
541.454
541.874
542.522
543.334
544.487
545.983
547.749
549.841
552.218
554.773
557.504
560.544
563.782
567.175
570.665
574.359
578.331
582.429
586.631
591.128
595.575
599.79
603.705
607.319
610.562
613.213
614.912
615.557
615.018
613.138
609.497
603.371
594.296
581.998
565.967
545.513
520.016
488.747
450.94
406.145
355.094
293.471
229.42
545.906
542.462
541.538
540.39
539.694
539.375
539.346
539.512
539.819
540.461
541.339
542.353
543.614
545.068
546.705
548.656
550.954
553.375
555.886
558.556
561.408
564.342
567.294
570.281
573.418
576.386
579.198
581.995
584.719
587.129
588.885
590.002
590.299
589.544
587.437
583.787
578.427
571.04
561.012
547.823
531.106
510.353
484.875
454.253
417.492
374.093
323.609
266.759
202.809
138.518
542.728
539.44
539.075
538.164
537.541
537.185
537.067
537.206
537.572
538.128
538.989
540.016
541.173
542.512
543.926
545.447
547.2
549.247
551.362
553.408
555.496
557.678
559.866
561.894
563.735
565.591
567.188
568.393
569.184
569.556
569.382
568.321
566.203
562.765
557.794
550.977
542.084
530.961
516.961
499.59
478.398
452.952
422.742
387.175
345.66
297.52
242.455
181.733
116.683
54.8036
539.411
536.257
536.245
535.399
534.911
534.592
534.456
534.493
534.842
535.405
536.141
537.027
538.004
539.103
540.355
541.667
542.992
544.31
545.874
547.52
548.924
550.216
551.424
552.599
553.438
553.704
553.676
553.352
552.429
550.776
548.175
544.691
540.059
533.93
526.055
516.176
503.943
488.99
471.035
449.694
424.452
394.804
360.338
320.639
275.306
223.683
165.563
102.65
37.411
-20.8402
535.911
532.924
533.124
532.026
531.61
531.356
531.247
531.276
531.466
531.839
532.385
533.126
533.966
534.811
535.713
536.634
537.629
538.473
539.134
539.923
540.647
541.098
541.193
540.951
540.681
540.024
538.587
536.417
533.502
529.804
525.031
519.052
511.711
502.809
492.058
479.103
463.614
445.275
423.758
398.757
369.928
336.849
299.091
256.358
208.418
154.755
95.1837
31.419
-32.9672
-86.2802
532.36
529.367
529.718
528.236
527.848
527.578
527.384
527.357
527.512
527.739
527.948
528.272
528.722
529.247
529.768
530.168
530.453
530.792
530.919
530.703
530.378
529.914
529.196
527.844
525.791
523.384
520.471
516.77
512.047
506.106
499.099
490.725
480.897
469.295
455.72
439.937
421.541
400.238
375.776
347.872
316.228
280.541
240.557
196.023
146.742
92.3678
32.5682
-30.8688
-92.9372
-139.698
528.428
525.431
525.82
524.106
523.864
523.453
523.17
522.956
522.838
522.86
522.909
522.889
522.806
522.709
522.661
522.57
522.253
521.641
520.894
519.83
518.337
516.429
514.283
511.869
508.711
504.749
499.971
494.333
487.744
479.982
470.821
460.186
447.897
433.81
417.694
399.281
378.37
354.702
327.969
297.948
264.438
227.222
186.085
140.86
91.3741
37.3135
-21.3137
-82.8245
-141.316
-180.119
523.952
521.009
521.334
519.725
519.438
518.895
518.481
518.22
517.927
517.55
517.193
516.814
516.335
515.641
514.762
513.755
512.699
511.414
509.68
507.595
505.154
502.166
498.447
494.273
489.412
483.787
477.359
469.9
461.268
451.476
440.312
427.7
413.38
397.124
378.852
358.397
335.493
309.98
281.664
250.33
215.812
177.98
136.735
91.8946
43.2478
-9.53483
-66.165
-124.452
-177.683
-207.377
518.987
516.328
516.476
514.855
514.521
513.892
513.307
512.76
512.283
511.745
511.044
510.185
509.211
508.083
506.672
504.905
502.692
500.289
497.57
494.292
490.447
486.202
481.26
475.541
469.221
461.896
453.538
444.214
433.794
422.096
409.043
394.434
378.196
360.201
340.194
318.074
293.79
267.156
237.973
206.1
171.425
133.855
93.2991
49.6794
2.82273
-47.6635
-101.423
-155.553
-202.695
-224.289
513.479
511.193
511.149
509.634
509.177
508.337
507.711
506.99
506.143
505.219
504.195
502.986
501.48
499.672
497.568
495.189
492.366
488.917
485.036
480.755
475.759
470.072
463.689
456.29
448.12
439.195
429.26
418.13
405.841
392.352
377.572
361.399
343.623
324.097
302.826
279.678
254.462
227.161
197.712
165.99
131.882
95.3145
56.2834
14.6886
-29.5891
-76.7536
-126.716
-176.517
-218.373
-234.12
507.426
505.394
505.175
503.942
503.488
502.469
501.564
500.693
499.646
498.343
496.835
495.156
493.252
491.004
488.318
485.029
481.3
477.019
472.036
466.482
460.293
453.356
445.61
437.081
427.443
416.72
405.084
392.422
378.581
363.454
347.037
329.265
310.176
289.637
267.45
243.608
218.106
190.809
161.653
130.609
97.645
62.7242
25.8064
-13.068
-53.9941
-97.2352
-142.131
-186.531
-223.279
-236.989
500.597
499.186
498.962
497.823
497.336
496.378
495.399
494.203
492.827
491.26
489.395
487.14
484.514
481.538
478.225
474.492
470.063
464.977
459.181
452.674
445.354
437.108
427.959
417.82
406.793
394.766
381.587
367.32
351.966
335.48
317.808
298.912
278.686
257.184
234.458
210.383
184.887
158.01
129.692
99.9114
68.6418
35.8967
1.73651
-33.8554
-70.8063
-109.22
-147.787
-184.198
-211.933
-224.814
493.587
492.698
492.635
491.661
491.057
489.981
489
487.716
486.08
484.174
481.99
479.451
476.434
472.855
468.608
463.913
458.716
452.873
446.203
438.609
430.272
420.992
410.806
399.566
387.149
373.678
359.197
343.616
326.906
309.134
290.251
270.277
249.319
227.326
204.235
180.124
155.023
128.898
101.775
73.5959
44.436
14.3501
-16.6157
-48.2817
-81.1205
-113.866
-144.548
-169.349
-183.379
-193.793
486.616
486.16
486.142
485.325
484.918
483.829
482.684
481.302
479.579
477.452
474.863
471.829
468.351
464.439
459.903
454.518
448.413
441.667
434.295
425.908
416.518
406.136
394.643
382.155
368.64
353.953
338.132
321.246
303.349
284.411
264.55
243.774
222.074
199.573
176.427
152.616
128.151
103.052
77.3009
51.0331
24.2215
-3.00243
-30.4211
-58.0689
-85.6069
-111.967
-135.324
-151.938
-158.035
-163.149
479.741
479.698
479.792
479.074
478.652
477.727
476.658
475.157
473.321
471.143
468.51
465.31
461.456
456.928
451.853
446.12
439.522
431.893
423.478
414.233
403.984
392.676
380.315
366.711
351.963
336.111
319.117
301.026
281.926
261.898
240.953
219.248
196.964
174.186
150.903
127.287
103.47
79.5382
55.488
31.1636
6.80204
-17.4957
-41.6798
-65.4294
-88.0451
-108.692
-125.591
-136.922
-144.281
-145.93
472.876
473.333
473.546
473.208
472.893
471.963
471.022
469.575
467.66
465.3
462.46
459.153
455.314
450.745
445.329
439.113
432.151
424.273
415.23
405.084
393.883
381.534
368.082
353.473
337.635
320.586
302.386
283.085
262.733
241.492
219.539
197.004
173.944
150.576
127.216
103.919
80.7782
57.8361
35.1573
12.9065
-9.12671
-30.9126
-52.1186
-72.405
-91.1949
-107.576
-119.91
-126.251
-131.365
-132.628
466.301
467.385
467.631
467.543
467.582
466.844
465.913
464.566
462.815
460.562
457.71
454.212
450.098
445.397
439.974
433.614
426.246
417.964
408.634
398.171
386.399
373.391
359.033
343.424
326.512
308.303
288.798
268.13
246.417
223.818
200.481
176.648
152.66
128.666
104.765
81.3266
58.5456
36.5878
15.442
-5.2338
-25.4016
-44.618
-62.9186
-80.3161
-96.0351
-108.399
-115.973
-121.892
-123.435
-124.957
459.755
461.645
462.206
462.388
462.614
462.226
461.583
460.336
458.644
456.446
453.739
450.442
446.393
441.544
435.98
429.66
422.378
413.992
404.484
393.747
381.603
368.037
352.962
336.427
318.56
299.286
278.523
256.479
233.235
209.008
184.105
158.826
133.318
107.927
83.0958
59.0803
36.2865
14.8058
-5.44253
-24.3743
-42.3016
-59.2672
-74.9571
-89.3997
-102.014
-111.565
-116.621
-119.668
-120.958
-121.525
453.81
456.177
456.961
457.671
458.303
458.277
458.025
457.087
455.647
453.588
450.868
447.566
443.675
439.023
433.478
427.084
419.811
411.562
402.171
391.536
379.497
365.913
350.669
333.638
314.853
294.32
272.244
248.622
223.643
197.525
170.508
143.069
115.767
88.7525
62.2617
36.9598
13.2774
-8.35992
-27.7805
-45.4548
-61.4263
-75.6052
-88.4183
-99.643
-108.607
-114.612
-119.309
-120.384
-121.251
-121.254
447.69
451.021
452.145
453.472
454.587
455.13
455.184
454.508
453.362
451.662
449.285
446.13
442.284
437.789
432.533
426.381
419.317
411.297
402.128
391.68
379.759
366.219
350.846
333.725
314.627
293.392
270.152
244.949
218.058
189.749
160.368
130.318
100.092
70.2974
41.3145
13.6561
-11.6054
-33.8986
-53.2432
-69.6158
-83.0581
-94.26
-103.538
-110.519
-114.947
-118.869
-121.38
-122.884
-123.625
-123.437
442.073
445.898
447.627
449.714
451.308
452.23
452.894
452.697
451.868
450.357
448.297
445.56
442.032
437.729
432.723
426.912
420.199
412.529
403.848
393.951
382.617
369.664
354.811
337.826
318.359
296.644
272.485
245.981
217.213
186.427
154.007
120.629
87.1241
53.894
21.44
-9.54988
-38.1134
-62.792
-82.5178
-97.5649
-108.559
-116.007
-120.299
-121.783
-122.966
-124.31
-126.021
-127.603
-128.35
-128.21
435.404
440.781
442.863
445.821
448.069
449.412
450.61
451.101
450.956
449.884
448.087
445.649
442.524
438.648
434.006
428.656
422.495
415.397
407.29
398.012
387.314
374.926
360.822
344.461
325.495
303.878
279.295
251.74
221.207
188.021
152.651
115.517
77.4167
39.5491
2.33528
-33.6617
-66.8822
-95.293
-117.069
-131.581
-139.014
-140.988
-138.914
-136.142
-134.429
-133.7
-134.142
-134.85
-135.118
-135.022
428.022
434.929
437.34
441.751
444.975
447.094
448.759
449.751
450.26
449.92
448.62
446.494
443.642
440.11
435.812
430.807
425.158
418.735
411.471
403.229
393.754
382.696
369.77
354.409
336.475
315.237
290.718
262.627
230.847
195.348
156.493
115.14
72.2471
28.7694
-14.2935
-56.677
-96.9267
-132.297
-158.668
-173.159
-175.886
-169.521
-161.025
-155.386
-151.226
-148.116
-145.339
-143.264
-142.084
-141.797
419.212
428.612
431.622
436.9
441.224
444.666
447.307
449.033
450.094
450.322
449.605
447.924
445.379
442.099
438.165
433.558
428.35
422.515
415.983
408.682
400.366
390.782
379.471
365.934
349.602
329.736
306.136
278.506
246.173
209.095
167.464
121.812
73.1647
22.9088
-27.7209
-78.0157
-127.93
-173.219
-206.391
-222.982
-219.476
-204.07
-190.042
-178.495
-170.281
-163.078
-156.413
-150.828
-147.425
-146.336
409.335
421.004
424.546
432.064
437.412
441.987
445.816
448.507
450.184
450.894
450.731
449.519
447.313
444.223
440.425
436.027
431.098
425.753
419.943
413.68
406.795
398.948
389.747
378.786
365.036
347.707
325.812
299.069
267.153
229.211
185.038
135.368
81.341
24.1423
-34.7021
-94.4736
-155.129
-212.946
-260.1
-280.281
-267.665
-244.058
-219.891
-201.37
-185.91
-173.456
-163.369
-154.54
-149.021
-146.723
397.02
412.814
416.161
426.112
432.844
438.798
443.983
447.796
450.478
451.941
452.295
451.527
449.592
446.673
442.973
438.643
433.799
428.629
423.2
417.651
411.929
405.745
398.816
390.578
380.225
366.642
348.382
324.396
294.456
257.273
211.683
158.267
98.4947
33.8169
-34.3501
-104.645
-178.05
-250.974
-312.122
-337.59
-317.702
-278.512
-248.903
-225.18
-205.93
-188.796
-172.737
-158.475
-148.434
-143.257
382.276
402.757
406.629
419.001
427.553
435.357
441.946
446.875
450.601
452.979
453.982
453.592
451.845
449.05
445.251
440.827
435.828
430.548
425.216
420.07
415.285
410.713
406.151
401.012
394.717
385.737
372.39
352.604
325.385
290.431
245.612
190.11
125.547
53.806
-23.1301
-104.926
-191.012
-276.641
-350.236
-375.626
-356.725
-307.594
-276.6
-251.776
-230.883
-211.516
-191.352
-171.726
-156.921
-148.693
363.613
391.676
395.636
410.497
420.886
431.174
439.644
445.724
450.388
453.763
455.874
455.938
454.489
451.866
447.933
443.228
437.856
432.163
426.569
421.368
417.09
413.795
410.987
408.904
406.206
402.147
394.599
381.474
359.996
329.463
287.482
231.285
162.114
83.2372
-3.34478
-96.9256
-196.077
-294.927
-363.184
-391.118
-369.649
-330.013
-298.926
-274.036
-253.192
-234.773
-214.067
-191.616
-174.272
-164.877
330.173
372.73
384.944
401.167
413.762
426.095
436.313
443.91
450.438
454.512
456.512
457.76
456.971
454.127
449.786
444.305
438.648
432.51
426.33
420.787
416.298
413.572
413.078
413.74
414.132
415.67
416.521
411.922
398.356
372.595
333.469
278.596
205.835
119.225
23.6809
-78.9161
-183.36
-285.353
-349.258
-373.294
-365.016
-341.677
-315.685
-292.058
-271.543
-254.051
-235.579
-214.836
-198.754
-190.065
322.249
356.03
376.224
392.213
406.21
420.996
434.651
444.817
452.37
458.526
461.311
462.135
461.231
458.018
453.186
446.376
438.964
431.498
423.875
417.122
411.678
408.152
408.132
411.271
416.26
421.953
429.104
434.571
431.025
413.787
379.904
326.475
249.958
152.019
43.9023
-70.1079
-196.04
-296.271
-353.46
-367.039
-362.055
-346.945
-325.975
-303.789
-283.58
-266.668
-250.81
-235.57
-226.641
-223.528
333.282
356.636
374.539
392.144
408.69
423.688
437.189
449.841
457.517
463.104
466.482
466.546
464.255
459.684
453.851
446.423
437.599
428.349
419.182
411.677
406.214
403.708
406.754
412.601
419.871
433.236
449.419
461.411
465.433
453.323
419.34
356.414
261.725
141.505
12.2058
-119.6
-234.381
-314.306
-356.024
-368.298
-365.801
-353.172
-333.948
-313.167
-293.761
-279.188
-267.734
-258.788
-258.204
-263.376
343.216
364.476
382.946
401.143
418.986
434.956
447.489
457.764
464.536
468.821
470.14
468.373
464.471
458.433
450.218
440.834
430.596
420.173
410.245
402.103
398.727
399.811
404.702
414.795
430.992
451.304
475.36
496.553
510.064
503.575
463.518
379.823
252.225
99.2348
-52.4297
-180.143
-276.884
-338.298
-370.423
-382.287
-379.751
-367.064
-348.325
-328.07
-309.278
-297.496
-291.985
-289.53
-296.665
-309.584
348.764
371.2
390.978
412.057
431.6
447.869
459.589
467.658
473.592
475.308
473.549
468.908
461.224
452.084
441.405
429.387
416.598
403.829
392.799
385.732
383.08
387.105
400.522
419.985
441.57
469.482
510.789
552.855
578.663
572.77
512.378
390.762
215.917
37.3028
-117.583
-236.701
-320.778
-373.561
-401.778
-411.133
-405.88
-391.493
-372.912
-352.305
-335.201
-326.802
-327.442
-333.329
-348.413
-367.687
348.842
375.667
400.427
423.052
442.036
459.642
473.08
478.769
481.275
480.634
475.467
467.271
456.641
443.34
428.056
411.93
395.37
379.415
365.367
356.104
356.518
369.515
391.518
412.06
445.287
501.583
568.992
633.689
660.266
625.619
522.339
361.559
154.073
-43.3499
-197.338
-310.407
-388.997
-439.067
-463.815
-469.103
-462.643
-446.273
-423.869
-400.874
-383.273
-376.285
-380.585
-393.778
-417.518
-443.415
349.006
380.285
406.956
432.912
456.121
473.366
483.415
488.522
488.792
484.473
475.447
462.579
447.18
429.879
410.09
388.615
366.308
343.686
324.785
315.457
320.314
335.668
355.957
399.917
463.617
549.178
631.481
686.407
686.97
608.654
456.729
255.856
40.0794
-162.462
-320.171
-430.942
-504.184
-548.457
-568.223
-567.974
-553.847
-531.251
-504.847
-479.503
-461.114
-454.872
-461.053
-478.492
-508.625
-541.547
342.322
380.53
414.443
442.137
466.539
485.591
494.284
495.083
490.148
481.011
468.792
452.623
432.772
408.809
382.057
353.85
323.766
293.202
267.35
252.864
250.555
266.853
316.989
394.199
479.431
561.232
632.269
648.514
589.351
456.884
272.497
60.6996
-153.205
-344.024
-492.77
-597.248
-664.111
-698.725
-709.214
-698.842
-674.85
-644.547
-614.095
-587.454
-568.409
-562.004
-569.498
-590.038
-624.92
-664.532
327.054
375.938
415.731
452.583
481.341
495.775
499.229
494.373
483.436
469.177
451.837
430.258
405.337
375.804
341.727
303.025
259.949
214.899
172.444
141.214
140.34
186.995
272.526
361.197
452.323
515.198
520.091
473.816
362.031
201.386
4.06103
-207.938
-410.654
-584.326
-717.929
-811.993
-863.152
-883.199
-879.623
-856.33
-821.365
-782.798
-747.415
-718.705
-698.646
-691.757
-700.357
-724.394
-764.045
-809.952
283.144
349.068
404.789
454.061
478.05
484.343
481.652
475.406
462.952
446.818
425.016
396.991
363.879
324.139
279.173
227.167
163.28
86.7872
15.7135
-17.5508
8.13585
96.6635
202.924
309.585
362.353
371.318
330.918
236.897
92.1269
-92.3451
-302.518
-514.845
-706.115
-861.09
-974.106
-1046.27
-1080.85
-1085.27
-1067.36
-1032.86
-988.362
-941.518
-900.002
-867.741
-846.368
-839.056
-847.537
-872.384
-913.932
-964.652
125.996
254.059
361.432
418.671
442.869
447.18
442.815
434.575
422.524
404.632
379.241
345.577
304.829
254.295
191.701
113.685
11.0977
-103.638
-190.387
-217.255
-140.182
-8.07958
114.805
171.782
195.732
171.394
92.5034
-29.5301
-198.451
-402.836
-623.315
-832.581
-1008.13
-1140.46
-1228.77
-1279.59
-1296.27
-1286.38
-1256.63
-1213.12
-1160.79
-1106.96
-1059.85
-1023.92
-1000.77
-992.878
-1000.99
-1025.09
-1064.97
-1118.43
-99.9866
105.997
264.671
345.194
375.084
379.112
370.423
357.068
349.578
337.412
311.648
272.083
221.078
158.082
74.1674
-40.1376
-186.744
-341.768
-456.292
-437.858
-299.238
-156.872
-64.7634
-28.7307
-25.8846
-71.5869
-171.615
-316.093
-504.456
-726.315
-951.74
-1148.67
-1300.94
-1407.55
-1473.73
-1500.14
-1499.55
-1476.64
-1436.83
-1385
-1325.62
-1265.95
-1214.15
-1174.62
-1148.87
-1139.23
-1145.91
-1169.01
-1206.96
-1249.48
-180.84
21.8769
157.074
218.586
232.542
222.612
205.332
202.599
215.131
225.144
213.054
176.974
119.574
38.1985
-70.7655
-223.364
-420.956
-625.01
-746.638
-656.634
-501.894
-354.289
-283.724
-248.313
-252.359
-313.918
-428.235
-591.14
-801.681
-1041.08
-1266.29
-1443.1
-1566.11
-1644.11
-1685.13
-1694.23
-1678.9
-1644.96
-1596.69
-1537.6
-1472.18
-1407.62
-1351.78
-1308.62
-1279.15
-1266.34
-1269.96
-1289.28
-1321.98
-1354.42
-132.099
-32.4412
9.9122
11.4593
-15.5871
-55.4235
-72.77
-38.9358
19.1276
69.744
83.2855
56.7698
2.15989
-87.3248
-229.175
-417.208
-658.399
-894.922
-991.834
-871.675
-688.369
-550.041
-466.114
-425.168
-438.522
-509.629
-640.335
-826.749
-1054.56
-1303.8
-1528.36
-1688.68
-1789.5
-1848.4
-1873.62
-1867.13
-1834.87
-1786.82
-1728.92
-1663.01
-1592.29
-1522.95
-1463.39
-1416.82
-1382.83
-1365.51
-1364.07
-1377.05
-1402.44
-1426.72
-53.3604
-51.9005
-119.082
-224.408
-348.953
-439.251
-455.039
-349.609
-192.61
-87.2331
-44.4884
-54.3411
-103.032
-201.981
-351.359
-562.17
-820.975
-1052.11
-1138.29
-1006.75
-795.474
-649.508
-571.767
-542.516
-561.662
-646.154
-794.469
-997.894
-1239.4
-1498.91
-1727.23
-1879.77
-1969.44
-2019.8
-2040.38
-2021.15
-1969.72
-1902.21
-1830.53
-1756.76
-1680.17
-1606.82
-1543.24
-1492.45
-1455.02
-1432.1
-1424.12
-1429.73
-1446.57
-1462.09
81.6209
-12.4541
-198.712
-458.145
-773.948
-994.361
-923.385
-655.261
-382.903
-197.158
-119.082
-116.836
-146.427
-241.411
-389.443
-590.208
-828.232
-1029.75
-1090.66
-975.929
-783.121
-653.109
-593.387
-577.051
-611.424
-709.032
-868.608
-1084.6
-1342.36
-1619.74
-1863
-2018.43
-2107.97
-2162.64
-2182.52
-2147.24
-2075.36
-1989.08
-1901.9
-1816.49
-1733.51
-1655.92
-1588.48
-1533.55
-1491.66
-1463.05
-1447.3
-1447.26
-1455.43
-1462.75
209.156
69.2606
-132.335
-445.018
-856.679
-1176.05
-1067.71
-724.601
-431.893
-231.64
-122.176
-92.8317
-117.305
-191.502
-315.133
-483.197
-673.004
-831.275
-865.962
-791.491
-661.266
-570.211
-533.257
-536.468
-591.795
-698.823
-866.312
-1085.61
-1351.24
-1640.08
-1896.86
-2061.95
-2161.05
-2227.12
-2251.25
-2206.47
-2123.25
-2028.25
-1932.26
-1839.33
-1750.13
-1668.81
-1598.43
-1539.92
-1494.1
-1460.27
-1437.59
-1429.47
-1431.85
-1437.61
307.132
213.171
60.0991
-188.993
-469.035
-658.994
-626.349
-446.725
-254.367
-118.491
-39.3583
0.669605
-15.6284
-68.8697
-157.119
-273.71
-400.593
-501.504
-554.069
-531.886
-466.882
-428.397
-425.662
-457.663
-528.418
-637.124
-798.445
-1009.55
-1272.81
-1560.81
-1823.86
-2001.36
-2110.28
-2184.47
-2212.68
-2169.75
-2089.24
-2000.22
-1906.96
-1814.9
-1725.9
-1645.22
-1574.62
-1515.22
-1466.3
-1426.64
-1398.33
-1384.03
-1383.46
-1396.43
379.163
323.514
229.021
88.12
-61.0339
-156.715
-155.091
-74.8706
30.2468
93.5283
123.737
138.83
130.703
93.2475
29.0696
-51.2728
-137.009
-213.521
-264.308
-276.656
-266.367
-276.744
-307.026
-360.977
-434.27
-539.558
-685.208
-882.062
-1129.32
-1405.38
-1667.38
-1857.26
-1971.98
-2046.93
-2079.15
-2044.51
-1975.73
-1901.87
-1821.48
-1737.67
-1658.7
-1585.63
-1521.65
-1465.39
-1416.68
-1375.71
-1344.1
-1324.03
-1317.27
-1336.25
409.808
380.886
331.726
262.903
193.559
163.74
160.677
179.602
219.012
254.091
267.653
265.931
259.112
238.161
194.956
136.381
73.847
15.2641
-29.8276
-63.5428
-96.0357
-136.728
-187.337
-250.29
-330.551
-437.045
-567.262
-737.204
-950.13
-1201.76
-1451.15
-1652.78
-1776.52
-1844.95
-1870.94
-1848.5
-1797.03
-1740.25
-1676.55
-1609.64
-1549.79
-1493.67
-1444.53
-1397.63
-1354.45
-1315.07
-1284.14
-1266.37
-1263.11
-1273.87
415.571
397.82
374.256
343.282
313.985
299.493
303.911
311.008
315.363
336.639
352.937
357.328
355.469
345.034
318.746
277.294
229.321
182.369
137.565
92.1335
41.2677
-14.2973
-77.8708
-150.841
-238.007
-336.968
-452.91
-597.332
-779.756
-995.26
-1218.54
-1416.88
-1552.12
-1614.59
-1628.34
-1609.23
-1569.99
-1526.58
-1481.63
-1440.56
-1404.9
-1376.92
-1351
-1323.02
-1291.53
-1259.08
-1232.74
-1220.52
-1226.6
-1234.87
418.053
409.165
395.959
378.84
361.19
354.17
354.56
350.204
363.399
384.296
397.858
403.885
407.811
407.621
396.711
371.771
337.423
297.36
251.956
200.113
141.932
77.7852
8.22447
-66.1545
-148.939
-241.695
-351.283
-477.678
-630.272
-808.644
-1000.53
-1175.4
-1317.58
-1390.94
-1395.56
-1364.96
-1326.02
-1290.09
-1260.07
-1243.74
-1239.64
-1245.26
-1250.8
-1254.05
-1242.86
-1220.91
-1199.99
-1195.75
-1202.19
-1210.1
415.792
411.729
405.864
397.13
388.981
386.076
384.195
383.468
390.828
398.549
410.329
424.607
433.381
436.971
434.672
422.395
397.993
362.571
317.616
265.274
207.035
144.662
79.0434
7.12585
-72.7826
-161.648
-259.139
-369.079
-496.963
-645.513
-808.814
-966.717
-1094.76
-1183.12
-1200.52
-1159.83
-1104.47
-1060.67
-1039.49
-1042.18
-1067.13
-1104.66
-1154.24
-1200.69
-1219.48
-1211.63
-1193.81
-1190.56
-1197.44
-1204.1
413.129
408.983
405.751
401.576
398.18
396.693
398.561
403.194
404.719
410.264
421.277
430.084
435.98
440.269
441.4
433.933
415.067
386.033
348.569
304.607
253.874
196.839
134.141
65.7308
-7.94481
-88.7889
-178.686
-280.591
-392.696
-518.053
-652.181
-788.002
-905.568
-993.32
-1035.6
-1010.72
-941.286
-879.872
-847.744
-854.532
-899.72
-973.495
-1068.92
-1163.97
-1224.56
-1233.58
-1217.89
-1206.03
-1207.8
-1212.54
410.024
407.823
405.781
402.718
400.246
398.709
400.3
403.386
407.677
413.617
419.072
425.077
431.927
436.038
435.453
429.517
416.989
395.821
366.256
328.435
283.221
231.843
175.317
113.079
43.1959
-34.085
-118.09
-208.579
-306.883
-412.906
-526.931
-644.82
-753.203
-834.231
-884.054
-891.949
-853.578
-772.698
-703.311
-705.927
-766.164
-868.043
-996.661
-1130.39
-1233.05
-1266.09
-1249.97
-1227.41
-1216.81
-1215.12
405.275
404.165
403.079
401.154
400.049
399.643
400.447
401.525
404.217
408.911
414.126
418.285
422.739
426.196
425.861
421.667
411.58
393.667
368.948
337.847
300.156
255.205
203.594
145.634
81.665
13.4656
-60.1703
-140.735
-228.328
-322.513
-422.945
-525.167
-624.799
-708.928
-765.445
-794.451
-787.337
-739.704
-684.877
-650.3
-687.359
-793.402
-944.958
-1088.61
-1213.38
-1261.89
-1251.32
-1225.54
-1206.58
-1201.17
401.752
401.38
400.325
398.707
398.04
397.849
398.302
399.692
401.563
403.765
406.694
409.894
412.798
414.244
413.183
409.807
401.767
388.207
368.486
342.176
308.951
269.444
225.028
174.971
119.493
58.2852
-8.8507
-81.4385
-159.854
-244.629
-333.842
-425.9
-515.669
-600.574
-669.015
-712.862
-734.832
-728.24
-702.17
-690.514
-714.304
-799.721
-918.077
-1039.01
-1148.96
-1205.63
-1212.4
-1188.75
-1164.07
-1157.64
397.739
397.176
396.597
396.457
396.268
395.825
395.581
395.802
396.897
398.952
400.551
401.818
403.578
404.479
404.173
400.981
393.689
382.342
365.666
343.774
316.232
283.326
244.573
199.449
148.871
93.8917
34.1047
-31.4878
-102.816
-179.39
-260.946
-344.945
-427.977
-508.842
-583.551
-643.209
-681.098
-700.923
-714.202
-740.761
-794.095
-860.795
-939.484
-1015.24
-1081.36
-1122.46
-1129.52
-1117.35
-1099.67
-1091.11
391.903
394.34
394.607
394.828
394.785
394.19
393.662
393.443
393.634
393.939
394.699
396.133
396.864
396.513
395.617
392.412
386.633
377.403
363.92
345.694
322.098
293.275
258.886
219.303
175.111
125.887
70.5636
10.2018
-55.5587
-126.723
-202.571
-281.073
-360.167
-437.441
-512.087
-579.474
-632.288
-666.973
-705.286
-765.841
-845.529
-926.77
-990.405
-1026.85
-1043.05
-1061.38
-1065.96
-1057.33
-1045.57
-1038.78
382.414
394.675
395.142
394.606
393.594
392.155
391.161
390.512
390.171
390.203
390.259
390.523
390.521
390.276
388.734
385.422
380.479
372.475
360.654
344.45
323.891
298.929
269.088
233.82
192.831
146.201
94.9158
38.2037
-24.3467
-91.175
-162.459
-236.827
-312.281
-387.368
-459.882
-527.155
-586.4
-638.507
-690.591
-765.891
-863.152
-963.675
-1029.52
-1057.86
-1037.24
-1032.66
-1032.49
-1025.5
-1016.3
-1009.84
369.902
396.86
396.32
393.546
391.468
390.133
388.924
388.214
387.717
387.08
386.485
386.108
385.225
383.623
381.034
377.499
372.061
363.867
352.656
337.618
318.33
294.881
265.928
231.341
192.011
148.197
99.3786
44.8443
-13.8181
-76.5695
-143.632
-213.446
-285.014
-356.678
-427.707
-495.08
-557.403
-617.546
-681.13
-761.304
-859.324
-963.275
-1040.99
-1058.52
-1045.84
-1031.01
-1024.54
-1018.88
-1012.4
-1007.61
551.362
547.527
545.621
544.97
544.588
544.375
544.543
545.138
545.936
546.952
548.27
549.925
551.882
554.182
556.802
559.74
563.044
566.765
570.82
575.223
579.927
584.996
590.475
596.287
602.409
608.777
615.279
621.939
628.798
635.846
642.934
650.007
656.837
663.31
669.31
674.641
678.905
681.572
682.39
681.11
677.302
670.39
659.763
644.759
624.692
598.932
566.964
528.059
479.459
430.585
549.219
547.174
546.015
545.743
545.829
546.081
546.555
547.318
548.331
549.66
551.333
553.37
555.729
558.438
561.485
564.926
568.757
572.999
577.654
582.728
588.209
594.128
600.447
607.143
614.226
621.624
629.359
637.398
645.762
654.392
663.204
672.066
680.865
689.591
698.067
705.975
712.934
718.667
722.979
725.458
725.606
722.916
716.874
706.895
692.395
672.779
647.282
614.94
574.437
533.873
548.063
547.199
546.633
546.678
547.164
547.886
548.788
549.863
551.163
552.803
554.848
557.27
560.063
563.205
566.719
570.697
575.121
580.003
585.346
591.179
597.46
604.244
611.464
619.133
627.282
635.889
644.947
654.453
664.385
674.668
685.227
695.97
706.854
717.792
728.595
739.022
748.788
757.679
765.36
771.421
775.444
776.967
775.519
770.579
761.625
747.972
728.837
703.659
671.635
640.195
547.691
547.508
547.434
547.76
548.558
549.741
551.098
552.503
554.125
556.131
558.585
561.432
564.691
568.304
572.339
576.881
581.966
587.539
593.623
600.213
607.334
615.002
623.221
632
641.321
651.231
661.687
672.697
684.212
696.212
708.61
721.342
734.337
747.492
760.678
773.697
786.318
798.288
809.246
818.844
826.671
832.322
835.347
835.277
831.539
823.421
810.367
791.935
767.407
744.999
547.954
548.15
548.416
548.962
550.016
551.619
553.448
555.222
557.152
559.521
562.429
565.757
569.489
573.602
578.199
583.323
589.094
595.399
602.279
609.671
617.687
626.317
635.597
645.544
656.136
667.378
679.266
691.808
704.959
718.722
733.003
747.755
762.893
778.316
793.916
809.518
824.936
839.886
854.06
867.11
878.672
888.346
895.678
900.201
901.338
898.571
891.488
879.689
862.631
847.406
548.604
548.983
549.484
550.241
551.538
553.502
555.763
557.894
560.141
562.932
566.337
570.191
574.397
579.001
584.153
589.954
596.411
603.508
611.189
619.467
628.407
638.053
648.446
659.565
671.438
684.04
697.383
711.465
726.302
741.833
758.021
774.806
792.105
809.812
827.812
845.971
864.112
881.974
899.271
915.659
930.756
944.138
955.397
964.1
969.739
971.855
969.973
963.569
952.282
943.075
549.462
549.918
550.594
551.539
553.06
555.309
557.923
560.432
563.069
566.324
570.221
574.553
579.204
584.363
590.109
596.603
603.78
611.651
620.151
629.318
639.205
649.865
661.344
673.668
686.807
700.774
715.586
731.232
747.722
765.018
783.091
801.876
821.276
841.201
861.533
882.159
902.908
923.547
943.774
963.226
981.526
998.291
1013.17
1025.72
1035.41
1041.81
1044.49
1043.23
1037.82
1033.43
550.412
550.881
551.665
552.744
554.424
556.898
559.843
562.781
565.861
569.523
573.845
578.652
583.839
589.544
595.93
603.056
610.956
619.574
628.896
638.946
649.755
661.436
674.007
687.504
701.918
717.253
733.488
750.654
768.743
787.747
807.621
828.299
849.702
871.734
894.294
917.271
940.487
963.692
986.581
1008.8
1030
1049.82
1067.84
1083.57
1096.57
1106.51
1112.97
1115.49
1113.89
1112.65
551.296
551.756
552.496
553.641
555.467
558.172
561.446
564.784
568.268
572.313
577.077
582.373
588.111
594.345
601.278
609.016
617.576
626.944
637.057
647.942
659.681
672.325
685.949
700.578
716.193
732.785
750.361
768.944
788.538
809.118
830.66
853.097
876.353
900.337
924.948
950.057
975.461
1000.91
1026.11
1050.71
1074.36
1096.68
1117.23
1135.63
1151.59
1164.74
1174.47
1180.37
1182.52
1183.79
551.782
552.167
552.81
554.045
556.072
559.024
562.574
566.242
570.081
574.531
579.728
585.486
591.666
598.4
605.855
614.175
623.39
633.439
644.309
655.991
668.556
682.098
696.695
712.338
729.05
746.798
765.604
785.473
806.411
828.422
851.463
875.477
900.375
926.072
952.461
979.397
1006.68
1034.04
1061.19
1087.8
1113.5
1137.93
1160.69
1181.4
1199.63
1214.78
1226.26
1233.81
1237.54
1239.65
551.528
551.817
552.508
553.876
556.086
559.251
563.03
566.964
571.133
575.949
581.522
587.667
594.272
601.438
609.393
618.234
627.997
638.647
650.13
662.483
675.779
690.098
705.524
722.065
739.711
758.456
778.297
799.254
821.333
844.541
868.831
894.135
920.387
947.493
975.348
1003.79
1032.6
1061.51
1090.2
1118.35
1145.58
1171.53
1195.8
1217.94
1237.43
1253.85
1267.16
1277.45
1284.31
1288.77
550.371
550.634
551.443
552.955
555.353
558.687
562.629
566.759
571.202
576.333
582.23
588.681
595.62
603.176
611.516
620.775
630.967
642.063
654.062
666.977
680.862
695.836
711.933
729.188
747.591
767.125
787.801
809.616
832.598
856.729
881.967
908.279
935.598
963.831
992.843
1022.44
1052.39
1082.41
1112.2
1141.42
1169.72
1196.71
1222
1245.2
1265.93
1283.7
1297.77
1307.26
1312.39
1315.17
548.174
548.52
549.461
551.148
553.703
557.138
561.174
565.471
570.146
575.521
581.62
588.274
595.44
603.253
611.9
621.458
631.946
643.366
655.709
669.014
683.344
698.755
715.319
733.057
751.964
772.034
793.255
815.642
839.203
863.923
889.782
916.75
944.763
973.716
1003.45
1033.74
1064.35
1094.99
1125.36
1155.11
1183.89
1211.3
1236.89
1260.19
1280.71
1298.09
1312.17
1322.94
1330.23
1334.76
544.852
545.348
546.469
548.328
551.01
554.475
558.538
562.979
567.845
573.336
579.495
586.228
593.521
601.498
610.308
620.018
630.64
642.19
654.703
668.209
682.752
698.394
715.185
733.156
752.307
772.625
794.105
816.75
840.565
865.546
891.689
918.959
947.283
976.541
1006.57
1037.13
1067.95
1098.75
1129.22
1159.01
1187.75
1215.04
1240.5
1263.73
1284.34
1301.93
1316.17
1326.88
1333.86
1338.02
540.387
541.048
542.406
544.461
547.211
550.644
554.695
559.218
564.168
569.661
575.762
582.448
589.745
597.753
606.579
616.272
626.85
638.356
650.834
664.318
678.852
694.48
711.243
729.169
748.267
768.528
789.95
812.528
836.261
861.153
887.206
914.381
942.586
971.676
1001.46
1031.73
1062.23
1092.66
1122.72
1152.03
1180.22
1206.9
1231.66
1254.15
1274.13
1291.3
1305.22
1315.08
1320.58
1323.21
534.744
535.622
537.269
539.547
542.348
545.705
549.668
554.163
559.101
564.505
570.443
576.947
584.097
591.993
600.689
610.2
620.544
631.788
644.012
657.267
671.562
686.925
703.384
720.978
739.721
759.612
780.651
802.824
826.126
850.551
876.096
902.724
930.341
958.798
987.904
1017.44
1047.15
1076.73
1105.88
1134.24
1161.45
1187.1
1210.77
1231.95
1250.11
1264.99
1276.68
1285.53
1291.05
1293.92
528.122
529.25
531.181
533.677
536.507
539.727
543.533
547.93
552.767
557.983
563.631
569.83
576.7
584.34
592.75
601.906
611.836
622.629
634.389
647.179
661.002
675.851
691.747
708.728
726.823
746.046
766.382
787.815
810.336
833.928
858.569
884.221
910.804
938.177
966.151
994.496
1022.95
1051.22
1078.98
1105.9
1131.61
1155.73
1177.89
1197.71
1214.8
1228.58
1238.19
1243.14
1243.95
1243.26
520.694
522.097
524.32
527.002
529.819
532.882
536.488
540.68
545.328
550.271
555.538
561.319
567.78
575.011
582.993
591.65
600.995
611.169
622.292
634.411
647.525
661.615
676.695
692.797
709.967
728.224
747.555
767.938
789.344
811.742
835.101
859.376
884.495
910.34
936.721
963.408
990.124
1016.58
1042.44
1067.36
1090.98
1112.91
1132.7
1149.92
1164.14
1175.13
1182.7
1186.51
1186.36
1185.11
512.735
514.4
516.891
519.742
522.523
525.39
528.724
532.685
537.032
541.594
546.427
551.702
557.666
564.375
571.768
579.783
588.422
597.824
608.142
619.425
631.641
644.76
658.791
673.783
689.778
706.793
724.838
743.88
763.872
784.766
806.512
829.06
852.345
876.257
900.642
925.266
949.84
974.04
997.535
1019.99
1041.03
1060.3
1077.42
1091.94
1103.34
1111.08
1114.86
1114.39
1109.73
1105.23
504.532
506.438
509.159
512.116
514.838
517.5
520.544
524.161
528.15
532.311
536.623
541.321
546.689
552.791
559.534
566.797
574.599
583.105
592.479
602.761
613.928
625.923
638.73
652.407
667.009
682.559
699.043
716.445
734.72
753.809
773.645
794.152
815.246
836.83
858.77
880.876
902.89
924.467
945.206
964.702
982.58
998.464
1011.96
1022.74
1030.46
1034.66
1034.86
1030.89
1022.86
1015.73
496.394
498.493
501.36
504.38
507.012
509.442
512.181
515.429
519.004
522.677
526.45
530.555
535.25
540.657
546.668
553.122
560.033
567.568
575.898
585.062
595.034
605.769
617.254
629.497
642.552
656.464
671.217
686.772
703.1
720.132
737.795
756.005
774.644
793.625
812.79
831.945
850.858
869.256
886.816
903.094
917.584
929.855
939.512
946.115
949.292
948.604
943.66
934.245
920.381
908.756
488.614
490.821
493.76
496.759
499.245
501.466
503.885
506.705
509.831
513.006
516.238
519.723
523.73
528.408
533.605
539.19
545.178
551.7
558.92
566.919
575.614
584.963
594.985
605.688
617.106
629.249
642.127
655.681
669.884
684.665
699.952
715.637
731.619
747.757
763.926
779.936
795.485
810.245
823.88
836.121
846.575
854.673
859.875
861.755
859.923
854.056
843.704
828.634
809.101
792.618
481.443
483.673
486.561
489.449
491.762
493.724
495.807
498.23
500.883
503.542
506.206
509.083
512.44
516.367
520.74
525.427
530.451
535.964
542.082
548.875
556.269
564.223
572.715
581.804
591.5
601.815
612.723
624.191
636.148
648.538
661.286
674.276
687.409
700.528
713.462
726.042
738.027
749.083
758.784
766.691
772.444
775.729
776.006
772.604
764.942
752.633
735.466
713.063
685.3
661.631
475.078
477.217
479.947
482.618
484.676
486.373
488.142
490.156
492.33
494.501
496.63
498.904
501.581
504.765
508.321
512.127
516.206
520.692
525.716
531.288
537.381
543.943
550.934
558.41
566.356
574.807
583.711
593.049
602.725
612.67
622.78
632.954
643.065
652.997
662.612
671.639
679.784
686.726
692.084
695.434
696.268
694.08
688.525
679.133
665.267
646.264
621.704
591.415
555.388
522.969
469.673
471.595
474.052
476.384
478.105
479.506
480.956
482.59
484.318
485.994
487.618
489.339
491.403
493.861
496.638
499.596
502.757
506.256
510.19
514.554
519.369
524.542
530.072
535.956
542.203
548.794
555.699
562.893
570.282
577.789
585.289
592.661
599.747
606.385
612.436
617.735
622.028
624.86
625.789
624.261
619.86
612.071
600.315
584.079
562.886
536.13
503.201
463.638
417.236
374.361
465.332
466.921
468.92
470.766
472.133
473.22
474.354
475.634
476.912
478.095
479.232
480.449
481.917
483.683
485.701
487.861
490.192
492.762
495.648
498.873
502.419
506.257
510.373
514.73
519.336
524.124
529.078
534.148
539.252
544.306
549.188
553.777
557.9
561.41
564.075
565.611
565.712
564.072
560.264
553.735
543.872
530.131
511.979
488.792
459.918
424.819
382.869
333.508
276.707
222.685
462.097
463.24
464.631
465.835
466.723
467.509
468.416
469.341
470.144
470.868
471.551
472.321
473.253
474.389
475.688
477.128
478.668
480.365
482.272
484.4
486.738
489.319
492.081
494.992
498.021
501.11
504.208
507.226
510.14
512.788
515.063
516.876
518.014
518.351
517.566
515.497
511.704
505.747
497.117
485.34
469.809
449.88
424.871
394.258
357.328
313.218
261.343
201.063
131.956
64.6955
460.164
460.557
461.105
461.578
461.928
462.407
463.022
463.536
463.915
464.243
464.548
464.897
465.31
465.848
466.5
467.264
468.089
468.993
469.967
471.06
472.278
473.65
475.138
476.69
478.251
479.731
481.069
482.159
482.955
483.343
483.19
482.288
480.564
477.787
473.718
467.943
459.991
449.601
436.263
419.309
398.007
371.763
339.885
301.625
256.421
203.375
141.42
69.6949
-12.1706
-95.251
459.897
458.787
458.22
457.944
457.858
457.963
458.165
458.241
458.201
458.115
458.07
458.06
458.046
458.045
458.137
458.287
458.497
458.667
458.805
458.888
459.028
459.299
459.596
459.85
460.014
460.006
459.705
458.965
457.705
455.852
453.354
449.972
445.557
439.666
432.285
422.853
410.973
396.18
378.005
355.795
328.727
295.963
256.966
210.972
157.139
94.7188
22.7654
-60.4619
-156.522
-256.263
461.372
457.778
455.923
454.894
454.344
454.035
453.768
453.423
452.99
452.539
452.157
451.796
451.366
450.885
450.451
450.056
449.682
449.212
448.661
447.789
446.983
446.242
445.472
444.506
443.298
441.889
440.113
437.78
434.642
430.62
425.721
419.833
412.751
404.045
393.203
379.958
364.075
344.96
321.992
294.346
261.319
222.081
176.029
122.346
59.9223
-12.1532
-94.2632
-188.049
-297.004
-412.767
334.054
330.285
325.638
326.098
323.854
318.979
307.67
278.454
211.485
-4.81606
-348.371
-519.24
-341.821
-83.9519
126.519
277.851
359.44
411.287
425.594
427.278
422.297
419.202
415.941
411.644
407.32
403.306
400.586
397.915
396.391
404.753
325.186
317.275
308.817
306.621
301.116
294.065
276.402
234.899
149.896
-89.167
-499.851
-689.21
-419.203
-79.222
153.738
301.464
376.341
423.396
435.192
432.13
424.556
422.503
417.208
412.505
409.291
404.804
403.108
402.394
404.24
413.383
305.044
299.591
293.623
289.381
281.376
270.675
246.661
202.951
118.26
-86.8184
-412.8
-549.375
-322.907
-11.1175
183.019
309.433
376.843
420.024
434.944
431.117
426.629
424.052
419.374
414.531
411.194
406.465
404.336
403.702
403.448
406.066
280.402
279.975
276.532
272.518
263.392
251.048
228.096
189.783
119.765
-6.71757
-176.938
-277.215
-141.889
71.0244
216.644
315.828
373.651
410.264
427.048
427.364
426.992
424.327
421.048
416.35
412.653
407.773
404.377
402.792
400.804
400.427
257.886
259.35
257.81
254.66
247.402
237.662
221.097
195.003
155.332
92.672
21.7564
-31.062
34.916
162.88
256.843
327.419
373.137
400.235
421.225
426.636
426.75
424.942
421.881
417.461
413.08
408.147
404.346
401.671
398.883
397.268
240.744
240.719
239.61
237.663
233.015
227.524
219.222
205.167
189.179
166.522
145.549
141.756
175.839
245.502
299.832
348.436
385.414
397.438
417.154
427.726
427.62
426.937
423.451
418.941
413.606
408.153
403.97
400.29
396.633
394.836
225.818
224.865
223.892
222.676
220.242
218.084
215.462
210.673
209.008
212.857
216.633
239.682
286.464
317.679
345.998
372.717
392.078
404.484
420.699
425.496
430.428
431.254
426.668
420.889
414.747
408.629
402.657
398.054
393.951
392.161
211.003
209.951
209.571
209.104
208.256
208.053
209.31
211.874
220.425
236.909
261.988
298.06
352.016
367.047
375.817
398.261
407.598
416.815
428.7
438.469
441.712
437.662
431.01
423.718
414.806
408.114
401.118
395.046
390.84
388.862
194.887
194.04
194.145
194.661
195.441
197.345
201.497
209.659
224.301
247.757
284.311
332.977
389.209
406.614
407.201
413.756
422.651
437.818
449.373
458.456
453.919
445.936
435.151
424.486
414.042
405.224
396.645
389.654
384.887
382.51
177.718
176.876
177.101
178.076
179.847
183.372
189.399
199.495
217.684
246.178
286.598
352.565
413.611
425.334
422.579
426.452
436.923
453.023
469.711
469.905
459.478
450.801
438.522
423.161
409.523
397.417
387.634
380.526
375.07
373.389
159.782
159.223
159.308
160.073
162.125
165.82
173.218
184.133
200.848
231.866
276.339
353.889
406.912
419.696
415.53
426.774
443.378
464.867
482.177
483.721
466.198
446.983
435.517
419.207
402.918
389.957
378.128
369.36
362.925
361.131
141.691
141.507
141.714
142.285
144.015
146.73
153.055
163.525
180.829
214.506
259.72
313.062
368.283
374.522
369.634
400.19
431.144
464.407
481.058
483.524
468.568
444.883
426.191
408.989
395.558
380.912
365.506
355.367
348.542
346.346
123.821
123.778
124.006
124.084
124.603
125.104
129.495
131.832
143.278
184.57
208.771
236.937
263.267
269.871
274.051
335.184
387.746
430.339
452.12
454.372
440.101
418.539
407.044
391.837
373.549
356.343
344.771
337.683
330.217
327.316
105.853
105.472
104.992
104.039
102.303
100.278
96.5184
89.8193
89.0682
122.536
108.343
74.3174
71.3122
97.2021
139.133
227.483
308.158
359.545
388.934
389.505
377.171
356.653
342.486
334.825
328.981
325.071
322.005
313.413
305.582
302.419
87.6632
86.9182
85.4634
82.7574
78.0098
70.5614
54.4318
36.5072
34.862
28.1547
-16.0826
-128.423
-208.09
-169.497
-50.638
76.1798
193.284
255.669
291.883
292.727
282.128
258.607
246.381
258.184
272.702
285.483
284.652
277.692
271.663
268.76
69.7405
68.6303
66.45
62.56
55.8467
41.9325
23.1245
3.72659
-18.9546
-63.6949
-158.67
-329.742
-539.358
-499.024
-324.171
-112.764
54.4892
138.145
177.543
178.22
166.328
139.375
140.123
169.527
206.954
228.777
230.375
230.108
227.776
227.233
52.8721
51.7758
49.8387
46.2249
40.7803
29.2297
12.1815
-7.34863
-35.5229
-113.059
-262.013
-510.203
-854.634
-779.064
-506.852
-258.474
-60.2834
35.9491
64.7802
61.5866
35.1162
2.59816
19.728
70.3774
129.973
162.833
174.104
178.524
179.785
181.138
37.1902
36.2745
35.1097
32.8423
29.361
22.8642
12.1886
10.1925
-12.0122
-110.02
-316.695
-610.14
-978.612
-900.626
-540.017
-293.441
-107.084
-27.2646
-10.4137
-25.8767
-77.9841
-124.122
-104.233
-24.7418
47.7268
95.3704
117.281
125.129
127.823
130.107
22.4186
21.8047
21.3953
20.0299
17.6778
14.1162
10.4142
27.7461
20.4856
-92.4969
-272.655
-489.184
-715.371
-689.872
-426.565
-245.469
-105.34
-42.2887
-41.672
-76.6814
-147.58
-205.933
-192.975
-98.076
-17.541
38.1923
60.2333
70.7419
76.93
81.05
7.36076
7.87269
7.95738
7.27912
7.30406
9.16501
9.95935
7.54674
-1.17002
-48.0317
-116.009
-187.964
-250.408
-224.745
-98.6972
-8.38214
36.7495
44.3571
16.8672
-30.1962
-93.6361
-157.303
-158.493
-71.9094
-17.6606
13.0487
23.4811
27.8595
29.4913
28.2184
)
;

boundaryField
{
    INLET
    {
        type            zeroGradient;
    }
    OUTLET
    {
        type            fixedValue;
        value           uniform 0;
    }
    WALL
    {
        type            zeroGradient;
    }
    CYLINDER
    {
        type            zeroGradient;
    }
    frontAndBackPlanes
    {
        type            empty;
    }
}


// ************************************************************************* //
