/*--------------------------------*- C++ -*----------------------------------*\
| =========                 |                                                 |
| \\      /  F ield         | OpenFOAM: The Open Source CFD Toolbox           |
|  \\    /   O peration     | Version:  v1912                                 |
|   \\  /    A nd           | Website:  www.openfoam.com                      |
|    \\/     M anipulation  |                                                 |
\*---------------------------------------------------------------------------*/
FoamFile
{
    version     2.0;
    format      ascii;
    class       volScalarField;
    location    "0.23";
    object      p;
}
// * * * * * * * * * * * * * * * * * * * * * * * * * * * * * * * * * * * * * //

dimensions      [0 2 -2 0 0 0 0];


internalField   nonuniform List<scalar> 
6600
(
54.8218
49.8598
47.4539
46.0087
45.3249
45.1701
45.3814
45.9132
46.8182
48.1427
49.9899
52.2991
55.0294
58.2295
61.8782
65.9755
70.5389
75.5662
81.0578
86.9991
93.3584
100.08
107.067
114.332
121.955
129.71
137.429
145.044
152.467
159.556
166.158
172.151
177.313
181.354
184.019
184.979
183.874
180.353
174.048
164.507
151.222
133.674
111.296
83.4032
49.3493
8.39104
-39.6316
-95.7618
-160.906
-226.105
51.2369
45.9192
43.9707
42.1395
41.0472
40.4895
40.3167
40.5584
41.2724
42.3907
43.8906
45.9006
48.3336
51.1976
54.4944
58.2179
62.3761
66.9602
71.9652
77.3749
83.1607
89.2803
95.6665
102.133
108.709
115.453
122.153
128.616
134.815
140.628
145.796
150.155
153.527
155.631
156.224
154.963
151.475
145.408
136.376
123.918
107.549
86.7295
60.9021
29.418
-8.34427
-53.1061
-104.988
-164.374
-231.313
-296.071
46.1858
40.3794
39.2318
37.0801
35.8265
35.0192
34.5166
34.5526
35.0473
36.0054
37.3722
39.1313
41.3153
43.9417
46.9786
50.4196
54.255
58.4776
63.0719
68.0077
73.252
78.7632
84.4588
90.2194
96.0059
101.762
107.361
112.666
117.571
121.915
125.5
128.125
129.574
129.585
127.902
124.217
118.162
109.372
97.4533
81.9612
62.4313
38.3652
9.26653
-25.4261
-66.2756
-113.932
-168.561
-229.442
-295.239
-355.884
40.1209
33.8379
33.271
30.7905
29.4097
28.4111
27.8156
27.684
28.0033
28.7872
30.0201
31.638
33.6528
36.0745
38.8895
42.075
45.6212
49.5115
53.7114
58.181
62.8814
67.7821
72.856
77.8888
82.7686
87.5265
92.0477
96.1223
99.6433
102.488
104.422
105.23
104.695
102.559
98.5599
92.3937
83.7227
72.1883
57.4024
38.9681
16.4815
-10.4858
-42.3533
-79.5628
-122.547
-171.84
-227.453
-288.012
-350.904
-405.067
33.1392
26.3721
25.9715
23.2699
21.8708
20.7721
20.0971
19.8217
19.9842
20.6314
21.6867
23.1302
24.9545
27.1593
29.7195
32.6177
35.8438
39.3592
43.125
47.0957
51.2169
55.4381
59.7029
63.9411
68.0127
71.7941
75.179
78.0379
80.2073
81.5197
81.7964
80.809
78.3266
74.0946
67.8501
59.3122
48.1606
34.0674
16.6998
-4.28015
-29.2085
-58.4123
-92.1939
-130.885
-174.805
-224.265
-279.238
-338.086
-396.563
-442.563
25.416
17.9945
17.4913
14.4865
13.0195
11.8654
11.0948
10.77
10.8286
11.2311
12.0583
13.289
14.8654
16.7833
19.0192
21.5625
24.3855
27.4498
30.7149
34.1287
37.6281
41.1625
44.6966
48.0748
51.1758
53.9532
56.2511
57.8769
58.6983
58.5503
57.2261
54.5261
50.2151
44.0409
35.7625
25.1038
11.7966
-4.42857
-23.8523
-46.7387
-73.3267
-103.844
-138.502
-177.52
-221.125
-269.532
-322.342
-378.041
-431.237
-467.751
16.0276
8.4275
7.71849
4.4696
2.96018
1.67976
0.834815
0.359044
0.237825
0.468828
1.06516
1.95802
3.19905
4.74758
6.57912
8.67222
11.003
13.53
16.2118
18.9998
21.8217
24.6071
27.3101
29.8399
32.0515
33.8201
35.0008
35.4481
34.999
33.4737
30.6829
26.4166
20.4688
12.604
2.59487
-9.77034
-24.7255
-42.4892
-63.2656
-87.2443
-114.594
-145.446
-179.893
-218.058
-260.13
-306.371
-356.36
-407.997
-454.951
-481.637
5.0873
-2.36705
-3.34497
-6.84292
-8.332
-9.81402
-10.8297
-11.4689
-11.8142
-11.8438
-11.5952
-11.0276
-10.2063
-9.12111
-7.79067
-6.23554
-4.4785
-2.56389
-0.52833
1.58011
3.69565
5.75038
7.67773
9.33776
10.5912
11.3803
11.545
10.8733
9.22569
6.4556
2.37088
-3.21687
-10.5146
-19.7131
-30.9897
-44.5464
-60.5512
-79.1567
-100.515
-124.754
-151.956
-182.171
-215.438
-251.816
-291.407
-334.462
-380.985
-428.157
-468.879
-487.057
-7.87123
-14.7162
-15.7511
-19.3766
-20.9232
-22.4577
-23.781
-24.6812
-25.3285
-25.6857
-25.8146
-25.7223
-25.4063
-24.8672
-24.1189
-23.1777
-22.0726
-20.8292
-19.4891
-18.1024
-16.7271
-15.4436
-14.3389
-13.501
-13.051
-13.1548
-13.9799
-15.631
-18.2531
-22.0363
-27.158
-33.778
-42.0442
-52.1339
-64.2035
-78.3762
-94.7827
-113.535
-134.725
-158.414
-184.647
-213.421
-244.684
-278.429
-314.788
-354.067
-396.231
-438.771
-474.727
-487.842
-22.2884
-28.4264
-29.5343
-33.0809
-34.7496
-36.4871
-38.013
-39.2936
-40.2862
-41.1468
-41.7798
-42.2013
-42.4745
-42.5632
-42.4681
-42.2164
-41.8102
-41.2734
-40.6543
-39.9939
-39.3393
-38.7563
-38.3426
-38.2601
-38.6333
-39.5239
-41.0731
-43.4958
-46.9305
-51.4832
-57.3015
-64.5457
-73.3696
-83.8847
-96.191
-110.41
-126.622
-144.879
-165.224
-187.688
-212.264
-238.902
-267.542
-298.117
-330.579
-365.539
-402.275
-439.008
-469.942
-482.433
-37.9244
-43.5592
-44.5537
-47.9931
-49.7061
-51.804
-53.5698
-55.2715
-56.782
-58.1215
-59.3297
-60.4407
-61.3842
-62.1618
-62.7904
-63.2702
-63.5945
-63.7958
-63.9037
-63.9543
-64.0031
-64.1213
-64.4019
-64.9455
-65.855
-67.3106
-69.4743
-72.4106
-76.2453
-81.1747
-87.3392
-94.8336
-103.751
-114.205
-126.284
-140.036
-155.503
-172.713
-191.669
-212.341
-234.696
-258.688
-284.185
-311.006
-339.33
-369.09
-399.079
-427.065
-447.458
-458.971
-54.6961
-59.7366
-60.6776
-63.9663
-65.8579
-68.242
-70.4789
-72.5227
-74.6385
-76.676
-78.604
-80.4212
-82.1077
-83.6699
-85.0783
-86.3237
-87.4163
-88.36
-89.1669
-89.8837
-90.5579
-91.2401
-92.0064
-93.0112
-94.3842
-96.1865
-98.5438
-101.668
-105.692
-110.68
-116.756
-124.046
-132.648
-142.617
-153.986
-166.808
-181.097
-196.835
-213.971
-232.451
-252.208
-273.126
-295.069
-317.842
-341.55
-365.168
-387.24
-404.258
-411.556
-418.536
-72.3621
-76.7874
-77.6225
-80.8256
-82.8423
-85.5856
-88.3196
-91.0361
-93.7324
-96.448
-99.1966
-101.856
-104.426
-106.855
-109.107
-111.185
-113.082
-114.778
-116.285
-117.632
-118.859
-120.024
-121.218
-122.518
-123.996
-125.839
-128.216
-131.183
-134.867
-139.47
-145.094
-151.806
-159.669
-168.74
-179.058
-190.613
-203.374
-217.304
-232.36
-248.417
-265.326
-282.961
-301.077
-319.807
-338.303
-355.398
-369.847
-379.496
-383.413
-385.365
-90.6657
-94.1621
-94.9865
-98.2573
-100.522
-103.751
-106.917
-110.319
-113.835
-117.454
-121.089
-124.684
-128.214
-131.6
-134.798
-137.787
-140.519
-142.984
-145.177
-147.103
-148.79
-150.281
-151.639
-152.981
-154.431
-156.06
-157.992
-160.441
-163.555
-167.411
-172.15
-177.877
-184.665
-192.541
-201.484
-211.481
-222.499
-234.474
-247.292
-260.836
-274.946
-289.329
-303.913
-318.447
-332.227
-344.207
-352.95
-357.457
-363.281
-363.754
-108.875
-111.513
-112.396
-115.686
-118.273
-122.001
-125.926
-130.112
-134.509
-139.066
-143.731
-148.428
-153.05
-157.526
-161.817
-165.808
-169.464
-172.768
-175.676
-178.174
-180.272
-182.004
-183.448
-184.689
-185.763
-186.819
-188.081
-189.645
-191.652
-194.335
-197.829
-202.236
-207.62
-213.995
-221.374
-229.708
-238.897
-248.835
-259.464
-270.658
-282.158
-293.74
-305.184
-316.232
-326.297
-334.453
-339.728
-342.715
-344.987
-346.368
-126.298
-127.941
-129.127
-132.641
-135.73
-140.121
-144.78
-149.865
-155.354
-161.117
-167.023
-172.941
-178.798
-184.52
-190.004
-195.141
-199.845
-204.063
-207.732
-210.817
-213.3
-215.18
-216.488
-217.324
-217.849
-218.172
-218.358
-218.635
-219.271
-220.415
-222.263
-224.974
-228.652
-233.361
-239.042
-245.612
-252.986
-261.079
-269.741
-278.862
-288.262
-297.335
-306.165
-314.474
-321.684
-327.016
-330.02
-333.348
-334.038
-335.171
-142.263
-143.186
-144.617
-148.439
-152.057
-157.287
-162.893
-169.09
-175.759
-182.796
-190.067
-197.481
-204.834
-211.997
-218.857
-225.336
-231.316
-236.626
-241.199
-244.98
-247.914
-249.967
-251.175
-251.605
-251.316
-250.433
-249.266
-247.983
-246.748
-245.882
-245.66
-246.317
-248.026
-250.809
-254.673
-259.548
-265.29
-271.732
-278.828
-286.441
-293.74
-300.653
-307.481
-313.597
-318.294
-321.17
-324.043
-325.607
-326.532
-327.019
-156.09
-156.212
-158.144
-162.483
-166.796
-173.003
-179.676
-187.098
-195.186
-203.751
-212.654
-221.708
-230.768
-239.686
-248.254
-256.328
-263.764
-270.375
-276.055
-280.694
-284.182
-286.447
-287.467
-287.294
-286.106
-284.08
-281.271
-277.932
-274.487
-271.23
-268.515
-266.673
-265.955
-266.589
-268.567
-271.753
-275.994
-281.231
-287.318
-293.304
-298.919
-304.534
-309.542
-313.32
-315.663
-317.323
-318.811
-320.154
-321.144
-321.375
-166.785
-166.751
-169.33
-174.153
-179.318
-186.602
-194.426
-203.302
-212.949
-223.169
-233.832
-244.794
-255.886
-266.854
-277.456
-287.46
-296.659
-304.962
-312.092
-317.876
-322.194
-324.949
-326.067
-325.538
-323.401
-319.773
-315.032
-309.483
-303.384
-297.188
-291.347
-286.395
-282.841
-280.894
-280.664
-282.134
-285.234
-289.702
-294.724
-299.625
-304.625
-309.122
-312.045
-313.349
-313.808
-314.634
-315.477
-316.819
-317.819
-318.103
-173.265
-174.168
-177.542
-183.109
-189.159
-197.681
-206.704
-217.065
-228.411
-240.566
-253.291
-266.406
-279.727
-293.024
-306.027
-318.42
-329.903
-340.253
-349.241
-356.58
-362.085
-365.613
-367.001
-366.114
-363.138
-358.285
-351.577
-343.362
-334.167
-324.473
-314.959
-306.276
-298.994
-293.758
-290.921
-290.533
-292.525
-296.161
-300.814
-306.074
-311.038
-314.237
-315.13
-314.592
-314.065
-313.801
-314.332
-315.325
-316.129
-316.543
-175.599
-178.144
-182.317
-188.81
-195.877
-205.623
-215.916
-227.909
-241.009
-255.064
-269.938
-285.487
-301.398
-317.402
-333.205
-348.446
-362.731
-375.653
-386.987
-396.48
-403.773
-408.618
-410.848
-410.326
-406.873
-400.527
-391.634
-380.695
-368.111
-354.481
-340.419
-326.84
-314.92
-305.469
-299.089
-296.092
-296.582
-300.148
-306.024
-312.391
-317.305
-319.408
-319.294
-318.052
-316.664
-315.643
-314.981
-314.729
-314.855
-315.229
-173.375
-178.34
-183.401
-190.993
-199.3
-210.194
-221.723
-235.339
-250.241
-266.35
-283.556
-301.619
-320.315
-339.351
-358.346
-376.906
-394.582
-410.862
-425.298
-437.557
-447.272
-454.047
-457.613
-457.655
-454.06
-447.014
-436.568
-422.861
-406.481
-388.098
-368.75
-349.563
-331.551
-316.14
-304.816
-298.074
-296.657
-300.741
-308.281
-316.198
-321.572
-323.867
-323.958
-322.435
-320.297
-317.768
-315.305
-313.517
-312.576
-312.428
-167.729
-174.939
-180.784
-189.528
-199.127
-211.153
-223.994
-239.087
-255.64
-273.727
-293.228
-313.935
-335.616
-357.928
-380.491
-402.848
-424.472
-444.793
-463.156
-478.991
-491.971
-501.619
-507.497
-509.255
-506.506
-499.082
-487.009
-470.644
-450.514
-427.43
-402.163
-375.703
-349.861
-326.855
-308.099
-295.179
-290.07
-293.859
-304.329
-315.616
-322.566
-325.676
-325.987
-324.405
-321.342
-317.521
-313.507
-310.171
-308.167
-307.334
-158.831
-168.406
-174.811
-184.809
-195.426
-208.328
-222.518
-238.971
-257.072
-277.043
-298.786
-322.084
-346.774
-372.534
-398.957
-425.52
-451.631
-476.646
-499.828
-520.405
-537.696
-551.2
-560.292
-564.389
-563.102
-556.292
-543.961
-525.836
-502.224
-473.843
-441.769
-407.625
-372.921
-339.567
-310.104
-287.356
-275.999
-278.883
-292.049
-308.373
-317.973
-322.773
-324.157
-322.789
-319.522
-315.353
-310.498
-306.058
-303.074
-301.265
-147.869
-159.243
-165.961
-176.963
-188.392
-201.948
-217.252
-234.841
-254.327
-275.997
-299.782
-325.584
-353.225
-382.439
-412.859
-443.939
-475.023
-505.363
-534.121
-560.349
-583.107
-601.596
-615.219
-623.248
-625.108
-620.228
-608.174
-588.707
-562.165
-529.214
-490.958
-448.306
-402.631
-356.939
-314.205
-278.681
-257.937
-255.926
-270.153
-290.345
-307.691
-316.656
-322.666
-324.543
-322.606
-318.216
-312.55
-306.952
-303.114
-300.738
-135.133
-148.131
-155.155
-166.754
-178.495
-192.601
-208.542
-226.923
-247.496
-270.627
-296.219
-324.283
-354.714
-387.273
-421.675
-457.414
-493.798
-529.975
-564.988
-597.825
-627.258
-652.23
-671.884
-685.286
-691.227
-689.212
-678.957
-660.233
-632.563
-595.976
-551.103
-499.341
-443.272
-384.568
-326.104
-274.435
-240.82
-230.133
-241.967
-265.342
-293.148
-315.332
-328.937
-334.012
-332.691
-327.785
-321.051
-314.106
-308.947
-305.965
-122.705
-135.538
-142.938
-154.692
-166.491
-180.722
-196.891
-215.692
-236.941
-261.017
-287.998
-318.023
-350.971
-386.68
-424.924
-465.297
-507.144
-549.541
-591.397
-631.554
-668.763
-701.659
-728.807
-749.087
-761.392
-764.605
-758.014
-740.966
-713.123
-674.065
-624.549
-566.046
-499.435
-425.212
-348.51
-283.876
-239.874
-220.877
-222.239
-246.259
-279.322
-310.778
-331.231
-340.374
-341.786
-337.249
-330.086
-322.685
-317.564
-315.5
-111.345
-122.299
-130.39
-141.776
-153.284
-167.394
-183.295
-201.984
-223.368
-247.961
-275.887
-307.283
-342.241
-380.66
-422.457
-467.317
-514.629
-563.475
-612.584
-660.644
-706.479
-748.531
-784.943
-814.048
-834.339
-844.11
-842.687
-829.603
-804.048
-766.393
-715.723
-650.544
-571.422
-482.777
-394.124
-317.39
-264.262
-236.093
-233.263
-250.32
-278.461
-307.305
-327.183
-336.317
-337.359
-334.627
-329.769
-324.487
-321.16
-320.311
-105.848
-108.757
-117.882
-128.375
-139.653
-153.253
-168.643
-186.838
-207.874
-232.293
-260.5
-292.706
-329.016
-369.543
-414.324
-463.36
-516.005
-571.264
-627.966
-684.292
-739.405
-791.675
-838.641
-878.078
-908.525
-927.607
-934.307
-927.907
-906.954
-870.709
-818.901
-745.573
-656.576
-558.292
-466.588
-382.641
-319.297
-283.243
-269.797
-274.707
-291.007
-310.672
-325.236
-331.619
-331.243
-327.637
-323.729
-321.062
-320.011
-320.441
-119.316
-98.6711
-106.425
-115.729
-126.689
-139.719
-154.374
-171.748
-192.055
-216.065
-244.042
-276.366
-313.401
-355.394
-402.457
-454.841
-512.221
-573.336
-637.346
-702.126
-767.247
-830.094
-887.8
-938.713
-981.37
-1011.56
-1028.05
-1030.94
-1017.34
-982.447
-931.089
-853.616
-758.17
-661.627
-563.026
-475.24
-408.821
-360.78
-332.616
-320.93
-320.718
-326.213
-330.918
-330.854
-327.08
-321.92
-318.21
-316.991
-317.546
-318.814
54.5091
49.6063
47.2224
45.8033
45.1226
44.9876
45.2212
45.7759
46.7117
48.0747
49.9549
52.2999
55.0645
58.2807
61.9702
66.1263
70.7756
75.9082
81.5201
87.625
94.1807
101.11
108.38
116.168
124.278
132.521
140.893
149.339
157.716
165.905
173.797
181.272
188.111
194.057
198.931
202.447
204.256
204.026
201.427
196.024
187.345
174.913
158.204
136.577
109.452
76.2331
36.3263
-10.5677
-67.3345
-123.832
50.9356
45.684
43.7385
41.9364
40.8211
40.2839
40.1269
40.386
41.098
42.2432
43.7936
45.8088
48.2539
51.1424
54.4829
58.2646
62.5022
67.1817
72.2989
77.8678
83.8686
90.2587
96.9
103.701
110.834
118.145
125.456
132.742
139.919
146.801
153.211
159.027
164.058
168.038
170.758
171.957
171.267
168.338
162.863
154.368
142.364
126.354
105.821
80.1413
48.7285
10.8918
-33.6636
-84.993
-144.859
-203.006
45.9151
40.1479
38.9737
36.8488
35.5916
34.7785
34.2996
34.3609
34.8544
35.8072
37.2134
38.9985
41.1928
43.8445
46.93
50.436
54.3561
58.6832
63.3996
68.5015
73.9757
79.7334
85.7171
91.8711
98.1472
104.465
110.699
116.793
122.638
128.06
132.875
136.937
140.024
141.868
142.272
140.96
137.575
131.778
123.228
111.482
96.0445
76.433
52.158
22.657
-12.6281
-54.3698
-102.721
-157.139
-217.476
-273.646
39.8617
33.6026
33.0162
30.5313
29.194
28.1847
27.61
27.4848
27.8298
28.6344
29.8848
31.5338
33.5912
36.0553
38.9305
42.1877
45.8256
49.8269
54.1552
58.7811
63.7145
68.9476
74.3093
79.6192
84.9819
90.3502
95.5151
100.359
104.816
108.73
111.892
114.111
115.176
114.847
112.872
108.987
102.867
94.1749
82.5527
67.5818
48.8279
25.8491
-1.78202
-34.5268
-72.8747
-117.419
-168.215
-223.965
-283.221
-335.414
32.8473
26.1264
25.768
23.0099
21.6902
20.6121
19.9579
19.6981
19.9116
20.5904
21.6745
23.1621
25.0331
27.2991
29.9313
32.9113
36.2346
39.8709
43.7815
47.9072
52.2137
56.6878
61.3159
65.9517
70.4412
74.7549
78.7951
82.4325
85.509
87.8689
89.3458
89.7485
88.8333
86.3532
82.0779
75.7281
66.9963
55.5638
41.0871
23.2063
1.55851
-24.2179
-54.4745
-89.5803
-129.898
-175.873
-227.483
-283.211
-340.362
-387.057
25.0695
17.7332
17.354
14.3065
12.9039
11.7959
11.0624
10.7841
10.8773
11.34
12.2124
13.4849
15.1244
17.1065
19.4207
22.0489
24.9677
28.1493
31.5583
35.1323
38.8221
42.6461
46.4659
50.1565
53.7131
57.0322
59.9475
62.3292
64.048
64.9283
64.7846
63.422
60.6226
56.1468
49.741
41.146
30.0838
16.2661
-0.601258
-20.8206
-44.6702
-72.4294
-104.357
-140.717
-181.794
-227.893
-278.998
-333.512
-387.328
-427.184
15.6997
8.21872
7.65929
4.41434
2.96911
1.73082
0.93814
0.540934
0.474678
0.746652
1.39245
2.33387
3.62622
5.2423
7.14448
9.31197
11.7289
14.363
17.1788
20.1193
23.1077
26.1107
29.1346
32.0407
34.6493
36.8933
38.681
39.8689
40.2769
39.7222
38.0471
35.0715
30.5634
24.2837
16.0262
5.5479
-7.40532
-23.0735
-41.6973
-63.5013
-88.6983
-117.48
-150.022
-186.521
-227.225
-272.439
-321.81
-373.769
-423.371
-455.276
5.04399
-2.43202
-3.29843
-6.73827
-8.16228
-9.6053
-10.5626
-11.1794
-11.4497
-11.406
-11.1176
-10.5073
-9.62971
-8.49561
-7.10599
-5.48787
-3.66124
-1.66113
0.489568
2.74059
5.02296
7.32503
9.46429
11.3639
13.0311
14.3327
15.0471
15.0422
14.2082
12.3756
9.34863
4.93873
-1.04126
-8.78302
-18.5042
-30.4118
-44.7052
-61.5784
-81.2131
-103.787
-129.441
-158.304
-190.476
-226.071
-265.319
-308.643
-355.682
-404.159
-448.478
-472.293
-7.66356
-14.5598
-15.5718
-19.1059
-20.5832
-22.0625
-23.3366
-24.1852
-24.7885
-25.1141
-25.1945
-25.0582
-24.7007
-24.1184
-23.334
-22.3478
-21.1942
-19.8914
-18.4696
-16.9768
-15.5
-14.0823
-12.7074
-11.5557
-10.7913
-10.5118
-10.8134
-11.8314
-13.7435
-16.7198
-20.8985
-26.4357
-33.5248
-42.3593
-53.0875
-65.8775
-80.8973
-98.2951
-118.212
-140.76
-166.036
-194.109
-225.03
-258.904
-295.893
-336.288
-380.192
-424.655
-463.394
-480.193
-21.9036
-28.0216
-29.1355
-32.6044
-34.2159
-35.893
-37.3691
-38.602
-39.5625
-40.3749
-40.9712
-41.3637
-41.6016
-41.6744
-41.5545
-41.2777
-40.8487
-40.2842
-39.6222
-38.8805
-38.1072
-37.4093
-36.9186
-36.6971
-36.782
-37.2996
-38.4422
-40.3598
-43.158
-46.9733
-51.9684
-58.3089
-66.141
-75.5903
-86.8102
-99.9379
-115.09
-132.372
-151.872
-173.68
-197.849
-224.408
-253.355
-284.71
-318.691
-355.637
-395.166
-435.076
-469.172
-481.9
-37.5569
-42.9543
-43.9107
-47.247
-48.9172
-50.9598
-52.643
-54.2731
-55.7769
-57.091
-58.2693
-59.3519
-60.2725
-61.0348
-61.6652
-62.1497
-62.4783
-62.6908
-62.8068
-62.8608
-62.9083
-62.99
-63.1791
-63.5909
-64.3644
-65.6291
-67.4736
-69.9934
-73.3556
-77.7259
-83.2245
-89.9608
-98.0694
-107.692
-118.92
-131.848
-146.565
-163.139
-181.639
-202.101
-224.548
-248.973
-275.344
-303.636
-333.823
-366.521
-400.654
-434.476
-462.738
-474.886
-54.1217
-58.8565
-59.7666
-62.9303
-64.765
-67.0854
-69.2564
-71.267
-73.3007
-75.2883
-77.1735
-78.9604
-80.6369
-82.196
-83.6178
-84.8862
-86.02
-87.0161
-87.8938
-88.6799
-89.4093
-90.135
-90.9803
-92.0591
-93.42
-95.124
-97.3405
-100.231
-103.899
-108.453
-114.019
-120.738
-128.726
-138.047
-148.794
-161.043
-174.848
-190.246
-207.245
-225.86
-246.084
-267.88
-291.152
-315.745
-341.943
-369.424
-396.849
-421.769
-439.392
-450.528
-71.5205
-75.5937
-76.3964
-79.4338
-81.3989
-84.0461
-86.6767
-89.3219
-91.9671
-94.6151
-97.3129
-99.944
-102.472
-104.901
-107.176
-109.308
-111.273
-113.064
-114.7
-116.206
-117.634
-119.011
-120.377
-121.789
-123.4
-125.38
-127.799
-130.717
-134.284
-138.655
-143.947
-150.25
-157.653
-166.261
-176.128
-187.295
-199.783
-213.59
-228.722
-245.139
-262.783
-281.565
-301.342
-322.049
-343.644
-365.15
-385.11
-400.349
-407.06
-413.832
-89.323
-92.6536
-93.4325
-96.4906
-98.6694
-101.793
-104.891
-108.174
-111.56
-115.09
-118.641
-122.167
-125.673
-129.033
-132.245
-135.287
-138.118
-140.731
-143.121
-145.285
-147.252
-149.057
-150.783
-152.539
-154.342
-156.271
-158.477
-161.121
-164.31
-168.146
-172.736
-178.21
-184.684
-192.199
-200.807
-210.541
-221.405
-233.387
-246.414
-260.417
-275.298
-290.902
-307.048
-323.9
-340.622
-356.141
-369.278
-378.301
-383.187
-385.724
-107.161
-109.539
-110.409
-113.514
-116.012
-119.573
-123.342
-127.393
-131.665
-136.069
-140.62
-145.245
-149.775
-154.204
-158.477
-162.514
-166.284
-169.761
-172.919
-175.746
-178.263
-180.513
-182.527
-184.312
-185.954
-187.626
-189.443
-191.479
-193.865
-196.76
-200.314
-204.634
-209.79
-215.88
-222.957
-231.033
-240.084
-250.044
-260.865
-272.444
-284.623
-297.206
-310.14
-323.156
-335.647
-346.701
-355.085
-359.769
-365.159
-366.523
-124.08
-125.637
-126.704
-130.002
-133.007
-137.193
-141.698
-146.588
-151.866
-157.428
-163.109
-168.851
-174.603
-180.236
-185.646
-190.781
-195.589
-200.001
-203.976
-207.482
-210.496
-213.016
-215.11
-216.874
-218.352
-219.574
-220.638
-221.735
-223.046
-224.712
-226.853
-229.611
-233.154
-237.558
-242.862
-249.083
-256.192
-264.152
-272.847
-282.148
-291.919
-301.964
-312.124
-322.089
-331.288
-338.926
-344.124
-347.698
-349.989
-351.661
-139.727
-140.405
-141.798
-145.373
-148.886
-153.851
-159.197
-165.154
-171.554
-178.285
-185.28
-192.399
-199.508
-206.504
-213.277
-219.703
-225.693
-231.171
-236.074
-240.338
-243.919
-246.813
-249.059
-250.664
-251.643
-252.143
-252.333
-252.309
-252.208
-252.221
-252.584
-253.515
-255.13
-257.552
-260.882
-265.146
-270.327
-276.323
-283.06
-290.472
-298.216
-306.107
-314.036
-321.598
-328.3
-333.392
-336.508
-339.443
-340.579
-341.812
-153.012
-153.367
-155.036
-159.09
-163.238
-169.1
-175.497
-182.555
-190.261
-198.435
-206.868
-215.493
-224.167
-232.743
-241.056
-248.965
-256.346
-263.084
-269.076
-274.234
-278.483
-281.756
-284.059
-285.461
-286.041
-285.836
-284.91
-283.436
-281.666
-279.841
-278.164
-276.834
-276.138
-276.304
-277.45
-279.629
-282.809
-286.995
-292.191
-297.913
-303.828
-310.04
-316.228
-321.852
-326.299
-329.22
-331.949
-333.335
-334.387
-335.031
-163.574
-163.574
-166.053
-170.559
-175.538
-182.319
-189.751
-198.178
-207.284
-216.959
-227.09
-237.453
-247.893
-258.283
-268.406
-278.073
-287.101
-295.35
-302.69
-308.988
-314.125
-318.014
-320.634
-321.993
-322.07
-320.939
-318.83
-315.893
-312.291
-308.23
-304.02
-300.101
-296.776
-294.302
-292.924
-292.783
-293.984
-296.526
-300.124
-304.239
-308.985
-314.103
-318.755
-322.453
-324.996
-326.805
-328.158
-329.287
-330.178
-330.512
-170.292
-170.861
-174.184
-179.369
-185.201
-193.129
-201.738
-211.471
-222.159
-233.561
-245.454
-257.733
-270.212
-282.654
-294.858
-306.597
-317.622
-327.738
-336.76
-344.505
-350.826
-355.585
-358.661
-360.039
-359.808
-358.071
-354.832
-350.228
-344.518
-338.04
-331.183
-324.25
-317.672
-311.996
-307.632
-304.87
-303.783
-304.321
-306.382
-309.642
-313.883
-318.066
-321.235
-323.268
-324.36
-325.288
-325.979
-326.822
-327.524
-327.79
-173.095
-175.124
-179.157
-185.179
-191.932
-200.98
-210.809
-222.023
-234.244
-247.414
-261.301
-275.716
-290.425
-305.227
-319.851
-334.013
-347.442
-359.802
-370.881
-380.473
-388.39
-394.436
-398.454
-400.356
-400.124
-397.742
-393.371
-387.216
-379.48
-370.42
-360.333
-349.819
-339.545
-330.067
-322.025
-315.891
-311.946
-310.418
-311.18
-314.077
-318.015
-321.385
-323.572
-324.495
-324.896
-324.904
-325.146
-325.546
-325.952
-326.19
-171.529
-175.847
-180.674
-187.74
-195.463
-205.772
-216.695
-229.333
-243.268
-258.238
-274.159
-290.838
-308.022
-325.431
-342.758
-359.699
-375.897
-391.013
-404.693
-416.687
-426.697
-434.524
-439.908
-442.659
-442.716
-440.222
-435.167
-427.607
-417.743
-405.87
-392.54
-378.26
-363.564
-349.303
-336.462
-325.991
-318.32
-314.15
-313.478
-316.108
-320.179
-323.628
-325.747
-326.464
-326.209
-325.616
-325.004
-324.644
-324.49
-324.525
-166.32
-172.917
-178.567
-186.833
-195.658
-207.176
-219.192
-233.323
-248.752
-265.517
-283.511
-302.519
-322.31
-342.56
-362.928
-383.027
-402.455
-420.808
-437.676
-452.626
-465.341
-475.501
-482.87
-487.2
-488.303
-486.114
-480.577
-471.875
-460.193
-445.833
-429.059
-410.301
-390.507
-370.722
-352.086
-335.726
-322.682
-314.128
-311.582
-314.409
-319.549
-324.047
-326.673
-327.492
-326.842
-325.586
-324.254
-323.231
-322.632
-322.354
-157.52
-166.882
-173.064
-182.646
-192.627
-205.079
-218.185
-233.66
-250.618
-269.092
-289.043
-310.378
-332.839
-356.073
-379.711
-403.314
-426.381
-448.459
-469.061
-487.654
-503.793
-517.047
-527.143
-533.647
-536.274
-534.939
-529.763
-520.603
-507.568
-490.746
-470.511
-447.547
-422.478
-396.311
-370.163
-345.762
-325.119
-311.361
-306.452
-308.789
-315.072
-320.95
-324.795
-326.131
-325.652
-324.405
-322.928
-321.58
-320.697
-320.017
-146.756
-158.013
-164.74
-175.324
-186.325
-199.422
-213.731
-230.471
-248.595
-268.687
-290.615
-314.152
-339.196
-365.436
-392.502
-419.868
-446.992
-473.29
-498.169
-521.06
-541.36
-558.552
-572.103
-581.657
-586.828
-587.363
-583.09
-574.009
-560.118
-541.557
-518.614
-491.428
-460.529
-427.143
-392.973
-359.515
-329.673
-308.845
-299.467
-299.634
-306.406
-314.28
-319.994
-323.65
-325.072
-324.679
-323.324
-321.864
-320.744
-319.78
-134.217
-147.168
-154.411
-165.699
-177.22
-190.825
-206.069
-223.594
-242.868
-264.396
-287.993
-313.622
-341.157
-370.336
-400.847
-432.159
-463.635
-494.545
-524.215
-552.008
-577.255
-599.204
-617.224
-630.785
-639.287
-642.387
-639.935
-631.857
-618.17
-598.801
-573.503
-542.626
-506.886
-467.162
-424.387
-379.974
-338.838
-309.974
-295.397
-292.838
-298.136
-308.668
-317.396
-323.555
-326.535
-326.848
-325.753
-324.12
-322.877
-321.998
-122.112
-134.759
-142.564
-154.258
-165.873
-179.775
-195.451
-213.459
-233.604
-256.287
-281.311
-308.704
-338.592
-370.606
-404.456
-439.731
-475.726
-511.604
-546.563
-579.862
-610.684
-638.267
-661.747
-680.24
-693.169
-700.094
-700.636
-694.523
-681.832
-662.432
-636.225
-603.182
-563.647
-517.403
-464.122
-410.31
-361.826
-324.276
-301.789
-293.356
-296.236
-306.442
-316.691
-324.184
-327.87
-328.532
-327.622
-326.168
-325.277
-324.895
-111.052
-121.766
-130.313
-141.693
-153.205
-167.097
-182.678
-200.867
-221.407
-244.773
-270.867
-299.513
-331.45
-366.068
-403.146
-442.312
-482.888
-523.936
-564.525
-603.769
-640.867
-674.86
-704.631
-729.212
-747.734
-759.48
-764.037
-761.106
-750.282
-732.337
-707.454
-673.192
-630.283
-576.831
-517.293
-454.83
-401.138
-357.835
-328.526
-313.421
-309.532
-312.713
-318.445
-323.467
-326.236
-326.873
-326.632
-326.122
-325.962
-326.201
-105.673
-108.606
-117.962
-128.585
-139.932
-153.529
-168.802
-186.741
-207.208
-230.541
-257.007
-286.752
-320.052
-356.888
-396.951
-439.854
-484.92
-531.215
-577.708
-623.429
-667.242
-708.301
-745.201
-776.921
-802.285
-820.041
-829.841
-831.653
-824.516
-807.971
-783.952
-748.517
-700.823
-642.025
-577.804
-515.496
-457.624
-409.622
-375.667
-352.647
-339.673
-333.168
-330.616
-329.225
-327.816
-326.556
-325.732
-325.677
-326.032
-326.691
-119.593
-99.0746
-106.843
-116.215
-127.218
-140.329
-155.059
-172.56
-192.549
-215.359
-241.683
-271.882
-306.081
-344.514
-387.033
-432.806
-481.726
-533.142
-585.634
-638.057
-689.004
-737.404
-781.916
-821.413
-854.84
-879.541
-896.03
-904.181
-902.728
-887.206
-860.52
-827.523
-775.761
-713.625
-650.159
-588.287
-529.711
-480.129
-439.526
-407.457
-383.305
-365.772
-352.603
-342.711
-335.14
-329.777
-326.94
-326.299
-326.974
-327.871
-99.6371
-86.0811
-95.0007
-105.316
-116.573
-129.225
-143.66
-160.38
-179.454
-201.899
-228.551
-259.584
-295.07
-335.652
-381.514
-431.462
-485.067
-542.517
-602.794
-663.847
-723.7
-780.346
-833.047
-880.139
-920.728
-953.467
-977.083
-991.16
-993.731
-985.827
-956.335
-906.045
-847.055
-783.576
-716.914
-652.387
-592.754
-539.922
-493.446
-455.066
-423.739
-398.641
-378.132
-361.344
-347.572
-337.119
-330.595
-328.021
-328.859
-330.166
-86.8955
-85.6202
-91.7869
-100.632
-111.681
-124.258
-139.352
-157.3
-178.187
-202.98
-232.406
-266.733
-306.46
-352.59
-405.035
-462.878
-524.85
-589.641
-657.022
-725.554
-792.836
-857.042
-916.371
-970.028
-1014.67
-1048.94
-1071.76
-1080.52
-1074.09
-1046.41
-1002.55
-947.98
-887.425
-823.425
-757.578
-692.841
-633.006
-579.935
-533.068
-491.589
-455.984
-425.636
-400.037
-378.622
-361.029
-347.218
-337.469
-332.512
-331.742
-333.977
-78.5099
-85.1251
-91.4194
-99.9754
-110.923
-124.495
-141.683
-162.429
-186.832
-215.365
-248.671
-288.861
-336.6
-391.123
-451.264
-517.165
-588.32
-663.092
-739.711
-816.258
-890.518
-960.057
-1023.63
-1078.98
-1123.12
-1152.95
-1167.94
-1161.35
-1136.53
-1098.75
-1049.21
-991.484
-929.024
-863.563
-799.268
-736.298
-676.428
-620.314
-569.379
-523.747
-483.514
-448.75
-419.041
-394.161
-373.797
-357.728
-345.909
-338.595
-336.122
-339.489
-72.4799
-80.8539
-88.9368
-98.8269
-110.806
-126.219
-145.13
-168.036
-195.602
-228.717
-268.557
-316.497
-371.728
-434.282
-504.654
-582.508
-666.215
-753.285
-840.374
-924.804
-1005.02
-1077.9
-1143.37
-1199.21
-1239.19
-1257.84
-1253.62
-1233.48
-1199.47
-1154.62
-1100.32
-1039.56
-975.121
-908.784
-841.134
-775.274
-711.643
-652.382
-597.563
-547.995
-503.921
-465.529
-432.798
-405.493
-383.372
-366.04
-353.161
-344.764
-341.626
-344.179
-65.9043
-74.4641
-83.9359
-94.9928
-108.252
-124.99
-145.57
-170.949
-202.735
-240.99
-287.023
-341.001
-404.788
-479.795
-565.358
-658.712
-756.287
-854.652
-951.292
-1043.28
-1129.28
-1208.15
-1273.98
-1322.5
-1345.25
-1346.72
-1330.89
-1300.78
-1258.82
-1207.47
-1148.26
-1083.58
-1015.12
-944.654
-873.716
-804.283
-737.39
-674.309
-616.173
-563.241
-516.036
-474.977
-440.02
-411.037
-387.779
-369.822
-356.711
-348.243
-344.792
-345.812
-57.7088
-66.5127
-76.159
-87.9284
-102.007
-119.516
-142.275
-170.862
-206.338
-249.035
-300.277
-362.613
-440.006
-531.915
-634.722
-743.808
-855.045
-965.312
-1072.08
-1174.22
-1267.81
-1346.75
-1399.45
-1425.74
-1432.15
-1421.4
-1395.54
-1357.08
-1307.76
-1249.91
-1185.41
-1115.61
-1043.04
-968.279
-893.839
-820.873
-750.702
-684.582
-623.456
-567.975
-518.402
-475.493
-439.142
-409.034
-385.172
-367.021
-354.067
-346.018
-342.747
-342.734
-47.5288
-56.0373
-65.2809
-76.2416
-90.8704
-109.741
-134.661
-166.427
-204.03
-251.538
-311.636
-387.533
-481.742
-591.266
-711.475
-837.036
-963.754
-1088.83
-1209.34
-1317.94
-1405.38
-1462.26
-1494.86
-1505.8
-1499.61
-1478.26
-1443.86
-1396.92
-1341.13
-1277.4
-1207.59
-1133.28
-1056.42
-978.212
-900.067
-824
-751.016
-682.298
-618.997
-561.589
-510.638
-466.625
-429.491
-398.924
-374.764
-356.594
-343.823
-335.887
-332.707
-332.37
-34.9129
-41.3198
-49.8015
-60.1175
-75.3109
-95.8062
-121.031
-154.29
-196.554
-252.011
-324.148
-415.533
-526.732
-654.938
-795.528
-941.154
-1086.69
-1225.34
-1349.52
-1441.05
-1503.51
-1542.47
-1561.34
-1561.15
-1544.34
-1514.22
-1471.9
-1419.26
-1356.65
-1288.83
-1214.38
-1135.79
-1055.17
-973.472
-892.424
-813.595
-738.281
-667.814
-602.997
-544.552
-492.951
-448.437
-411.047
-380.528
-356.437
-338.341
-325.652
-317.81
-314.377
-313.638
-18.0987
-22.9319
-30.9225
-40.6763
-53.6846
-73.2411
-99.9009
-135.103
-182.666
-246.634
-331.263
-440.017
-571.355
-721.73
-887.687
-1055
-1215.3
-1345.33
-1442.79
-1514.99
-1562.2
-1590.09
-1599.42
-1592.17
-1565.49
-1527.48
-1482.45
-1424.39
-1357.78
-1284.79
-1206.24
-1124.05
-1039.91
-955.369
-871.857
-790.855
-713.977
-642.373
-576.965
-518.337
-466.817
-422.61
-385.598
-355.44
-331.665
-313.725
-301.008
-292.957
-289.194
-287.626
1.58895
-0.814572
-4.56867
-12.8719
-24.9335
-42.5101
-69.0187
-105.006
-155.363
-226.892
-325.371
-454.552
-609.981
-787.206
-978.127
-1153.4
-1294.06
-1403
-1486.21
-1548.86
-1586.92
-1607.11
-1611.47
-1598.16
-1570.32
-1529.67
-1478.18
-1416.16
-1345.63
-1268.81
-1186.83
-1101.08
-1013.69
-926.502
-840.973
-758.621
-680.912
-609.066
-543.901
-485.85
-435.158
-391.817
-355.621
-326.182
-302.95
-285.299
-272.583
-264.275
-259.876
-257.777
26.9961
26.9307
26.5455
22.7175
14.455
1.28361
-21.1916
-57.0859
-110.942
-189.741
-300.922
-449.368
-627.17
-823.131
-1015.76
-1183.07
-1313.92
-1416.11
-1492.14
-1547.95
-1587.91
-1608.86
-1610.38
-1595.55
-1566.17
-1522.83
-1467.43
-1401.7
-1326.95
-1246.1
-1160.67
-1071.79
-981.357
-891.586
-804.341
-721.162
-643.376
-572.026
-507.763
-450.95
-401.661
-359.763
-324.937
-296.692
-274.371
-257.243
-244.651
-236.13
-231.294
-228.798
55.897
61.1036
66.1456
69.9423
69.1604
61.7983
42.9893
8.90584
-47.0558
-131.974
-251.559
-409.754
-597.969
-801.223
-995.807
-1160.79
-1291.94
-1395.66
-1478.44
-1541.51
-1584.87
-1609.66
-1613.23
-1596.54
-1564.9
-1518.51
-1458.81
-1388.99
-1310.07
-1224.59
-1134.67
-1042.14
-948.796
-856.749
-768.079
-684.443
-607.024
-536.639
-473.808
-418.733
-371.328
-331.265
-298.058
-271.109
-249.725
-233.232
-221.08
-212.872
-208.095
-205.416
89.0107
103.182
116.188
127.462
135.953
136.722
121.459
88.0657
33.7602
-48.6152
-166.078
-330.214
-525.678
-729.856
-928.156
-1105.31
-1258.07
-1383.4
-1480.46
-1552.05
-1600.43
-1628.14
-1634.71
-1618.83
-1584.21
-1533.49
-1468.55
-1392.49
-1308.1
-1217.02
-1121.23
-1023.23
-925.742
-830.982
-740.754
-656.503
-579.189
-509.444
-447.647
-393.927
-348.07
-309.582
-277.829
-252.161
-231.941
-216.548
-205.437
-198.126
-193.95
-191.531
128.513
150.396
171.21
188.125
200.952
207.299
201.153
172.836
121.286
35.9949
-87.7527
-253.062
-456.89
-672.951
-888.718
-1089.84
-1267.34
-1415.88
-1531.37
-1614.17
-1668.25
-1697.27
-1702.13
-1683.33
-1643.23
-1585.68
-1513.48
-1428.94
-1335.29
-1235.4
-1131.73
-1026.92
-923.71
-824.493
-731.132
-644.943
-566.707
-496.72
-435.064
-381.656
-336.251
-298.371
-267.379
-242.597
-223.332
-208.936
-198.723
-192.04
-188.213
-186.019
153.353
177.189
201.408
223.78
245.39
256.71
253.643
224.223
172.152
84.054
-54.06
-228.07
-439.708
-675.365
-914.588
-1141.13
-1341.49
-1507.55
-1635.27
-1725.13
-1780.45
-1808.84
-1808.14
-1781.65
-1732.17
-1664.01
-1581.44
-1487.27
-1384.29
-1275.63
-1163.79
-1051.34
-941.085
-835.995
-738.118
-648.606
-568.18
-497.157
-435.328
-382.188
-337.164
-299.592
-268.709
-243.736
-223.932
-208.609
-197.266
-189.603
-185.172
-182.611
166.971
194.874
222.507
247.993
266.618
277.76
276.017
243.351
189.446
88.3177
-61.9583
-248.512
-475.598
-731.355
-994.734
-1245.9
-1467.15
-1647.8
-1785.71
-1883.17
-1942.81
-1962.64
-1952.72
-1915.48
-1853.79
-1772.5
-1676.63
-1570.64
-1457.38
-1339.02
-1217.9
-1096.69
-978.386
-865.927
-761.698
-667.057
-582.775
-509.118
-445.751
-391.898
-346.653
-309.081
-278.233
-253.246
-233.406
-218.103
-206.799
-199.117
-194.69
-192.228
141.942
166.726
192.31
216.262
235.138
244.039
236.447
205.843
147.828
40.5812
-113.103
-313.86
-556.728
-827.798
-1112.88
-1381.13
-1611.94
-1795
-1931.7
-2026.32
-2080.17
-2097.43
-2083.99
-2043.86
-1979.8
-1895.25
-1793.87
-1679.44
-1555.97
-1427.18
-1296.17
-1165.38
-1037.83
-916.488
-803.94
-702.084
-611.913
-533.672
-467.01
-411.103
-364.811
-326.856
-295.975
-271.089
-251.406
-236.352
-225.434
-218.262
-214.46
-212.48
99.6642
116.249
132.746
147.482
158.347
162.235
152.498
120.491
58.9062
-41.3923
-188.252
-384.11
-624.864
-902.144
-1195.3
-1475.87
-1714
-1897.09
-2035.18
-2130.4
-2183.8
-2202.08
-2188.34
-2146.47
-2080.73
-1994.83
-1891.98
-1776.08
-1650.48
-1518.07
-1381.73
-1244.55
-1109.79
-980.799
-860.16
-750.315
-652.954
-568.781
-497.452
-438.121
-389.636
-350.593
-319.472
-294.858
-275.659
-261.164
-250.906
-244.562
-241.742
-240.376
65.5996
73.7054
81.4433
86.8534
87.9922
82.0201
64.9273
31.8887
-24.4849
-114.179
-248.313
-430.721
-659.349
-926.935
-1218.56
-1505.44
-1751.86
-1946.98
-2096.29
-2195.28
-2253.23
-2276.9
-2264.38
-2223.27
-2157.84
-2072.25
-1970.31
-1855.04
-1729.94
-1597.06
-1459.05
-1319.31
-1180.74
-1046.69
-920.278
-803.852
-699.84
-609.714
-533.514
-470.288
-418.898
-377.99
-345.989
-321.282
-302.487
-288.683
-279.283
-273.921
-272.215
-271.391
35.6764
38.2324
39.4683
37.9301
31.7797
18.7082
-4.14561
-39.7355
-93.6399
-173.349
-289.267
-450.519
-657.012
-901.731
-1175.28
-1457.48
-1715.83
-1926.38
-2088.39
-2201.88
-2272.89
-2304.13
-2298.32
-2264.96
-2204.87
-2122.6
-2023.88
-1911.69
-1788.58
-1657.54
-1520.49
-1380.64
-1241.2
-1104.8
-975.062
-854.801
-745.951
-650.771
-570.053
-503.213
-448.999
-406.105
-372.941
-347.775
-329.01
-315.527
-306.661
-302.021
-301.352
-301.141
9.97264
8.96921
6.3697
0.638216
-9.94953
-26.9234
-52.3497
-88.5223
-139.562
-211.266
-311.351
-448.075
-621.555
-830.987
-1078.97
-1344.78
-1604.88
-1833.2
-2014.01
-2146.82
-2234.91
-2280.97
-2289.82
-2267.17
-2215.39
-2140.37
-2048
-1941.05
-1822.08
-1694.54
-1560.77
-1423.04
-1284.61
-1148.57
-1017.78
-896.044
-785.46
-687.298
-602.871
-532.672
-475.961
-431.252
-396.873
-371.05
-352.047
-338.569
-329.825
-325.453
-325.29
-325.702
-12.0683
-14.971
-19.917
-28.1419
-41.0328
-59.601
-85.6059
-120.743
-167.833
-231.626
-316.968
-429.363
-571.998
-748.837
-959.802
-1193.05
-1432.19
-1665.73
-1871.26
-2028.08
-2139.27
-2206.11
-2233.53
-2225.95
-2187.53
-2123.77
-2040.74
-1940.63
-1827.7
-1705.89
-1576.51
-1442.7
-1307.32
-1173.28
-1043.77
-921.979
-811.524
-712.844
-626.911
-554.964
-496.69
-450.662
-415.257
-388.735
-369.236
-355.412
-346.419
-341.645
-341.151
-341.94
-30.6999
-36.0606
-42.7296
-51.7646
-64.7411
-83.2955
-108.804
-142.366
-185.7
-242.105
-314.338
-406.381
-523.231
-669.33
-845.271
-1044.3
-1254.07
-1463.97
-1665.29
-1847.24
-1988.09
-2080.2
-2129.55
-2141.4
-2120.47
-2071.55
-2000.44
-1909.86
-1805.62
-1690.25
-1566.72
-1437.96
-1306.83
-1176.73
-1050.13
-930.31
-821.316
-723.976
-638.747
-566.987
-508.578
-462.154
-426.264
-399.212
-379.1
-364.544
-354.819
-349.538
-348.461
-349.564
-44.0899
-51.4704
-59.9719
-70.0919
-83.2913
-101.073
-124.53
-155.601
-195.661
-246.034
-308.419
-385.236
-480.736
-599.151
-743.066
-909.42
-1090.29
-1274.68
-1455.08
-1626.89
-1781.93
-1905.62
-1980.23
-2015.48
-2015.08
-1983.83
-1926.25
-1849.03
-1755.04
-1647.93
-1531.41
-1408.61
-1282.99
-1157.55
-1035.78
-920.166
-814.345
-719.989
-637.421
-567.706
-510.653
-465.013
-429.339
-402.059
-381.451
-366.198
-355.565
-349.321
-347.731
-349.893
-54.6888
-62.6063
-71.7071
-82.751
-96.219
-113.263
-134.751
-162.812
-198.75
-243.599
-298.545
-364.856
-445.026
-541.547
-657.316
-793.061
-944.794
-1105.06
-1264.75
-1417.63
-1560.56
-1690.39
-1792.79
-1852.95
-1875.02
-1863.54
-1822.98
-1759.29
-1677.28
-1580
-1471.88
-1356.05
-1236.28
-1116.91
-1000.92
-891.04
-790.519
-700.975
-622.844
-556.915
-502.844
-459.267
-424.799
-397.951
-377.261
-361.509
-350.022
-342.857
-341.065
-345.234
-63.9316
-71.941
-80.6459
-91.2879
-104.037
-120.052
-140.078
-165.304
-197.041
-236.131
-284.005
-341.658
-410.498
-492.031
-586.903
-695.926
-819.512
-954.642
-1094.64
-1231.04
-1359.33
-1477.51
-1583.66
-1664.07
-1708.52
-1717.01
-1695.32
-1646.9
-1576.36
-1489.7
-1391.23
-1282.77
-1169.81
-1056.64
-947.214
-843.913
-750.452
-667.518
-595.682
-535.468
-486.045
-446.019
-413.908
-388.35
-368.097
-352.339
-340.786
-333.737
-331.599
-336.725
-71.1519
-79.4749
-87.2368
-96.523
-107.981
-122.518
-141.041
-163.727
-191.763
-225.82
-266.903
-316.103
-374.839
-444.23
-524.018
-614.025
-714.484
-825.188
-943.499
-1064.15
-1180.29
-1289.14
-1386.71
-1470.62
-1530.85
-1559.05
-1553.35
-1520.24
-1461.99
-1385.82
-1293.49
-1193.94
-1087.13
-980.712
-877.34
-781.478
-695.791
-620.963
-557.357
-504.713
-461.905
-427.06
-398.607
-375.224
-356.05
-340.875
-330.247
-325.013
-324.707
-327.728
-77.6675
-84.1012
-90.3912
-98.7565
-109.575
-122.703
-139.02
-158.933
-183.549
-213.415
-248.644
-290.323
-339.651
-397.71
-465
-541.447
-625.998
-717.734
-816.012
-918.443
-1022.08
-1121.61
-1213.23
-1294.22
-1359.38
-1400.79
-1413.96
-1394.79
-1351.09
-1283.23
-1197.76
-1099.72
-998.039
-896.35
-798.436
-708.871
-630.579
-564.682
-510.289
-466.901
-432.369
-404.339
-380.846
-360.714
-343.423
-329.745
-321.415
-318.672
-320.503
-322.266
-86.8548
-85.0647
-91.0221
-99.5827
-110.526
-123.072
-137.818
-155.491
-176.696
-202.003
-232.056
-268.232
-310.775
-359.816
-416.176
-480.513
-552.987
-632.657
-717.173
-805.085
-894.568
-982.35
-1065.27
-1139.97
-1203.96
-1250.18
-1277.82
-1281.08
-1254.4
-1196.81
-1119.22
-1025.71
-923.209
-815.557
-716.005
-630.287
-558.853
-501.16
-456.32
-423.045
-398.561
-379.233
-362.47
-347.022
-332.801
-321.777
-316.043
-315.554
-317.374
-318.741
-99.6903
-85.6139
-94.503
-104.609
-115.676
-128.137
-142.403
-159.296
-178.915
-202.003
-229.295
-261.898
-300.179
-344.038
-393.793
-449.916
-512.725
-581.798
-655.107
-731.901
-808.845
-883.946
-954.579
-1018.37
-1072.81
-1115.82
-1144.92
-1159.64
-1152.26
-1117.68
-1047.4
-961.625
-861.972
-755.736
-654.279
-565.944
-492.133
-437.12
-398.827
-375.433
-361.855
-353.134
-345.072
-336.236
-326.863
-318.863
-314.769
-314.835
-316.427
-317.651
54.606
51.2062
49.6265
48.9389
48.8674
49.1548
49.7451
50.6563
51.9343
53.698
55.9801
58.7557
62.0118
65.7406
69.9506
74.654
79.8726
85.6035
91.8427
98.5801
105.771
113.424
121.624
130.289
139.194
148.333
157.707
167.17
176.63
186.029
195.268
204.182
212.574
220.268
227.032
232.584
236.627
238.849
238.9
236.365
230.816
221.807
208.831
191.302
168.655
140.263
105.482
63.5219
13.0912
-36.5507
53.56
52.7679
52.5331
52.7325
53.3612
54.28
55.4717
56.9482
58.7655
61.0194
63.7875
67.0749
70.8493
75.1118
79.8764
85.1693
91.0172
97.4148
104.354
111.811
119.776
128.255
137.239
146.674
156.481
166.591
176.935
187.445
198.053
208.666
219.182
229.471
239.373
248.71
257.266
264.791
271.009
275.626
278.295
278.62
276.205
270.63
261.413
248.02
229.913
206.479
177.093
140.892
97.02
54.563
54.4831
55.1564
56.0536
57.1475
58.4624
60.0304
61.8341
63.8836
66.2132
68.9692
72.2581
76.0762
80.4092
85.2641
90.6603
96.6208
103.161
110.28
117.966
126.207
134.995
144.312
154.144
164.455
175.191
186.293
197.693
209.334
221.141
233.023
244.88
256.593
268.025
279.02
289.385
298.898
307.307
314.33
319.635
322.865
323.649
321.564
316.158
306.965
293.495
275.168
251.4
221.69
185.46
151.043
57.0851
58.5239
60.2419
62.1196
64.1273
66.2944
68.6413
71.2233
74.1174
77.426
81.2376
85.591
90.5013
95.9777
102.039
108.697
115.951
123.805
132.257
141.307
150.939
161.138
171.88
183.132
194.859
207.01
219.528
232.355
245.418
258.636
271.914
285.133
298.173
310.899
323.142
334.711
345.373
354.856
362.849
369.013
372.978
374.354
372.744
367.73
358.857
345.605
327.529
304.065
274.695
248.711
60.9373
62.839
65.1188
67.6247
70.2596
72.9813
75.8281
78.9263
82.3733
86.2476
90.6063
95.5208
101.027
107.142
113.878
121.244
129.232
137.849
147.1
156.985
167.492
178.602
190.287
202.523
215.282
228.524
242.203
256.264
270.637
285.247
299.998
314.788
329.504
344.025
358.213
371.895
384.855
396.833
407.529
416.62
423.77
428.617
430.793
429.918
425.588
417.353
404.774
387.502
365.3
346.464
65.7924
68.0182
70.7016
73.6332
76.7422
79.9761
83.3524
86.9838
90.974
95.3946
100.313
105.799
111.905
118.662
126.079
134.158
142.901
152.307
162.377
173.11
184.498
196.523
209.167
222.412
236.236
250.608
265.488
280.819
296.537
312.568
328.83
345.234
361.68
378.059
394.247
410.082
425.361
439.83
453.197
465.16
475.385
483.538
489.313
492.376
492.329
488.724
481.209
469.356
452.939
440.121
71.518
73.9486
76.8775
80.0788
83.5352
87.2144
91.105
95.2621
99.782
104.733
110.2
116.249
122.955
130.349
138.445
147.237
156.733
166.924
177.81
189.386
201.653
214.603
228.223
242.501
257.411
272.93
289.014
305.616
322.676
340.133
357.92
375.957
394.156
412.409
430.595
448.558
466.097
482.962
498.88
513.561
526.709
538.068
547.353
554.181
558.127
558.81
555.875
549.059
538.386
530.428
77.9875
80.4434
83.428
86.7733
90.4944
94.5554
98.9195
103.592
108.622
114.091
120.081
126.695
133.998
142.028
150.792
160.289
170.52
181.48
193.167
205.58
218.723
232.594
247.186
262.479
278.456
295.09
312.35
330.197
348.585
367.463
386.77
406.431
426.355
446.441
466.565
486.57
506.257
525.391
543.724
560.996
576.957
591.332
603.755
613.835
621.226
625.541
626.438
623.584
616.986
612.535
84.8879
87.1731
90.0949
93.5134
97.4327
101.82
106.599
111.738
117.255
123.226
129.737
136.896
144.771
153.403
162.799
172.962
183.886
195.576
208.028
221.247
235.232
249.989
265.508
281.776
298.778
316.494
334.901
353.966
373.651
393.906
414.67
435.866
457.409
479.2
501.117
523.002
544.666
565.893
586.454
606.107
624.589
641.582
656.74
669.749
680.235
687.784
692.067
692.935
690.545
688.942
91.7572
93.8167
96.6352
100.08
104.13
108.767
113.906
119.46
125.431
131.873
138.882
146.548
154.954
164.144
174.13
184.915
196.497
208.875
222.053
236.035
250.822
266.417
282.812
300.005
317.98
336.721
356.206
376.407
397.283
418.786
440.855
463.421
486.414
509.741
533.282
556.88
580.354
603.496
626.084
647.868
668.567
687.861
705.409
720.808
733.617
743.471
750.175
753.571
753.776
753.969
98.2485
100.099
102.779
106.201
110.333
115.154
120.577
126.49
132.861
139.731
147.193
155.329
164.221
173.911
184.427
195.766
207.933
220.922
234.746
249.404
264.903
281.238
298.412
316.419
335.25
354.889
375.316
396.501
418.409
440.997
464.214
488.003
512.298
537.008
562.004
587.125
612.181
636.958
661.218
684.692
707.076
728.041
747.228
764.278
778.892
790.906
800.169
806.473
809.769
811.963
104.023
105.661
108.206
111.577
115.758
120.718
126.352
132.551
139.256
146.5
154.353
162.9
172.205
182.324
193.283
205.093
217.752
231.266
245.639
260.878
276.983
293.957
311.8
330.507
350.071
370.477
391.704
413.726
436.509
460.017
484.216
509.061
534.479
560.359
586.556
612.895
639.175
665.169
690.631
715.285
738.84
760.987
781.428
799.903
816.178
829.917
840.617
847.874
851.804
854.062
108.729
110.168
112.591
115.931
120.144
125.188
130.965
137.376
144.349
151.888
160.052
168.919
178.555
189.013
200.323
212.498
225.545
239.467
254.272
269.964
286.545
304.015
322.372
341.613
361.727
382.702
404.516
427.147
450.569
474.759
499.693
525.319
551.552
578.265
605.302
632.481
659.594
686.416
712.697
738.17
762.551
785.547
806.861
826.184
843.22
857.778
869.844
879.479
886.296
890.757
112.088
113.349
115.674
118.987
123.231
128.323
134.19
140.733
147.885
155.629
164.012
173.105
182.974
193.666
205.212
217.633
230.941
245.141
260.238
276.236
293.136
310.938
329.638
349.231
369.704
391.044
413.231
436.249
460.084
484.73
510.156
536.301
563.062
590.305
617.868
645.566
673.199
700.543
727.358
753.383
778.344
801.967
823.991
844.143
862.119
877.519
889.858
898.602
903.74
906.716
113.884
115.042
117.292
120.568
124.819
129.948
135.861
142.465
149.698
157.547
166.045
175.254
185.235
196.039
207.699
220.238
233.672
248.005
263.24
279.38
296.427
314.379
333.233
352.978
373.601
395.085
417.414
440.577
464.573
489.395
515.006
541.334
568.269
595.67
623.374
651.201
678.95
706.408
733.338
759.484
784.564
808.27
830.272
850.245
867.88
882.875
894.94
903.794
909.324
912.591
113.888
115.031
117.3
120.604
124.856
129.988
135.894
142.484
149.701
157.543
166.041
175.25
185.225
196.017
207.661
220.183
233.597
247.91
263.122
279.234
296.246
314.158
332.964
352.654
373.213
394.624
416.87
439.941
463.834
488.54
514.022
540.204
566.973
594.188
621.684
649.28
676.779
703.97
730.623
756.483
781.267
804.654
826.282
845.762
862.721
876.883
888.13
896.495
901.879
905.018
112.175
113.396
115.698
119.033
123.311
128.437
134.296
140.795
147.901
155.624
164.003
173.091
182.941
193.599
205.101
217.472
230.724
244.863
259.888
275.801
292.601
310.285
328.847
348.279
368.566
389.691
411.634
434.375
457.902
482.203
507.246
532.96
559.237
585.934
612.887
639.908
666.798
693.341
719.307
744.447
768.492
791.152
812.126
831.1
847.736
861.585
872.025
878.509
881.423
882.661
108.871
110.234
112.62
115.999
120.291
125.377
131.133
137.473
144.38
151.882
160.034
168.89
178.5
188.908
200.149
212.244
225.203
239.026
253.715
269.269
285.689
302.97
321.105
340.087
359.903
380.533
401.953
424.135
447.049
470.674
494.98
519.907
545.357
571.195
597.251
623.335
649.232
674.716
699.545
723.472
746.239
767.581
787.194
804.716
819.743
832.003
841.44
847.958
851.328
853.04
104.193
105.748
108.253
111.676
115.958
120.971
126.575
132.69
139.316
146.506
154.335
162.866
172.139
182.195
193.063
204.765
217.307
230.69
244.911
259.969
275.862
292.584
310.131
328.495
347.661
367.608
388.309
409.727
431.824
454.562
477.903
501.795
526.153
550.855
575.739
600.616
625.268
649.456
672.923
695.394
716.593
736.24
754.077
769.846
783.223
793.728
800.96
804.689
805.055
804.666
98.4369
100.212
102.841
106.325
110.57
115.461
120.855
126.68
132.951
139.755
147.182
155.301
164.154
173.773
184.184
195.399
207.422
220.253
233.894
248.337
263.578
279.61
296.427
314.02
332.373
351.46
371.251
391.705
412.779
434.42
456.572
479.175
502.154
525.407
548.789
572.121
595.198
617.779
639.6
660.362
679.739
697.406
713.036
726.372
737.261
745.489
750.629
752.375
750.804
749.073
91.9772
93.9398
96.6972
100.228
104.409
109.124
114.23
119.689
125.548
131.913
138.885
146.531
154.894
164.002
173.877
184.525
195.949
208.15
221.126
234.868
249.367
264.617
280.609
297.332
314.763
332.877
351.64
371.009
390.933
411.349
432.185
453.369
474.823
496.441
518.084
539.577
560.72
581.29
601.037
619.682
636.902
652.354
665.698
676.546
684.581
689.584
691.362
689.6
684.305
679.987
85.1649
87.292
90.1495
93.6698
97.7419
102.21
106.967
112
117.395
123.282
129.764
136.898
144.725
153.271
162.548
172.565
183.325
194.829
207.067
220.031
233.711
248.099
263.186
278.949
295.364
312.396
330.012
348.168
366.812
385.878
405.288
424.954
444.781
464.66
484.447
503.955
522.971
541.266
558.598
574.705
589.29
601.997
612.487
620.44
625.474
627.243
625.486
620.101
611.231
604.011
78.3769
80.6155
83.4907
86.9259
90.8018
94.9695
99.3273
103.885
108.784
114.167
120.128
126.718
133.977
141.921
150.562
159.913
169.977
180.748
192.215
204.363
217.187
230.677
244.821
259.591
274.955
290.873
307.3
324.186
341.47
359.086
376.954
394.981
413.068
431.1
448.929
466.363
483.162
499.072
513.836
527.197
538.883
548.566
555.836
560.293
561.593
559.402
553.447
543.359
529.171
517.855
71.9686
74.2106
76.9853
80.2234
83.8197
87.6258
91.5292
95.5872
99.9776
104.837
110.259
116.29
122.954
130.264
138.236
146.887
156.223
166.234
176.902
188.212
200.157
212.725
225.895
239.643
253.93
268.716
283.948
299.559
315.478
331.623
347.913
364.253
380.539
396.652
412.442
427.71
442.209
455.651
467.742
478.191
486.719
493.034
496.789
497.551
494.873
488.369
477.706
462.668
443.226
426.547
66.2113
68.3125
70.864
73.7893
77.0085
80.3514
83.7555
87.3161
91.1936
95.5212
100.391
105.856
111.921
118.595
125.894
133.837
142.43
151.663
161.524
171.996
183.068
194.722
206.927
219.652
232.858
246.504
260.534
274.872
289.436
304.133
318.865
333.535
348.033
362.235
375.977
389.048
401.193
412.12
421.505
429.015
434.323
437.098
436.981
433.578
426.458
415.156
399.285
378.365
352.345
329.624
61.2986
63.1158
65.3143
67.8057
70.507
73.301
76.1843
79.241
82.598
86.3893
90.702
95.5853
101.046
107.088
113.722
120.959
128.809
137.262
146.309
155.945
166.15
176.903
188.164
199.895
212.053
224.586
237.434
250.521
263.755
277.039
290.264
303.317
316.086
328.428
340.164
351.06
360.845
369.219
375.851
380.381
382.445
381.68
377.701
370.064
358.304
341.924
320.472
293.613
261.261
231.756
57.3758
58.7813
60.4568
62.336
64.3731
66.5682
68.9226
71.4824
74.3225
77.5769
81.3363
85.6419
90.5027
95.9165
101.893
108.439
115.564
123.262
131.52
140.335
149.687
159.551
169.891
180.663
191.818
203.287
214.999
226.878
238.829
250.75
262.53
274.054
285.186
295.757
305.562
314.355
321.848
327.719
331.627
333.194
332.01
327.661
319.732
307.769
291.266
269.661
242.445
208.985
169.199
132.297
54.7298
55.3921
56.2768
57.3846
58.6995
60.2611
62.049
64.0869
66.3923
69.1105
72.3448
76.1039
80.3867
85.1858
90.5091
96.3756
102.796
109.769
117.275
125.297
133.819
142.819
152.275
162.137
172.34
182.803
193.438
204.165
214.894
225.517
235.927
246.009
255.601
264.497
272.462
279.228
284.498
287.945
289.203
287.878
283.546
275.75
264.013
247.819
226.635
199.856
166.898
127.099
80.3368
34.6535
53.8038
52.9949
52.756
52.962
53.5713
54.4636
55.6345
57.1023
58.9062
61.117
63.835
67.0639
70.7897
75.0054
79.7052
84.9182
90.6569
96.9214
103.701
110.964
118.686
126.852
135.468
144.492
153.81
163.325
172.955
182.6
192.169
201.569
210.697
219.421
227.56
234.869
241.084
245.915
249.048
250.15
248.846
244.712
237.3
226.135
210.699
190.416
164.692
132.904
94.4298
48.2108
-5.99045
-59.4711
54.8835
51.4583
49.8683
49.1643
49.0568
49.3076
49.8702
50.7542
52.0011
53.7203
55.9463
58.6711
61.878
65.5715
69.727
74.3549
79.477
85.0911
91.1969
97.7683
104.765
112.149
119.934
128.218
136.725
145.31
153.983
162.643
171.119
179.343
187.249
194.66
201.35
207.08
211.565
214.485
215.514
214.316
210.509
203.654
193.284
178.9
159.939
135.762
105.743
69.2177
25.7229
-25.9397
-85.9609
-146.163
-56.7636
-66.9247
-65.3849
-61.921
-56.5454
-48.5191
-38.8699
-28.4994
-13.3112
5.44371
27.7787
50.9922
76.0297
107.525
130.634
138.929
119.038
83.7362
59.0971
33.7019
11.7671
-8.42267
-24.8842
-36.5013
-46.4845
-55.3112
-61.0589
-64.8825
-67.2271
-55.9614
-39.5113
-51.3969
-52.5781
-51.2529
-47.201
-39.924
-30.95
-21.7377
-8.23368
9.01832
27.2796
45.8271
65.6099
89.1093
108.738
112.469
98.5344
70.3793
53.1638
31.6948
13.2857
-4.54127
-18.9681
-29.2198
-38.4005
-46.3697
-50.84
-52.2035
-51.5997
-39.1299
-38.4985
-41.8197
-42.4436
-41.7522
-38.572
-32.2742
-23.8918
-15.1114
-3.48948
11.5024
26.1323
41.7424
57.3927
74.1784
90.0598
90.4101
80.665
60.3916
47.8055
29.7797
14.5778
-0.720285
-13.3463
-22.6445
-30.8881
-37.7134
-41.3999
-41.8935
-41.6811
-38.3989
-37.7044
-36.5034
-34.9211
-33.8088
-30.8649
-25.3644
-17.7833
-9.5093
0.435119
13.0026
24.8862
38.0414
50.4649
61.8416
74.8374
72.6752
65.7302
52.1629
42.4056
27.4912
15.4095
2.72931
-8.13738
-16.7733
-24.2271
-30.0449
-33.3586
-34.2558
-36.1355
-37.5337
-34.9347
-32.4401
-29.4977
-27.3994
-24.3034
-19.2953
-12.6375
-5.23859
3.28863
13.7415
23.3786
33.9714
44.2639
51.8859
62.78
58.8889
53.8744
44.6222
37.0216
24.7663
15.4538
5.15276
-3.94463
-11.6263
-18.3719
-23.6263
-26.934
-28.9251
-32.0766
-34.6087
-30.3257
-28.455
-25.1768
-22.3196
-18.8944
-14.2905
-8.56299
-2.235
4.9953
13.7461
21.6187
29.8579
38.5206
43.7144
53.0308
48.1022
44.5694
37.5185
32.0267
22.0531
14.8625
6.27013
-1.28326
-7.66207
-13.5013
-18.2862
-21.8833
-24.7215
-28.1729
-29.9308
-24.9761
-24.2319
-21.3723
-18.3132
-14.8164
-10.6351
-5.61652
-0.218678
5.87292
13.2348
19.7658
25.9466
33.1491
36.6594
44.9029
39.3615
37.2673
31.2994
27.5731
19.6073
14.0104
6.63281
0.26083
-5.03891
-10.0639
-14.2681
-17.9123
-20.9434
-23.9632
-24.5989
-19.9764
-19.8886
-17.9264
-15.2382
-11.9732
-8.11587
-3.5595
1.15116
6.21703
12.2628
17.7737
22.3136
28.2554
30.5817
37.7788
31.8183
31.7607
26.326
23.6089
17.2106
12.8653
6.70985
1.40504
-3.20969
-7.73963
-11.5151
-14.8989
-17.4985
-19.5712
-19.6106
-15.8879
-16.0353
-14.8036
-12.6671
-9.68076
-6.24057
-2.19104
1.88465
6.03385
10.9081
15.6874
19.1083
23.9848
25.505
31.5071
26.3219
26.7105
22.164
20.1017
14.819
11.3418
6.36539
2.1109
-1.88905
-5.93163
-9.31629
-12.3881
-14.3928
-15.6675
-15.4843
-12.7952
-12.8559
-11.963
-10.3034
-7.64399
-4.84525
-1.40189
1.9975
5.47828
9.47987
13.6713
16.3934
20.3268
21.3536
25.9845
22.3183
22.3361
18.7368
17.0572
12.7293
9.81209
5.65201
2.21872
-1.15238
-4.5409
-7.32955
-10.0351
-11.5492
-12.4533
-12.3476
-10.494
-10.165
-9.27409
-8.17916
-6.06181
-3.9238
-1.00039
1.84446
4.85949
8.18771
11.7445
13.9484
17.0398
17.8951
21.8336
18.7893
18.5459
15.9825
14.424
10.8672
8.48753
4.95136
2.04559
-0.83364
-3.63183
-5.75563
-7.85021
-8.85739
-9.73573
-10.0258
-8.64463
-8.03747
-6.9507
-6.31733
-4.74046
-3.19537
-0.718609
1.70961
4.27169
6.99498
9.93032
11.7648
14.2611
15.6246
17.2062
15.7406
15.231
13.5627
12.1628
9.31047
7.18526
4.2184
1.87909
-0.620297
-2.92887
-4.48588
-5.98815
-6.54571
-7.59971
-8.19943
-6.9701
-6.48038
-5.38005
-4.84561
-3.48248
-2.37493
-0.373324
1.60328
3.6826
5.87939
8.29435
9.88964
11.8262
13.1085
13.8473
13.125
12.3484
11.2635
10.0004
7.71405
5.99868
3.59245
1.75554
-0.293658
-2.10447
-3.27036
-4.57165
-5.00115
-6.073
-6.58377
-5.47999
-5.13354
-4.37708
-3.84469
-2.51356
-1.60809
-0.0254249
1.52465
3.17953
4.96776
6.91209
8.22267
9.68476
10.6838
11.2289
11.0928
10.1202
9.23213
8.19213
6.40454
4.99763
3.04422
1.6554
0.0437847
-1.35568
-2.30271
-3.55973
-4.04103
-4.8029
-5.11364
-3.97838
-3.83196
-3.4155
-3.04778
-1.87949
-1.10614
0.190554
1.44707
2.76777
4.20559
5.67969
6.68388
7.83527
8.64011
9.03993
9.22248
8.26968
7.51936
6.6197
5.32392
4.22761
2.64034
1.57493
0.276053
-0.857357
-1.66806
-2.74906
-3.15824
-3.57001
-3.63545
-2.58815
-2.61494
-2.36267
-2.23969
-1.3405
-0.837647
0.272179
1.3124
2.31852
3.43053
4.51542
5.26437
6.13955
6.69711
6.97715
7.47844
6.4701
5.98529
5.19103
4.38369
3.478
2.21978
1.38744
0.348531
-0.579472
-1.23431
-2.01409
-2.15681
-2.3745
-2.30688
-1.59733
-1.69817
-1.55876
-1.54026
-0.801717
-0.600374
0.326843
1.09414
1.80254
2.64399
3.43992
4.01228
4.62652
4.89019
5.11319
5.79453
4.82505
4.67009
3.96735
3.40181
2.65205
1.7325
1.10331
0.265696
-0.47485
-0.869403
-1.39838
-1.35283
-1.46797
-1.37708
-0.901636
-1.12605
-1.06088
-1.1974
-0.426583
-0.251201
0.39233
0.792834
1.27742
1.82478
2.45238
2.87725
3.2384
3.33689
3.44505
4.20692
3.31067
3.34561
2.84045
2.53286
1.80978
1.28275
0.939658
0.198894
-0.333472
-0.432008
-1.07371
-0.960044
-1.00864
-0.76195
-0.318071
-0.59411
-0.638504
-0.796242
-0.209991
-0.150632
0.230036
0.412421
0.75327
1.00318
1.47421
1.65434
1.98557
1.7718
1.90193
2.66479
1.92673
2.03817
1.69327
1.61517
1.13165
0.804672
0.619776
0.296956
0.0198604
-0.071279
-0.749692
-0.727669
-0.683346
-0.281774
-0.382569
-0.499154
0.0234239
-0.148796
-0.0721459
-0.062116
0.0725313
0.111713
0.247469
0.342606
0.465743
0.515352
0.704394
0.625847
0.925975
1.0799
0.578295
0.723126
0.441402
0.504417
0.3707
0.287566
0.193986
0.132458
0.00175903
-0.0153027
-0.144086
-0.0517379
-0.583651
-0.398168
)
;

boundaryField
{
    INLET
    {
        type            zeroGradient;
    }
    OUTLET
    {
        type            fixedValue;
        value           uniform 0;
    }
    WALL
    {
        type            zeroGradient;
    }
    CYLINDER
    {
        type            zeroGradient;
    }
    frontAndBackPlanes
    {
        type            empty;
    }
}


// ************************************************************************* //
