/*--------------------------------*- C++ -*----------------------------------*\
| =========                 |                                                 |
| \\      /  F ield         | OpenFOAM: The Open Source CFD Toolbox           |
|  \\    /   O peration     | Version:  v1912                                 |
|   \\  /    A nd           | Website:  www.openfoam.com                      |
|    \\/     M anipulation  |                                                 |
\*---------------------------------------------------------------------------*/
FoamFile
{
    version     2.0;
    format      ascii;
    class       volScalarField;
    location    "0.35";
    object      p;
}
// * * * * * * * * * * * * * * * * * * * * * * * * * * * * * * * * * * * * * //

dimensions      [0 2 -2 0 0 0 0];


internalField   nonuniform List<scalar> 
6600
(
103.672
99.2381
97.2062
95.992
95.0434
94.2095
93.4058
92.6498
91.9769
91.4622
90.9774
90.3265
89.6908
89.1244
88.5767
87.9638
87.3431
86.7384
86.1674
85.5686
84.9503
84.3813
83.5682
82.5773
81.4697
80.3677
79.1147
77.6203
75.7029
73.2118
70.289
66.7184
62.2321
56.7662
50.0035
41.4593
30.7419
17.4755
1.26469
-18.4038
-42.1464
-70.6356
-104.694
-145.129
-192.673
-248.338
-312.815
-385.107
-471.247
-566.564
100.811
96.5956
94.9639
93.5418
92.2075
90.9932
89.8997
88.9564
88.1408
87.3565
86.4861
85.4468
84.3106
83.164
82.0915
80.9636
79.6885
78.3185
76.887
75.3975
73.7724
72.03
70.233
68.2271
65.9069
63.3101
60.364
57.0235
53.1905
48.568
43.1168
36.908
29.5896
20.9381
10.7947
-1.3498
-16.0386
-33.6225
-54.4964
-79.2354
-108.472
-142.751
-183.11
-230.284
-284.924
-348.073
-420.341
-500.722
-592.901
-693.97
97.0564
92.9353
91.5638
89.965
88.4709
87.109
85.8789
84.7316
83.5919
82.3252
80.9851
79.6306
78.1812
76.5754
74.7422
72.8364
70.8433
68.7222
66.4532
64.0091
61.4024
58.5328
55.3513
51.8965
48.2456
44.1468
39.4969
34.1361
28.1657
21.3449
13.4016
4.3106
-6.11366
-18.1217
-31.9396
-47.9912
-66.8195
-88.9696
-114.72
-144.661
-179.548
-219.729
-266.425
-320.108
-381.512
-451.641
-530.914
-618.145
-713.219
-813.722
92.8895
88.6716
87.5286
85.7291
84.1645
82.7063
81.3613
79.967
78.4385
76.7857
74.9787
73.0872
71.1222
69.1027
66.8248
64.2111
61.3493
58.31
55.0848
51.5891
47.7558
43.61
39.1137
34.1902
28.7965
22.8833
16.3194
8.96695
0.67745
-8.59323
-19.0764
-31.0044
-44.6456
-60.222
-77.8662
-98.0581
-121.213
-148.069
-178.842
-214.095
-254.526
-300.653
-353.24
-412.908
-480.358
-556.459
-641.4
-733.198
-829.364
-926.616
88.271
84.0076
83.118
81.1494
79.527
77.9673
76.3797
74.6271
72.6564
70.6352
68.539
66.2089
63.6195
60.7704
57.8059
54.6368
51.0817
47.1004
42.791
38.214
33.2387
27.7334
21.57
14.8905
7.71295
-0.110077
-8.78437
-18.4539
-29.1595
-41.0168
-54.2586
-69.2031
-86.0491
-105.173
-126.781
-151.159
-178.802
-210.256
-245.882
-286.229
-331.916
-383.505
-441.399
-506.139
-578.397
-658.974
-747.822
-842.556
-938.78
-1031.43
83.3132
79.1121
78.4642
76.2683
74.5382
72.8126
70.8981
68.7984
66.5039
63.9975
61.3295
58.4734
55.3951
51.9461
48.0551
43.9346
39.539
34.676
29.225
23.2937
16.9255
10.0902
2.59265
-5.81187
-15.0755
-25.0266
-35.866
-47.8448
-61.0757
-75.7308
-91.9399
-109.953
-130.112
-152.76
-178.15
-206.666
-238.714
-274.603
-314.782
-359.773
-410.119
-466.249
-528.448
-597.181
-672.892
-756.22
-847.303
-943.69
-1039.06
-1125.49
78.1388
73.9679
73.53
71.0345
69.2333
67.2216
64.9273
62.4294
59.7819
56.9087
53.6554
50.0412
46.1222
41.9121
37.3274
32.2238
26.6707
20.71
14.2355
7.23416
-0.715917
-9.27488
-18.5689
-28.6627
-39.6814
-51.8682
-65.1456
-79.5364
-95.3537
-112.801
-132.066
-153.299
-176.741
-202.81
-231.849
-264.179
-300.143
-340.029
-384.209
-433.176
-487.332
-547.019
-612.45
-683.872
-761.625
-846.298
-938.237
-1035.02
-1128.23
-1206.15
72.7602
68.7301
68.3091
65.3857
63.6157
61.3014
58.6467
55.7642
52.6078
49.1187
45.2793
41.0388
36.4213
31.1789
25.5371
19.4092
12.6976
5.33123
-2.5972
-11.017
-20.2665
-30.3755
-41.3942
-53.4886
-66.6307
-80.8133
-96.3992
-113.374
-131.88
-152.087
-174.221
-198.557
-225.296
-254.676
-287.034
-322.757
-362.156
-405.468
-452.986
-505.046
-562.036
-624.197
-691.681
-764.7
-843.376
-928.148
-1019.46
-1115.04
-1204.57
-1272.01
67.1353
63.4324
62.8708
59.5546
57.8494
55.1203
52.0727
48.9547
45.237
41.1019
36.4695
31.3828
25.8795
19.8532
13.1589
5.82133
-2.10721
-10.721
-20.1367
-30.3757
-41.2955
-53.2385
-66.1814
-80.1272
-95.3978
-111.879
-129.71
-149.118
-170.193
-193.127
-218.131
-245.355
-275.048
-307.491
-342.913
-381.567
-423.744
-469.701
-519.739
-574.128
-633.008
-696.589
-765.019
-838.404
-916.934
-1000.95
-1090.49
-1182.94
-1267.4
-1323.05
61.2268
58.0069
57.2038
53.8878
52.3704
48.9396
45.6394
41.93
37.6822
32.9234
27.6322
21.7462
15.1866
8.02639
0.235001
-8.30042
-17.6193
-27.7038
-38.5982
-50.4222
-63.2385
-76.9319
-91.859
-108.017
-125.291
-144.061
-164.289
-186.136
-209.723
-235.202
-262.773
-292.675
-325.071
-360.131
-398.084
-439.165
-483.607
-531.622
-583.387
-639.09
-698.972
-763.115
-831.568
-904.448
-981.835
-1064.08
-1150.72
-1238.75
-1316.74
-1360.41
55.4914
52.7184
51.7446
48.7577
46.6725
43.0612
39.4155
35.1249
30.2814
24.8261
18.7233
12.0091
4.60206
-3.60393
-12.5833
-22.3565
-33.0079
-44.5442
-57.0834
-70.5971
-85.2774
-101.14
-118.079
-136.265
-155.743
-176.658
-199.149
-223.309
-249.271
-277.231
-307.279
-339.555
-374.258
-411.563
-451.621
-494.6
-540.661
-589.949
-642.721
-699.123
-759.146
-822.913
-890.511
-961.962
-1037.31
-1116.88
-1200.41
-1283.34
-1353.6
-1386.42
50.342
48.099
47.2067
44.0728
41.5583
37.6894
33.5866
28.786
23.2873
17.1478
10.2898
2.63351
-5.79536
-15.0542
-25.1856
-36.2273
-48.2525
-61.3091
-75.3792
-90.6183
-106.937
-124.56
-143.577
-163.932
-185.67
-208.796
-233.534
-259.964
-288.195
-318.29
-350.454
-384.835
-421.517
-460.624
-502.295
-546.644
-593.803
-643.927
-697.06
-753.32
-812.865
-875.65
-941.65
-1010.96
-1083.6
-1159.63
-1238.82
-1316.39
-1379.62
-1403.82
46.0626
44.2695
43.1027
39.9812
37.2219
33.0313
28.4074
23.0515
16.9768
10.0777
2.41196
-6.05868
-15.4242
-25.7123
-36.9877
-49.2849
-62.5865
-77.0711
-92.7519
-109.638
-127.873
-147.429
-168.204
-190.409
-214.171
-239.475
-266.342
-294.843
-325.164
-357.374
-391.513
-427.658
-465.957
-506.511
-549.376
-594.672
-642.453
-692.71
-745.642
-801.313
-859.659
-920.745
-984.538
-1050.97
-1120.22
-1192.38
-1266.27
-1337.93
-1395.11
-1413.69
42.8542
41.3876
40.0484
36.7241
33.6637
29.1755
24.2451
18.3792
11.6963
4.17868
-4.27418
-13.6445
-23.9737
-35.2808
-47.6092
-61.0983
-75.7532
-91.5752
-108.699
-127.126
-146.898
-168.133
-190.903
-215.071
-240.728
-268.025
-296.952
-327.557
-359.761
-393.697
-429.512
-467.232
-506.898
-548.56
-592.278
-638.056
-685.969
-736.138
-788.439
-842.917
-899.685
-958.629
-1019.7
-1082.81
-1147.93
-1215.01
-1282.13
-1345.26
-1393.13
-1409.62
41.0792
39.6476
38.3041
34.8338
31.4897
26.5993
21.2841
15.0043
7.78423
-0.331612
-9.3939
-19.475
-30.6195
-42.9094
-56.3145
-70.8763
-86.7304
-103.905
-122.444
-142.433
-163.887
-186.662
-211.003
-236.995
-264.577
-293.715
-324.454
-356.864
-390.967
-426.72
-464.046
-503.056
-543.836
-586.39
-630.671
-676.756
-724.613
-774.131
-825.458
-878.52
-933.217
-989.559
-1047.38
-1106.62
-1166.97
-1228.04
-1286.45
-1337
-1369.42
-1383.28
40.795
39.1498
37.6177
34.225
30.7627
25.7369
20.0841
13.4525
5.84632
-2.79291
-12.4602
-23.2202
-35.0766
-48.1262
-62.4599
-78.0917
-95.0458
-113.384
-133.203
-154.535
-177.46
-202.061
-228.132
-255.791
-285.096
-316.092
-348.741
-382.909
-418.581
-455.836
-494.649
-534.942
-576.685
-619.888
-664.592
-710.681
-758.144
-807.072
-857.213
-908.517
-960.982
-1014.47
-1068.77
-1123.48
-1178.97
-1232.75
-1281.05
-1317.04
-1332.73
-1342.25
42.3656
40.6585
38.8206
35.1394
31.5806
26.4284
20.6672
13.7456
5.84231
-3.07758
-13.106
-24.3209
-36.7798
-50.4886
-65.5339
-82.0019
-99.9661
-119.449
-140.502
-163.114
-187.352
-213.372
-241.176
-270.652
-301.726
-334.422
-368.756
-404.733
-442.231
-481.042
-521.167
-562.62
-605.341
-649.271
-694.287
-740.411
-787.589
-835.655
-884.661
-934.326
-984.42
-1034.91
-1085.63
-1136.08
-1185.82
-1231.97
-1271.41
-1298.37
-1307.16
-1310.95
45.6337
43.8226
41.8407
38.0082
34.2174
28.9211
23.1185
16.1546
8.10987
-1.05227
-11.3581
-22.8362
-35.611
-49.7711
-65.3511
-82.4403
-101.109
-121.436
-143.511
-167.404
-193.014
-220.381
-249.705
-280.859
-313.844
-348.513
-384.744
-422.413
-461.538
-502.03
-543.688
-586.39
-630.07
-674.631
-720.12
-766.376
-813.186
-860.594
-908.404
-956.51
-1004.67
-1052.55
-1099.81
-1147.25
-1191.82
-1231.23
-1262.57
-1282.51
-1293.05
-1293.01
50.2088
48.1051
46.3242
42.6067
38.639
33.3413
27.4824
20.5396
12.5204
3.38734
-6.97546
-18.6311
-31.5904
-45.9703
-61.8542
-79.355
-98.5648
-119.544
-142.317
-167.047
-193.856
-222.691
-253.45
-286.222
-320.885
-357.381
-395.641
-435.477
-476.582
-518.837
-562.156
-606.327
-651.221
-696.773
-742.792
-789.203
-836.002
-883.036
-930.214
-977.088
-1023.45
-1069.51
-1114.75
-1158.53
-1199.33
-1234.87
-1260.06
-1270.66
-1277.29
-1277.93
56.3771
53.2382
51.7134
48.4126
44.8025
39.4002
33.7221
26.798
18.9482
9.96692
-0.233518
-11.7827
-24.7311
-39.1341
-55.1089
-72.7286
-92.1426
-113.509
-136.928
-162.353
-189.907
-219.744
-251.903
-286.35
-322.913
-361.443
-401.722
-443.623
-486.954
-531.375
-576.637
-622.634
-669.122
-715.798
-762.707
-809.879
-856.898
-903.605
-950.135
-996.527
-1042.3
-1087.01
-1130.89
-1172.24
-1209.38
-1239.26
-1258.41
-1267.15
-1267.58
-1269.23
63.1048
60.0791
58.3526
54.8722
51.7272
46.9381
41.6126
34.9965
27.3992
18.5859
8.61841
-2.63749
-15.3333
-29.5435
-45.3759
-62.9533
-82.3304
-103.647
-127.178
-153.091
-181.32
-212.001
-245.211
-280.911
-319.159
-359.799
-402.508
-446.923
-492.78
-539.771
-587.531
-635.719
-684.075
-732.499
-780.744
-828.593
-876.187
-923.465
-970.214
-1016.2
-1061.37
-1105.48
-1147.25
-1186.22
-1221.11
-1246.27
-1256.69
-1262.44
-1262.26
-1263.22
69.746
67.2885
65.6292
62.7671
59.7359
55.6347
50.8455
44.7774
37.5827
29.1844
19.5537
8.67083
-3.61615
-17.4309
-32.8313
-50.0428
-69.2331
-90.4493
-113.799
-139.572
-168.057
-199.328
-233.413
-270.42
-310.25
-352.748
-397.779
-444.977
-493.792
-543.768
-594.479
-645.521
-696.546
-747.103
-796.97
-846.349
-895.145
-942.873
-989.603
-1036.07
-1081.8
-1124.65
-1164.42
-1201.13
-1230.35
-1248.56
-1258.09
-1258.19
-1258.87
-1259
75.71
74.4348
73.1849
71.0727
68.481
64.8629
60.6457
55.2427
48.7191
40.9953
31.9539
21.6061
9.89001
-3.32124
-18.1501
-34.6347
-53.0684
-73.7815
-96.9151
-122.542
-150.859
-182.157
-216.678
-254.539
-295.775
-340.282
-387.697
-437.688
-489.854
-543.48
-597.884
-652.45
-706.577
-759.935
-812.398
-863.515
-913.351
-962.371
-1010.05
-1056.36
-1101.43
-1144.15
-1181.08
-1213.49
-1238.87
-1249.4
-1254.54
-1255.18
-1255.89
-1256.01
80.8925
80.1366
80.0759
78.8569
77.3441
74.5367
70.9709
66.2045
60.4763
53.5792
45.3936
35.8329
24.8608
12.4004
-1.67279
-17.4613
-35.0829
-54.7599
-76.9263
-101.844
-129.755
-160.952
-195.614
-233.86
-275.975
-322.101
-372.029
-425.122
-480.807
-538.444
-597.123
-655.956
-714.252
-771.439
-826.822
-880.252
-932.13
-982.288
-1030.49
-1076.63
-1121.15
-1163.27
-1199.85
-1226.07
-1240.79
-1251.12
-1252.15
-1253.53
-1254.2
-1254.42
83.2192
84.8894
85.2381
85.3116
85.2353
83.7072
81.1975
77.3764
72.5295
66.4528
59.0981
50.3889
40.3189
28.8436
15.9084
1.23289
-15.3654
-34.03
-55.0776
-78.8575
-105.711
-136.028
-170.26
-208.706
-251.5
-298.685
-350.491
-406.688
-466.332
-528.531
-592.291
-656.494
-719.934
-781.439
-840.817
-897.788
-951.379
-1002.7
-1052.67
-1099.58
-1142.24
-1183.42
-1217.54
-1237.8
-1247.51
-1251.02
-1252.54
-1253.44
-1253.88
-1254.1
83.0591
87.2814
89.0489
91.4338
92.529
92.3223
91.1171
88.4416
84.5264
79.2848
72.7811
64.9973
55.9095
45.4577
33.5998
20.145
5.01234
-12.1732
-31.6966
-53.998
-79.4246
-108.461
-141.564
-179.277
-222.028
-270.185
-323.792
-382.64
-446.184
-513.373
-582.978
-653.308
-722.875
-790.511
-854.996
-915.634
-972.429
-1025.51
-1075.27
-1121.99
-1163.21
-1201.42
-1234.22
-1246.84
-1253.04
-1254.01
-1254.61
-1254.58
-1254.46
-1254.38
78.8409
88.71
90.5591
95.3134
98.5102
100.035
100.367
98.9764
96.183
91.9623
86.3845
79.4752
71.3099
61.8371
51.0618
38.9797
25.2006
9.61097
-8.07182
-28.3107
-51.715
-78.9339
-110.506
-146.933
-188.773
-236.655
-291.211
-352.554
-420.085
-492.618
-568.64
-646.45
-723.876
-798.812
-869.374
-935.483
-996.372
-1050.7
-1099.58
-1145.44
-1188.54
-1220.3
-1240.38
-1255.16
-1255.81
-1256.47
-1256.15
-1255.38
-1254.64
-1254.01
70.8366
85.8837
89.5632
98.0783
103.284
106.826
108.908
108.863
107.308
104.159
99.5374
93.4515
86.1131
77.5946
67.7431
57.0241
44.8401
30.9701
15.1441
-2.89771
-23.7888
-48.2964
-77.3867
-111.896
-152.506
-199.683
-254.189
-316.996
-388.057
-466.155
-549.571
-635.899
-722.509
-806.593
-885.433
-957.369
-1022.74
-1079.72
-1127.68
-1169.93
-1207.75
-1235.75
-1248.5
-1254.53
-1256.56
-1257.26
-1256.88
-1255.77
-1254.48
-1253.34
57.3182
79.5368
87.2114
97.9429
106.197
112.315
116.743
117.982
117.717
115.803
112.347
107.055
100.457
92.7359
83.6732
73.6133
62.9736
51.0883
37.4469
21.6142
3.24235
-18.3791
-44.2838
-75.7263
-113.792
-159.386
-213.285
-276.6
-350.56
-434.503
-525.961
-622.195
-719.943
-815.136
-903.687
-983.999
-1054.36
-1112.89
-1162.91
-1200.78
-1231.32
-1243.69
-1252.55
-1253.91
-1256.77
-1258.29
-1258.27
-1257.04
-1255.39
-1254.03
34.8039
68.6132
80.0269
95.814
107.351
116.196
122.697
126.479
127.925
126.799
123.91
119.905
113.939
106.747
98.5044
88.6517
79.3783
69.3716
57.6692
44.4429
28.977
10.2866
-12.4468
-40.485
-75.5179
-118.694
-171.017
-233.922
-309.463
-399.049
-499.746
-607.408
-718.589
-826.752
-927.205
-1017.49
-1091.21
-1147.36
-1189.54
-1227.25
-1247.72
-1256.97
-1254.67
-1256.44
-1259.21
-1261.28
-1261.7
-1259.99
-1257.74
-1256.18
126.178
121.602
119.412
118.064
117.425
117.218
117.164
117.306
117.749
118.526
119.635
121.071
122.785
124.761
126.999
129.494
132.292
135.42
138.882
142.682
146.841
151.193
155.699
160.43
165.29
170.372
175.322
180.486
185.489
190.118
194.265
197.701
200.029
201.117
200.876
198.977
194.98
188.521
179.084
165.963
148.514
126.131
98.2729
64.2044
23.0615
-26.2439
-84.1002
-150.018
-229.808
-315.071
123.367
118.77
117.297
115.875
114.969
114.566
114.334
114.317
114.607
115.247
116.162
117.379
118.883
120.657
122.678
124.923
127.385
130.046
132.883
135.977
139.416
143.133
146.869
150.693
154.557
158.56
162.356
166.105
169.762
172.927
175.271
176.656
176.808
175.396
172.279
167.282
159.983
149.911
136.49
119.105
97.1473
69.9239
36.7335
-3.1666
-50.5376
-106.552
-171.286
-244.403
-329.462
-418.967
119.601
114.972
114.317
112.922
111.884
111.26
110.893
110.804
111.027
111.558
112.343
113.359
114.624
116.152
117.933
119.966
122.259
124.75
127.39
129.999
132.612
135.462
138.452
141.504
144.496
147.437
150.179
152.208
153.91
155.102
155.472
154.684
152.505
148.55
142.528
134.214
123.325
109.383
91.8548
70.0576
43.2482
10.875
-27.651
-73.1805
-126.491
-188.468
-259.363
-338.295
-425.483
-513.688
115.285
110.694
110.613
108.879
108.002
107.283
106.813
106.647
106.772
107.181
107.824
108.731
109.885
111.199
112.69
114.342
116.204
118.254
120.609
123.066
125.318
127.427
129.563
131.668
133.632
135.168
136.625
137.435
137.274
136.297
134.326
131.094
126.374
119.776
110.85
99.2464
84.6458
66.6783
44.753
18.3937
-13.0133
-50.1972
-93.7611
-144.363
-202.692
-269.576
-345.113
-427.72
-515.383
-599.821
110.62
105.909
106.132
103.984
103.2
102.439
101.918
101.679
101.713
101.988
102.453
103.133
104.03
105.124
106.399
107.803
109.288
110.805
112.358
114.166
115.959
117.635
119.103
120.291
121.161
121.567
121.347
120.391
118.414
115.415
111.226
105.513
98.0445
88.5505
76.593
61.7141
43.5419
21.7046
-4.21884
-34.8087
-70.6476
-112.208
-160.002
-214.651
-276.677
-346.814
-425.109
-509.389
-596.313
-675.728
105.47
100.614
100.886
98.443
97.7165
96.9037
96.3115
95.9636
95.8566
95.9316
96.1963
96.6314
97.2003
97.8757
98.6852
99.634
100.694
101.816
102.853
103.848
104.761
105.572
106.193
106.391
105.995
105.001
103.342
100.782
97.1767
92.1723
85.67
77.5165
67.4009
55.0238
40.0464
22.0563
0.566101
-24.8099
-54.432
-88.6437
-127.937
-172.895
-223.916
-281.348
-345.601
-417.3
-496.541
-581.19
-666.213
-738.912
99.7114
94.6844
94.9565
92.3658
91.6042
90.6994
90.0339
89.5756
89.2588
89.1141
89.0684
89.1497
89.3688
89.692
90.0752
90.4502
90.8294
91.1706
91.503
91.7697
91.871
91.6063
91.0701
90.1639
88.6776
86.3361
83.0137
78.6977
73.1751
66.2842
57.7137
47.2097
34.5729
19.4537
1.60288
-19.278
-43.6316
-71.8724
-104.317
-141.401
-183.454
-230.725
-283.58
-342.368
-407.356
-479.053
-557.699
-641.149
-722.605
-786.637
93.3423
88.3275
88.3377
85.7779
85.0567
83.9633
83.1189
82.4774
81.9809
81.5813
81.3006
81.045
80.782
80.5502
80.3733
80.1939
79.9815
79.6823
79.1288
78.4219
77.4904
76.1906
74.3737
71.9914
68.9749
65.1688
60.5365
54.6074
47.259
38.3978
27.7833
15.1673
0.264237
-17.1795
-37.4375
-60.7832
-87.5324
-118.042
-152.643
-191.554
-235.091
-283.572
-337.168
-396.057
-460.501
-531.012
-607.545
-687.869
-764.113
-817.485
85.7272
81.1551
81.0017
78.3725
77.6853
76.4846
75.5771
74.7717
74.0378
73.3644
72.7327
72.1501
71.5936
70.9401
70.1592
69.2348
68.1626
67.0045
65.6896
64.037
61.9748
59.4899
56.5048
52.8462
48.3771
42.9506
36.4871
28.7919
19.7605
9.15648
-3.3064
-17.8553
-34.7225
-54.1537
-76.3591
-101.571
-130.091
-162.135
-197.932
-237.829
-281.975
-330.449
-383.473
-441.253
-503.951
-572.037
-645.25
-720.925
-790.063
-830.867
77.5903
73.2118
72.9317
70.3493
69.6038
68.1618
67.1486
66.1833
65.2139
64.2692
63.3013
62.266
61.1554
60.0102
58.7808
57.378
55.7221
53.6874
51.327
48.612
45.4889
41.805
37.4574
32.379
26.4332
19.6423
11.6397
2.47244
-8.21961
-20.5158
-34.6576
-50.8722
-69.3193
-90.2375
-113.855
-140.359
-169.921
-202.791
-239.133
-279.035
-322.695
-370.279
-421.828
-477.454
-537.344
-601.881
-671.001
-740.86
-801.259
-830.205
68.2617
64.718
64.2421
61.8216
61.0203
59.4248
58.2237
56.9518
55.6311
54.2515
52.837
51.3748
49.787
48.0035
46.0061
43.8245
41.455
38.8207
35.6991
32.062
27.841
23.0589
17.6853
11.4696
4.3778
-3.89919
-13.4201
-24.1186
-36.2248
-49.9541
-65.5574
-83.0987
-102.803
-124.801
-149.267
-176.424
-206.465
-239.393
-275.325
-314.492
-356.93
-402.621
-451.663
-504.182
-560.267
-620.17
-684.163
-747.99
-800.71
-820.513
58.7457
55.5156
55.1418
52.859
51.8928
50.0588
48.6351
47.0671
45.3891
43.6087
41.6617
39.5374
37.3169
34.9544
32.376
29.4803
26.1947
22.5863
18.6391
14.2498
9.21566
3.33905
-3.25417
-10.6102
-18.935
-28.1754
-38.4589
-50.303
-63.636
-78.6404
-95.346
-113.864
-134.305
-156.905
-181.816
-209.059
-238.775
-271.191
-306.274
-343.952
-384.318
-427.437
-473.249
-521.771
-573.08
-627.714
-685.026
-742.084
-789.048
-805.155
48.2301
45.8353
45.544
43.383
42.4609
40.474
38.7764
36.8138
34.6925
32.4411
30.029
27.3989
24.4567
21.2497
17.807
14.1249
10.1321
5.66931
0.72046
-4.71266
-10.5666
-17.0449
-24.4298
-32.6548
-41.8491
-52.1857
-63.7452
-76.4576
-90.4912
-106.179
-123.484
-142.594
-163.542
-186.305
-211.051
-237.973
-267.088
-298.245
-331.535
-367.115
-404.947
-444.888
-486.841
-530.734
-576.422
-624.534
-673.686
-721.22
-758.967
-775.585
38.0899
36.0862
35.7298
33.6019
32.5718
30.4356
28.6006
26.3702
23.894
21.1331
18.1105
14.89
11.4426
7.66238
3.47177
-1.12261
-6.07498
-11.3847
-17.1588
-23.4922
-30.4766
-38.0544
-46.2409
-55.371
-65.3097
-76.1179
-88.1464
-101.481
-116.249
-132.343
-149.899
-169.041
-189.867
-212.511
-236.884
-262.918
-290.741
-320.512
-352.04
-385.093
-419.665
-455.829
-493.395
-531.917
-571.753
-612.21
-651.33
-685.211
-707.058
-721.851
27.6147
26.4817
26.1902
24.1198
23.0082
20.5502
18.4106
15.8321
12.9998
9.866
6.37882
2.49747
-1.70702
-6.22032
-11.0314
-16.2427
-21.9521
-28.1346
-34.7969
-41.9351
-49.6132
-58.0218
-67.1236
-76.8258
-87.5345
-99.3759
-112.053
-125.715
-140.542
-156.716
-174.305
-193.359
-213.881
-235.808
-259.274
-284.341
-310.852
-338.551
-367.503
-397.776
-429.189
-461.405
-494.244
-527.377
-560.816
-592.868
-621.365
-641.978
-649.314
-657.849
18.2494
17.3863
17.0814
14.9299
13.8392
11.1787
8.80636
5.78879
2.42671
-1.25444
-5.23147
-9.53159
-14.2483
-19.4221
-25.0279
-31.0025
-37.3922
-44.2866
-51.7069
-59.7422
-68.3311
-77.4706
-87.3569
-98.0012
-109.21
-121.115
-134.072
-148.153
-163.221
-179.33
-196.632
-215.189
-235.044
-256.268
-278.734
-302.348
-327.09
-353.034
-379.912
-407.377
-435.275
-463.593
-491.887
-519.934
-546.81
-570.927
-589.977
-601.669
-608.046
-611.496
9.84525
9.44699
8.88616
6.56287
5.26827
2.28057
-0.311219
-3.64788
-7.36202
-11.5415
-16.1624
-21.1675
-26.5339
-32.2643
-38.4659
-45.1555
-52.289
-59.8799
-67.9631
-76.5598
-85.7845
-95.6459
-105.987
-117.019
-128.985
-141.664
-154.951
-168.958
-184.036
-200.039
-217
-235.046
-254.188
-274.329
-295.553
-317.896
-341.185
-365.006
-389.283
-414.079
-439.202
-464.258
-488.624
-512.274
-534.164
-552.207
-563.664
-568.24
-576.227
-579.124
2.36993
2.30818
1.69584
-0.737093
-2.15178
-5.60561
-8.56059
-12.4057
-16.5249
-21.0599
-26.044
-31.5491
-37.5797
-44.0787
-50.9782
-58.3533
-66.2389
-74.5944
-83.4679
-92.8338
-102.687
-113.116
-124.237
-135.782
-147.714
-160.411
-173.952
-188.14
-202.989
-218.657
-235.229
-252.603
-270.886
-290.192
-310.415
-331.297
-352.784
-375.051
-397.778
-420.445
-442.913
-465.008
-486.732
-506.968
-525.007
-539.148
-545.912
-547.989
-550.646
-555.019
-3.55492
-3.66226
-4.44717
-7.08293
-8.46539
-12.078
-15.2754
-19.5796
-24.2478
-29.3922
-34.9886
-41.0383
-47.5761
-54.6815
-62.3017
-70.3864
-79.003
-88.1285
-97.7063
-107.776
-118.334
-129.296
-140.675
-152.696
-165.379
-178.401
-191.773
-205.942
-220.638
-235.89
-251.824
-268.585
-286.103
-304.319
-323.321
-343.242
-363.777
-384.458
-405.302
-426.493
-447.506
-467.618
-486.504
-503.997
-518.544
-528.417
-532.51
-536.86
-536.091
-539.222
-8.06462
-8.34738
-8.65659
-11.5409
-13.3841
-17.1355
-20.5769
-25.176
-30.1889
-35.7805
-41.9436
-48.6804
-55.9596
-63.7413
-72.0955
-80.9757
-90.3516
-100.297
-110.78
-121.711
-133.045
-144.85
-156.981
-169.278
-181.961
-195.191
-208.809
-222.67
-236.979
-251.865
-267.215
-283.092
-299.692
-317.155
-335.415
-354.139
-373.289
-393.023
-413.194
-433.454
-452.86
-470.734
-487.614
-502.566
-513.284
-517.612
-521.342
-523.513
-525.389
-526.704
-10.18
-11.1569
-11.5044
-14.438
-16.7551
-20.654
-24.4393
-29.2906
-34.7084
-40.7878
-47.4206
-54.6567
-62.5098
-70.9714
-80.0475
-89.7594
-100.001
-110.747
-122.039
-133.843
-146.053
-158.583
-171.519
-184.824
-198.2
-211.583
-225.171
-238.942
-253
-267.285
-281.969
-297.121
-312.809
-329.096
-346.149
-364.267
-383.102
-402.067
-421.175
-440.591
-459.514
-476.143
-489.814
-501.007
-508.348
-511.02
-513.436
-514.967
-517.427
-518.272
-10.7519
-12.0205
-12.7415
-15.8741
-18.4681
-22.4936
-26.7628
-31.8908
-37.5752
-44.0658
-51.1941
-58.9463
-67.3545
-76.4363
-86.1807
-96.6425
-107.814
-119.556
-131.829
-144.629
-157.891
-171.518
-185.228
-199.103
-213.207
-227.32
-241.312
-255.197
-268.929
-282.671
-296.522
-310.611
-325.246
-340.632
-356.888
-373.888
-391.757
-410.448
-429.61
-448.717
-466.977
-482.404
-493.335
-498.34
-500.324
-504.92
-507.235
-509.824
-512.033
-512.768
-9.62293
-11.4979
-12.2858
-15.6869
-18.8012
-23.1095
-27.705
-33.1623
-39.1718
-45.8691
-53.3299
-61.477
-70.3735
-80.0609
-90.481
-101.629
-113.536
-126.201
-139.513
-153.39
-167.757
-182.546
-197.836
-213.088
-228.066
-242.859
-257.315
-271.422
-285.15
-298.471
-311.641
-324.88
-338.31
-352.269
-366.905
-382.823
-400.324
-418.894
-437.789
-456.785
-475.146
-490.809
-499.34
-498.448
-498.233
-499.978
-503.518
-506.683
-508.811
-509.51
-7.28796
-10.6098
-11.4421
-14.5463
-17.609
-22.0867
-26.9243
-32.5777
-38.9572
-46.0335
-53.846
-62.4013
-71.6381
-81.8417
-92.9291
-104.834
-117.573
-131.152
-145.529
-160.636
-176.343
-192.508
-208.892
-225.548
-242.085
-258.125
-273.621
-288.313
-302.137
-315.248
-327.66
-339.603
-351.555
-363.932
-377.329
-391.69
-407.704
-425.808
-445.598
-465.881
-484.162
-497.638
-503.924
-503.802
-501.874
-501.564
-503.659
-505.62
-506.884
-507.367
-3.79552
-7.79959
-8.95959
-12.4504
-15.7229
-20.2406
-25.2329
-31.051
-37.612
-44.8884
-52.9191
-61.818
-71.4516
-82.0446
-93.6142
-106.127
-119.6
-134.04
-149.428
-165.726
-182.914
-200.842
-219.125
-237.39
-255.441
-273.06
-289.892
-305.703
-320.191
-333.244
-345.186
-356.201
-366.66
-377.093
-387.773
-399.917
-414.247
-431.238
-450.799
-472.979
-493.154
-504.29
-503.949
-506.127
-504.404
-504.289
-504.603
-505.31
-505.982
-506.085
0.378372
-3.63902
-5.81891
-9.19307
-12.5911
-17.3586
-22.6182
-28.7427
-35.4977
-42.8988
-51.0592
-60.0985
-70.0671
-80.951
-92.9333
-105.978
-120.113
-135.4
-151.844
-169.42
-187.95
-207.336
-227.589
-248.007
-268.178
-287.834
-306.583
-323.931
-339.555
-353.232
-364.811
-374.605
-383.125
-391.15
-399.697
-408.622
-419.315
-433.072
-451.146
-474.092
-495.683
-506.87
-507.965
-504.961
-506.08
-506.182
-506.148
-506.004
-506.005
-505.756
4.08458
1.3275
-1.7648
-5.69368
-9.28201
-13.8804
-19.0611
-25.1594
-31.9731
-39.5801
-47.9936
-57.237
-67.434
-78.5489
-90.8212
-104.24
-118.919
-134.88
-152.226
-171.015
-191.166
-212.448
-234.48
-257.188
-279.952
-302.185
-323.377
-343.006
-360.421
-375.064
-386.932
-396.129
-403
-408.102
-412.682
-417.827
-423.446
-432.631
-449.748
-468.721
-484.739
-496.882
-506.452
-505.796
-508.479
-509.646
-509.617
-508.869
-508.206
-507.441
6.75909
5.52153
2.65566
-0.937019
-4.52997
-9.08911
-14.2594
-20.5478
-27.6038
-35.5087
-44.1753
-53.6981
-64.116
-75.5266
-88.0153
-101.729
-116.767
-133.416
-151.542
-171.381
-192.53
-215.553
-239.732
-264.9
-290.449
-315.762
-340.129
-362.698
-382.691
-399.402
-412.202
-420.992
-425.757
-427.552
-428.866
-430.054
-429.951
-431.172
-440.815
-458.334
-467.376
-483.442
-494.966
-505.208
-511.986
-516.256
-517.041
-515.854
-514.436
-512.971
6.21775
11.9953
5.2839
3.41002
0.482316
-3.9166
-9.08094
-15.6699
-22.9597
-31.0285
-39.7969
-49.5482
-60.1682
-71.6031
-84.2684
-98.3683
-113.589
-130.587
-149.574
-170.311
-192.837
-217.152
-243.334
-270.98
-299.666
-328.302
-356.335
-382.759
-406.374
-425.797
-440.553
-450.15
-454.394
-452.98
-448.109
-441.23
-438.89
-437.894
-434.737
-435.507
-450.875
-466.321
-485.454
-503.649
-517.678
-526.75
-529.672
-528.401
-526.21
-524.126
-12.6838
13.9877
8.85101
8.13884
5.46738
2.29309
-3.03464
-10.4206
-18.1124
-26.7095
-36.2804
-46.4052
-56.9393
-68.3429
-81.5045
-95.6559
-111.351
-128.447
-147.881
-169.076
-192.742
-218.453
-246.359
-276.217
-307.999
-340.642
-372.487
-403.31
-431.662
-454.863
-472.381
-484.04
-488.34
-483.206
-470.39
-453.703
-436.921
-427.067
-421.737
-416.899
-430.802
-452.186
-478.928
-505.184
-527.817
-542.837
-548.493
-547.208
-544.035
-541.263
-5.40651
13.6167
12.3353
10.1695
6.54822
3.37394
-0.390344
-6.59156
-14.2419
-22.6354
-31.8753
-42.3004
-54.1649
-65.8997
-78.961
-93.7356
-110.16
-128.127
-147.658
-169.947
-194.502
-221.872
-252.121
-285.017
-320.279
-357.728
-395.173
-431.357
-465.106
-494.029
-514.619
-527.119
-530.669
-526.122
-510.802
-489.187
-464.142
-444.997
-428.153
-426.359
-432.777
-454.222
-484.029
-515.629
-544.752
-564.901
-572.386
-570.682
-566.299
-563.059
3.54975
11.1174
11.4482
8.40817
5.62467
2.1086
-2.60974
-8.13773
-15.6062
-24.2743
-34.6569
-45.5897
-57.6812
-71.2869
-84.7687
-100.054
-116.538
-135.602
-156.345
-180.203
-207.062
-237.184
-270.77
-307.946
-348.454
-391.203
-434.365
-476.579
-516.2
-547.441
-569.375
-581.766
-583.112
-569.486
-542.102
-509.088
-475.24
-445.723
-424.971
-426.233
-440.718
-465.821
-498.059
-534.949
-570.414
-594.261
-601.304
-596.751
-590.233
-586.645
11.7264
11.48
9.67587
6.57754
1.32884
-1.72781
-5.98885
-13.436
-22.9267
-32.7434
-42.7346
-55.3898
-68.3291
-82.5275
-97.6837
-113.82
-131.859
-151.414
-174.252
-200.804
-230.976
-264.543
-302.562
-345.246
-392.049
-441.355
-491.744
-539.739
-581.442
-617.083
-640.336
-647.957
-638.241
-607.989
-563.488
-526.393
-475.754
-439.03
-429.849
-438.177
-458.415
-484.344
-518.263
-557.627
-596.142
-620.782
-625.993
-617.381
-609.629
-606.521
14.6678
12.3652
7.12349
4.99455
0.687386
-4.91225
-10.0761
-19.8335
-31.1916
-43.518
-55.9173
-69.1329
-84.1988
-99.0674
-114.981
-132.366
-152.469
-174.047
-198.811
-228.392
-262.818
-301.822
-345.981
-395.787
-450.514
-509.207
-566.752
-621.119
-669.813
-706.35
-724.451
-721.108
-694.776
-649.733
-588.914
-524.441
-483.314
-457.022
-454.938
-465.461
-483.247
-509.453
-542.421
-579.42
-615.322
-636.893
-638.964
-628.391
-620.714
-618.602
12.4863
9.39871
4.57554
2.81239
-1.67091
-9.97258
-16.1923
-25.1126
-38.9758
-53.1517
-67.977
-84.0904
-101.14
-117.345
-134.596
-153.81
-175.173
-199.883
-227.906
-261.704
-301.369
-346.646
-398.516
-458.144
-524.519
-593.475
-663.102
-728.639
-780.584
-812.861
-823.37
-799.017
-758.374
-682.865
-603.892
-544.917
-513.977
-497.739
-493.113
-500.824
-517.663
-539.942
-566.69
-596.588
-624.268
-638.91
-637.256
-626.923
-621.94
-621.908
7.20923
2.95899
-3.1227
-10.8938
-12.2782
-15.881
-26.6135
-39.3757
-52.3512
-70.5937
-86.5691
-101.787
-118.346
-135.177
-153.616
-174.656
-197.63
-225.011
-257.915
-297.092
-343.566
-397.397
-460.783
-532.997
-614.33
-701.771
-786.518
-855.96
-909.301
-941.904
-935.885
-885.402
-797.722
-719.912
-653.829
-607.339
-573.113
-552.962
-546.196
-548.423
-557.413
-572.197
-590.397
-609.661
-625.614
-631.025
-625.595
-618.716
-617.016
-619.289
-7.41639
-12.9593
-20.953
-32.7752
-35.5898
-33.1821
-42.6071
-59.9565
-76.7826
-97.9885
-114.105
-129.731
-143.992
-158.481
-174.443
-194.537
-219.302
-248.657
-285.692
-332.037
-388.205
-453.599
-530.363
-622.185
-728.773
-836.948
-928.721
-1006.55
-1063.57
-1076.49
-1031.53
-952.175
-875.032
-807.492
-745.303
-693.247
-656.198
-629.096
-610.394
-601.449
-600.938
-605.41
-612.908
-620.627
-624.933
-623.236
-616.323
-612.191
-612.877
-616.046
-35.4574
-46.9573
-58.9161
-57.7992
-56.2797
-65.0848
-84.3475
-103.164
-123.366
-144.606
-151.834
-162.898
-173.292
-185.297
-199.162
-216.285
-240.178
-272.372
-314.314
-367.717
-433.327
-514.507
-613.253
-735.026
-867.739
-990.557
-1100.15
-1187.64
-1226.97
-1189.33
-1130.84
-1070.07
-999.149
-927.712
-864.738
-804.959
-754.183
-712.7
-681.72
-659.399
-644.983
-637.129
-633.599
-631.515
-628.438
-622.838
-616.191
-612.416
-614.162
-617.18
-91.3826
-124.027
-148.502
-143.426
-130.672
-131.449
-144.953
-166.498
-198.02
-231.924
-216.509
-206.257
-206.258
-210.721
-221.336
-237.647
-261.166
-295.373
-342.217
-405.372
-485.41
-586.067
-715.894
-870.254
-1027.64
-1173.03
-1297.11
-1360.25
-1360.88
-1334.6
-1285.72
-1225.47
-1150.48
-1073.16
-995.86
-921.476
-855.349
-799.04
-751.335
-714.017
-686.585
-667.038
-653.183
-643.47
-635.73
-628.543
-622.532
-619.017
-620.253
-623.336
-333.828
-373.176
-367.266
-311.458
-274.009
-256.344
-252.26
-268.288
-301.966
-340.528
-308.405
-261.671
-246.803
-240.683
-242.661
-257.243
-280.94
-318.77
-373.755
-447.187
-543.728
-671.648
-839.148
-1027.55
-1208.4
-1365.05
-1468.14
-1516.1
-1522.34
-1498.35
-1453.94
-1391.24
-1306.2
-1211.66
-1118.83
-1030.36
-945.36
-873.226
-810.991
-760.879
-721.447
-692.074
-670.743
-655.621
-645.035
-637.655
-632.609
-630.04
-629.562
-634.028
-807.439
-820.112
-728.376
-599.567
-503.804
-425.564
-388.308
-391.458
-426.376
-444.797
-400.137
-316.405
-284.403
-270.002
-259.283
-270.86
-295.383
-336.313
-402.518
-492.25
-607.105
-765.412
-971.554
-1192.94
-1390.69
-1525.17
-1607.31
-1662.63
-1688.39
-1663.35
-1599.8
-1527.28
-1432.49
-1322.62
-1215.1
-1110.16
-1012.63
-927.288
-854.231
-793.895
-746.907
-711.482
-685.612
-667.305
-655.169
-647.973
-643.834
-641.956
-642.735
-647.056
-1475.17
-1433.69
-1219.19
-979.385
-768.42
-608.002
-515.373
-478.455
-486.528
-481.31
-433.611
-348.66
-298.762
-277.621
-268.136
-275.093
-299.977
-343.008
-416.743
-526.254
-669.647
-856.323
-1094.1
-1337.9
-1529.01
-1638.65
-1708.33
-1775.29
-1814.2
-1774.72
-1697.03
-1610.85
-1507.61
-1388.93
-1272.37
-1155.81
-1052.31
-959.44
-880.641
-815.812
-764.621
-725.824
-697.595
-678.015
-665.421
-658.433
-655.194
-654.495
-656.404
-658.93
-2214.63
-2061.87
-1643.92
-1247.22
-920.115
-681.495
-536.211
-478.707
-464.137
-429.072
-408.937
-327.025
-281.705
-260.06
-252.955
-258.95
-284.301
-330.961
-413.567
-536.796
-702.839
-919.289
-1173.91
-1421.53
-1597.19
-1685.43
-1742.71
-1803.33
-1839.89
-1802.39
-1723.41
-1631.63
-1525.79
-1409.98
-1292.16
-1179.45
-1073.38
-979.384
-898.644
-832.063
-779.311
-739.104
-709.779
-689.536
-676.706
-669.698
-666.786
-666.503
-668.613
-670.308
-2268.96
-2104.74
-1705.09
-1263.15
-878.506
-611.389
-469.584
-405.493
-383.197
-350.776
-322.243
-261.751
-237.843
-220.445
-212.739
-220.135
-246.27
-294.457
-375.844
-503.94
-690.036
-916.917
-1172.19
-1413.88
-1576.02
-1651.11
-1693.05
-1735.34
-1768.59
-1742.5
-1682.29
-1602.49
-1507.05
-1403.24
-1294.26
-1189.67
-1090.36
-998.556
-918.015
-851.202
-798.227
-757.346
-727.153
-706.114
-692.429
-684.665
-681.302
-680.865
-682.443
-683.27
-1745.21
-1655.99
-1367.31
-997.352
-685.935
-467.539
-346.193
-291.803
-279.419
-268.71
-207.365
-205.635
-176.509
-168.831
-162.558
-164.524
-183.88
-228.357
-304.708
-435.43
-610.399
-822.315
-1063.6
-1294.71
-1454.27
-1532.12
-1571.64
-1608.89
-1635.99
-1634.21
-1607.19
-1557.82
-1485.13
-1392.26
-1297.45
-1207.26
-1118.23
-1031.07
-951.415
-883.893
-829.537
-787.237
-755.386
-732.582
-717.271
-707.87
-702.995
-701.255
-701.852
-701.866
-1159.31
-1077.46
-885.773
-657.225
-438.327
-285.967
-196.437
-161.05
-162.831
-168.635
-143.44
-144.468
-111.851
-102.393
-102.451
-102.234
-110.261
-139.136
-200.012
-309.801
-457.552
-638.472
-846.3
-1057
-1226.65
-1317.24
-1382.15
-1437.85
-1486.46
-1519.15
-1527.04
-1514.05
-1475.38
-1414.21
-1343.65
-1264.71
-1178.56
-1090.94
-1009.6
-939.227
-881.172
-835.088
-799.864
-773.816
-755.473
-743.43
-736.233
-732.526
-731.254
-730.077
-708.329
-629.224
-502.784
-358.549
-224.458
-116.254
-44.3793
-28.0238
-46.0899
-67.5004
-86.2509
-70.7254
-69.2402
-43.7884
-34.5615
-26.7538
-25.3385
-37.3176
-73.454
-144.872
-249.373
-380.974
-538.28
-710.469
-861.591
-997.561
-1110.76
-1210.44
-1303.04
-1389.31
-1458.03
-1499.35
-1504.57
-1478.18
-1426.28
-1356.46
-1273.02
-1183.25
-1097.09
-1020.7
-956.162
-903.8
-862.906
-832.024
-809.523
-793.884
-783.623
-777.399
-774.205
-771.609
-408.092
-321.859
-221.52
-126.236
-35.2047
42.3275
80.7456
77.4687
59.2146
30.4816
-0.581623
-22.5146
-17.772
2.62651
13.3059
42.7927
62.7046
73.0799
66.3705
31.6435
-30.8879
-114.818
-216.239
-342.963
-490.107
-639.175
-792.153
-953.25
-1116.23
-1274.12
-1410.54
-1513.6
-1574.21
-1585.98
-1554.54
-1491.17
-1405.07
-1308.26
-1212.62
-1126.47
-1052.93
-991.856
-943.113
-905.745
-878.202
-858.512
-844.989
-835.85
-830.238
-826.713
-224.109
-119.434
-26.2651
45.4381
104.457
145.186
163.839
162.661
146.971
116.818
79.3524
50.9762
38.9594
21.7099
60.3466
98.5333
119.221
155.005
179.177
180.365
156.639
112.384
50.3796
-42.2478
-164.968
-315.122
-494.474
-705.859
-940.289
-1181.65
-1401.44
-1579.13
-1699.05
-1749
-1733.46
-1669.92
-1576.22
-1467.18
-1356.63
-1254.38
-1168
-1095.4
-1036.8
-991.452
-957.931
-934.014
-917.36
-907.01
-901.231
-895.083
-110.899
11.3816
99.755
151.255
189.711
216.47
225.439
213.95
194.972
174.537
146.453
114.573
92.8395
83.6526
91.5443
111.088
161.892
211.319
250.174
280.722
293.214
287.371
256.685
193.64
94.4455
-48.3654
-242.373
-488.423
-781.071
-1096.24
-1393.86
-1646.73
-1820.3
-1901.57
-1905.84
-1849.38
-1753.28
-1635.69
-1513.92
-1398.27
-1293.87
-1207.13
-1137.28
-1083.04
-1042.6
-1013.28
-992.747
-979.749
-972.448
-966.004
-45.65
90.6525
181.864
214.121
240.119
251.434
248.14
234.202
222.185
205.286
183.606
163.049
142.129
125.803
132.424
151.469
179.524
220.511
273.023
322.569
359.356
376.799
368.806
325.329
240.604
105.674
-87.2715
-342.574
-652.847
-1018.69
-1364.59
-1675.62
-1889.37
-1985.93
-1999.56
-1957.45
-1874.26
-1761.51
-1636.92
-1514.77
-1403.69
-1309.06
-1231.76
-1170.8
-1124.17
-1089.3
-1064.79
-1049.68
-1041.56
-1034.8
-29.8336
113.033
214.731
241.66
252.383
257.342
254.736
244.766
231.507
213.318
196.074
182.869
171.742
162.431
156.765
163.029
185.528
214.624
252.191
291.112
324.324
344.464
342.773
311.883
246.766
134.859
-35.6424
-269.992
-570.21
-923.091
-1286.14
-1628.67
-1878.07
-1986.51
-1998.6
-1968.99
-1903.63
-1800.15
-1687.67
-1574.67
-1470.97
-1380.12
-1303.74
-1241.72
-1192.21
-1154.07
-1127.11
-1110.78
-1101.91
-1095.98
2.60671
120.079
194.858
232.368
244.168
246.453
244.315
239.233
227.365
214.312
199.89
187.003
174.968
168.585
168.157
170.947
178.176
193.994
217.849
240.941
261.502
272.813
266.017
238.155
183.3
95.8768
-36.3678
-230.163
-490.701
-804.259
-1149.94
-1492.15
-1764.11
-1885.79
-1906.7
-1901.11
-1854.15
-1772.86
-1679.76
-1583.6
-1493.64
-1413.63
-1344.94
-1287.36
-1240.1
-1202.79
-1175.73
-1159.48
-1150.32
-1145.32
33.5431
116.692
162.901
199.194
220.265
227.895
230.216
226.116
217.354
207.786
196.598
184.807
173.009
163.826
158.359
160.362
165.841
174.939
187.272
199.41
211.332
214.272
204.779
177.909
129.567
55.0339
-55.0288
-215.716
-426.98
-684.999
-993.903
-1315.87
-1583.02
-1718.19
-1764.21
-1776.43
-1749.13
-1695.22
-1627
-1554.24
-1482.8
-1417.68
-1360.37
-1311.04
-1269.98
-1236.64
-1211.52
-1195.99
-1187.17
-1183.19
46.1463
104.606
146.445
173.635
193.241
205.285
209.935
210.157
206.016
197.906
187.566
176.911
166.703
157.136
150.426
147.254
147.519
151.826
157.384
164.125
167.587
164.088
151.669
124.768
80.4676
14.6965
-79.4802
-211.831
-382.96
-598.163
-860.834
-1147.85
-1394.51
-1550.55
-1624.3
-1646.23
-1636.03
-1600.81
-1553.94
-1501.99
-1450.77
-1401.85
-1357.34
-1318.66
-1286.09
-1258.95
-1237.44
-1223.13
-1214.93
-1211.62
47.3655
92.3304
126.136
153.226
171.139
184.75
191.491
193.01
190.296
183.74
175.739
167.022
157.582
148.906
142.011
137.046
133.539
132.605
132.91
133.104
130.586
123.793
108.462
82.3597
42.3293
-15.1392
-96.2814
-205.098
-344.49
-526.301
-751.347
-998.567
-1219.28
-1383.66
-1492.48
-1536.82
-1539.09
-1516.05
-1483.07
-1446.37
-1408.86
-1374.2
-1342.1
-1314.68
-1291.8
-1272.33
-1255.42
-1242.67
-1235.1
-1232.46
41.6614
79.5027
108.914
134.105
151.498
163.562
170.992
173.981
174.14
170.892
165.173
158.277
150.586
142.453
134.482
127.245
121.266
116.634
112.401
108.028
101.861
91.9543
76.0843
51.1953
14.9619
-35.8201
-105.515
-195.588
-309.481
-457.712
-643.336
-854.615
-1059.56
-1221.39
-1341.86
-1426.25
-1455.17
-1445.8
-1422.25
-1395.66
-1368.63
-1342.8
-1320.9
-1303.34
-1289.62
-1277.97
-1266.2
-1255.51
-1248.93
-1246.82
36.7535
66.9418
87.5616
110.875
129.766
143.167
152.663
157.563
160.028
159.513
155.779
150.421
143.845
136.388
128.061
119.014
110.314
103.229
96.5383
89.4945
80.9597
69.4769
52.8281
29.1105
-3.8382
-49.2332
-109.398
-185.366
-280.937
-403.65
-555.724
-729.037
-911.67
-1071.06
-1194.49
-1293.71
-1361.41
-1387.52
-1375.33
-1354.88
-1333.5
-1314.46
-1299.4
-1289.13
-1282.42
-1277.2
-1270.47
-1262.37
-1257.08
-1255.18
26.0103
52.6729
73.2459
94.4425
112.647
126.718
137.282
145.053
148.583
148.899
146.272
141.278
135.605
128.699
120.765
112.028
102.27
93.4793
84.8221
75.4458
64.953
52.0161
34.7683
11.4054
-20.0656
-61.9122
-115.361
-181.532
-264.931
-370.584
-498.561
-641.417
-791.004
-936.765
-1064.2
-1169.24
-1257.11
-1308.11
-1330.14
-1322.91
-1306
-1291.42
-1281.06
-1275.35
-1273.21
-1272.22
-1269.5
-1264.31
-1260.37
-1258.72
20.8424
48.1937
70.8029
89.5852
104.927
119.143
128.61
134.826
137.773
138.103
135.678
131.52
125.832
118.658
111.007
101.858
92.7656
83.7546
73.2694
61.9898
49.3881
33.9791
14.6057
-9.88593
-41.6351
-82.6174
-133.391
-195.382
-271.991
-367.391
-479.064
-601.634
-727.953
-853.066
-970.327
-1071.82
-1154.77
-1219.54
-1262.57
-1287.26
-1284.3
-1274.46
-1266.47
-1264.28
-1264.93
-1266.18
-1266.1
-1263.1
-1260.08
-1258.63
126.292
122.553
120.779
119.889
119.52
119.516
119.705
120.126
120.804
121.786
123.099
124.804
126.85
129.216
131.884
134.879
138.246
141.989
146.106
150.555
155.357
160.41
165.769
171.397
177.24
183.263
189.273
195.311
201.443
207.42
213.128
218.321
222.785
226.389
228.808
229.674
228.707
225.57
219.62
210.239
197.006
179.426
156.904
128.634
93.7204
51.3003
0.889833
-58.2972
-129.296
-202.174
124.401
122.886
122.156
121.958
122.074
122.501
123.167
124.039
125.138
126.475
128.138
130.194
132.627
135.41
138.54
142.049
145.956
150.288
155.027
160.146
165.632
171.451
177.681
184.203
191.108
198.129
205.401
212.742
220.138
227.508
234.741
241.692
248.202
254.045
258.831
262.331
264.351
264.405
261.923
256.466
247.583
234.783
217.408
194.668
165.869
130.411
87.5928
36.2153
-25.28
-87.3071
123.962
123.779
123.882
124.373
125.035
125.918
127.008
128.306
129.835
131.585
133.627
136.039
138.88
142.141
145.803
149.885
154.413
159.397
164.816
170.681
176.955
183.658
190.786
198.356
206.275
214.516
222.992
231.699
240.569
249.538
258.46
267.241
275.759
283.724
290.913
297.092
301.954
305.126
306.21
304.752
300.181
292.009
279.666
262.572
240.244
211.967
176.82
134.001
82.7755
32.6147
124.852
125.314
126.004
127.1
128.31
129.592
131.04
132.751
134.719
136.918
139.378
142.19
145.461
149.225
153.47
158.169
163.37
169.049
175.202
181.858
188.977
196.621
204.727
213.351
222.403
231.856
241.72
251.906
262.339
272.969
283.699
294.41
304.958
315.133
324.774
333.642
341.442
347.868
352.553
354.957
354.61
351.087
343.892
332.569
316.498
294.874
267.091
232.651
190.963
152.546
126.669
127.448
128.5
130.053
131.787
133.495
135.292
137.36
139.744
142.438
145.379
148.651
152.381
156.638
161.471
166.849
172.739
179.133
186.066
193.535
201.563
210.15
219.341
229.062
239.332
250.114
261.366
273.055
285.14
297.504
310.106
322.82
335.485
347.968
360.131
371.746
382.555
392.262
400.45
406.677
410.58
411.706
409.612
403.792
393.641
378.63
358.292
332.191
299.944
271.336
129.116
130.031
131.381
133.27
135.444
137.557
139.672
142.106
144.976
148.168
151.599
155.325
159.512
164.295
169.719
175.772
182.385
189.54
197.273
205.598
214.563
224.182
234.441
245.34
256.851
268.977
281.7
294.946
308.685
322.878
337.407
352.163
367.032
381.931
396.676
411.07
424.895
437.814
449.433
459.427
467.425
473.01
475.749
475.138
470.679
461.844
448.151
429.161
404.652
384.249
132.031
133.054
134.568
136.725
139.239
141.648
144.126
146.978
150.312
153.955
157.844
162.042
166.72
172.057
178.106
184.821
192.152
200.097
208.643
217.857
227.775
238.419
249.775
261.846
274.65
288.158
302.324
317.159
332.606
348.605
365.06
381.897
399.036
416.333
433.622
450.757
467.492
483.484
498.441
512.078
524.033
533.914
541.273
545.589
546.318
542.995
535.303
523.089
506.274
492.761
135.309
136.36
137.982
140.297
143.007
145.728
148.563
151.803
155.549
159.671
164.032
168.712
173.91
179.801
186.44
193.82
201.88
210.599
219.978
230.076
240.941
252.586
265.041
278.317
292.389
307.245
322.895
339.295
356.425
374.213
392.596
411.509
430.843
450.453
470.217
489.979
509.484
528.494
546.76
563.936
579.608
593.355
604.712
613.208
618.425
619.991
617.603
610.831
599.523
590.973
138.794
139.788
141.394
143.79
146.646
149.644
152.775
156.395
160.587
165.169
169.988
175.132
180.812
187.231
194.45
202.47
211.236
220.691
230.866
241.813
253.587
266.232
279.77
294.187
309.493
325.681
342.738
360.659
379.386
398.879
419.107
439.972
461.347
483.155
505.287
527.55
549.734
571.628
592.903
613.141
631.958
648.998
663.88
676.255
685.71
691.799
694.027
692.153
686.355
681.994
142.181
143.048
144.568
147.031
150.042
153.222
156.64
160.604
165.193
170.182
175.426
181.016
187.172
194.084
201.87
210.496
219.894
230.045
240.98
252.739
265.393
278.985
293.525
309.03
325.487
342.906
361.278
380.577
400.789
421.889
443.798
466.433
489.746
513.631
537.941
562.522
587.189
611.63
635.479
658.41
680.122
700.225
718.306
733.915
746.602
755.925
761.55
763.262
761.15
759.626
145.148
145.884
147.387
149.868
152.972
156.311
159.976
164.224
169.113
174.469
180.124
186.126
192.712
200.097
208.362
217.502
227.474
238.242
249.836
262.327
275.756
290.172
305.605
322.054
339.533
358.034
377.557
398.095
419.633
442.125
465.519
489.78
514.81
540.509
566.77
593.407
620.138
646.665
672.721
698.004
722.101
744.566
764.979
782.982
798.316
810.796
820.051
825.626
827.416
828.289
147.503
148.11
149.607
152.105
155.265
158.73
162.556
167.018
172.166
177.81
183.79
190.167
197.134
204.889
213.552
223.117
233.544
244.825
256.984
270.069
284.15
299.27
315.452
332.707
351.039
370.462
390.967
412.552
435.193
458.857
483.521
509.123
535.6
562.861
590.732
618.982
647.377
675.669
703.546
730.623
756.532
780.945
803.552
824.031
842.005
856.89
867.863
874.553
877.221
878.47
149.007
149.571
151.052
153.55
156.715
160.254
164.204
168.819
174.14
179.981
186.205
192.855
200.111
208.162
217.109
226.979
237.748
249.398
261.962
275.499
290.068
305.715
322.449
340.297
359.272
379.367
400.595
422.945
446.399
470.948
496.555
523.187
550.783
579.203
608.261
637.753
667.438
697.019
726.18
754.626
782.056
808.102
832.336
854.235
873.232
888.927
901.447
911.009
917.243
921.149
149.51
150.121
151.582
154.055
157.169
160.712
164.756
169.483
174.888
180.808
187.146
193.967
201.415
209.642
218.748
228.774
239.709
251.564
264.369
278.18
293.046
309
326.077
344.291
363.647
384.161
405.834
428.655
452.629
477.746
503.997
531.346
559.693
588.895
618.774
649.109
679.642
710.103
740.213
769.651
798.037
824.971
850.071
873.004
893.478
911.053
924.984
934.278
939.226
941.7
148.911
149.586
151.159
153.488
156.481
160.018
164.138
168.904
174.275
180.142
186.479
193.357
200.883
209.159
218.269
228.277
239.213
251.093
263.947
277.823
292.764
308.805
325.972
344.281
363.751
384.386
406.194
429.181
453.343
478.688
505.214
532.866
561.538
591.083
621.313
652.007
682.92
713.786
744.303
774.136
802.926
830.292
855.791
878.926
899.216
916.365
930.226
940.854
948.036
952.401
147.154
147.934
149.508
151.77
154.689
158.172
162.29
167.029
172.277
177.975
184.177
190.981
198.451
206.63
215.592
225.42
236.175
247.885
260.584
274.3
289.079
304.956
321.946
340.076
359.37
379.835
401.478
424.305
448.322
473.535
499.93
527.46
556.026
585.476
615.617
646.228
677.065
707.85
738.28
768.027
796.742
824.042
849.527
872.795
893.412
910.935
924.989
935.29
941.693
945.347
144.278
145.223
146.8
149.002
151.775
155.2
159.266
163.903
168.958
174.388
180.319
186.9
194.163
202.102
210.768
220.257
230.654
242.003
254.334
267.674
282.054
297.506
314.063
331.741
350.568
370.57
391.748
414.097
437.618
462.314
488.173
515.156
543.17
572.072
601.672
631.745
662.038
692.274
722.145
751.312
779.416
806.082
830.951
853.678
873.945
891.321
905.221
914.851
920.07
922.599
140.468
141.609
143.263
145.327
147.922
151.225
155.177
159.646
164.45
169.537
175.092
181.307
188.215
195.769
203.995
213.001
222.877
233.689
245.46
258.207
271.964
286.757
302.618
319.586
337.679
356.917
377.318
398.873
421.568
445.388
470.321
496.335
523.353
551.246
579.834
608.895
638.169
667.374
696.195
724.283
751.265
776.75
800.323
821.537
839.963
855.368
867.789
877.438
883.772
887.45
135.924
137.268
139.013
140.951
143.377
146.453
150.225
154.461
158.954
163.64
168.726
174.459
180.883
187.938
195.61
203.986
213.203
223.316
234.351
246.329
259.253
273.167
288.103
304.104
321.201
339.411
358.742
379.194
400.747
423.379
447.055
471.742
497.376
523.846
550.991
578.599
606.416
634.152
661.496
688.099
713.584
737.542
759.57
779.306
796.404
810.387
820.583
826.593
828.588
828.942
130.89
132.413
134.251
136.129
138.306
141.14
144.672
148.626
152.737
156.946
161.499
166.666
172.523
178.98
185.991
193.644
202.079
211.358
221.515
232.55
244.487
257.351
271.175
285.999
301.86
318.78
336.764
355.817
375.921
397.043
419.144
442.168
466.044
490.684
515.943
541.626
567.489
593.246
618.585
643.166
666.611
688.514
708.416
725.849
740.415
751.85
759.837
764.068
764.505
764.004
125.649
127.311
129.207
131.018
132.984
135.569
138.786
142.382
146.063
149.751
153.711
158.276
163.507
169.291
175.568
182.423
189.974
198.321
207.486
217.456
228.262
239.929
252.502
266.001
280.458
295.906
312.352
329.781
348.192
367.547
387.795
408.881
430.727
453.239
476.288
499.69
523.203
546.544
569.398
591.432
612.28
631.555
648.848
663.648
675.359
683.523
687.841
688.048
684.136
680.45
120.472
122.209
124.123
125.859
127.663
129.946
132.809
135.992
139.185
142.327
145.683
149.612
154.183
159.251
164.749
170.763
177.397
184.74
192.817
201.639
211.21
221.569
232.749
244.79
257.706
271.517
286.243
301.871
318.375
335.738
353.903
372.794
392.345
412.457
433
453.803
474.626
495.175
515.116
534.1
551.76
567.68
581.445
592.704
600.961
605.625
606.269
602.697
594.92
587.979
115.61
117.348
119.204
120.838
122.47
124.45
126.917
129.656
132.357
134.928
137.682
140.985
144.886
149.211
153.902
159.042
164.738
171.057
178.026
185.656
193.953
202.948
212.677
223.168
234.452
246.54
259.427
273.128
287.602
302.81
318.707
335.228
352.271
369.75
387.538
405.46
423.291
440.735
457.445
473.043
487.153
499.373
509.209
516.202
519.971
519.975
515.696
506.802
493.116
481.35
111.268
112.916
114.626
116.08
117.512
119.193
121.253
123.593
125.784
127.763
129.933
132.625
135.855
139.453
143.358
147.617
152.351
157.627
163.466
169.891
176.896
184.513
192.763
201.667
211.266
221.568
232.564
244.244
256.592
269.556
283.074
297.073
311.469
326.144
340.983
355.807
370.373
384.381
397.483
409.297
419.405
427.414
432.885
435.268
434.058
428.855
419.142
404.475
384.617
366.641
107.602
109.045
110.514
111.723
112.902
114.274
115.979
117.879
119.563
121.033
122.645
124.722
127.277
130.176
133.329
136.761
140.577
144.832
149.552
154.769
160.5
166.75
173.515
180.853
188.759
197.248
206.332
215.974
226.15
236.815
247.903
259.321
270.976
282.762
294.538
306.128
317.285
327.685
336.946
344.688
350.483
353.866
354.393
351.545
344.716
333.336
317.025
295.366
267.853
242.491
104.722
105.842
106.953
107.836
108.749
109.858
111.187
112.565
113.768
114.788
115.913
117.42
119.31
121.509
123.943
126.597
129.538
132.819
136.479
140.524
145
149.898
155.226
161.017
167.273
173.993
181.172
188.796
196.801
205.152
213.784
222.597
231.467
240.305
248.959
257.211
264.799
271.42
276.67
280.112
281.318
279.815
275.079
266.575
253.743
235.942
212.533
183.145
147.471
113.518
102.73
103.372
103.959
104.47
105.126
105.935
106.824
107.682
108.429
109.064
109.78
110.768
112.059
113.589
115.304
117.217
119.341
121.72
124.401
127.352
130.635
134.223
138.154
142.427
147.064
152.069
157.413
163.053
168.96
175.053
181.256
187.496
193.643
199.543
205.056
209.952
213.915
216.63
217.726
216.728
213.137
206.454
196.146
181.589
162.139
137.156
106.032
68.1397
22.8532
-21.177
101.765
101.644
101.561
101.654
101.996
102.475
102.934
103.282
103.566
103.842
104.206
104.75
105.507
106.435
107.486
108.692
110.051
111.614
113.349
115.339
117.506
119.866
122.464
125.282
128.351
131.675
135.226
138.95
142.801
146.702
150.54
154.249
157.727
160.771
163.161
164.678
165.005
163.766
160.596
155.042
146.563
134.574
118.5
97.7397
71.5964
39.2714
-0.0166799
-46.9403
-102.238
-158.545
102.084
100.549
99.6416
99.3153
99.3253
99.4327
99.4462
99.3634
99.2651
99.1827
99.196
99.3367
99.5956
99.9569
100.391
100.92
101.576
102.369
103.282
104.359
105.545
106.793
108.125
109.547
111.141
112.891
114.727
116.621
118.478
120.264
121.819
123.055
123.91
124.168
123.511
121.652
118.321
113.13
105.656
95.4516
81.9672
64.5646
42.5657
15.2852
-17.941
-57.8817
-105.376
-161.585
-227.946
-296.957
103.833
100.066
98.2053
97.414
97.0013
96.6799
96.2743
95.8332
95.3903
95.0034
94.7647
94.564
94.39
94.246
94.1234
94.0395
94.0635
94.1372
94.2972
94.4853
94.7728
95.0441
95.1682
95.2396
95.4369
95.7253
95.9881
96.1203
96.0783
95.7668
95.139
93.9691
92.1777
89.6244
85.9279
80.7233
73.6892
64.4894
52.6966
37.7952
19.2244
-3.66341
-31.5977
-65.3846
-105.785
-153.602
-209.475
-274.169
-350.807
-432.119
33.2575
21.3434
18.2101
17.1504
14.5529
11.612
-0.225819
-27.6965
-71.7235
-271.917
-692.587
-1301.58
-1913.2
-2008.52
-1581.62
-1104.11
-739.147
-508.531
-366.508
-288.343
-251.02
-231.475
-164.013
-77.364
-16.1542
-0.914692
6.17572
11.4485
11.0586
19.0243
45.7578
32.3365
26.3342
23.6181
20.4019
17.7677
9.33658
-18.3812
-50.2233
-206.015
-528.027
-970.077
-1363.04
-1473.22
-1232.14
-938.756
-711.729
-576.838
-507.82
-496.072
-536.584
-508.824
-363.521
-181.316
-78.2814
-45.6625
-20.9832
-13.5905
-3.33083
7.81034
43.0746
37.5359
33.0568
30.6238
27.223
24.3379
16.5954
-3.19296
-36.9462
-135.729
-343.802
-602.863
-852.905
-954.681
-865.209
-727.514
-622.506
-580.911
-606.972
-700.185
-811.17
-751.025
-507.66
-270.905
-137.32
-86.4256
-45.6
-37.6715
-19.7007
-12.2643
38.9644
38.2243
36.6129
35.1094
32.2017
29.8851
23.3972
9.06907
-14.2972
-69.7252
-181.903
-328.523
-481.122
-552.925
-551.826
-522.776
-513.717
-543.544
-623.686
-747.813
-879.325
-848.899
-568.08
-339.294
-185.595
-130.397
-66.828
-62.2805
-37.3503
-35.7599
36.9523
38.07
38.0944
37.885
36.2558
35.2332
32.0153
23.266
12.3568
-17.1267
-68.9291
-151.447
-229.641
-295.627
-333.414
-361.848
-403.814
-460.898
-554.404
-670.808
-767.588
-720.291
-510.65
-335.274
-211.683
-148.009
-97.2375
-74.4982
-58.1928
-55.3718
37.2429
38.5432
39.637
40.5502
40.6402
41.2201
41.6467
38.5063
35.5287
22.5683
-1.58972
-42.7711
-91.7989
-148.646
-190.562
-242.527
-301.94
-366.923
-447.38
-540.556
-595.408
-535.736
-415.179
-288.514
-203.883
-149.987
-108.765
-85.3609
-70.8076
-65.2647
38.773
39.5737
41.394
43.261
45.1028
47.3007
50.0032
51.25
52.0664
48.0611
36.7776
19.0664
-17.247
-53.7491
-98.7919
-161.276
-217.792
-276.619
-345.93
-409.343
-437.703
-387.283
-320.449
-234.765
-180.657
-139.7
-107.97
-88.9261
-75.1828
-68.6436
40.2722
40.456
42.5725
45.0981
48.1021
51.6579
55.4259
59.264
61.8677
62.6552
59.9466
52.8781
27.9912
4.28526
-46.3132
-103.525
-154.826
-206.568
-259.983
-303.754
-315.866
-288.558
-243.541
-190.596
-155.417
-124.877
-101.169
-86.0012
-74.0727
-68.5068
40.7957
40.6213
42.6862
45.4402
48.8986
53.2376
57.6545
62.8185
66.6999
70.4163
73.1624
69.6074
55.5326
33.8587
-16.2601
-67.7287
-108.373
-153.311
-193.47
-225.184
-230.782
-214.678
-189.083
-156.752
-132.22
-109.943
-92.0928
-79.9123
-69.9911
-65.2451
40.0728
40.02
41.8654
44.4303
47.9047
52.508
57.3368
63.0858
68.0808
73.2965
79.1991
76.685
69.543
45.1668
4.61063
-43.6931
-78.1623
-113.135
-142.345
-162.193
-171.665
-163.752
-148.051
-128.823
-111.598
-95.7273
-82.1833
-72.5699
-64.5277
-60.3697
38.3945
38.7003
40.4062
42.5842
45.914
50.4616
55.5095
61.3872
67.0937
72.9583
79.2312
78.2207
71.3471
48.8326
10.3347
-24.2055
-54.4033
-82.4138
-104.403
-119.371
-126.566
-124.695
-116.346
-104.85
-93.2716
-82.1694
-72.0894
-64.7035
-58.3958
-54.8915
36.0333
36.6658
38.3862
40.2617
43.4636
47.6498
52.676
58.21
63.9792
70.0576
75.3687
76.8905
63.7678
44.8245
16.1833
-11.6348
-37.1044
-58.8727
-76.806
-89.2545
-95.3267
-95.617
-91.695
-84.7744
-77.3611
-69.5948
-62.3547
-56.7038
-51.9118
-49.2423
33.1562
33.9063
35.6653
37.445
40.5859
44.1862
48.9176
53.877
59.2433
64.8316
67.7727
69.9648
56.63
40.8811
18.9182
-3.26002
-23.6763
-41.4771
-55.6073
-66.1888
-72.188
-73.8286
-72.2609
-68.1645
-63.6537
-58.1484
-53.1673
-48.7942
-45.4274
-43.4695
29.8311
30.4089
32.1344
33.7846
36.7073
39.7524
43.9795
48.2178
53.0311
57.8008
59.7423
60.5576
48.6974
35.5493
18.4729
1.6416
-14.065
-29.8602
-40.7959
-48.7566
-54.1798
-56.6046
-56.4159
-54.1599
-51.6143
-47.7435
-44.5187
-41.2486
-39.0921
-37.659
26.0474
26.388
27.9646
29.363
31.9229
34.4559
38.0323
41.6481
45.6884
49.3486
50.7252
49.489
40.3836
30.0676
16.8978
3.70625
-9.24789
-20.4322
-28.6142
-35.3795
-40.2178
-42.9184
-43.2475
-42.1359
-40.7778
-38.2078
-36.2992
-34.0776
-32.7825
-31.7721
21.8569
22.0349
23.3701
24.3566
26.5461
28.606
31.5211
34.4139
37.6256
40.3271
40.8498
38.5191
31.6034
24.5479
14.2723
4.1653
-5.49392
-13.6961
-19.6287
-25.098
-29.0961
-31.8294
-32.2369
-31.8115
-31.1397
-29.5511
-28.5337
-27.1986
-26.5969
-25.8672
17.3342
17.4367
18.5248
19.182
20.9576
22.5115
24.8137
26.8285
29.1847
30.9188
30.2324
27.7417
21.4746
19.772
11.7912
3.77152
-3.25817
-8.94147
-13.009
-17.0551
-20.2068
-22.6509
-23.0456
-23.0942
-22.7609
-21.9212
-21.4415
-20.7362
-20.5927
-20.0627
12.596
12.6253
13.4452
13.8951
15.2746
16.2426
17.8705
19.1309
20.5949
21.2879
20.4118
17.3267
12.6722
13.072
9.13608
3.19267
-2.02492
-5.40316
-8.10878
-10.4106
-13.1416
-15.0452
-15.1147
-15.4397
-15.3047
-15.0338
-14.9139
-14.6039
-14.7704
-14.4084
7.69091
7.69078
8.23312
8.35734
9.32855
9.96093
10.7973
11.4537
12.3577
12.1298
9.34599
4.97593
8.74847
7.63043
4.99579
1.56052
-1.10068
-2.43661
-4.3093
-5.42882
-7.2663
-8.50049
-8.60141
-8.87346
-8.71523
-8.81824
-8.72934
-8.67821
-8.96736
-8.6995
2.41917
2.56637
2.83938
2.91304
3.29755
3.5078
3.929
4.0404
4.32382
4.26859
5.31378
6.10585
7.98699
1.67623
-0.32518
0.356934
-0.480295
-0.984773
-1.15531
-1.75618
-2.68408
-3.00843
-2.95361
-3.18568
-3.13014
-3.39169
-3.20431
-3.18558
-3.37327
-3.18193
)
;

boundaryField
{
    INLET
    {
        type            zeroGradient;
    }
    OUTLET
    {
        type            fixedValue;
        value           uniform 0;
    }
    WALL
    {
        type            zeroGradient;
    }
    CYLINDER
    {
        type            zeroGradient;
    }
    frontAndBackPlanes
    {
        type            empty;
    }
}


// ************************************************************************* //
