/*--------------------------------*- C++ -*----------------------------------*\
| =========                 |                                                 |
| \\      /  F ield         | OpenFOAM: The Open Source CFD Toolbox           |
|  \\    /   O peration     | Version:  v1912                                 |
|   \\  /    A nd           | Website:  www.openfoam.com                      |
|    \\/     M anipulation  |                                                 |
\*---------------------------------------------------------------------------*/
FoamFile
{
    version     2.0;
    format      ascii;
    class       volScalarField;
    location    "0.05";
    object      p;
}
// * * * * * * * * * * * * * * * * * * * * * * * * * * * * * * * * * * * * * //

dimensions      [0 2 -2 0 0 0 0];


internalField   nonuniform List<scalar> 
6600
(
83.5908
79.0188
76.6314
75.2756
74.5447
74.1147
73.8927
73.9018
74.0876
74.4478
74.9848
75.7082
76.6932
77.9861
79.5127
81.2847
83.2814
85.4299
87.6802
90.1086
92.8154
95.8277
99.1077
102.49
105.891
109.387
112.863
116.101
119.052
121.603
123.56
124.666
124.926
124.171
122.028
118.239
112.33
103.622
91.8075
76.4236
56.8062
32.5103
2.63573
-33.741
-77.2718
-128.726
-188.743
-257.607
-338.387
-425.804
80.4851
75.9163
74.2163
72.8291
71.7275
70.93
70.537
70.2564
70.0959
70.1783
70.4438
70.8825
71.535
72.4414
73.5911
74.9409
76.4072
77.9514
79.5429
81.3074
83.2513
85.3581
87.609
89.8723
92.1568
94.3732
96.6012
98.5602
100.075
100.921
101.024
99.9579
97.768
94.3546
89.3725
82.3943
73.2061
61.1861
45.6454
26.0959
1.91516
-27.1974
-62.274
-104.085
-153.392
-211.1
-277.457
-352.417
-437.554
-527.756
76.2951
71.6173
70.7238
69.4623
68.2625
67.28
66.5528
65.9785
65.6164
65.4079
65.3723
65.5152
65.8613
66.4567
67.2514
68.1517
69.099
70.1152
71.2329
72.4058
73.6641
74.9198
76.1687
77.3902
78.4873
79.3488
79.8212
79.9563
79.6578
78.7208
76.888
73.7864
69.1576
63.0367
55.1483
44.7586
31.8592
15.9383
-3.51856
-27.2208
-55.9242
-90.0704
-130.28
-177.318
-231.914
-294.994
-366.745
-446.25
-532.73
-620.644
71.4503
66.7193
66.5574
65.0364
63.722
62.6342
61.6592
60.8745
60.3807
59.9475
59.7373
59.6239
59.6969
59.9525
60.2716
60.6227
61.0127
61.4549
62.0134
62.5659
63.0896
63.5125
63.6804
63.6756
63.4512
63.0351
62.1768
60.5941
58.2207
55.0057
50.9307
45.5906
38.4733
29.5005
18.5016
4.91314
-11.6254
-31.5496
-55.3033
-83.3619
-116.449
-155.203
-200.055
-251.658
-310.653
-377.858
-453.317
-535.253
-621.203
-704.279
66.2172
62.125
62.1051
59.7697
58.1115
56.8669
55.7497
54.9289
54.2307
53.6559
53.274
52.886
52.6807
52.4945
52.272
52.0267
51.796
51.6353
51.4483
51.2398
50.9201
50.45
49.743
48.6382
47.0821
44.9487
42.3455
39.0639
34.8719
29.5099
22.9243
15.0056
5.39484
-6.34493
-20.5713
-37.5106
-57.5582
-81.2231
-108.91
-141.057
-178.217
-220.902
-269.555
-324.666
-386.701
-456.371
-533.682
-616.468
-700.537
-777.064
60.239
58.2816
56.6366
53.4836
51.6748
50.61
49.1374
48.2684
47.3937
46.5648
45.7946
45.0404
44.3927
43.7141
43.0084
42.2547
41.4225
40.4964
39.459
38.2852
36.9354
35.3068
33.4166
31.1362
28.3387
24.9044
20.5797
15.3997
9.18429
1.70921
-7.2128
-17.734
-30.1253
-44.6748
-61.8041
-81.8816
-105.253
-132.316
-163.467
-199.056
-239.517
-285.268
-336.62
-393.945
-457.563
-527.996
-605.377
-687.553
-768.35
-836.34
54.8401
51.6481
49.2117
45.9136
44.5644
43.1043
41.7583
40.714
39.5862
38.5048
37.3875
36.1797
34.9642
33.66
32.3139
30.9293
29.4657
27.816
25.9253
23.78
21.3304
18.5213
15.2803
11.5909
7.25535
2.17421
-3.87452
-10.8586
-18.9662
-28.4718
-39.6266
-52.6064
-67.5927
-84.8698
-104.844
-127.786
-153.989
-183.85
-217.695
-255.856
-298.661
-346.37
-399.222
-457.459
-521.284
-591.096
-667.053
-747.072
-823.027
-880.581
48.3223
42.9121
41.5541
38.0261
37.3838
34.893
33.5751
32.1726
30.5852
29.2346
27.7383
26.2332
24.5794
22.6835
20.6084
18.3649
15.9368
13.333
10.488
7.33246
3.75582
-0.322106
-5.00945
-10.281
-16.1449
-22.7675
-30.4093
-39.2873
-49.4375
-60.9883
-74.1861
-89.3141
-106.653
-126.354
-148.686
-173.989
-202.533
-234.547
-270.34
-310.141
-354.216
-402.773
-455.915
-513.799
-576.634
-644.793
-717.98
-793.893
-863.715
-909.496
40.1881
33.7535
33.9858
29.7731
29.948
27.0951
25.4657
23.5132
21.4061
19.2803
17.1126
15.0078
12.7197
10.2553
7.60286
4.62445
1.25801
-2.4614
-6.4779
-10.8477
-15.6381
-20.9326
-26.8754
-33.6682
-41.3063
-49.7788
-59.154
-69.6699
-81.6134
-95.1609
-110.359
-127.422
-146.638
-168.269
-192.586
-219.704
-249.82
-283.224
-320.086
-360.618
-405
-453.325
-505.664
-562.094
-622.776
-688.17
-757.907
-828.725
-891.097
-925.02
30.1698
23.7196
25.3375
20.2024
21.6706
18.4184
16.959
14.7172
12.2351
9.48432
6.59744
3.43753
0.0618314
-3.29829
-6.80212
-10.6422
-14.8559
-19.5233
-24.7166
-30.4385
-36.6825
-43.4835
-50.8447
-58.9534
-68.0004
-78.0353
-89.1124
-101.396
-114.982
-130.084
-146.973
-165.759
-186.673
-209.82
-235.382
-263.689
-294.831
-328.879
-366.026
-406.385
-450.12
-497.311
-547.926
-601.993
-659.625
-721.2
-786.764
-852
-906.585
-930.386
20.5152
12.2179
17.3902
10.4281
11.7237
8.18042
6.77022
4.2838
1.65825
-1.10702
-4.35505
-8.24307
-12.4248
-16.8931
-21.7583
-26.865
-32.1681
-37.8441
-44.0706
-50.9423
-58.4699
-66.6835
-75.5912
-85.167
-95.6753
-107.278
-119.89
-133.652
-148.796
-165.439
-183.73
-203.806
-225.81
-249.955
-276.412
-305.202
-336.54
-370.572
-407.273
-446.758
-489.114
-534.33
-582.383
-633.253
-687.031
-744.101
-804.277
-863.879
-912.634
-929.467
11.0395
3.3953
9.54774
1.30459
2.96392
-2.19372
-3.65804
-6.97443
-10.056
-13.1407
-16.8171
-20.8841
-25.2687
-30.5015
-36.4806
-42.8924
-49.6982
-56.8798
-64.4165
-72.4642
-81.2161
-90.7437
-101.097
-112.203
-124.001
-136.786
-150.762
-165.874
-182.255
-200.051
-219.368
-240.388
-263.266
-287.999
-314.728
-343.631
-374.687
-407.954
-443.538
-481.419
-521.677
-564.311
-609.203
-656.232
-705.303
-757.132
-810.682
-863.099
-905.34
-920.591
3.63923
-5.11543
2.18142
-7.93056
-4.67309
-11.3625
-12.547
-16.9864
-20.9017
-25.0094
-29.759
-34.5101
-39.5534
-45.3325
-51.6499
-58.6832
-66.64
-75.3375
-84.5186
-94.0673
-104.076
-114.761
-126.291
-138.774
-152.14
-166.277
-181.354
-197.611
-215.02
-233.677
-253.764
-275.347
-298.473
-323.326
-349.935
-378.314
-408.564
-440.693
-474.63
-510.457
-548.119
-587.508
-628.557
-671.144
-715.197
-760.711
-805.77
-847.294
-877.312
-891.283
-1.79673
-12.7437
-5.79199
-16.9223
-11.8477
-20.2974
-20.202
-26.0183
-30.011
-35.2016
-41.1927
-47.2098
-53.7669
-60.7183
-67.8121
-75.4982
-84.0166
-93.4112
-103.789
-115.027
-126.789
-138.938
-151.692
-165.233
-179.629
-194.919
-211.053
-228.2
-246.37
-265.648
-286.1
-307.894
-331.105
-355.722
-381.809
-409.414
-438.477
-468.979
-500.907
-534.169
-568.794
-604.651
-641.478
-678.95
-717.472
-755.688
-790.969
-818.221
-830.913
-840.876
-10.9707
-20.4671
-11.6337
-25.1856
-18.2671
-29.3618
-27.8236
-35.4485
-38.8515
-44.9366
-51.421
-58.2136
-66.0808
-74.425
-83.0974
-92.3052
-101.902
-111.953
-122.826
-134.812
-147.936
-161.755
-175.961
-190.812
-206.434
-222.779
-239.802
-257.616
-276.277
-295.971
-316.654
-338.318
-361.104
-385.106
-410.364
-436.813
-464.406
-493.086
-522.735
-553.367
-584.816
-616.818
-649.058
-681.534
-713.663
-743.905
-769.997
-787.637
-792.164
-795.431
-19.6958
-27.5718
-18.8175
-33.1777
-24.629
-37.9914
-35.2624
-44.8652
-47.5995
-54.7102
-61.189
-68.4346
-76.9898
-86.1164
-96.1254
-106.967
-118.281
-130.018
-142.207
-154.923
-168.572
-183.527
-199.239
-215.253
-231.774
-248.965
-266.913
-285.47
-304.599
-324.351
-344.846
-366.243
-388.563
-411.793
-435.921
-461.024
-487.035
-513.799
-541.168
-568.987
-597.185
-625.549
-653.658
-681.521
-707.837
-731.005
-748.897
-759.593
-767.438
-768.045
-26.8846
-33.3642
-25.0885
-39.3099
-30.6805
-45.3846
-41.3269
-53.0566
-54.9368
-63.713
-70.076
-78.1531
-87.1355
-96.6432
-107.382
-119.179
-131.816
-145.315
-159.489
-173.98
-188.623
-204.052
-220.865
-238.478
-256.397
-274.57
-293.008
-311.863
-331.281
-351.135
-371.421
-392.277
-413.758
-435.931
-458.947
-482.651
-506.951
-531.769
-556.915
-582.308
-607.778
-632.941
-657.494
-681.016
-702.534
-720.572
-732.996
-738.134
-743.372
-744.835
-32.176
-37.5912
-30.2709
-43.8964
-35.454
-50.8228
-45.6876
-59.3754
-59.9894
-70.978
-77.073
-86.5007
-96.0653
-106.138
-117.501
-129.853
-143.273
-157.945
-173.694
-190.286
-207.235
-224.067
-241.408
-259.796
-278.823
-298.206
-317.776
-337.275
-356.829
-376.453
-396.283
-416.411
-437.034
-458.189
-479.78
-502.003
-524.801
-547.977
-571.356
-594.694
-617.772
-640.263
-661.927
-682.102
-699.741
-712.705
-719.446
-724.969
-726.209
-728.25
-35.8397
-40.2142
-34.271
-46.7245
-38.6107
-54.5143
-48.5888
-63.8392
-63.0957
-76.0988
-81.3913
-92.5102
-102.528
-113.7
-126.068
-139.078
-153.073
-168.416
-185.039
-202.912
-222.001
-241.512
-260.797
-280.385
-300.515
-320.829
-341.17
-361.429
-381.441
-401.072
-420.525
-439.873
-459.254
-478.947
-499.272
-520.041
-541.268
-562.938
-584.803
-606.758
-628.431
-648.961
-667.852
-684.755
-698.671
-707.797
-711.384
-714.132
-715.659
-716.9
-37.5967
-41.1072
-37.1018
-47.4739
-41.1204
-56.1027
-50.2968
-66.3033
-64.6691
-79.1512
-83.4025
-96.0244
-105.8
-118.247
-131.732
-145.878
-161.088
-177.359
-194.669
-213.319
-233.533
-255.058
-276.839
-298.458
-320.295
-342.23
-363.858
-385.011
-405.507
-425.246
-444.211
-462.587
-480.853
-499.169
-517.64
-536.766
-556.583
-577.02
-598.114
-619.477
-639.848
-658.536
-675.248
-688.842
-698.222
-702.869
-707.119
-707.441
-709.009
-709.624
-37.5884
-40.4771
-38.5847
-46.4135
-42.8781
-55.3222
-51.2257
-66.496
-64.6926
-80.0098
-83.4292
-97.4563
-106.486
-120.002
-133.768
-148.882
-165.694
-183.474
-202.034
-221.7
-242.803
-265.747
-289.916
-314.096
-338.016
-361.87
-385.385
-408.018
-429.497
-449.775
-468.689
-486.333
-502.986
-519.291
-535.902
-552.998
-570.997
-590.213
-610.508
-631.298
-651.26
-669.527
-684.566
-694.235
-697.755
-700.209
-701.475
-702.856
-704.48
-705.048
-36.4774
-38.7775
-38.4668
-44.2902
-43.103
-52.5129
-51.4791
-64.1109
-63.8953
-78.4257
-81.4865
-96.3482
-104.808
-119.344
-132.944
-148.664
-166.428
-185.594
-206.048
-227.563
-249.853
-273.569
-299.504
-326.554
-353.45
-379.888
-405.727
-430.558
-453.797
-475.089
-494.137
-511.1
-526.427
-540.626
-554.435
-568.915
-584.672
-602.007
-621.502
-642.262
-662.542
-680.931
-694.588
-700.865
-700.776
-699.835
-699.85
-700.877
-702.045
-702.653
-33.991
-36.2482
-37.7006
-41.1502
-42.2121
-48.7416
-50.1327
-59.6189
-62.3027
-74.2956
-78.5569
-92.9634
-101.075
-116.215
-129.527
-145.803
-163.804
-183.592
-205.502
-229.31
-254.199
-279.581
-306.543
-335.674
-365.726
-395.557
-424.619
-452.398
-478.247
-501.529
-521.85
-538.798
-552.581
-564.097
-574.503
-585.046
-597.183
-612.049
-630.078
-650.554
-672.189
-691.56
-703.611
-707.147
-707.232
-703.774
-701.706
-700.362
-699.765
-699.887
-30.9332
-32.8037
-35.304
-37.4707
-40.2893
-44.511
-47.4049
-54.6087
-58.7985
-68.4728
-74.4055
-87.0164
-95.7653
-110.773
-123.847
-140.67
-158.561
-178.685
-201.25
-226.143
-253.461
-282.094
-311.492
-342.546
-375.195
-408.565
-441.595
-473.342
-502.834
-529.184
-551.591
-569.255
-582.492
-591.661
-597.643
-602.739
-609.193
-618.605
-633.136
-653.626
-678.076
-698.852
-709.676
-713.537
-710.915
-706.298
-701.642
-697.809
-695.581
-694.839
-27.6895
-28.8783
-32.4833
-33.2538
-37.4172
-39.9572
-44.0727
-49.1705
-54.187
-62.0225
-69.0089
-79.5765
-88.9464
-103.181
-116.117
-133.082
-150.833
-171.149
-194.105
-219.55
-247.944
-279.158
-311.842
-346.067
-382.032
-419.103
-456.483
-492.962
-527.227
-557.903
-583.834
-604.13
-617.761
-624.6
-626.06
-624.336
-621.794
-621.96
-630.2
-648.941
-674.492
-698.31
-711.029
-713.545
-710.419
-704.672
-698.456
-692.888
-688.954
-686.942
-24.2651
-25.2474
-29.6197
-29.082
-34.1957
-35.0198
-40.0684
-43.5998
-48.9247
-55.2946
-62.2574
-71.8133
-80.9872
-94.0275
-106.791
-123.475
-140.94
-161.295
-184.378
-210.143
-239.149
-272.036
-307.687
-345.165
-384.906
-426.396
-468.743
-510.829
-551.042
-587.508
-618.671
-643.047
-658.757
-665.161
-662.552
-653.11
-639.182
-625.538
-621.629
-632.375
-656.182
-682.702
-703.586
-707.167
-706.255
-702.813
-697.54
-690.996
-685.624
-682.158
-21.2726
-20.7429
-26.2839
-25.0656
-30.4803
-30.6517
-35.6521
-38.3228
-43.2875
-48.8025
-54.9558
-63.6146
-72.3583
-83.8794
-96.429
-112.1
-129.118
-149.186
-172.088
-198.078
-227.115
-260.405
-298.513
-339.664
-383.437
-429.791
-477.751
-526.287
-573.666
-617.708
-655.968
-686.774
-707.06
-715.268
-710.329
-693.31
-665.572
-633.426
-609.301
-607.62
-625.081
-654.511
-683.022
-700.976
-709.659
-710.795
-705.69
-697.755
-690.847
-686.542
-18.9608
-17.3135
-22.6047
-21.9081
-26.1542
-27.0216
-30.7742
-33.4793
-37.6719
-42.4483
-48.1825
-55.5321
-63.5563
-73.9222
-85.4095
-100.02
-116.283
-135.611
-157.798
-183.874
-213.398
-246.454
-284.886
-328.756
-376.773
-428.363
-482.7
-538.676
-594.491
-647.733
-695.585
-734.755
-761.973
-775.203
-770.75
-748.502
-707.965
-653.766
-604.285
-579.854
-589.271
-626.485
-668.288
-702.075
-721.373
-727.305
-722.732
-712.343
-702.945
-698.163
-17.8268
-15.9677
-19.2134
-19.6957
-21.8779
-23.9397
-26.1058
-29.025
-32.2282
-36.3609
-41.5853
-47.8118
-55.1313
-64.2911
-74.6495
-87.8334
-102.923
-121.241
-142.298
-167.45
-197.212
-230.907
-269.403
-314.193
-365.071
-421.601
-482.798
-546.949
-612.304
-676.734
-736.434
-786.528
-824.649
-846.809
-846.092
-823.109
-778.105
-696.002
-621.769
-573.235
-568.926
-602.699
-655.929
-700.5
-724.755
-733.527
-730.091
-720.603
-712.817
-709.995
-20.0637
-18.6551
-15.4769
-18.2719
-18.2661
-21.2963
-22.3449
-25.2814
-27.6968
-30.9371
-35.6492
-40.9065
-47.4782
-55.7347
-64.9053
-76.8327
-90.6673
-107.455
-127.367
-151.325
-180.264
-214.195
-253.111
-298.12
-350.553
-410.964
-478.881
-551.5
-627.487
-705.096
-778.202
-842.106
-894.833
-927.828
-936.38
-911.1
-859.102
-771.108
-676.187
-608.468
-588.938
-615.237
-656.516
-693.579
-715.882
-723.375
-720.597
-714.789
-711.547
-712.133
83.8817
79.335
76.9567
75.6139
74.9314
74.5471
74.3575
74.4175
74.663
75.0752
75.6955
76.4927
77.5437
78.9033
80.5263
82.4158
84.5581
86.8995
89.3652
92.063
95.0551
98.3853
102.011
105.815
109.736
113.736
117.772
121.681
125.422
128.866
131.924
134.233
135.748
136.377
135.843
133.911
130.209
124.103
115.117
102.875
86.7651
66.2222
40.665
9.21109
-28.7706
-74.372
-128.129
-188.967
-263.44
-342.361
80.7757
76.241
74.5437
73.1824
72.1268
71.3646
71.0102
70.7849
70.6814
70.8347
71.1859
71.6886
72.4098
73.4032
74.6627
76.1453
77.7779
79.5141
81.3357
83.3576
85.5858
88.0204
90.6073
93.284
96.0232
98.7988
101.581
104.242
106.571
108.322
109.46
109.712
108.897
106.842
103.389
98.3029
91.2098
81.5142
68.6797
52.2689
31.5664
6.00982
-24.9431
-62.218
-106.27
-158.441
-218.964
-287.128
-366.7
-450.244
76.5877
71.9578
71.0607
69.8393
68.6731
67.7225
67.0447
66.5358
66.243
66.1297
66.1463
66.3572
66.7932
67.4939
68.4147
69.468
70.5905
71.7996
73.1495
74.5879
76.1421
77.7416
79.3611
80.9868
82.529
83.9403
85.0211
85.8816
86.4289
86.4502
85.6476
83.844
80.5767
75.8351
69.4207
60.9707
50.2606
36.7132
19.6983
-1.11579
-26.5451
-57.1797
-93.5131
-136.392
-186.397
-244.442
-310.967
-385.101
-466.99
-549.75
71.7428
67.0746
66.8957
65.436
64.1538
63.1016
62.1899
61.4769
61.0865
60.7053
60.5612
60.5379
60.7051
61.0812
61.5426
62.0545
62.6253
63.2806
64.0588
64.8947
65.7274
66.4895
67.0895
67.5566
67.8436
67.9218
67.705
66.8625
65.3745
63.1598
60.1203
56.0507
50.324
42.829
33.3857
21.5734
7.04693
-10.5261
-31.7307
-57.0595
-87.174
-122.646
-163.997
-211.943
-267.075
-330.08
-401.301
-479.174
-561.789
-641.307
66.5059
62.4845
62.4365
60.2052
58.5689
57.3373
56.3531
55.6227
54.9997
54.4585
54.1682
53.8605
53.7702
53.7281
53.651
53.5648
53.5166
53.5651
53.652
53.7295
53.7378
53.6397
53.3587
52.7265
51.7492
50.2726
48.3231
45.7963
42.4797
38.153
32.587
25.8381
17.6021
7.4363
-5.05268
-20.1875
-38.2799
-59.8102
-85.211
-114.834
-149.244
-189.042
-234.694
-286.77
-345.751
-412.231
-486.381
-566.221
-648.545
-723.594
60.5288
58.6461
57.0016
53.9636
52.136
51.0565
49.7712
49.1651
48.2483
47.3676
46.7902
46.051
45.5963
45.0396
44.4786
43.9
43.2734
42.5667
41.8131
40.9471
39.9384
38.7218
37.2978
35.5041
33.2396
30.4341
26.8814
22.5557
17.2513
10.8424
3.05302
-6.34165
-17.4418
-30.5275
-45.9645
-64.2181
-85.6983
-110.721
-139.757
-173.189
-211.296
-254.579
-303.492
-358.474
-419.878
-488.223
-563.687
-644.219
-725.098
-794.142
55.1179
52.0506
49.6069
46.407
45.0446
43.7009
42.3707
41.8073
40.3632
39.3666
38.4153
37.2881
36.2299
35.0631
33.877
32.6842
31.4408
30.0586
28.4595
26.6332
24.5487
22.1393
19.3685
16.2236
12.5094
8.08101
2.81196
-3.29416
-10.4653
-18.96
-29.0011
-40.825
-54.5357
-70.3868
-88.7617
-109.988
-134.393
-162.428
-194.445
-230.726
-271.612
-317.441
-368.498
-425.114
-487.547
-556.229
-631.513
-711.342
-789.341
-850.477
48.7322
43.3091
41.9535
38.5433
37.9676
35.6038
34.2814
33.055
31.4064
30.2048
28.8231
27.3852
25.9058
24.159
22.2632
20.2195
18.0369
15.7007
13.1678
10.3615
7.18901
3.55039
-0.660785
-5.39267
-10.6488
-16.5748
-23.3979
-31.4046
-40.6144
-51.1639
-63.2829
-77.2462
-93.3728
-111.793
-132.666
-156.409
-183.34
-213.706
-247.9
-286.21
-328.831
-376.042
-428.047
-485.065
-547.328
-615.225
-688.877
-766.238
-839.784
-891.171
40.53
34.0695
34.3861
30.4115
30.624
27.7323
26.2187
24.378
22.2878
20.3293
18.214
16.2305
14.0993
11.7863
9.32811
6.57265
3.46156
0.0259564
-3.68192
-7.68178
-12.0537
-16.8752
-22.3022
-28.5166
-35.4948
-43.2913
-51.9136
-61.6041
-72.6275
-85.1367
-99.2733
-115.182
-133.217
-153.654
-176.703
-202.508
-231.285
-263.361
-298.944
-338.269
-381.619
-429.177
-481.035
-537.347
-598.321
-664.371
-735.231
-808.535
-875.718
-915.537
30.3077
23.8087
25.632
21.3701
22.1695
19.0029
17.824
15.6007
13.1962
10.5394
7.72948
4.71509
1.47927
-1.71259
-5.01565
-8.62714
-12.5946
-16.9727
-21.8329
-27.1751
-32.9943
-39.3024
-46.1175
-53.6321
-62.0426
-71.3563
-81.6916
-93.1587
-105.885
-120.098
-135.979
-153.692
-173.45
-195.43
-219.876
-247.043
-277.082
-310.097
-346.337
-385.958
-429.108
-475.977
-526.65
-581.217
-639.841
-702.922
-770.29
-838.395
-897.745
-926.606
20.5727
11.9695
16.7201
12.1487
12.8581
8.99456
7.71262
5.16416
2.62777
-0.0443107
-3.20244
-6.94028
-10.9837
-15.2646
-19.9308
-24.8231
-29.8678
-35.2345
-41.1166
-47.604
-54.7057
-62.4398
-70.8032
-79.7725
-89.6071
-100.512
-112.401
-125.42
-139.703
-155.46
-172.805
-191.922
-212.933
-236.046
-261.487
-289.405
-319.918
-353.194
-389.276
-428.295
-470.45
-515.832
-564.453
-616.391
-671.762
-730.806
-793.634
-856.162
-908.228
-928.65
11.112
3.41274
9.89808
2.08861
3.85519
-1.46552
-2.80402
-6.15762
-9.10208
-12.093
-15.666
-19.589
-23.8228
-28.8784
-34.6604
-40.8344
-47.3629
-54.2397
-61.4399
-69.0935
-77.3947
-86.4376
-96.2544
-106.776
-117.933
-129.992
-143.207
-157.64
-173.261
-190.226
-208.712
-228.845
-250.806
-274.709
-300.577
-328.636
-359.04
-391.827
-427.129
-464.969
-505.387
-548.484
-594.264
-642.717
-693.915
-748.287
-805.271
-861.735
-908.153
-924.213
3.83701
-4.85219
2.63501
-7.34558
-3.92029
-10.7426
-11.7428
-16.2313
-19.9411
-23.9937
-28.6377
-33.2374
-38.1201
-43.7401
-49.8444
-56.6183
-64.2968
-72.6913
-81.5268
-90.6834
-100.257
-110.471
-121.493
-133.43
-146.218
-159.729
-174.049
-189.492
-206.104
-224.035
-243.357
-264.177
-286.552
-310.618
-336.561
-364.395
-394.164
-425.984
-459.824
-495.733
-533.812
-574.042
-616.355
-660.697
-706.955
-755.637
-805.384
-853.46
-891.572
-907.201
-1.51198
-12.3758
-5.3353
-16.4002
-11.1844
-19.713
-19.3884
-25.2839
-29.0644
-34.2614
-40.1309
-45.9774
-52.3976
-59.1665
-66.0295
-73.4785
-81.7333
-90.8204
-100.841
-111.684
-123.021
-134.695
-146.909
-159.862
-173.654
-188.31
-203.85
-220.301
-237.789
-256.355
-276.071
-297.143
-319.71
-343.75
-369.219
-396.3
-425.018
-455.341
-487.348
-520.996
-556.235
-593.04
-631.294
-670.81
-711.768
-753.683
-794.506
-830.468
-854.369
-868.147
-10.6489
-20.0724
-11.1741
-24.7537
-17.6332
-28.8234
-26.9822
-34.7641
-37.9887
-44.0806
-50.3909
-57.0637
-64.8268
-72.9556
-81.3984
-90.3784
-99.7036
-109.436
-119.963
-131.579
-144.281
-157.648
-171.378
-185.682
-200.7
-216.43
-232.816
-249.869
-267.884
-286.889
-306.931
-328.03
-350.205
-373.641
-398.465
-424.561
-451.905
-480.533
-510.327
-541.256
-573.332
-606.426
-640.291
-674.62
-709.844
-744.122
-775.068
-798.162
-807.712
-816.561
-19.3649
-27.1977
-18.3225
-32.8069
-23.9988
-37.5667
-34.4408
-44.3321
-46.7588
-53.934
-60.2202
-67.3969
-75.8178
-84.7566
-94.5829
-105.196
-116.228
-127.642
-139.494
-151.846
-165.061
-179.506
-194.701
-210.187
-226.148
-242.767
-260.118
-278.022
-296.502
-315.599
-335.511
-356.347
-378.206
-400.988
-424.678
-449.427
-475.211
-501.861
-529.348
-557.599
-586.473
-615.782
-645.184
-674.73
-703.514
-730.21
-752.533
-767.283
-773.858
-777.348
-26.5241
-33.0145
-24.5749
-38.9964
-30.0161
-45.0712
-40.5919
-52.7114
-54.0136
-63.1237
-69.1697
-77.2149
-86.0464
-95.3949
-105.985
-117.563
-129.928
-143.142
-156.987
-171.083
-185.321
-200.315
-216.622
-233.66
-250.908
-268.378
-286.197
-304.525
-323.413
-342.673
-362.446
-382.767
-403.748
-425.543
-448.214
-471.617
-495.66
-520.386
-545.624
-571.17
-596.957
-622.811
-648.546
-673.597
-697.15
-717.787
-732.984
-740.984
-749.073
-750.796
-31.8162
-37.2476
-29.823
-43.5913
-34.863
-50.61
-45
-59.1626
-59.1407
-70.6226
-76.152
-85.7418
-95.0731
-105.008
-116.261
-128.396
-141.575
-156.002
-171.43
-187.612
-204.114
-220.47
-237.286
-255.172
-273.7
-292.452
-311.264
-330.092
-349.028
-368.16
-387.539
-407.26
-427.512
-448.278
-469.558
-491.481
-514.039
-536.915
-559.994
-583.275
-606.609
-629.658
-652.006
-673.32
-692.585
-708.366
-718.631
-723.188
-726.69
-729.575
-35.5703
-39.7644
-33.955
-46.3406
-38.2898
-54.2871
-48.0461
-63.7449
-62.3106
-75.9255
-80.5134
-91.9864
-101.581
-112.741
-124.995
-137.784
-151.587
-166.702
-183.013
-200.54
-219.233
-238.292
-257.002
-275.889
-295.36
-315.114
-334.881
-354.473
-373.777
-392.877
-411.873
-430.852
-450
-469.485
-489.512
-510.035
-530.882
-552.133
-573.654
-595.141
-616.393
-637.034
-656.515
-674.57
-690.32
-701.776
-707.534
-713.014
-713.48
-715.974
-37.3479
-40.6116
-36.9263
-47.0347
-41.0846
-55.6049
-50.1067
-66.2221
-63.9711
-79.0867
-82.6327
-95.7056
-104.935
-117.555
-130.818
-144.752
-159.848
-175.888
-192.872
-211.197
-231.031
-252.104
-273.434
-294.516
-315.6
-336.698
-357.577
-378.037
-397.881
-417.034
-435.557
-453.679
-471.714
-489.913
-508.361
-527.31
-546.953
-566.935
-586.995
-607.264
-627.225
-645.787
-662.885
-678.117
-689.795
-696.524
-700.851
-703.208
-704.687
-705.944
-37.3456
-40.1619
-38.3514
-46.0471
-42.896
-54.6889
-51.3289
-66.0098
-64.5697
-79.9166
-82.8643
-97.2603
-105.726
-119.58
-132.996
-148.006
-164.73
-182.265
-200.535
-219.897
-240.628
-263.06
-286.606
-310.206
-333.597
-356.733
-379.345
-401.109
-421.805
-441.427
-459.823
-477.235
-493.946
-510.334
-527.004
-544.282
-562.173
-580.853
-600.317
-619.883
-638.524
-655.71
-670.707
-682.512
-689.951
-693.009
-695.562
-696.989
-698.885
-699.644
-36.2722
-38.5272
-38.3167
-43.8448
-43.0693
-52.1684
-51.6723
-63.2776
-64.2856
-77.8956
-81.5662
-96.1544
-104.188
-119.041
-132.297
-148.101
-165.694
-184.634
-204.861
-226.13
-248.093
-271.413
-296.815
-323.101
-349.161
-374.814
-399.797
-423.715
-446.05
-466.507
-484.957
-501.6
-516.881
-531.519
-545.913
-560.775
-576.885
-594.396
-612.962
-631.953
-650.248
-666.393
-679.165
-687.1
-689.931
-691.895
-692.226
-693.733
-695.465
-696.204
-33.8234
-36.0289
-37.5812
-40.7077
-42.1755
-48.5382
-50.3197
-58.9884
-62.6826
-73.3239
-79.2521
-92.6113
-100.759
-116.004
-128.991
-145.525
-163.281
-182.898
-204.655
-228.184
-252.659
-277.558
-304.065
-332.677
-361.919
-390.75
-418.809
-445.534
-470.305
-492.5
-511.86
-528.414
-542.538
-554.664
-566.051
-577.835
-590.96
-606.164
-623.839
-643.018
-661.652
-677.782
-688.451
-691.897
-692.907
-692.297
-692.202
-692.783
-693.732
-694.478
-30.8406
-32.6082
-35.201
-37.2239
-40.1289
-44.2307
-47.6735
-54.3379
-58.9185
-67.8788
-74.8661
-86.5427
-95.9706
-110.572
-123.464
-140.583
-158.202
-178.228
-200.777
-225.516
-252.518
-280.71
-309.376
-339.69
-371.625
-404.079
-435.971
-466.435
-494.62
-519.672
-540.917
-557.879
-571.003
-581.02
-588.757
-595.998
-604.712
-616.513
-632.403
-651.048
-671.134
-687.725
-697.086
-698.872
-697.815
-696.009
-694.098
-692.517
-691.708
-691.76
-27.6092
-28.762
-32.4012
-33.1049
-37.3627
-39.6999
-44.2049
-49.0768
-54.388
-61.9022
-68.9702
-79.4062
-89.3551
-103.013
-115.958
-133.131
-150.676
-170.947
-193.812
-219.078
-247.281
-278.249
-310.556
-343.849
-378.731
-414.81
-450.941
-485.973
-518.723
-547.895
-572.277
-591.347
-604.47
-612.192
-615.658
-616.985
-618.644
-624.256
-635.681
-653.738
-675.236
-692.709
-701.141
-705.063
-702.116
-698.571
-694.247
-690.371
-687.913
-687.005
-24.1793
-25.191
-29.5566
-28.9055
-34.2918
-34.6548
-40.3075
-43.2041
-49.2566
-55.2223
-62.4827
-71.5614
-81.4118
-93.8912
-106.946
-123.588
-140.965
-161.459
-184.458
-210.051
-238.83
-271.295
-306.487
-343.418
-382.267
-422.474
-463.37
-503.767
-542.165
-576.848
-606.238
-628.654
-643.012
-649.65
-649.36
-643.684
-635.722
-630.588
-634.147
-648.45
-670.191
-688.949
-700.15
-702.653
-701.969
-697.93
-692.643
-687.121
-682.973
-680.633
-21.0929
-20.6881
-26.3177
-24.7136
-30.7908
-30.0197
-36.0714
-37.6926
-43.7268
-48.5205
-55.5059
-63.4223
-72.6209
-84.0219
-96.7312
-112.273
-129.333
-149.498
-172.272
-198.279
-227.317
-260.456
-297.908
-338.384
-381.351
-426.394
-472.761
-519.36
-564.51
-606.288
-642.34
-670.334
-688.388
-695.732
-692.578
-679.876
-659.755
-638.292
-627.254
-632.651
-651.922
-673.729
-691.978
-699.758
-703.352
-702.522
-697.801
-690.578
-684.372
-680.43
-18.7351
-17.171
-22.8162
-21.5284
-26.6123
-26.4132
-31.2726
-33.0519
-37.977
-42.3079
-48.464
-55.5969
-63.7646
-74.2251
-85.6779
-100.307
-116.697
-136.17
-158.248
-184.22
-213.627
-246.57
-284.868
-328.23
-375.253
-425.547
-478.101
-531.846
-584.967
-635.233
-680.102
-716.233
-740.183
-750.223
-746.554
-728.766
-696.304
-653.244
-619.812
-609.566
-620.66
-648.272
-678.633
-701.883
-714.779
-717.178
-712.216
-703.11
-694.379
-688.804
-17.7642
-15.7648
-19.3002
-19.4939
-22.0607
-23.803
-26.173
-29.1179
-32.106
-36.4431
-41.6564
-48.0166
-55.379
-64.6664
-75.0575
-88.3655
-103.434
-121.894
-143.04
-168.24
-197.883
-231.274
-269.553
-314.157
-364.342
-419.557
-478.824
-540.499
-602.689
-663.395
-719.341
-766.25
-799.55
-815.916
-813.521
-792.595
-757.291
-691.965
-621.527
-588.533
-592.484
-624.272
-663.488
-702.393
-726.258
-733.679
-730.201
-719.091
-708.249
-703.345
-20.0194
-18.6034
-15.4329
-18.2714
-18.2292
-21.4335
-22.2021
-25.5611
-27.5012
-31.1094
-35.7092
-41.0496
-47.7698
-56.083
-65.4776
-77.404
-91.2788
-108.158
-128.007
-152.218
-181.243
-215.12
-253.625
-298.556
-350.632
-409.789
-475.693
-545.668
-618.036
-690.999
-759.473
-818.845
-865.627
-892.877
-894.136
-869.547
-821.561
-747.532
-656.986
-587.366
-568.894
-599.634
-652.085
-699.077
-726.024
-734.597
-732.384
-723.184
-715.355
-712.52
-14.8222
-13.7532
-12.3953
-16.5723
-14.3461
-18.2322
-18.0777
-21.7631
-23.4296
-26.2722
-30.9303
-35.6909
-41.7982
-48.9909
-57.507
-68.4074
-81.6512
-97.4133
-115.854
-138.691
-167.046
-201.073
-240.366
-285.943
-340.015
-403.579
-475.722
-555.93
-642.033
-729.67
-814.739
-891.498
-954.175
-996.86
-1011.77
-991.826
-937.857
-833.731
-729.474
-658.037
-635.628
-649.334
-676.436
-705.354
-719.931
-722.068
-717.35
-712.391
-711.494
-712.909
-11.7116
-10.3939
-11.7046
-13.5485
-13.9424
-15.6597
-17.217
-19.4664
-22.0912
-25.002
-28.5137
-32.5088
-38.0057
-44.4688
-52.6209
-62.9927
-76.1356
-92.1124
-110.803
-134.377
-163.912
-199.775
-242.542
-292.85
-352.589
-424.042
-507.633
-602.117
-704.051
-810.425
-914.328
-1006.29
-1079.4
-1128.3
-1136.38
-1098.65
-1013.38
-918.899
-834.021
-780.968
-754.955
-743.164
-740.517
-737.224
-728.996
-717.731
-708.081
-705.236
-707.846
-710.969
-9.32927
-9.6114
-10.5502
-11.6726
-12.9792
-14.39
-16.1347
-17.9151
-20.272
-23.0052
-26.1377
-29.9633
-35.3926
-41.9742
-50.5352
-61.0752
-74.7617
-91.6769
-111.689
-137.038
-169.726
-210.067
-258.256
-316.097
-385.695
-469.613
-568.357
-679.962
-803.375
-931.71
-1050.93
-1153.37
-1233.15
-1273.94
-1260.32
-1207.65
-1136.68
-1057.92
-993.659
-939.09
-897.233
-859.323
-825.669
-792.225
-759.373
-731.259
-712.981
-707.143
-710.772
-713.948
-7.33951
-8.28013
-8.99055
-9.78611
-10.8643
-12.101
-13.6122
-15.2198
-17.3185
-19.7022
-22.7893
-26.6875
-31.9642
-38.5848
-47.4251
-58.4733
-72.9761
-91.1839
-113.465
-141.59
-178.176
-224.156
-279.779
-347.487
-429.405
-528.438
-647.61
-784.644
-933.449
-1080.33
-1214.57
-1328.54
-1406.91
-1430.44
-1418.11
-1373.73
-1313.07
-1245.24
-1177.15
-1110.19
-1044.49
-982.286
-921.969
-864.825
-812.079
-766.379
-734.047
-718.213
-718.355
-723.2
-5.36825
-6.05207
-6.71692
-7.22185
-7.81525
-8.66665
-9.65975
-10.9549
-12.7519
-14.9149
-17.7016
-21.4244
-26.514
-33.1328
-41.8042
-52.9101
-67.948
-87.0856
-110.82
-141.694
-183.385
-236.724
-301.278
-379.239
-475.651
-596.536
-743.36
-909.339
-1081.79
-1248.85
-1400.99
-1521.93
-1596.18
-1627.24
-1618.5
-1580.24
-1519.02
-1445.57
-1361.18
-1273.99
-1184.49
-1097.79
-1015.63
-939.572
-871.764
-813.959
-768.659
-739.825
-729.365
-738.873
-3.06157
-3.37781
-3.70963
-3.93844
-4.11187
-4.5016
-4.85495
-5.45539
-6.48995
-8.15777
-10.466
-13.5878
-17.9282
-24.0041
-32.2413
-43.0531
-58.1348
-78.2287
-103.457
-136.458
-182.392
-242.717
-317.165
-408.834
-525.705
-674.449
-851.957
-1046.03
-1242.85
-1433.73
-1600.45
-1728.01
-1811.1
-1848.25
-1838.32
-1793.97
-1723.54
-1631.92
-1527.46
-1415.72
-1303.6
-1195.77
-1095.01
-1004.48
-925.654
-859.473
-806.261
-767.834
-749.974
-758.668
-0.369065
-0.320517
-0.0815928
0.239101
0.547936
0.760312
0.928591
1.0095
0.931791
0.42352
-0.801704
-2.93549
-6.28408
-11.2369
-18.2829
-27.9865
-42.182
-62.3492
-88.6078
-123.495
-173.509
-241.676
-328.609
-438.905
-581.3
-760.364
-969.265
-1191.11
-1413.39
-1622.65
-1804.28
-1944.35
-2032.89
-2063.5
-2044.7
-1986.92
-1895.96
-1780.49
-1651.99
-1518.73
-1386.62
-1261.94
-1147.94
-1046.78
-960.592
-889.784
-834.029
-793.721
-772.336
-769.474
2.8748
3.30394
4.00821
4.96437
5.99664
7.1695
8.28166
9.30171
10.1415
10.8072
11.0646
10.6664
9.14352
5.97009
0.651196
-7.1828
-19.4152
-38.6752
-65.604
-101.926
-155.045
-231.673
-334.472
-467.394
-638.372
-850.751
-1090.07
-1336.28
-1577.71
-1802.76
-1997.49
-2141.71
-2222.57
-2240.94
-2204.73
-2123.2
-2008.48
-1871.38
-1722.07
-1570.98
-1424.56
-1287.88
-1164.63
-1057.22
-966.883
-894.403
-839.371
-801.109
-779.648
-773.222
6.67765
7.65281
8.90566
10.4678
12.2107
14.2555
16.5025
18.9295
21.3297
23.6047
25.6129
27.1469
27.9821
27.5636
25.1738
20.133
10.7336
-6.21414
-32.2819
-68.772
-124.01
-209.779
-330.667
-489.422
-692.797
-934.754
-1194.99
-1457
-1708.94
-1944.98
-2146.55
-2283.41
-2346.99
-2347.18
-2288.95
-2185.81
-2051.66
-1897.29
-1734.28
-1571.4
-1415.35
-1271.08
-1142.29
-1030.97
-938.623
-865.884
-812.297
-776.449
-758.786
-756.58
10.6239
12.3699
14.4185
16.8393
19.5234
22.5715
25.9529
29.7185
33.8428
38.2177
42.7367
47.0877
51.0139
53.9866
55.4011
54.3773
49.297
36.7685
13.9184
-21.4438
-78.3091
-172.131
-309.816
-492.194
-718.718
-979.651
-1257.52
-1526.8
-1781.58
-2018.47
-2214.87
-2337.22
-2384.43
-2365.28
-2290.39
-2173.14
-2026.71
-1862.63
-1691.86
-1522.69
-1361.67
-1213.75
-1082.09
-968.994
-875.768
-802.955
-750.212
-716.333
-700.613
-701.178
14.8089
17.1724
20.0131
23.376
27.1842
31.5344
36.4256
41.8771
47.9191
54.5314
61.7227
69.3729
77.2879
84.9678
91.6944
96.4518
97.8253
92.747
76.5973
44.0861
-14.3836
-114.907
-264.893
-458.549
-696.382
-968.317
-1255.59
-1527.05
-1774.5
-2002.09
-2182.79
-2291.11
-2323.69
-2294.88
-2213.97
-2093.05
-1943.91
-1777.94
-1605
-1433.88
-1271.52
-1122.38
-989.925
-876.331
-782.947
-710.19
-657.538
-623.872
-608.906
-608.446
18.9804
21.998
25.5696
29.7824
34.625
40.2524
46.7042
54.0671
62.4028
71.7298
82.0861
93.4528
105.763
118.877
132.353
145.273
155.906
161.09
154.95
128.623
70.6858
-32.1904
-186.67
-384.806
-623.077
-894.904
-1183.31
-1450.89
-1688.94
-1896.28
-2053.34
-2149.32
-2186.18
-2160.55
-2083.84
-1968.09
-1823.9
-1661.03
-1489.76
-1319.73
-1158
-1009.71
-878.141
-765.25
-672.096
-598.98
-545.702
-511.374
-494.665
-491.203
22.4682
26.1802
30.5008
35.5552
41.3813
48.1662
56.0316
65.1337
75.6474
87.7031
101.483
117.131
134.71
154.298
175.753
198.522
220.647
238.182
244.067
227.606
175.605
77.0561
-73.164
-269.227
-504.526
-770.089
-1047.19
-1308.96
-1542.43
-1738.77
-1889.43
-1985.13
-2022.79
-2003.82
-1935.54
-1828.25
-1691.04
-1533.49
-1366.26
-1198.98
-1039.47
-893.093
-763.131
-651.436
-559.031
-486.356
-433.112
-397.971
-379.347
-373.24
25.0969
29.2944
34.1987
39.9247
46.5987
54.3678
63.4155
73.9651
86.266
100.572
117.204
136.506
158.836
184.548
213.773
246.06
279.272
308.756
326.608
321.569
280.279
192.335
50.8841
-137.44
-364.869
-623.847
-893.218
-1150.68
-1383.95
-1580.9
-1731.26
-1830.8
-1873.3
-1861.07
-1801.02
-1701.2
-1570.83
-1419.46
-1257.22
-1093.99
-937.864
-794.346
-666.841
-557.214
-466.474
-394.741
-341.398
-305.128
-284.262
-275.249
26.512
30.9675
36.1855
42.2593
49.3937
57.7298
67.4667
78.8843
92.2666
107.954
126.353
147.872
173.032
202.332
236.145
274.068
313.953
350.868
376.696
379.939
347.127
272.146
136.131
-47.0109
-268.798
-523.329
-786.612
-1039.62
-1272.55
-1471.27
-1625.4
-1726.07
-1773.38
-1768.43
-1715.18
-1621.44
-1496.7
-1349.83
-1191
-1030.58
-876.987
-735.809
-610.354
-502.291
-412.292
-340.268
-285.675
-247.334
-224.088
-212.841
26.5102
30.9715
36.1961
42.2732
49.4133
57.7624
67.5177
78.9615
92.3799
108.112
126.57
148.175
173.469
202.949
236.996
275.225
315.515
352.959
379.482
383.636
352.135
278.222
144.896
-40.4962
-263.367
-510.225
-768.935
-1024.19
-1257.7
-1455.4
-1608.91
-1710.77
-1761.88
-1757.93
-1702.75
-1608.74
-1485.26
-1339.33
-1180.9
-1020.62
-867.066
-725.897
-600.518
-492.648
-402.731
-330.168
-273.598
-231.18
-202.408
-186.65
25.0948
29.3043
34.2277
39.9715
46.6737
54.4865
63.5816
74.192
86.5783
100.999
117.795
137.333
160.006
186.209
216.103
249.289
283.684
314.681
334.421
331.759
293.302
207.065
73.3834
-116.393
-345.783
-594.235
-854.166
-1112.85
-1345.74
-1543.15
-1694.75
-1794.77
-1837.82
-1825.73
-1765.87
-1667.5
-1539.04
-1388.89
-1227.4
-1064.73
-908.98
-765.643
-638.121
-528.131
-436.198
-362.037
-304.975
-263.918
-238.152
-224.905
22.4625
26.1872
30.5356
35.6169
41.4842
48.3267
56.2519
65.4363
76.0742
88.3049
102.328
118.309
136.358
156.605
178.967
202.983
226.747
246.308
254.615
240.981
191.902
96.4387
-49.3597
-242.28
-475.235
-733.062
-1003.85
-1262.72
-1493.46
-1689.13
-1839.28
-1936.41
-1974.22
-1956.27
-1890.14
-1784.14
-1647.52
-1490.41
-1323.59
-1156.58
-996.792
-849.552
-718.447
-605.539
-511.73
-436.871
-380.278
-340.684
-316.845
-305.694
18.9619
21.9972
25.6018
29.8468
34.7402
40.4355
46.9623
54.4294
62.9118
72.4309
83.0398
94.7472
107.532
121.29
135.653
149.78
161.973
169.151
165.501
141.714
85.9208
-14.252
-165.37
-360.886
-594.23
-858.195
-1145.75
-1408.55
-1643.78
-1847.72
-2003.89
-2099.27
-2135.81
-2112.99
-2039.21
-1925.08
-1780.87
-1617.98
-1446.54
-1275.7
-1112.39
-961.742
-827.505
-712.117
-616.89
-541.831
-485.995
-447.953
-426.209
-416.862
14.7846
17.1713
20.0421
23.4459
27.3117
31.7259
36.6874
42.2407
48.4226
55.222
62.6708
70.6622
79.0154
87.2687
94.7796
100.534
103.188
99.9563
86.0353
55.3186
-1.63634
-100.159
-247.335
-437.244
-670.452
-939.014
-1225.09
-1496.85
-1743.25
-1966.91
-2143.36
-2248.12
-2283.36
-2257.26
-2179.12
-2060.02
-1910.91
-1744.13
-1570.33
-1397.34
-1232.28
-1080.12
-944.54
-828.013
-731.875
-656.379
-600.92
-564.26
-545.476
-539.706
10.5977
12.3614
14.4333
16.8916
19.6229
22.7277
26.1852
30.0625
34.329
38.8923
43.6531
48.2969
52.5866
56.0576
58.1217
57.8231
53.7244
42.69
21.3196
-12.9566
-68.5267
-160.743
-295.976
-475.444
-700.648
-960.845
-1238.91
-1511.92
-1767.3
-2003.97
-2198.72
-2322.83
-2369.95
-2351.55
-2277.54
-2160.34
-2012.55
-1846.71
-1673.6
-1501.57
-1336.91
-1185
-1049.34
-932.714
-836.641
-761.32
-706.3
-670.628
-653.401
-649.787
6.63599
7.62353
8.90019
10.4975
12.2909
14.3998
16.7216
19.2409
21.7529
24.175
26.3689
28.1392
29.2911
29.3028
27.4082
22.8985
14.321
-1.53103
-26.8248
-62.5645
-116.428
-200.051
-318.809
-478.873
-685.743
-927.693
-1189.07
-1455.78
-1712.33
-1951.91
-2156.78
-2297.45
-2362.61
-2362.74
-2304.31
-2199.08
-2061.73
-1904.32
-1737.74
-1570.78
-1410.18
-1261.05
-1127.51
-1012.07
-916.538
-841.372
-786.028
-749.561
-733.514
-730.512
2.82185
3.26826
3.9932
4.98053
6.05916
7.27348
8.44427
9.55842
10.511
11.3106
11.7358
11.5494
10.3066
7.48496
2.55012
-4.80079
-16.2341
-34.6824
-61.1812
-96.7663
-148.526
-223.853
-327.643
-463.087
-636.072
-849.631
-1092.4
-1343.95
-1593.49
-1827.32
-2029.86
-2178.76
-2263.32
-2285.49
-2249.92
-2164.63
-2045.63
-1904.66
-1750.33
-1594.05
-1441.64
-1298.73
-1169.85
-1057.48
-963.644
-888.976
-832.849
-794.402
-774.694
-769.84
-0.432812
-0.358368
-0.112981
0.226429
0.569123
0.822055
1.07212
1.25253
1.26264
0.851686
-0.239966
-2.19431
-5.30128
-9.98028
-16.7389
-26.0078
-39.5032
-59.1351
-85.114
-119.325
-168.342
-235.882
-323.584
-435.424
-580.265
-761.773
-975.397
-1204.68
-1437.59
-1658.56
-1848.92
-1996.9
-2093.88
-2133.22
-2116.82
-2055.15
-1961.76
-1841.83
-1706.61
-1566.17
-1426.6
-1294.57
-1173.32
-1066.61
-976.251
-902.517
-845.247
-804.126
-780.348
-773.257
-3.13286
-3.43699
-3.76172
-3.97456
-4.12132
-4.46348
-4.75791
-5.30168
-6.25861
-7.8285
-10.0151
-12.9666
-17.0929
-22.9545
-30.9555
-41.3669
-55.9155
-75.7337
-100.738
-133.114
-178.381
-238.395
-313.371
-406.592
-525.502
-676.774
-859.012
-1061.25
-1268.95
-1471.95
-1649.21
-1788.76
-1884.06
-1930.71
-1926.85
-1886.21
-1814.07
-1718.31
-1606.3
-1486.35
-1365.48
-1247.82
-1138.73
-1040.93
-956.268
-885.654
-828.893
-787.023
-765.806
-765.669
-5.45052
-6.13182
-6.78178
-7.28174
-7.85723
-8.66478
-9.62467
-10.8561
-12.5372
-14.6191
-17.3272
-20.908
-25.8267
-32.2974
-40.7826
-51.5546
-66.2206
-85.1564
-108.555
-138.766
-179.999
-233.426
-298.599
-377.343
-475.089
-598.788
-750.241
-923.288
-1105.31
-1283.44
-1450.65
-1583.34
-1668.12
-1708.96
-1710.78
-1679.49
-1623.02
-1547.29
-1458.03
-1362.12
-1262.43
-1164.7
-1072.1
-986.6
-911.357
-846.944
-795.022
-758.006
-741.042
-752.79
-7.45072
-8.38098
-9.07069
-9.8522
-10.9237
-12.1264
-13.6117
-15.1724
-17.1351
-19.4356
-22.458
-26.2479
-31.4118
-37.9408
-46.5932
-57.3111
-71.5065
-89.5142
-111.523
-139.238
-175.664
-221.947
-278.086
-346.044
-428.56
-529.389
-652.2
-796.059
-953.235
-1108.86
-1256.03
-1385.68
-1471.89
-1505.6
-1502.01
-1468.85
-1416.08
-1350.47
-1281.02
-1205.23
-1130.26
-1055.59
-982.728
-914.398
-851.654
-797.424
-755.57
-730.811
-723.146
-730.897
-9.47381
-9.72609
-10.6396
-11.7384
-13.077
-14.4774
-16.2027
-17.9583
-20.1078
-22.668
-25.7883
-29.5907
-34.9551
-41.465
-49.9022
-60.2835
-73.8833
-90.6843
-110.391
-135.193
-167.434
-207.856
-256.661
-315.023
-385.07
-469.953
-571.082
-688.147
-818.883
-955.443
-1082.86
-1198.64
-1292.7
-1336.6
-1328.28
-1290.64
-1225.6
-1155.92
-1092.68
-1034.77
-983.183
-933.136
-884.278
-836.763
-790.583
-750.559
-723.246
-711.596
-714.573
-718.519
-11.877
-10.5123
-11.8206
-13.5762
-14.034
-15.7147
-17.2943
-19.5055
-21.9807
-24.7244
-28.3681
-32.3242
-37.7382
-44.1445
-52.2202
-62.4912
-75.4029
-91.0359
-109.428
-132.798
-162.16
-198.159
-240.953
-291.49
-351.729
-424.404
-510.152
-607.969
-715.49
-829.526
-941.368
-1040.95
-1123
-1182.74
-1204.95
-1165.48
-1081.69
-992.044
-916.907
-868.854
-831.536
-807.182
-786.635
-765.498
-743.217
-721.439
-706.674
-702.705
-706.854
-710.479
-14.8115
-13.7661
-12.4905
-16.5411
-14.3646
-18.186
-18.1059
-21.5719
-23.5504
-26.4196
-30.9809
-35.6101
-41.5255
-48.63
-57.0121
-67.8953
-80.842
-96.3923
-114.906
-137.815
-166.042
-200.013
-239.144
-284.84
-339.55
-404.029
-477.991
-561.087
-651.549
-744.874
-837.016
-919.876
-988.792
-1039.13
-1071.81
-1056.89
-985.679
-881.67
-774.583
-711.933
-689.51
-690.49
-705.942
-716.298
-719.523
-714.691
-706.615
-703.95
-706.192
-709.493
84.0393
80.3631
78.438
77.46
77.2143
77.2113
77.3221
77.6783
78.29
79.1107
80.0091
81.0209
82.389
84.2579
86.4463
88.8583
91.5516
94.561
97.8005
101.264
105.054
109.22
113.746
118.48
123.361
128.334
133.4
138.556
143.742
148.84
153.671
158.104
161.969
165.063
167.184
168.12
167.362
164.449
159.075
150.766
138.989
123.258
102.925
77.1895
45.341
6.58232
-39.6692
-94.0508
-159.695
-226.651
82.425
81.1019
80.3738
79.9838
79.9513
80.24
80.7631
81.5695
82.6964
84.0599
85.288
86.4237
88.0543
90.565
93.582
96.6461
99.8396
103.442
107.505
111.875
116.591
121.681
127.164
132.899
138.866
145.003
151.351
157.899
164.589
171.361
178.04
184.483
190.502
195.923
200.617
204.204
206.292
206.629
204.84
200.438
193.003
182.015
166.796
146.66
120.994
89.0971
50.2109
3.28889
-53.1041
-109.697
82.3839
82.4735
82.7068
82.9974
83.3473
83.9051
84.6848
85.8464
87.4901
89.5082
91.2648
92.5377
94.2408
97.2896
101.348
105.367
109.109
113.168
117.998
123.438
129.249
135.359
141.82
148.639
155.792
163.247
171.001
179.072
187.402
195.924
204.478
212.916
221.076
228.815
235.93
242.132
247.194
250.817
252.587
252.129
249.059
242.77
232.613
218.068
198.587
173.452
141.918
103.335
56.9295
11.6463
83.7582
84.5617
85.5184
86.4448
87.2274
88.1238
89.2101
90.6474
92.7617
95.4243
97.8115
99.4257
101.227
104.675
109.7
114.834
119.293
123.775
129.223
135.731
142.766
150.023
157.522
165.476
173.891
182.794
192.069
201.743
211.76
222.048
232.516
243.005
253.36
263.437
273.042
282.002
290.089
296.991
302.369
305.895
307.063
305.26
300.038
290.979
277.499
258.921
234.659
204.15
166.742
132.518
86.2135
87.4336
88.8316
90.3446
91.7154
92.839
94.075
95.8571
98.4915
101.777
104.776
106.861
108.942
112.761
118.584
124.829
130.173
135.176
141.184
148.684
157.029
165.561
174.204
183.317
193.064
203.436
214.312
225.613
237.343
249.452
261.865
274.46
287.068
299.542
311.74
323.506
334.631
344.839
353.828
361.183
366.399
369.055
368.801
365.136
357.451
345.171
327.831
305.103
276.646
251.638
89.5091
91.0044
92.7342
94.6182
96.4487
97.9775
99.514
101.591
104.612
108.423
112.049
114.711
117.199
121.405
127.917
135.207
141.567
147.28
153.889
162.284
171.904
181.765
191.653
201.938
213.031
224.888
237.398
250.396
263.874
277.853
292.262
307.003
321.922
336.869
351.705
366.297
380.452
393.917
406.35
417.339
426.503
433.497
437.898
439.144
436.699
430.139
419.157
403.358
382.357
365.083
93.5112
95.154
97.0573
99.2408
101.521
103.363
105.116
107.553
111.042
115.367
119.584
122.869
125.895
130.566
137.699
145.912
153.311
159.901
167.208
176.397
187.147
198.339
209.526
221.071
233.47
246.84
260.964
275.698
290.968
306.821
323.245
340.13
357.344
374.731
392.16
409.497
426.562
443.101
458.782
473.275
486.236
497.297
505.995
511.791
514.279
513.162
508.044
498.517
484.44
473.32
98.0268
99.7198
101.75
104.111
106.667
108.87
110.927
113.671
117.591
122.402
127.149
131.076
134.77
139.99
147.693
156.731
165.182
172.77
180.863
190.805
202.557
215.058
227.581
240.425
254.122
268.933
284.686
301.125
318.194
335.897
354.262
373.228
392.651
412.391
432.313
452.277
472.114
491.582
510.401
528.237
544.708
559.392
571.801
581.559
588.423
591.967
591.654
587.058
578.134
571.584
102.873
104.515
106.558
109.064
111.864
114.33
116.647
119.721
124.11
129.424
134.668
139.204
143.591
149.409
157.661
167.419
176.815
185.371
194.303
205.031
217.752
231.46
245.309
259.392
274.375
290.554
307.84
325.938
344.687
364.146
384.352
405.266
426.782
448.738
470.99
493.409
515.823
538
559.632
580.363
599.817
617.597
633.363
646.891
657.798
665.46
669.329
669.191
665.195
662.266
107.759
109.3
111.325
113.895
116.865
119.559
122.158
125.589
130.397
136.14
141.842
146.985
152.077
158.498
167.26
177.65
187.924
197.452
207.295
218.84
232.442
247.182
262.173
277.442
293.601
311.101
329.809
349.428
369.778
390.861
412.774
435.501
458.92
482.882
507.256
531.896
556.618
581.176
605.263
628.556
650.719
671.42
690.337
707.005
720.805
731.197
737.916
740.815
740.044
739.497
112.427
113.826
115.797
118.409
121.491
124.366
127.255
131.036
136.187
142.3
148.46
154.169
159.894
166.892
176.156
187.113
198.131
208.514
219.172
231.476
245.842
261.499
277.514
293.876
311.168
329.82
349.799
370.756
392.491
415.022
438.428
462.714
487.784
513.498
539.704
566.25
592.94
619.519
645.694
671.149
695.54
718.505
739.604
758.359
774.355
787.364
797.19
803.535
806.321
807.995
116.595
117.845
119.743
122.36
125.513
128.551
131.734
135.83
141.228
147.644
154.218
160.422
166.695
174.213
183.917
195.339
206.965
218.076
229.456
242.427
257.484
273.912
290.824
308.114
326.348
345.984
366.993
389.079
412.001
435.755
460.423
486.028
512.491
539.664
567.389
595.497
623.78
651.986
679.832
706.988
733.099
757.771
780.602
801.224
819.3
834.369
845.705
852.866
856.203
857.959
120.007
121.117
122.935
125.507
128.7
131.925
135.388
139.722
145.278
151.908
158.809
165.421
172.159
180.11
190.155
201.927
214.032
225.715
237.662
251.15
266.743
283.802
301.412
319.438
338.402
358.779
380.58
403.499
427.299
451.957
477.561
504.155
531.664
559.933
588.789
618.046
647.494
676.882
705.91
734.245
761.524
787.357
811.326
832.974
851.841
867.656
880.479
890.577
897.556
902.077
122.442
123.435
125.183
127.686
130.867
134.267
137.992
142.5
148.115
154.838
161.977
168.937
176.018
184.229
194.472
206.489
218.94
231.022
243.353
257.203
273.169
290.645
308.719
327.223
346.676
367.558
389.889
413.371
437.756
463.016
489.253
516.516
544.731
573.735
603.34
633.352
663.553
693.68
723.43
752.468
780.438
806.968
831.696
854.29
874.456
891.82
905.838
915.739
921.431
924.535
123.727
124.638
126.34
128.788
131.923
135.439
139.347
143.937
149.551
156.318
163.609
170.733
177.953
186.295
196.674
208.823
221.419
233.655
246.165
260.222
276.406
294.093
312.362
331.06
350.721
371.834
394.419
418.169
442.826
468.361
494.875
522.425
550.935
580.233
610.126
640.413
670.867
701.225
731.184
760.413
788.563
815.275
840.181
862.9
883.042
900.248
914.2
924.642
931.347
935.307
123.703
124.615
126.314
128.76
131.894
135.406
139.309
143.898
149.509
156.273
163.557
170.673
177.887
186.222
196.589
208.718
221.293
233.51
246
260.04
276.202
293.857
312.086
330.741
350.353
371.414
393.944
417.634
442.221
467.673
494.097
521.544
549.938
579.112
608.865
638.993
669.269
699.429
729.167
758.153
786.04
812.478
837.094
859.488
879.23
895.967
909.479
919.71
926.432
930.378
122.373
123.364
125.105
127.604
130.777
134.168
137.882
142.383
147.991
154.702
161.821
168.76
175.823
184.009
194.214
206.177
218.569
230.591
242.871
256.663
272.555
289.938
307.905
326.292
345.607
366.337
388.499
411.792
435.963
460.977
486.937
513.898
541.779
570.413
599.604
629.15
658.828
688.375
717.486
745.82
773.019
798.72
822.578
844.289
863.581
880.059
893.075
901.777
906.216
908.187
119.892
120.997
122.808
125.373
128.552
131.762
135.213
139.535
145.079
151.687
158.553
165.134
171.839
179.746
189.732
201.423
213.425
225.013
236.876
250.272
265.745
282.652
300.095
317.931
336.685
356.818
378.346
400.955
424.397
448.649
473.798
499.894
526.863
554.53
582.708
611.206
639.81
668.26
696.254
723.454
749.491
773.973
796.494
816.63
833.968
848.285
859.632
868.073
873.04
875.675
116.439
117.681
119.571
122.175
125.311
128.33
131.499
135.582
140.964
147.35
153.877
160.037
166.255
173.708
183.342
194.662
206.152
217.122
228.378
241.225
256.136
272.38
289.063
306.104
324.053
343.366
364.014
385.674
408.111
431.305
455.356
480.285
506.009
532.368
559.177
586.249
613.381
640.319
666.765
692.381
716.805
739.647
760.514
779.038
794.864
807.463
816.244
821.016
821.988
821.804
112.232
113.624
115.584
118.178
121.242
124.096
126.965
130.728
135.863
141.944
148.05
153.697
159.349
166.265
175.44
186.282
197.139
207.345
217.829
229.981
244.19
259.632
275.398
291.446
308.391
326.658
346.176
366.616
387.748
409.593
432.237
455.693
479.848
504.545
529.619
554.894
580.157
605.15
629.579
653.12
675.422
696.101
714.704
730.758
743.907
753.961
760.594
763.435
762.465
760.924
107.533
109.063
111.075
113.629
116.572
119.242
121.819
125.229
130.015
135.721
141.369
146.435
151.439
157.772
166.438
176.694
186.786
196.105
205.738
217.107
230.519
245.057
259.752
274.686
290.453
307.484
325.684
344.687
364.329
384.634
405.673
427.431
449.785
472.565
495.609
518.763
541.828
564.532
586.558
607.572
627.243
645.244
661.214
674.647
684.926
691.591
694.438
693.289
688.126
683.544
102.625
104.25
106.277
108.765
111.535
113.969
116.258
119.312
123.674
128.945
134.127
138.581
142.876
148.605
156.755
166.359
175.558
183.886
192.608
203.123
215.645
229.106
242.656
256.385
270.92
286.62
303.303
320.725
338.71
357.294
376.545
396.405
416.726
437.346
458.116
478.874
499.427
519.521
538.825
556.963
573.548
588.205
600.625
610.515
617.401
620.658
619.825
614.8
605.726
597.858
97.7613
99.4343
101.445
103.783
106.307
108.473
110.498
113.212
117.098
121.866
126.543
130.385
133.99
139.132
146.727
155.592
163.819
171.183
179.073
188.799
200.316
212.535
224.753
237.204
250.478
264.737
279.863
295.58
311.813
328.617
345.962
363.786
381.934
400.232
418.537
436.697
454.514
471.709
487.982
502.977
516.283
527.443
536.02
541.692
544.113
542.775
537.185
526.936
511.902
499.209
93.2279
94.8537
96.7355
98.8936
101.136
102.934
104.654
107.053
110.501
114.775
118.918
122.114
125.056
129.662
136.688
144.718
151.879
158.248
165.356
174.334
184.824
195.726
206.558
217.734
229.667
242.493
255.965
269.926
284.365
299.259
314.633
330.33
346.197
362.065
377.803
393.242
408.155
422.262
435.201
446.646
456.245
463.571
468.083
469.287
466.842
460.364
449.369
433.478
412.549
393.809
89.2108
90.6919
92.3992
94.2553
96.044
97.5333
99.0312
101.061
104.037
107.793
111.34
113.902
116.301
120.441
126.85
133.973
140.115
145.611
152.015
160.193
169.561
179.098
188.632
198.519
209.141
220.456
232.283
244.532
257.15
270.169
283.506
297.02
310.549
323.938
337.028
349.669
361.608
372.542
382.091
389.835
395.413
398.456
398.469
394.823
387.011
374.651
357.357
334.61
306.001
279.924
85.9043
87.1101
88.4888
89.9729
91.3026
92.3864
93.5805
95.3205
97.9052
101.124
104.036
106.015
108.006
111.754
117.476
123.574
128.726
133.529
139.33
146.601
154.684
162.882
171.182
179.852
189.156
198.94
209.177
219.717
230.598
241.764
253.086
264.451
275.651
286.55
296.976
306.741
315.603
323.237
329.301
333.32
334.801
333.339
328.514
319.746
306.39
287.889
263.795
233.761
197.571
163.399
83.4428
84.2353
85.1735
86.0679
86.8162
87.6777
88.7207
90.1094
92.1722
94.7728
97.0653
98.5619
100.276
103.653
108.579
113.58
117.878
122.188
127.426
133.687
140.43
147.368
154.5
162.031
169.972
178.299
186.951
195.879
205.075
214.418
223.817
233.076
242.053
250.548
258.381
265.319
271.1
275.386
277.823
278.007
275.356
269.308
259.425
245.187
225.923
200.939
169.672
131.558
86.1296
42.3487
82.0707
82.1498
82.3632
82.629
82.9495
83.4691
84.2019
85.3147
86.9115
88.865
90.52
91.6835
93.3105
96.2876
100.254
104.15
107.758
111.663
116.273
121.451
126.942
132.745
138.823
145.237
151.876
158.794
165.916
173.291
180.806
188.394
195.904
203.133
209.947
216.157
221.497
225.671
228.428
229.423
228.234
224.474
217.649
207.075
192.143
172.346
147.058
115.48
76.8805
30.6124
-23.8198
-78.8243
82.1222
80.7826
80.0354
79.6224
79.5654
79.8184
80.2934
81.0496
82.1204
83.417
84.558
85.607
87.1696
89.6103
92.5421
95.4923
98.564
102.006
105.839
109.936
114.334
119.112
124.215
129.543
135.011
140.609
146.346
152.226
158.113
163.966
169.594
174.885
179.577
183.521
186.473
188.006
187.791
185.552
180.832
173.138
162.018
146.887
126.969
101.585
70.1457
31.8795
-14.0368
-68.6693
-133.098
-199.467
83.7466
80.0461
78.1036
77.1103
76.8361
76.7916
76.8564
77.1599
77.7153
78.4731
79.2998
80.2374
81.5389
83.3423
85.4435
87.7439
90.3115
93.1371
96.1562
99.3449
102.832
106.683
110.854
115.184
119.512
123.964
128.467
132.963
137.367
141.564
145.331
148.625
151.207
152.824
153.279
152.259
149.169
143.673
135.434
123.892
108.541
88.8151
63.9337
33.0559
-4.46593
-49.3742
-102.412
-164.571
-237.622
-314.483
-5.47443
-7.22544
-6.91288
-5.82263
-4.20132
-2.25156
0.112235
2.90904
6.061
9.38007
12.9516
16.3133
19.1727
21.3358
22.48
22.4766
21.3304
19.1691
16.3009
12.9234
9.34383
6.01501
2.84954
0.0451012
-2.33238
-4.30382
-5.94568
-7.10891
-7.61054
-4.9627
-3.01811
-3.67318
-4.40994
-3.96899
-2.67322
-1.17254
0.880668
3.22108
5.80335
8.65371
11.5277
14.1504
16.4111
18.0906
18.9732
18.9696
18.0818
16.4016
14.1389
11.505
8.62082
5.75516
3.1729
0.828607
-1.24617
-2.76754
-4.07968
-4.52851
-3.81136
-2.88106
-3.87315
-2.5411
-3.36918
-2.13847
-1.4407
-0.124598
1.63869
3.65081
5.84144
8.12565
10.3712
12.4167
14.1868
15.4762
16.1507
16.1476
15.4659
14.1702
12.3988
10.352
8.10655
5.82322
3.61888
1.57834
-0.193548
-1.50831
-2.24177
-3.44349
-2.61102
-3.88322
-3.7662
-2.56951
-2.88192
-0.909514
-0.800268
0.745535
2.19095
3.84446
5.70603
7.51549
9.27242
10.9109
12.2977
13.2812
13.7852
13.7841
13.2766
12.2878
10.8973
9.25699
7.50125
5.68396
3.80572
2.14794
0.674315
-0.845505
-1.0004
-2.93515
-2.61001
-3.78646
-2.24169
-2.14549
-2.21595
-0.320184
-0.378566
1.46891
2.28063
3.95611
5.45555
6.93152
8.37245
9.66213
10.7069
11.4318
11.8044
11.8047
11.434
10.7079
9.65833
8.35834
6.91105
5.43697
3.89612
2.25738
1.38604
-0.406991
-0.375308
-2.24984
-2.17539
-2.21612
0.00828499
-0.906793
-1.45311
0.247943
-0.0888909
1.87963
2.19563
3.94587
4.87217
6.24523
7.47226
8.49782
9.32106
9.8994
10.2099
10.2094
9.89982
9.31939
8.49362
7.45301
6.21504
4.86784
3.87804
2.18496
1.82114
-0.10626
0.202104
-1.48202
-0.926161
0.0626635
0.308838
-0.00528534
-0.114498
0.835925
0.218838
2.00163
1.91836
3.65905
4.14726
5.40596
6.41593
7.29925
8.04624
8.57526
8.85861
8.85649
8.56945
8.03282
7.28695
6.40217
5.36593
4.15283
3.60406
1.92224
1.95334
0.195923
0.802635
-0.152647
-0.0196312
0.294531
-1.4124
0.224723
-0.131304
0.928221
0.524914
2.07563
1.80511
3.29788
3.64112
4.74798
5.49107
6.27837
6.93962
7.39511
7.63205
7.62919
7.38747
6.92188
6.2555
5.49128
4.70179
3.64841
3.256
1.79767
2.02867
0.50218
0.907024
-0.163199
0.19238
-1.46548
-0.933619
1.01432
-0.805226
1.11751
0.643289
2.09955
1.8618
3.27049
3.4078
4.4487
4.88644
5.56853
6.05299
6.39041
6.56543
6.561
6.38383
6.04323
5.5355
4.89814
4.39449
3.41451
3.22221
1.85222
2.07112
0.63089
1.08811
-0.820145
0.987459
-0.962074
0.469246
1.5712
-0.193647
1.21152
0.668031
2.19392
1.73727
3.18686
3.11609
4.21514
4.3859
5.00348
5.29275
5.55549
5.68117
5.67528
5.54352
5.30346
4.95672
4.40556
4.16288
3.12317
3.14108
1.745
2.16453
0.663257
1.18597
-0.209268
1.55076
0.460326
-0.107303
0.502975
0.29971
1.05731
0.487387
2.06126
1.49293
2.85329
2.69843
3.74479
3.79594
4.40902
4.56862
4.8281
4.91519
4.91264
4.80152
4.59678
4.35319
3.81685
3.69415
2.70887
2.80686
1.49017
2.04073
0.482029
1.05343
0.280619
0.494855
-0.104678
-1.03921
-0.424643
-0.535574
0.830698
0.315883
1.74835
1.25604
2.49847
2.23538
3.23401
3.18893
3.80385
3.8819
4.15866
4.20752
4.21437
4.11672
3.91693
3.7431
3.20994
3.1719
2.25627
2.45423
1.24634
1.75562
0.298787
0.854389
-0.554708
-0.412499
-1.02891
-1.19228
-0.710415
-0.294005
0.950152
0.493641
1.51536
1.17725
2.24725
1.90301
2.81902
2.67483
3.26319
3.26694
3.53596
3.55748
3.56833
3.48981
3.30306
3.19377
2.70336
2.73944
1.91912
2.23124
1.13238
1.57633
0.456908
1.00099
-0.316216
-0.711096
-1.18777
-0.683716
-0.5909
0.335534
0.543131
0.628041
1.34358
1.1272
1.90579
1.67923
2.45141
2.26335
2.782
2.73722
2.96823
2.97516
2.98646
2.92882
2.76834
2.71108
2.28674
2.37894
1.65521
1.94333
1.03346
1.46735
0.595396
0.552113
0.328467
-0.593737
-0.681734
0.0669155
-0.397549
0.183682
0.47923
0.479627
1.10778
0.956938
1.60541
1.39797
2.08528
1.89408
2.31031
2.26029
2.44889
2.44865
2.45916
2.41577
2.28477
2.25989
1.89204
2.01045
1.40496
1.5976
0.939592
1.17031
0.476201
0.48091
0.182634
-0.395597
0.0735186
0.689009
0.232731
0.0173167
0.638836
0.391495
0.942814
0.776825
1.28655
1.16909
1.62419
1.54678
1.83777
1.82204
1.95566
1.95908
1.96675
1.93232
1.82639
1.82195
1.51024
1.61367
1.1507
1.3032
0.762991
0.966934
0.396779
0.63985
0.0212044
0.234161
0.690984
0.61968
0.52825
0.196634
0.583975
0.340522
0.79281
0.602745
1.00747
0.907439
1.23134
1.19496
1.39342
1.39838
1.4886
1.49566
1.49998
1.47375
1.39007
1.39929
1.14802
1.24191
0.89446
1.00507
0.59768
0.804165
0.346999
0.585351
0.198858
0.524838
0.616485
0.481776
0.402975
0.235476
0.466498
0.262588
0.590025
0.431826
0.734998
0.643631
0.870935
0.846566
0.977917
0.991468
1.0453
1.05324
1.055
1.03736
0.976228
0.993328
0.81622
0.870854
0.634986
0.733979
0.428921
0.598367
0.266091
0.467681
0.234931
0.398023
0.475751
0.3158
0.281213
0.21921
0.351483
0.152972
0.366436
0.251951
0.437026
0.384684
0.517174
0.507507
0.58169
0.592433
0.62252
0.626925
0.628225
0.616988
0.576626
0.59421
0.491243
0.521284
0.375624
0.447577
0.250048
0.368088
0.151758
0.351899
0.21936
0.277353
0.312197
0.114965
0.13322
0.106021
0.114171
0.0468048
0.123856
0.0800337
0.139056
0.126447
0.170373
0.169088
0.194204
0.197854
0.209356
0.210884
0.212467
0.207053
0.194775
0.19418
0.165194
0.170511
0.122909
0.141056
0.0775257
0.121148
0.0460717
0.113962
0.107038
0.132893
0.114437
)
;

boundaryField
{
    INLET
    {
        type            zeroGradient;
    }
    OUTLET
    {
        type            fixedValue;
        value           uniform 0;
    }
    WALL
    {
        type            zeroGradient;
    }
    CYLINDER
    {
        type            zeroGradient;
    }
    frontAndBackPlanes
    {
        type            empty;
    }
}


// ************************************************************************* //
