/*--------------------------------*- C++ -*----------------------------------*\
| =========                 |                                                 |
| \\      /  F ield         | OpenFOAM: The Open Source CFD Toolbox           |
|  \\    /   O peration     | Version:  v1912                                 |
|   \\  /    A nd           | Website:  www.openfoam.com                      |
|    \\/     M anipulation  |                                                 |
\*---------------------------------------------------------------------------*/
FoamFile
{
    version     2.0;
    format      ascii;
    class       volScalarField;
    location    "0.43";
    object      p;
}
// * * * * * * * * * * * * * * * * * * * * * * * * * * * * * * * * * * * * * //

dimensions      [0 2 -2 0 0 0 0];


internalField   nonuniform List<scalar> 
6600
(
588.771
584.305
582.054
580.669
580.042
579.813
579.633
579.508
579.526
579.74
580.19
580.896
581.791
582.83
584.14
585.751
587.595
589.581
591.66
593.865
596.225
598.669
601.091
603.611
606.046
608.424
610.743
612.839
614.24
615.304
615.87
615.617
614.023
610.793
605.566
598.067
588.104
574.976
558.214
537.252
511.252
479.334
440.872
394.821
340.572
276.894
203.797
120.303
22.3823
-85.151
586.182
581.85
580.505
579.289
578.454
577.987
577.61
577.341
577.257
577.37
577.678
578.185
578.875
579.692
580.639
581.796
583.163
584.766
586.463
588.164
589.853
591.543
593.081
594.587
596.061
597.337
598.325
599.028
598.998
598.14
596.641
594.124
590.092
584.082
575.855
565.045
551.514
534.338
513.049
487.319
456.244
418.849
374.704
322.394
261.244
190.165
109.25
18.4658
-84.9242
-196.691
582.97
578.788
578.456
577.269
576.378
575.741
575.224
574.903
574.755
574.831
575.083
575.439
575.906
576.537
577.306
578.15
579.044
579.92
580.98
582.127
583.228
584.257
585.177
585.691
586.009
586.12
585.832
585.025
583.308
580.428
576.504
571.351
564.407
555.377
543.822
529.493
512.051
490.553
464.664
433.953
397.628
354.648
304.392
245.874
178.459
100.957
13.3423
-83.4108
-188.831
-298.668
579.461
575.443
575.793
574.277
573.573
572.85
572.214
571.825
571.648
571.62
571.731
571.935
572.221
572.576
573.014
573.524
574.157
574.662
575.072
575.452
575.755
575.899
576.032
575.797
575.023
573.658
571.714
569.11
565.604
560.599
554.265
546.31
536.408
524.156
509.201
491.141
469.545
443.681
413.04
377.267
335.609
287.255
231.552
167.587
94.6471
11.7726
-80.9154
-181.255
-286.571
-391.598
575.816
571.882
572.508
570.471
569.965
569.154
568.526
568.039
567.761
567.598
567.503
567.447
567.503
567.609
567.702
567.734
567.696
567.732
567.598
567.356
566.923
566.22
565.048
563.639
561.744
559.145
555.557
550.914
545.222
538.106
529.334
518.47
505.46
489.943
471.557
449.698
423.874
393.691
358.679
318.268
271.823
218.567
157.987
89.6703
12.8873
-73.3994
-168.976
-271.267
-375.294
-473.853
571.958
567.976
568.671
566.33
565.839
564.958
564.304
563.752
563.26
562.828
562.45
562.083
561.732
561.396
561.067
560.732
560.228
559.566
558.644
557.502
556.139
554.523
552.39
549.649
546.127
541.863
536.62
530.139
522.156
512.605
501.196
487.726
471.823
453.166
431.311
405.779
376.178
342.096
303.027
258.534
208.023
150.983
86.9846
15.5389
-63.7345
-151.655
-248.195
-350.645
-452.02
-542.228
567.7
563.693
564.418
561.988
561.544
560.525
559.76
559.078
558.401
557.695
556.991
556.277
555.51
554.669
553.682
552.572
551.371
550.007
548.39
546.39
543.908
540.885
537.46
533.373
528.451
522.512
515.406
506.947
496.901
484.997
471.138
454.868
436.081
414.338
389.201
360.34
327.377
289.97
247.665
199.944
146.418
86.6458
20.4065
-52.5093
-132.519
-220.328
-316.191
-417.542
-514.758
-594.101
563.042
559.152
559.778
557.34
556.851
555.683
554.808
553.91
552.981
552.05
551.061
549.982
548.794
547.452
545.946
544.187
542.08
539.698
537.019
534.023
530.565
526.426
521.592
515.832
509.134
501.361
492.305
481.827
469.604
455.533
439.392
420.748
399.221
374.575
346.64
315.02
279.372
239.284
194.415
144.454
88.9909
27.7933
-39.3318
-112.608
-192.184
-278.566
-371.954
-469.97
-561.14
-627.722
557.982
554.422
554.637
552.201
551.603
550.263
549.266
548.202
547.051
545.835
544.519
543.063
541.431
539.542
537.384
534.964
532.205
528.999
525.298
521.047
516.195
510.71
504.414
497.227
488.994
479.471
468.498
455.995
441.784
425.539
406.87
385.808
361.975
335.049
304.765
270.909
233.148
191.192
144.678
93.3672
37.1252
-24.3224
-91.0598
-163.19
-241.029
-325.073
-414.944
-507.574
-591.242
-643.723
552.434
548.884
549.205
546.626
546.006
544.429
543.239
541.912
540.477
538.92
537.191
535.273
533.13
530.754
528.051
524.903
521.36
517.281
512.67
507.443
501.532
494.783
486.952
478.001
467.924
456.664
443.992
429.588
413.345
395.068
374.643
351.555
325.561
296.742
264.794
229.352
190.21
147.09
99.8515
48.2597
-7.92029
-68.685
-134.076
-204.146
-279.043
-359.313
-444.554
-530.602
-605.153
-643.961
546.173
542.965
543.363
540.788
540.231
538.402
537.047
535.388
533.574
531.587
529.371
526.912
524.153
521.064
517.658
513.834
509.51
504.632
499.051
492.656
485.481
477.486
468.568
458.504
447.029
434.134
419.747
403.708
385.714
365.521
343.097
318.403
291.115
260.869
227.532
191.04
151.145
107.664
60.3661
9.26634
-45.6446
-104.55
-167.471
-234.455
-305.572
-381.168
-461.401
-540.743
-605.768
-632.653
539.565
536.924
537.052
534.827
534.162
532.11
530.627
528.589
526.426
524.015
521.3
518.261
514.896
511.115
506.873
502.189
496.922
491.103
484.686
477.498
469.295
460.051
449.713
438.249
425.565
411.399
395.551
377.96
358.605
337.256
313.608
287.49
258.912
227.775
193.816
156.834
116.789
73.5841
27.2049
-22.5936
-75.8461
-132.346
-192.028
-254.905
-321.162
-391.2
-464.748
-537.278
-595.456
-614.083
532.84
530.794
530.739
528.818
527.896
525.752
524.087
521.692
519.221
516.415
513.233
509.652
505.638
501.185
496.203
490.683
484.579
477.708
470.064
461.694
452.494
442.337
431.094
418.598
404.709
389.42
372.528
353.791
333.051
310.325
285.645
258.836
229.622
197.854
163.606
126.782
87.23
44.9294
-0.201939
-47.9435
-98.2948
-151.403
-207.163
-265.383
-325.8
-389.645
-455.308
-518.81
-568.427
-585.608
526.37
524.803
524.617
522.559
521.647
519.397
517.524
514.864
512.135
508.952
505.348
501.328
496.778
491.675
485.983
479.624
472.653
465.03
456.602
447.217
436.836
425.39
412.846
399.204
384.275
367.876
349.892
330.301
308.972
285.689
260.344
232.887
203.277
171.511
137.459
101.127
62.5542
21.6996
-21.33
-66.6754
-114.202
-163.577
-214.631
-267.227
-321.209
-377.08
-432.596
-483.385
-519.101
-535.148
520.116
519
518.651
516.841
515.754
513.339
511.221
508.348
505.402
501.863
497.865
493.38
488.359
482.731
476.466
469.491
461.661
453.015
443.594
433.352
422.193
410
396.581
381.826
365.843
348.605
329.892
309.41
287.175
263.199
237.418
209.767
180.164
148.547
115.069
79.679
42.39
3.29456
-37.5927
-79.8947
-123.571
-168.712
-214.949
-261.552
-308.961
-355.974
-399.865
-434.267
-450.726
-461.634
514.356
513.633
513.184
511.519
510.256
507.938
505.664
502.514
499.247
495.369
491.066
486.149
480.636
474.492
467.632
460.093
451.831
442.661
432.47
421.266
409.045
395.828
381.594
366.1
349.173
330.862
311.286
290.368
267.84
243.616
217.647
189.913
160.44
129.321
96.5202
62.201
26.4101
-10.7881
-49.1421
-88.6111
-128.931
-169.752
-210.709
-251.168
-291.099
-328.49
-360.933
-383.072
-388.261
-393.064
509.285
508.885
508.435
506.948
505.521
503.259
500.813
497.62
494.028
489.8
485.198
479.865
473.94
467.422
460.048
451.804
442.772
432.944
422.233
410.544
397.797
383.882
368.835
352.628
335.223
316.44
296.134
274.348
251.19
226.598
200.538
172.995
143.874
113.224
81.2404
47.9691
13.6753
-21.5785
-57.751
-94.3298
-130.965
-167.679
-203.915
-239.635
-272.58
-301.12
-322.667
-334.697
-342.935
-344.759
505.211
504.961
504.49
503.136
501.657
499.399
496.839
493.619
489.908
485.523
480.517
474.786
468.324
461.712
453.809
445.193
435.67
425.199
413.742
401.292
387.851
373.368
357.782
340.959
322.829
303.49
282.974
261.071
237.702
212.879
186.624
158.947
130.053
99.9844
68.759
36.553
3.37034
-30.2617
-64.066
-98.1473
-132.224
-165.879
-198.215
-228.786
-256.075
-277.493
-290.656
-295.062
-303.487
-306.409
502.073
501.969
501.422
500.132
498.712
496.492
493.898
490.629
486.844
482.39
477.285
471.401
464.716
457.318
448.95
439.744
429.738
418.893
406.997
394.069
380.066
364.96
348.777
331.513
313.108
293.36
272.212
249.817
226.171
201.321
175.189
147.772
118.971
89.0419
58.2501
26.691
-5.1913
-37.5579
-70.2839
-102.684
-134.358
-164.8
-194.806
-222.282
-245.447
-261.497
-267.166
-270.224
-273.397
-278.583
499.865
499.703
499.281
498.015
496.63
494.544
492.063
488.861
485.064
480.544
475.334
469.364
462.583
454.963
446.355
436.694
426.008
414.678
402.018
388.413
373.836
358.225
341.502
323.671
304.697
284.707
263.679
241.283
217.467
192.333
165.981
138.429
109.812
80.1757
49.6678
18.4617
-13.4012
-44.9717
-76.0054
-107.153
-138.254
-167.908
-194.621
-219.1
-239.457
-251.108
-253.312
-257.443
-257.391
-261.355
498.299
498.082
497.899
496.757
495.592
493.553
491.244
488.202
484.586
480.17
474.973
468.914
461.961
454.074
445.238
435.37
424.405
412.445
399.387
385.161
369.883
353.611
336.357
318.045
298.562
277.926
256.242
233.588
209.897
184.957
158.77
131.285
102.476
72.5568
41.8914
10.71
-20.6439
-52.3099
-83.8514
-114.796
-144.957
-172.934
-198.324
-220.842
-236.758
-241.648
-244.126
-245.096
-247.437
-248.947
497.498
497.093
497.285
496.162
495.339
493.485
491.494
488.604
485.196
480.967
475.965
470.067
463.203
455.275
446.253
436.124
424.795
412.275
398.603
383.862
367.891
350.862
332.845
313.826
293.789
272.894
250.983
228.004
203.902
178.899
152.742
125.336
96.6295
66.5843
35.4637
3.70921
-28.5333
-60.5966
-91.9596
-122.895
-153.017
-179.881
-202.677
-220.568
-231.359
-234.237
-236.928
-236.606
-240.239
-240.94
497.21
496.617
497.084
496.078
495.603
494.01
492.501
489.978
486.92
482.946
478.174
472.426
465.66
457.806
448.775
438.57
427.119
414.336
400.197
384.79
368.117
350.396
331.431
311.635
290.83
268.948
246.371
223.072
198.912
173.763
147.71
120.497
91.775
61.4639
29.6893
-3.03298
-35.9789
-69.3402
-102.579
-134.139
-163.292
-189.116
-210.174
-221.341
-220.916
-225.353
-227.488
-231.061
-234.718
-235.815
497.105
496.455
497.19
496.471
496.394
494.787
494.052
491.945
489.323
485.813
481.527
476.176
469.693
462.002
452.992
442.59
430.926
417.906
403.409
387.455
370.109
351.559
331.653
310.716
289.003
266.492
243.141
219.011
194.433
169.208
143.214
116.218
87.9242
57.6933
25.3659
-8.54553
-43.4029
-78.5416
-113.873
-147.33
-176.109
-200.357
-217.873
-224.384
-221.819
-220.185
-222.566
-227.58
-231.593
-232.929
496.772
496.581
497.119
496.952
497.157
496.367
495.727
494.247
492.195
489.213
485.398
480.544
474.508
467.216
458.56
448.312
436.494
423.225
408.41
391.993
374.013
354.568
333.748
311.778
288.649
264.864
240.451
215.659
190.204
164.597
138.687
112.155
84.3996
54.7162
22.151
-13.1922
-49.9222
-87.694
-125.752
-161.702
-193.726
-217.96
-228.045
-222.164
-224.881
-221.864
-223.329
-225.816
-228.49
-229.994
495.879
496.958
496.502
497.435
497.732
497.591
497.386
496.518
495.166
492.934
489.797
485.718
480.135
473.248
464.924
455.022
443.326
429.871
414.728
397.805
379.147
358.724
336.688
313.646
289.392
264.146
238.336
212.255
186.066
159.706
133.503
107.44
80.8471
52.5418
20.9458
-15.0866
-54.7878
-96.6335
-138.167
-177.47
-211.765
-235.566
-241.423
-235.11
-226.485
-225.269
-224.316
-223.594
-223.908
-224.683
493.713
497.457
495.54
497.631
497.929
498.387
498.772
498.506
497.813
496.336
494.039
490.729
486.102
479.915
472.12
462.609
451.293
437.951
422.576
405.256
385.977
364.819
341.733
316.928
291.127
264.046
236.643
208.837
181.346
154.089
127.442
101.442
76.06
49.9804
20.6613
-14.336
-55.3049
-101.028
-148.544
-194.737
-233.537
-252.52
-245.815
-245.918
-235.706
-230.14
-224.256
-219.845
-217.561
-217.148
489.725
497.551
493.838
497.257
497.725
498.723
499.625
500.124
500.26
499.591
498.119
495.645
491.95
486.615
479.574
470.562
459.651
446.67
431.237
413.369
393.312
371.295
347.157
321.338
293.603
264.659
234.895
205.193
175.745
147.252
119.638
93.4893
69.1576
45.9009
21.3772
-10.0253
-51.6068
-100.937
-155.417
-210.057
-251.68
-268.82
-261.251
-248.982
-242.186
-233.183
-223.753
-215.177
-209.584
-207.439
483.396
496.761
491.841
496.299
497.192
498.661
499.902
500.928
501.787
502.067
501.582
500.162
497.574
493.262
486.975
478.8
468.607
455.928
440.76
422.88
402.096
378.612
353.062
325.537
296.257
265.349
233.48
201.092
169.32
138.981
110.187
83.1248
58.9989
38.6278
20.3878
-3.04018
-39.0596
-91.3584
-158.537
-230.358
-273.686
-270.371
-278.08
-258.219
-251.388
-240.039
-227.442
-214.343
-204.686
-200.047
453.213
489.568
489.297
494.408
496.119
498.295
500.064
501.554
502.922
503.926
504.38
503.694
501.631
498.442
493.599
486.562
476.817
464.058
449.11
431.32
410.057
385.861
359.359
329.763
298.266
264.786
231.056
195.609
160.868
127.962
97.811
69.3835
44.4232
26.4353
14.8635
3.08185
-18.7751
-62.9682
-129.951
-204.085
-270.732
-278.474
-281.017
-279.809
-275.851
-265.496
-248.85
-229.747
-214.105
-205.506
547.621
543.203
541.115
539.862
538.84
537.997
537.213
536.567
536.035
535.482
534.92
534.269
533.612
532.903
532.175
531.551
530.896
529.994
528.936
527.957
527.052
526.016
524.946
523.691
522.085
520.258
518.419
516.417
514.15
511.516
508.369
504.942
501.005
496.31
490.594
483.445
474.569
463.752
450.69
434.854
415.66
392.449
364.544
331.263
291.91
245.565
191.705
131.209
56.4667
-22.7656
544.73
540.496
538.812
537.327
535.981
534.821
533.838
532.939
532.032
531.04
530.017
529.011
527.976
526.925
525.757
524.492
523.2
521.687
519.822
517.784
515.769
513.649
511.288
508.82
506.189
503.175
499.667
495.791
491.526
486.769
481.259
474.932
467.917
459.996
450.864
440.085
427.189
411.875
393.892
372.822
348.037
318.826
284.458
244.217
197.51
143.337
81.0583
12.3832
-68.9401
-156.237
541.003
536.866
535.52
533.796
532.298
530.968
529.835
528.638
527.385
526.072
524.603
523.088
521.481
519.824
518.11
516.232
514.084
511.789
509.275
506.467
503.331
499.992
496.359
492.277
487.873
483.372
478.353
472.617
466.119
459.01
451.171
442.192
431.969
420.451
407.5
392.763
375.692
355.81
332.8
306.262
275.681
240.296
199.399
152.31
98.4894
37.0675
-32.7084
-109.363
-194.445
-284.527
536.768
532.603
531.583
529.783
528.223
526.803
525.392
523.926
522.312
520.683
518.961
517.066
514.984
512.657
510.108
507.506
504.642
501.399
497.891
494.11
489.908
485.198
480.136
474.715
468.613
461.928
454.796
447.064
438.484
428.854
418.172
406.346
393.063
377.992
361.02
341.986
320.444
295.861
267.8
235.788
199.419
157.981
110.749
57.2028
-3.16288
-71.3147
-147.706
-230.509
-318.104
-406.81
532.205
527.988
527.231
525.43
523.855
522.258
520.527
518.818
517
515.046
512.952
510.626
508.058
505.229
502.013
498.404
494.686
490.642
486.073
481.097
475.78
469.886
463.188
455.886
448.023
439.376
429.942
419.681
408.612
396.428
382.93
367.951
351.308
332.727
311.81
288.466
262.271
232.847
199.75
162.429
120.434
73.1711
20.1776
-39.1179
-105.236
-178.923
-260.413
-347.606
-437.149
-522.801
527.264
523.132
522.525
520.547
518.948
517.192
515.297
513.236
511.06
508.772
506.302
503.522
500.387
496.939
493.186
488.853
484.034
478.883
473.249
466.954
460.045
452.755
444.849
435.9
426.059
415.308
403.618
390.885
377.028
361.902
345.305
327.115
307.078
284.841
260.059
232.447
201.737
167.583
129.615
87.2735
40.0674
-12.3048
-70.31
-134.444
-205.131
-282.917
-368.056
-458.335
-548.99
-630.832
522.083
518.061
517.589
515.195
513.443
511.555
509.503
507.226
504.707
501.882
498.79
495.422
491.67
487.47
482.837
477.842
472.399
465.959
459.042
451.647
443.439
434.19
424.32
413.663
402.005
389.209
375.212
359.923
343.392
325.353
305.611
283.999
260.312
234.321
205.688
174.123
139.264
100.765
58.3142
11.5103
-40.1436
-96.8854
-158.995
-226.871
-300.799
-381.294
-468.785
-561.137
-652.01
-728.504
516.788
512.796
512.453
509.529
507.824
505.715
503.291
500.613
497.741
494.545
490.847
486.719
482.201
477.284
471.831
465.668
459.031
451.59
443.258
434.186
424.599
413.996
402.258
389.534
375.752
360.786
344.547
326.75
307.433
286.405
263.545
238.697
211.595
181.982
149.642
114.287
75.5797
33.2014
-13.133
-63.7574
-118.959
-179.008
-244.215
-314.792
-390.848
-472.824
-561.37
-654.347
-743.871
-813.113
511.13
507.388
506.936
503.865
502.342
499.77
497.091
494.055
490.597
486.778
482.518
477.708
472.273
466.285
459.864
452.762
444.812
436.152
426.681
416.094
404.456
392.02
378.437
363.647
347.673
330.322
311.553
291.366
269.403
245.58
219.702
191.564
161.078
128.096
92.3791
53.6854
11.6903
-33.9649
-83.5114
-137.122
-195.064
-257.546
-324.792
-396.97
-474.171
-556.685
-645.056
-737.038
-823.389
-882.566
505.208
501.979
501.371
498.373
496.681
493.866
490.8
487.433
483.584
479.162
474.201
468.708
462.579
455.631
447.831
439.435
430.211
420.048
409.013
397.028
383.742
369.392
353.87
336.971
318.68
298.989
277.651
254.683
229.947
203.312
174.598
143.687
110.311
74.2786
35.4583
-6.34432
-51.3136
-99.6338
-151.582
-207.415
-267.275
-331.331
-399.73
-472.613
-550.059
-632.237
-718.873
-807.955
-889.527
-937.861
499.433
496.729
496.085
493.122
491.131
488.135
484.811
480.943
476.586
471.673
466.068
459.761
452.707
444.995
436.372
426.686
416.173
404.663
392.015
378.225
363.227
346.825
329.131
310.082
289.485
267.364
243.649
218.117
190.731
161.387
129.857
96.0257
59.8528
21.1587
-20.2435
-64.503
-111.785
-162.285
-216.136
-273.5
-334.487
-399.223
-467.925
-540.622
-617.345
-698.352
-783.085
-868.194
-943.292
-981.443
494.134
491.939
491.033
488.269
486.01
482.651
479.053
474.875
470.033
464.551
458.418
451.524
443.703
434.906
425.272
414.52
402.751
389.839
375.71
360.333
343.692
325.534
305.826
284.571
261.734
237.116
210.763
182.6
152.534
120.491
86.4487
50.2419
11.5885
-29.5625
-73.2458
-119.604
-168.773
-220.843
-275.947
-334.196
-395.767
-460.727
-529.007
-600.763
-675.993
-754.91
-836.586
-917.037
-985.205
-1015.23
489.27
487.508
486.414
483.767
481.466
477.93
473.964
469.422
464.185
458.142
451.297
443.669
435.312
425.905
415.395
403.797
390.869
376.663
361.116
344.066
325.548
305.523
283.923
260.622
235.625
208.841
180.161
149.57
117.068
82.5541
45.8799
7.09819
-33.7952
-76.9857
-122.618
-170.71
-221.3
-274.481
-330.362
-389.09
-450.567
-514.869
-582.195
-652.44
-725.656
-801.829
-880.229
-956.272
-1018.27
-1040.64
485.366
483.718
482.7
480.038
477.482
473.915
469.848
464.986
459.393
453.04
445.817
437.578
428.281
418.059
406.713
394.305
380.456
365.156
348.433
330.154
310.233
288.591
265.128
239.804
212.592
183.516
152.548
119.603
84.6317
47.7094
8.88699
-31.9905
-75.0427
-120.199
-167.453
-216.905
-268.612
-322.644
-378.963
-437.504
-498.549
-562.029
-627.736
-695.837
-766.567
-839.569
-913.464
-984.053
-1039.18
-1056.74
482.024
480.881
479.851
477.355
474.733
470.985
466.826
461.835
455.957
449.22
441.641
433.143
423.54
412.695
400.647
387.295
372.632
356.396
338.47
318.849
297.467
274.319
249.279
222.266
193.205
162.065
128.909
93.7762
56.6817
17.5113
-23.7271
-66.8322
-111.769
-158.644
-207.434
-258.122
-310.749
-365.2
-421.549
-479.908
-540.004
-602.017
-665.996
-731.614
-798.847
-867.928
-935.762
-998.096
-1043.36
-1058.9
480.049
479.19
478.026
475.561
473.045
469.374
465.132
460.134
454.285
447.493
439.645
430.683
420.766
409.577
397.172
383.168
367.711
350.769
332.101
311.624
289.102
264.521
237.861
209.093
178.207
145.139
109.889
72.5008
33.0435
-8.32869
-51.5363
-96.6167
-143.484
-192.044
-242.271
-294.063
-347.325
-402.225
-458.633
-516.321
-575.469
-635.772
-697.295
-760.377
-824.22
-887.552
-947.542
-997.79
-1029
-1042.34
479.3
478.491
477.408
475.044
472.476
468.949
464.875
459.893
454.06
447.386
439.756
430.972
420.879
409.564
396.867
382.618
366.667
349.014
329.52
308.143
284.75
259.193
231.321
201.069
168.431
133.476
96.2129
56.7477
15.1567
-28.5205
-74.1081
-121.342
-170.164
-220.448
-272.026
-324.958
-379.248
-434.483
-490.649
-547.812
-605.683
-664.423
-723.538
-782.843
-842.856
-900.74
-951.438
-988.767
-1005.35
-1015.03
479.752
478.917
477.686
475.605
473.281
469.877
466.038
461.331
455.738
449.191
441.652
433.131
423.272
412.182
399.561
385.444
369.527
351.704
331.939
309.992
285.768
259.23
230.228
198.712
164.563
127.771
88.4687
46.7444
2.77539
-43.2589
-91.1854
-140.772
-191.718
-243.879
-297.161
-351.345
-406.233
-462.019
-518.506
-575.392
-632.454
-689.215
-746.137
-802.535
-857.383
-908.262
-953.168
-984.503
-995.565
-998.769
480.836
480.185
479.02
477.125
475.044
472.032
468.441
464.072
458.939
452.935
445.838
437.597
428.273
417.629
405.378
391.527
375.87
358.217
338.469
316.509
292.054
264.986
235.194
202.572
167.082
128.696
87.411
43.4097
-3.06062
-51.7352
-102.319
-154.513
-208.076
-262.647
-317.877
-373.682
-430.08
-486.675
-543.244
-599.677
-656.016
-712.158
-767.338
-821.576
-873.31
-919.902
-956.64
-980.229
-992.083
-991.444
482.953
482.168
481.139
479.519
477.685
475.134
472.09
468.199
463.497
457.989
451.594
444.075
435.343
425.316
413.911
400.789
385.862
368.933
349.66
327.938
303.652
276.424
246.177
212.818
176.194
136.351
93.2846
47.1117
-1.97575
-53.6802
-107.539
-162.993
-219.522
-276.748
-334.43
-392.369
-450.287
-508.052
-565.674
-623.05
-679.414
-734.911
-789.25
-841.854
-890.096
-933.286
-966.111
-979.02
-985.329
-985.974
484.96
484.425
483.703
482.486
481.1
478.978
476.491
473.239
469.277
464.454
458.741
452.163
444.446
435.339
424.802
412.565
398.576
382.797
364.747
343.963
320.316
293.533
263.359
229.639
192.299
151.13
106.193
57.691
5.96262
-48.6838
-105.901
-165.124
-225.603
-286.652
-347.692
-408.385
-468.586
-528.4
-587.261
-644.901
-702.026
-757.865
-812.283
-863.013
-909.581
-946.456
-969.931
-982.603
-982.882
-984.061
487.335
486.894
486.394
485.823
484.985
483.41
481.464
478.814
475.606
471.692
466.879
461.151
454.491
446.683
437.532
426.928
414.343
399.615
382.975
363.6
341.046
315.199
285.785
252.385
214.892
173.177
126.977
76.3453
21.5669
-36.7622
-98.0803
-161.585
-226.551
-292.068
-357.186
-421.386
-484.839
-546.896
-607.715
-667.513
-725.858
-782.188
-835.313
-884.492
-927.041
-960.465
-975.199
-982.172
-982.933
-983.325
489.031
489.152
489.068
489.097
488.713
487.858
486.534
484.567
482.134
479.092
475.355
470.789
465.331
458.902
451.265
442.325
431.906
419.195
404.056
386.327
365.56
341.175
312.909
280.448
243.267
201.195
154.177
102.023
44.9256
-16.8159
-82.4129
-151.18
-221.789
-292.848
-363.454
-432.855
-499.946
-565.386
-628.857
-689.911
-748.966
-805.967
-858.365
-905.852
-945.369
-967.708
-981.267
-982.766
-983.746
-983.64
489.781
491.102
491.093
491.891
492.235
492.03
491.488
490.278
488.585
486.333
483.548
480.156
476.013
471.038
465.147
458.02
449.649
439.319
426.313
410.837
392.474
370.524
344.327
313.434
277.496
235.949
188.582
135.089
75.523
10.3149
-59.9729
-134.115
-210.887
-289.028
-366.435
-441.26
-513.839
-583.517
-649.843
-713.297
-774.291
-830.064
-881.904
-926.914
-958.692
-975.786
-981.915
-984.032
-985.008
-985.03
488.785
492.205
492.143
494.24
495.189
495.616
495.916
495.559
494.691
493.237
491.332
488.964
486.095
482.552
478.271
473.002
466.561
458.818
448.811
436.081
420.411
401.356
378.065
349.66
315.681
275.652
229.007
175.38
114.317
46.022
-28.7657
-109.047
-193.503
-279.726
-365.294
-448.725
-527.865
-602.237
-673.377
-739.802
-800.375
-856.792
-905.937
-945.301
-967.839
-980.864
-984.123
-986.487
-987.626
-987.857
486.135
491.789
492.267
495.804
497.38
498.647
499.623
500.112
500.269
499.633
498.559
497.043
495.159
492.942
490.221
486.87
482.54
477.069
470.006
460.624
448.457
432.97
413.289
388.471
357.505
319.808
274.754
221.734
160.089
89.3814
10.1388
-76.5361
-168.551
-263.897
-360.235
-453.402
-541.192
-623.537
-698.39
-766.787
-828.283
-882.261
-929.305
-959.256
-978.44
-985.551
-989.353
-991.113
-991.911
-992.107
481.372
490.416
490.659
496.226
498.832
501.1
502.932
504.1
504.943
505.123
504.741
504.012
503.056
501.916
500.518
498.833
496.628
493.531
489.303
483.443
475.129
463.62
448.198
427.844
401.141
367.085
324.819
273.606
212.614
140.937
58.1096
-34.7335
-135.808
-242.617
-350.573
-456.188
-556.68
-647.597
-728.569
-799.278
-861.73
-913.416
-949.039
-973.066
-985.334
-991.274
-994.613
-996.342
-997.19
-997.147
474.192
487.8
488.019
495.768
499.63
503.095
505.843
507.604
508.864
509.708
509.959
509.838
509.551
509.303
509.092
508.908
508.698
508.057
506.664
504.088
499.825
492.763
482.172
466.914
445.469
416.384
378.26
329.898
270.769
199.045
113.995
15.0957
-95.4439
-213.93
-336.833
-458.21
-572.972
-676.552
-765.509
-838.096
-896.612
-942.058
-968.322
-982.361
-990.033
-996.178
-999.999
-1001.86
-1002.54
-1002.42
462.99
483.953
484.913
494.195
499.705
504.369
508.075
510.702
512.608
513.667
514.361
514.892
515.236
515.549
516.069
516.984
518.083
519.36
520.604
521.022
520.376
518.215
512.902
503.193
487.836
464.963
432.653
389.531
333.513
263.063
176.682
73.3759
-46.9762
-180.102
-319.853
-458.155
-591.051
-709.223
-807.615
-881.439
-941.601
-973.022
-985.876
-992.175
-998.484
-1004.28
-1007.45
-1008.66
-1008.99
-1009.06
437.259
473.148
480.424
491.575
498.725
504.812
509.855
513.021
515.415
517.122
517.829
518.256
519.119
520.038
521.428
523.09
525.263
528.547
532.909
537.114
538.959
539.917
539.999
536.476
527.358
510.978
485.269
447.976
396.551
329.567
243.393
135.943
5.8532
-143.614
-301.964
-463.358
-615.523
-749.107
-851.434
-940.953
-986.356
-1005.75
-1008.49
-1010.48
-1013.28
-1016.43
-1017.92
-1016.95
-1015.99
-1016.98
432.491
460.418
474.934
487.859
498.024
506.623
512.799
517.605
520.367
522.271
522.973
522.518
522.102
522.205
523.422
525.637
528.801
533.093
539.145
547.182
553.516
557.966
562.315
565.112
562.911
552.593
532.638
500.298
453.888
390.559
306.389
196.55
56.5191
-111.553
-295.492
-485.668
-666.595
-819.278
-943.643
-1035.29
-1063.02
-1058.76
-1050.62
-1043.11
-1039.12
-1037
-1033.09
-1027.95
-1024.82
-1026.3
442.873
463.39
478.109
490.681
502.089
512.183
518.581
523.528
526.776
527.95
527.831
527.01
526.319
525.977
526.95
529.826
533.933
540.484
549.371
559.011
568.747
577.217
586.23
593.718
596.432
590.007
571.975
541.193
494.309
427.541
335.786
214.828
57.345
-140.834
-366.697
-591.345
-784.222
-941.557
-1063.28
-1115.21
-1127.64
-1120.3
-1107.83
-1093.63
-1079.7
-1066.29
-1052.35
-1040.53
-1034.94
-1037.32
456.456
475.304
488.185
501.219
512.251
520.254
526.671
530.731
533.067
533.767
532.887
531.344
530.43
530.793
532.343
536.382
543.143
552.302
562.947
574.91
589.636
601.377
613.59
625.332
629.593
624.699
605.999
571.206
517.616
441.319
336.145
194.471
5.52074
-230.787
-500.893
-747.716
-938.663
-1082.92
-1163.1
-1201.26
-1211.8
-1203.93
-1186.82
-1162.12
-1133.35
-1105.6
-1079.35
-1059.22
-1050.17
-1052.22
467.232
486.934
502.181
515.156
524.897
532.445
537.497
539.573
539.491
538.486
536.265
534.108
532.314
532.806
536.69
543.192
551.577
563.013
580.252
597.061
612.671
630.524
647.286
662.575
670.375
665.977
646.074
605.298
541.669
449.569
320.697
148.339
-71.4617
-347.052
-651.86
-912.329
-1095.89
-1214.35
-1280.06
-1316.22
-1324.5
-1313.42
-1284.68
-1244.99
-1201.5
-1156.82
-1117.06
-1087.37
-1072.2
-1071.07
477.443
498.308
515.002
529.293
539.74
545.642
547.701
548.163
546.314
542.267
537.517
532.885
529.98
530.281
534.382
543.146
557.853
575.99
594.342
610.992
631.67
657.595
681.673
702.093
715.566
712.237
689.312
643.244
571.922
468.596
313.556
101.08
-162.986
-481.632
-814.696
-1086.44
-1254.71
-1358.28
-1427.64
-1463.4
-1465.69
-1440.47
-1392.33
-1330.41
-1265.55
-1203.94
-1152.02
-1113.51
-1091.25
-1085.27
486.082
511.324
531.118
544.178
552.502
558.031
557.598
554.937
550.006
542.912
535.406
527.401
521.017
519.894
526.016
540.804
559.972
569.548
589.175
620.787
647.945
679.119
712.846
741.527
759.703
759.402
733.481
679.403
593.915
473.117
295.617
38.0003
-282.131
-633.518
-988.166
-1277.61
-1435.3
-1519.3
-1589.61
-1620.68
-1610.88
-1563.22
-1487.11
-1396.15
-1305.58
-1226.34
-1163.44
-1118.04
-1090.5
-1079.87
498.971
524.803
545.576
561.904
568.892
569.405
565.648
559.169
549.176
537.838
525.524
512.847
501.766
499.129
507.962
518.311
529.244
556.647
584.364
616.401
652.869
693.61
737.67
775.59
797.431
797.199
764.406
697.467
598.718
455.355
241.704
-56.5268
-411.955
-784.735
-1145.32
-1433
-1585.28
-1667.43
-1736.38
-1749.28
-1709.3
-1634.45
-1532.5
-1408.3
-1297.39
-1205.4
-1134.34
-1083.12
-1052.99
-1039.67
513.119
546.451
568.463
577.03
580.933
576.785
567.301
554.459
539.6
523.051
503.065
480.083
459.277
450.448
452.511
463.097
493.953
519.635
561.746
602.73
648.651
693.152
730.174
754.077
759.823
743.514
697.59
617.408
520.942
369.747
132.856
-175.23
-540.069
-903.217
-1244.55
-1516.75
-1673.29
-1757.6
-1800.1
-1786.78
-1719.35
-1616.09
-1488.33
-1354.09
-1233.19
-1133.98
-1058.15
-1004.26
-970.336
-954.01
522.681
569.251
577.232
580.191
583.449
572.475
557.631
538.796
515.435
488.059
455.736
415.799
369.342
343.965
363.65
383.9
446.542
501.666
528.822
566.917
606.103
641.774
665.275
668.688
649.293
604.577
532.113
432.467
304.55
133.383
-91.4412
-371.998
-689.925
-1005.16
-1298.6
-1530.96
-1675.53
-1744.37
-1753.25
-1706.76
-1613.98
-1492.03
-1358.31
-1224.94
-1106.82
-1010.36
-936.89
-884.413
-850.794
-833.419
510.463
554.355
558.538
560.172
563.952
547.894
527.98
501.473
469.703
427.995
369.022
286.099
200.392
174.506
233.37
311.735
360.45
411.212
451.459
487.226
518.808
536.669
533.113
505.55
452.864
373.527
266.48
132.04
-16.5352
-185.705
-386.513
-619.364
-868.863
-1108.35
-1321.05
-1487.09
-1584.88
-1615.53
-1590.3
-1519.65
-1414.9
-1290.53
-1161.95
-1044.07
-940.941
-856.089
-790.768
-742.554
-711.454
-694.8
464.52
505.198
505.016
518.91
513.937
496.734
473.616
439.242
391.391
322.053
222.836
82.3437
-39.0572
-43.3128
25.8
136.225
211.729
275.725
325.039
360.27
378.299
369.569
328.421
255.074
151.591
18.307
-132.165
-284.911
-429.132
-570.181
-719.461
-878.123
-1037.84
-1185.93
-1307.12
-1395.29
-1435.44
-1425.01
-1374.8
-1294.16
-1191.24
-1077.49
-965.221
-862.884
-773.787
-699.942
-642.114
-601.137
-574.508
-560.254
371.383
425.739
467.296
438.704
420.957
408.232
384.969
341.624
273.815
171.104
20.0544
-187.853
-379.408
-369.249
-292.962
-125.032
2.08159
98.7713
163.97
193.519
193.913
153.859
68.2748
-63.2253
-236.199
-436.99
-628.115
-779.731
-898.781
-991.925
-1072.28
-1144.47
-1210.45
-1266.61
-1304.37
-1317.74
-1302.48
-1255.39
-1184.11
-1095.41
-994.831
-890.905
-792.187
-703.56
-627.263
-564.556
-516.448
-482.673
-461.696
-450.847
194.88
201.996
195.568
204.945
230.019
252.412
251.39
212.469
128.852
-4.15156
-222.844
-514.07
-802.337
-884.786
-632.762
-384.306
-195.838
-70.0991
0.0654483
22.492
5.6062
-64.9375
-197.788
-389.507
-628.27
-883.983
-1101.05
-1229.82
-1312.92
-1363.36
-1387.25
-1391.47
-1384.43
-1364.41
-1334.72
-1281.95
-1208.13
-1126.55
-1038.12
-942.9
-843.785
-747.053
-657.652
-578.819
-512.869
-460.9
-422.345
-396.268
-381.636
-376.03
-13.4955
-92.3141
-122.423
-129.922
-37.374
62.6741
96.2193
65.6051
-23.7326
-166.507
-397.853
-709.435
-995.247
-1057.96
-782.116
-491.821
-286.277
-167.613
-117.117
-100.646
-136.605
-238.239
-412.984
-646.565
-925.101
-1204.54
-1412.35
-1526.6
-1586.44
-1612.74
-1604.26
-1569.62
-1516.25
-1441.32
-1353.7
-1253.67
-1146.79
-1039.67
-936.219
-835.434
-737.581
-645.277
-562.851
-493.303
-437.281
-393.945
-363.177
-344.294
-336.222
-334.984
-267.586
-533.846
-659.991
-566.25
-312.134
-107.333
-20.6745
-10.6894
-66.7714
-200.083
-398.749
-649.866
-873.414
-915.102
-697.436
-442.613
-276.181
-193.402
-158.279
-162.864
-225.138
-346.2
-542.365
-791.585
-1086.13
-1371.53
-1570.73
-1674.48
-1728.93
-1748.81
-1724.26
-1660.01
-1571.87
-1470.4
-1360.37
-1241.09
-1118.92
-997.207
-883.258
-777.072
-676.616
-585.695
-507.6
-443.929
-394.439
-358.211
-334.073
-320.661
-316.82
-317.609
-267.894
-668.088
-1003.27
-804.076
-435.278
-170.455
-38.2599
4.92864
-8.63326
-89.9778
-225.862
-389.157
-526.324
-565.921
-460.586
-294.261
-192.181
-149.183
-133.457
-167.109
-243.506
-375.763
-565.981
-815.82
-1112.11
-1395.77
-1591.91
-1693.35
-1752.57
-1781.71
-1749
-1673.21
-1576.87
-1472.46
-1356.85
-1233.5
-1105.06
-979.166
-859.984
-749.259
-647.079
-556.59
-481.655
-422.318
-377.077
-344.296
-322.865
-311.392
-307.255
-309.513
6.45336
-239.193
-402.431
-365.879
-196.458
-32.3627
70.9015
116.379
121.188
81.0873
0.310275
-99.9077
-185.561
-231.378
-198.061
-115.359
-70.5722
-61.0608
-75.5442
-122.804
-204.173
-337.711
-512.936
-744.203
-1025.19
-1300.4
-1496.65
-1599.17
-1657.2
-1681.86
-1663.42
-1601.66
-1524.52
-1433.75
-1323.92
-1205.28
-1079.38
-957.044
-838.784
-729.3
-630.034
-543.499
-471.349
-413.72
-369.225
-337.106
-316.539
-305.206
-304.161
-307.742
255.39
131.866
54.9174
72.7985
143.896
231.622
275.42
284.835
278.044
256.744
209.103
139.528
76.4821
37.0131
36.9874
56.2233
56.0885
38.6576
3.89062
-50.5135
-133.174
-252.076
-405.846
-613.464
-870.031
-1131.52
-1333.42
-1448.64
-1510.14
-1534.72
-1515.38
-1466.34
-1409.42
-1336.68
-1242.87
-1138.07
-1028.82
-916.06
-808.178
-706.248
-612.148
-528.747
-458.822
-402.982
-360.11
-329.062
-307.689
-297.877
-300.095
-307.553
394.978
352.225
344.567
353.268
368.315
393.784
418.079
418.618
403.675
388.205
362.372
320.322
274.717
239.332
220.978
202.313
175.525
139.984
94.0031
33.7746
-49.5427
-155.903
-288.634
-457.814
-676.935
-914.909
-1120.05
-1256.69
-1328.61
-1352.93
-1338.72
-1300.63
-1252.2
-1189.82
-1113
-1028.07
-941.143
-847.357
-756.626
-666.62
-583.464
-506.327
-440.446
-386.181
-343.411
-312.324
-294.621
-287.523
-286.611
-296.248
447.888
430.469
422.955
432.83
447.363
463.625
477.392
487.283
484.844
475.36
461.643
440.246
410.722
379.349
350.278
315.694
276.053
229.546
175.902
111.894
34.8154
-55.9729
-167.61
-308.533
-492.408
-690.183
-873.689
-1028.52
-1119.71
-1145.44
-1132.27
-1102.91
-1064.36
-1007.14
-943.612
-882.898
-818.521
-750.823
-681.928
-613.183
-543.628
-476.326
-413.709
-359.279
-317.609
-291.092
-278.16
-275.417
-279.277
-283.067
474.684
465.102
463.893
470.784
480.04
492.298
509.635
522.534
522.962
520.589
515.277
505.828
487.791
461.552
428.906
389.717
346.075
297.954
245.253
185.421
115.834
32.9355
-64.4898
-179.356
-319.384
-480.631
-641.996
-786.382
-897.755
-938.448
-925.381
-887.487
-841.088
-792.351
-738.752
-694.481
-654.634
-619.173
-581.444
-542.36
-495.73
-443.128
-388.057
-336.618
-295.059
-269.785
-262.899
-267.498
-274.362
-274.653
487.721
484.806
485.996
491.148
497.333
506.958
519.174
529.787
537.651
540.876
539.448
532.906
518.267
495.67
466.922
432.791
393.918
350.843
301.777
245.359
181.584
109.127
27.6833
-66.0841
-177.045
-307.638
-444.665
-566.019
-667.578
-735.594
-738.056
-690.741
-633.378
-563.063
-509.841
-478.878
-464.321
-456.73
-455.752
-453.794
-446.394
-422.333
-380.422
-329.704
-283.527
-257.759
-252.717
-263.232
-270.737
-271.323
490.034
491.077
493.471
497.824
506.062
513.038
520.346
530.88
538.798
540.973
541.559
537.878
527.894
511.908
490.157
462.231
428.257
389.068
344.406
294.777
239.331
175.816
103.761
22.4495
-68.2157
-167.935
-277.21
-383.614
-467.74
-530.316
-559.963
-543.442
-461.922
-372.131
-302.185
-260.92
-253.129
-281.425
-320.276
-361.827
-406.627
-417.796
-394.118
-354.797
-305.879
-272.122
-264.316
-270.932
-278.701
-281.636
492.641
493.686
494.825
498.821
505.151
511.707
519.41
526.598
532.624
536.907
539.056
536.979
530.241
517.978
500.404
477.124
448.499
415.495
377.303
333.492
283.405
227.26
164.821
97.2047
23.4362
-58.217
-144.871
-230.574
-307.932
-363.809
-395.781
-395.437
-344.725
-242.732
-127.992
-61.1232
-51.2716
-86.8968
-155.567
-258.033
-378.01
-447.535
-453.157
-425.26
-385.273
-345.286
-320.051
-307.416
-301.628
-304.267
491.691
493.676
495.664
499.3
503.951
508.951
514.935
521.101
526.963
530.587
531.792
531.192
526.65
517.365
503.829
485.594
462.402
433.927
400.418
362.494
319.749
271.326
218.359
160.999
97.9743
30.0792
-40.3378
-110.365
-175.131
-229.391
-265.117
-275.111
-245.538
-170.671
-66.5526
57.209
132.422
106.756
-15.3941
-180.93
-348.606
-471.937
-519.537
-523.931
-504.222
-462.809
-415.275
-376.117
-350.838
-345.216
489.598
491.581
494.17
497.264
501.613
506.642
511.408
516.012
520.552
523.77
525.684
525.412
522.093
516.003
505.485
490.142
470.826
447.303
419.706
387.424
350.448
309.443
264.469
214.743
161.392
104.211
43.9941
-15.924
-71.452
-119.542
-156.405
-175.913
-168.356
-123.804
-37.5746
63.0474
163.792
200.413
98.403
-77.2847
-297.389
-487.964
-581.144
-617.276
-625.566
-586.313
-516.359
-448.214
-401.475
-382.573
485.946
489.552
493.064
496.357
499.785
503.525
507.383
511.642
515.256
517.895
519.836
520.076
517.961
512.986
504.709
493.597
478.614
459.155
435.525
408.537
378.005
342.847
303.27
260.685
214.316
164.303
112.356
59.8955
9.17124
-35.4504
-70.5543
-93.4151
-101.769
-87.1494
-39.4336
41.8468
128.735
160.619
120.929
-46.1341
-244.925
-431.655
-563.976
-632.296
-651.594
-616.202
-540.005
-460.277
-408.463
-388.015
481.05
488.386
492.043
495.292
498.181
501.132
503.954
507.187
510.244
513.054
515.012
515.561
514.812
511.557
505.551
496.463
483.834
468.111
449.193
426.815
399.92
369.031
335.094
297.384
256.008
211.894
165.093
117.752
71.7625
29.5926
-5.60126
-32.0725
-47.9535
-50.002
-30.6285
13.1933
68.1294
82.9672
6.08141
-95.0048
-236.579
-360.319
-463.482
-525.202
-542.675
-522.057
-471.125
-410.162
-366.741
-348.447
472.264
489.628
492.326
494.187
496.552
498.852
501.472
504.466
507.087
509.512
511.384
512.449
511.746
508.603
503.689
496.527
486.811
473.774
457.004
436.938
413.442
386.449
355.634
321.56
284.568
244.286
202.236
159.375
116.386
76.8815
43.2195
13.9657
-8.81598
-19.3216
-15.1955
8.47381
31.0931
13.7341
-70.8774
-181.161
-262.068
-314.453
-363.282
-403.831
-420.84
-410.713
-379.342
-337.151
-303.295
-287.439
459.312
491.948
493.907
494.181
495.741
497.851
500.204
502.548
504.608
506.287
507.514
507.942
506.833
504.255
499.892
493.311
484.22
471.84
456.366
438.013
416.16
391.125
363.106
332.143
297.93
261.433
223.826
184.862
145.981
109.237
76.6876
47.7587
22.4567
4.46496
-1.37592
5.63548
6.61116
-26.6991
-111.61
-216.152
-273.654
-317.858
-307.711
-319.818
-328.297
-320.711
-297.823
-269.341
-246.517
-234.388
547.777
544.012
542.164
541.344
540.845
540.456
540.032
539.629
539.349
539.067
538.79
538.445
538.104
537.765
537.513
537.337
537.101
536.857
536.684
536.583
536.479
536.381
536.287
536.024
535.657
535.289
535.032
534.753
534.414
533.938
533.264
532.365
531.12
529.341
526.719
523.028
518.065
511.578
503.128
492.216
478.305
460.853
439.286
412.909
380.969
342.673
297.362
244.26
179.95
114.45
546.05
544.505
543.62
543.281
543.234
543.255
543.232
543.15
543.112
543.04
542.991
543.001
543.076
543.207
543.44
543.687
544.029
544.532
545.196
545.955
546.776
547.684
548.627
549.587
550.659
551.896
553.3
554.867
556.544
558.219
559.905
561.52
562.956
564.036
564.575
564.426
563.371
561.065
557.057
550.918
542.209
530.451
515.042
495.286
470.5
439.999
402.994
358.358
304.465
250.259
545.75
545.62
545.55
545.639
545.945
546.368
546.792
547.073
547.319
547.554
547.856
548.288
548.844
549.491
550.245
551.081
552.105
553.371
554.855
556.499
558.285
560.218
562.329
564.672
567.262
570.153
573.338
576.838
580.555
584.482
588.561
592.735
596.892
600.92
604.704
608.076
610.79
612.503
612.86
611.479
607.933
601.72
592.259
578.946
561.161
538.183
509.169
473.5
430.285
388.034
546.727
547.372
547.959
548.486
549.12
549.885
550.728
551.484
552.055
552.594
553.267
554.16
555.233
556.445
557.784
559.304
561.057
563.118
565.471
568.069
570.902
574.004
577.432
581.214
585.417
590.056
595.118
600.593
606.459
612.673
619.222
626.026
632.991
640.042
647.067
653.908
660.325
666.044
670.735
674.012
675.427
674.5
670.697
663.462
652.183
636.198
614.94
587.857
554.103
523.261
548.727
549.862
550.968
551.874
552.785
553.879
555.128
556.333
557.282
558.178
559.249
560.68
562.315
564.142
566.1
568.335
570.886
573.835
577.136
580.788
584.782
589.164
593.982
599.312
605.187
611.597
618.557
626.05
634.088
642.644
651.694
661.166
670.998
681.093
691.353
701.621
711.707
721.351
730.231
737.948
744.092
748.204
749.769
748.273
743.187
733.991
720.089
701.019
676.32
654.601
551.624
553.076
554.54
555.758
556.939
558.312
559.96
561.645
563.007
564.279
565.824
567.833
570.099
572.54
575.188
578.169
581.596
585.492
589.829
594.615
599.827
605.537
611.814
618.721
626.275
634.497
643.397
652.98
663.236
674.169
685.743
697.911
710.599
723.721
737.169
750.804
764.453
777.866
790.717
802.635
813.212
821.965
828.433
832.181
832.724
829.491
821.976
809.777
792.486
778.411
555.331
556.99
558.685
560.125
561.53
563.202
565.244
567.348
569.181
570.908
572.989
575.552
578.484
581.553
584.915
588.713
593.063
597.962
603.393
609.321
615.803
622.882
630.641
639.135
648.411
658.475
669.339
681.005
693.478
706.755
720.809
735.597
751.055
767.099
783.612
800.469
817.494
834.437
850.985
866.768
881.361
894.346
905.348
913.92
919.508
921.626
919.888
913.991
903.747
895.752
559.75
561.52
563.344
564.92
566.492
568.469
570.9
573.419
575.753
577.998
580.614
583.738
587.269
591.081
595.229
599.88
605.171
611.062
617.581
624.698
632.455
640.914
650.16
660.256
671.237
683.126
695.919
709.624
724.244
739.771
756.206
773.506
791.611
810.429
829.855
849.755
869.945
890.168
910.104
929.38
947.603
964.397
979.34
991.93
1001.74
1008.39
1011.35
1010.1
1004.57
1000.74
564.746
566.527
568.402
570.052
571.778
574.049
576.831
579.787
582.597
585.368
588.469
592.187
596.39
600.939
605.881
611.355
617.532
624.429
632.025
640.329
649.353
659.175
669.862
681.509
694.137
707.755
722.385
738.015
754.654
772.318
790.996
810.651
831.215
852.601
874.692
897.343
920.351
943.452
966.328
988.627
1009.98
1029.99
1048.25
1064.35
1077.93
1088.5
1095.43
1098.48
1097.74
1097.11
570.125
571.836
573.694
575.374
577.318
579.843
582.94
586.268
589.513
592.76
596.417
600.721
605.597
610.845
616.501
622.794
629.847
637.724
646.401
655.843
666.069
677.178
689.242
702.325
716.483
731.728
748.06
765.477
783.991
803.619
824.339
846.106
868.86
892.511
916.937
941.981
967.432
993.027
1018.47
1043.42
1067.52
1090.37
1111.57
1130.66
1147.08
1160.25
1169.72
1175.2
1176.7
1177.47
575.652
577.222
579.005
580.715
582.912
585.663
589.005
592.63
596.271
599.986
604.184
609.071
614.515
620.408
626.78
633.842
641.751
650.541
660.166
670.629
681.965
694.222
707.511
721.903
737.435
754.128
771.968
790.961
811.118
832.435
854.893
878.459
903.079
928.659
955.074
982.155
1009.68
1037.38
1064.95
1092.05
1118.32
1143.34
1166.65
1187.76
1206.12
1221.32
1233.18
1241.57
1246.4
1249.67
581.069
582.442
584.118
585.933
588.254
591.238
594.784
598.672
602.642
606.794
611.465
616.856
622.843
629.297
636.311
644.084
652.731
662.29
672.758
684.103
696.381
709.674
724.051
739.583
756.302
774.227
793.352
813.668
835.181
857.884
881.769
906.82
932.984
960.165
988.222
1016.96
1046.14
1075.49
1104.69
1133.39
1161.2
1187.73
1212.53
1235.19
1255.29
1272.26
1285.3
1293.66
1297.78
1300.04
586.128
587.276
588.82
590.793
593.208
596.354
600.032
604.106
608.37
612.892
617.991
623.79
630.199
637.139
644.694
653.03
662.299
672.505
683.635
695.719
708.786
722.913
738.168
754.597
772.244
791.118
811.213
832.529
855.06
878.804
903.761
929.919
957.227
985.576
1014.8
1044.69
1074.98
1105.39
1135.6
1165.25
1193.94
1221.26
1246.76
1269.95
1290.33
1307.63
1321.82
1333.12
1341.25
1346.48
590.597
591.486
592.973
595.028
597.568
600.759
604.511
608.703
613.204
618.061
623.469
629.543
636.25
643.548
651.517
660.318
670.042
680.719
692.354
704.958
718.596
733.326
749.198
766.264
784.553
804.076
824.837
846.827
870.036
894.47
920.136
947.019
975.064
1004.14
1034.07
1064.62
1095.52
1126.49
1157.2
1187.31
1216.42
1244.12
1269.99
1293.68
1314.88
1333.27
1348.42
1359.91
1367.38
1372.02
594.22
594.922
596.451
598.455
601.11
604.303
608.039
612.284
616.964
622.048
627.64
633.858
640.728
648.258
656.518
665.61
675.623
686.576
698.481
711.389
725.371
740.463
756.701
774.121
792.753
812.613
833.704
856.015
879.538
904.28
930.252
957.434
985.749
1015.06
1045.18
1075.87
1106.87
1137.89
1168.6
1198.66
1227.69
1255.31
1281.09
1304.58
1325.49
1343.61
1358.55
1369.7
1376.61
1380.52
596.813
597.451
598.907
600.983
603.698
606.858
610.518
614.74
619.492
624.682
630.34
636.585
643.488
651.103
659.488
668.715
678.822
689.842
701.815
714.798
728.865
744.054
760.387
777.879
796.544
816.417
837.502
859.793
883.278
907.945
933.805
960.84
988.965
1018.04
1047.87
1078.23
1108.84
1139.41
1169.64
1199.17
1227.62
1254.64
1279.87
1302.87
1322.96
1339.53
1352.51
1362.29
1368.85
1372.6
598.411
598.924
600.297
602.516
605.28
608.388
611.898
615.993
620.705
625.914
631.547
637.695
644.489
652.021
660.364
669.559
679.593
690.489
702.308
715.136
729.048
744.074
760.22
777.49
795.899
815.47
836.23
858.169
881.266
905.502
930.852
957.301
984.787
1013.17
1042.27
1071.83
1101.6
1131.27
1160.53
1189.07
1216.53
1242.41
1266.29
1287.87
1306.92
1323.18
1335.76
1343.57
1346.9
1348.02
599.039
599.455
600.701
603.042
605.871
608.862
612.168
616.1
620.687
625.787
631.281
637.221
643.785
651.113
659.262
668.234
678.019
688.617
700.091
712.559
726.101
740.731
756.432
773.192
791.052
810.038
830.161
851.425
873.796
897.233
921.706
947.168
973.572
1000.81
1028.69
1057
1085.45
1113.76
1141.59
1168.56
1194.37
1218.69
1241.03
1260.81
1277.47
1290.79
1300.95
1307.89
1311.03
1312.27
598.742
599.138
600.352
602.718
605.544
608.41
611.485
615.139
619.53
624.44
629.68
635.32
641.543
648.539
656.371
664.994
674.361
684.485
695.449
707.374
720.342
734.368
749.41
765.447
782.497
800.619
819.838
840.136
861.486
883.823
907.093
931.255
956.237
981.947
1008.23
1034.86
1061.57
1088.04
1113.99
1139.05
1162.76
1184.74
1204.71
1222.34
1237.19
1248.58
1255.85
1258.72
1257.39
1255.43
597.708
598.066
599.341
601.702
604.47
607.156
609.947
613.318
617.423
622.024
626.943
632.219
638.026
644.584
651.972
660.131
668.98
678.504
688.812
700.037
712.269
725.49
739.669
754.783
770.827
787.854
805.897
824.953
844.981
865.92
887.698
910.244
933.481
957.328
981.644
1006.21
1030.79
1055.04
1078.58
1101.13
1122.34
1141.73
1158.77
1173.08
1184.44
1192.6
1197.1
1197.47
1193.68
1189.77
596.122
596.48
597.771
600.097
602.773
605.261
607.763
610.798
614.547
618.792
623.341
628.181
633.511
639.557
646.402
653.989
662.227
671.084
680.639
691.055
702.425
714.725
727.9
741.929
756.827
772.607
789.31
806.934
825.416
844.723
864.753
885.424
906.648
928.317
950.342
972.524
994.588
1016.26
1037.14
1056.8
1074.88
1091.07
1104.98
1116.11
1123.89
1127.88
1127.78
1123.32
1114.5
1106.92
594.186
594.594
595.827
598.087
600.636
602.871
605.085
607.794
611.15
614.995
619.095
623.467
628.316
633.802
640.043
646.991
654.521
662.618
671.358
680.897
691.297
702.564
714.631
727.455
741.067
755.492
770.724
786.76
803.57
821.051
839.151
857.763
876.788
896.091
915.529
934.974
954.166
972.837
990.649
1007.14
1021.84
1034.26
1044.05
1050.99
1054.65
1054.38
1049.68
1040.5
1027.03
1015.55
592.043
592.576
593.725
595.841
598.193
600.179
602.114
604.461
607.412
610.817
614.466
618.362
622.673
627.585
633.21
639.476
646.276
653.582
661.498
670.119
679.525
689.71
700.597
712.166
724.41
737.369
751.056
765.414
780.414
795.976
812.011
828.424
845.1
861.932
878.735
895.321
911.434
926.743
940.993
953.819
964.792
973.419
979.074
981.246
979.652
973.937
963.572
948.133
927.609
910.209
589.974
590.531
591.603
593.518
595.593
597.295
598.942
600.983
603.546
606.497
609.667
613.063
616.843
621.178
626.154
631.717
637.759
644.248
651.309
659.005
667.412
676.495
686.203
696.484
707.352
718.823
730.889
743.532
756.673
770.242
784.115
798.224
812.435
826.63
840.682
854.346
867.364
879.32
889.807
898.528
905.093
909.121
910.153
907.502
900.497
888.758
872.029
849.951
822.328
797.565
588.144
588.651
589.56
591.223
592.979
594.366
595.719
597.468
599.658
602.167
604.866
607.803
611.062
614.818
619.14
623.999
629.284
634.995
641.201
647.981
655.39
663.382
671.908
680.945
690.445
700.442
710.912
721.825
733.116
744.684
756.439
768.222
779.93
791.425
802.591
813.204
822.954
831.515
838.345
842.989
845.069
844.132
839.735
831.351
818.362
800.077
776.02
745.908
709.483
675.984
586.634
587.034
587.75
589.026
590.363
591.455
592.582
594.033
595.852
597.91
600.136
602.608
605.406
608.638
612.339
616.496
621.056
626.002
631.374
637.27
643.686
650.595
657.986
665.783
673.98
682.541
691.449
700.659
710.106
719.71
729.355
738.902
748.204
757.097
765.375
772.864
779.237
784.114
787.118
787.643
785.183
779.269
769.383
754.94
735.352
710.055
678.405
639.86
594.317
551.195
585.702
585.76
586.158
586.977
587.854
588.649
589.561
590.752
592.224
593.824
595.601
597.62
599.96
602.671
605.776
609.272
613.133
617.342
621.946
626.997
632.487
638.385
644.693
651.314
658.257
665.434
672.833
680.406
688.079
695.756
703.327
710.682
717.658
724.102
729.676
734.115
737.162
738.394
737.388
733.678
726.559
715.432
699.822
679.184
652.782
619.827
579.774
532.025
476.093
421.809
585.629
585.032
584.783
585.064
585.47
585.969
586.682
587.652
588.753
589.925
591.292
592.909
594.828
597.073
599.627
602.493
605.675
609.198
613.046
617.296
621.911
626.865
632.124
637.668
643.421
649.329
655.285
661.285
667.238
673.063
678.673
683.886
688.638
692.662
695.646
697.156
696.913
694.601
689.671
681.584
669.773
653.506
632.109
605.06
571.79
531.401
482.902
425.519
358.822
291.238
586.658
584.748
583.715
583.372
583.278
583.5
583.963
584.589
585.274
586.1
587.133
588.406
589.937
591.72
593.742
596.064
598.69
601.6
604.774
608.261
612.044
616.11
620.388
624.872
629.524
634.231
638.933
643.436
647.813
651.906
655.683
658.953
661.495
663.085
663.463
662.201
658.745
652.836
644.11
631.756
615.051
593.521
566.522
533.123
492.651
444.457
387.665
320.759
242.389
161.168
588.849
584.982
583.002
581.919
581.462
581.416
581.519
581.702
581.982
582.467
583.184
584.137
585.31
586.683
588.323
590.243
592.398
594.746
597.329
600.175
603.272
606.53
609.878
613.374
616.911
620.429
623.92
627.134
629.922
632.449
634.595
636.106
636.58
635.775
633.382
629.159
622.569
613.159
600.479
583.825
562.391
535.58
502.838
463.284
415.95
359.938
294.767
219.1
130.407
36.4259
447.66
438.066
441.232
447.121
453.124
460.2
466.72
471.35
460.743
417.671
339.481
246.885
151.224
58.4339
-15.5883
47.1363
227.805
371.219
440.764
466.594
484.032
490.439
491.238
492.195
488.961
488.529
485.69
484.569
484.275
492.904
436.312
428.456
425.948
427.57
430.261
434.109
432.784
420.104
371.703
257.284
111.16
56.8882
77.129
109.057
156.037
233.743
356.851
444.613
472.381
482.839
490.516
492.574
491.902
490.92
488.038
487
485.279
486.162
489.263
498.465
414.786
412.499
410
409.962
409.053
409.22
398.203
364.398
275.085
80.2048
-160.835
-172.558
-26.5678
112.469
237.606
345.122
426.585
485.098
493.867
495.735
495.772
495.496
492.373
489.978
487.376
485.199
484.041
484.288
484.311
487.129
393.757
393.637
392.692
391.504
386.211
379.433
357.61
314.231
195.591
-61.6067
-406.548
-396.031
-122.006
111.546
283.235
392.578
458.578
502.428
506.5
504.542
500.531
497.891
493.765
490.021
486.653
483.199
481.29
480.154
477.869
477.767
373.422
373.526
372.836
370.414
362.333
350.051
319.402
262.925
132.589
-91.4315
-426.554
-390.339
-101.67
135.995
308.355
411.033
469.415
504.553
510.051
506.852
502.536
498.514
494.233
489.485
485.58
481.074
477.51
475.562
472.654
471.754
353.177
353.069
351.714
348.79
340.132
329.502
299.835
254.155
157.422
1.0888
-189.619
-198.986
7.68266
195.553
331.704
418.986
469.913
498.244
506.566
504.861
501.926
498.069
493.444
488.155
483.599
478.191
473.986
470.675
468.115
466.939
333.749
333.335
331.902
330.16
324.196
316.553
297.994
269.293
217.784
131.092
52.6807
21.9552
142.835
267.645
361.147
427.981
468.667
488.835
502.61
504.208
501.467
498.121
493.2
486.948
481.346
475.236
470.234
465.86
462.987
461.641
317.398
316.361
315.39
314.849
311.7
307.94
300.563
287.126
267.017
233.901
204.701
203.206
269.839
341.442
397.805
445.458
477.477
485.578
500.954
503.837
502.68
498.925
492.908
486.01
478.85
471.794
465.305
460.084
456.282
454.92
301.114
300.244
300.256
301.136
301.022
300.983
301.665
299.567
297.318
294.244
307.011
341.634
384.378
414.483
443.305
468.85
483.108
490.931
504.69
503.83
505.058
501.552
493.164
484.036
474.933
466.914
459.112
452.873
448.262
446.425
282.531
282.27
283.614
286.444
289.808
294.481
301.166
308.851
321.965
342.079
378.072
416.812
465.924
470.181
476.064
494.155
499.115
505.136
512.341
516.753
514.378
505.43
494.688
483.195
470.584
459.897
451.142
443.903
438.71
435.991
262.291
262.698
265.037
269.393
275.436
284.382
296.8
313.108
335.949
367.284
414.345
464.54
507.341
513.717
509.666
511.504
517.568
527.776
532.415
534.881
524.431
511.074
495.856
480.773
466.125
452.354
440.878
431.783
425.491
422.171
240.893
241.993
245.081
250.608
258.892
270.862
287.755
309.575
338.089
378.454
428.741
497.229
542.62
538.522
533.493
532.824
536.472
543.942
554.006
546.601
528.588
512.241
495.707
475.358
457.203
441.281
426.926
415.917
408.285
405.454
218.519
220.366
224.428
230.926
240.544
254.01
273.5
298.525
330.956
377.199
428.618
513.662
556.412
554.028
545.287
546.124
547.116
558
564.148
556.248
532.737
505.337
486.502
465.831
445.101
427.533
410.81
398.286
389.659
386.207
194.83
196.859
201.481
208.567
219.085
232.855
253.284
281.558
321.182
372.451
427.794
495.251
545.576
546.856
526.823
541.003
547.207
559.986
559.857
550.456
530.428
500.27
473.857
450.545
431.391
411.146
391.244
377.074
366.882
362.629
169.17
171.05
175.499
182.003
191.702
205.073
227.26
254.817
298.289
354.162
419.031
462.201
497.963
489.198
471.024
504.515
522.672
530.15
528.326
516.273
496.728
470.924
449.81
428.059
403.687
378.44
359.123
347.256
337.732
333.709
140.989
142.652
146.617
152.63
161.751
173.981
193.773
218.724
259.447
329.419
358.637
382.583
392.167
392.812
397.808
432.65
460.773
467.382
466.272
451.969
435.105
409.518
387.412
372.593
354.823
336.192
323.063
310.735
299.104
293.841
111.087
112.295
115.498
120.882
128.612
139.54
149.934
168.85
202.393
258.268
271.6
237.92
221.865
249.28
286.276
325.923
362.982
371.035
369.468
355.974
341.737
315.281
296.115
287.979
282.382
276.896
269.29
257.536
248.48
244.533
79.6676
80.9272
83.5396
87.6155
92.0516
96.6375
99.198
104.636
138.993
153.69
155.338
97.4623
2.1797
40.0355
113.507
197.571
249.299
262.791
256.518
245.626
232.281
208.971
193.188
196.407
210.257
213.205
203.498
194.046
187.08
183.558
47.8336
48.3957
49.8496
51.8412
52.6009
49.6056
48.2584
54.3178
57.4422
57.3189
38.3847
-13.5584
-198.503
-122.145
-39.5198
51.2558
131.361
148.161
139.852
128.254
116.366
96.9045
84.9727
98.1937
117.458
130.433
130.848
124.363
117.021
116.539
16.0578
16.0171
16.3962
16.7558
17.9635
18.1509
14.7734
15.3231
17.8149
22.1765
4.93489
-51.1226
-268.372
-167.928
-54.2258
8.86626
62.2582
72.5291
56.2369
29.4834
-12.2964
-42.621
-27.8998
18.1919
39.2889
48.7652
50.8831
47.6878
44.1266
44.323
)
;

boundaryField
{
    INLET
    {
        type            zeroGradient;
    }
    OUTLET
    {
        type            fixedValue;
        value           uniform 0;
    }
    WALL
    {
        type            zeroGradient;
    }
    CYLINDER
    {
        type            zeroGradient;
    }
    frontAndBackPlanes
    {
        type            empty;
    }
}


// ************************************************************************* //
