/*--------------------------------*- C++ -*----------------------------------*\
| =========                 |                                                 |
| \\      /  F ield         | OpenFOAM: The Open Source CFD Toolbox           |
|  \\    /   O peration     | Version:  v1912                                 |
|   \\  /    A nd           | Website:  www.openfoam.com                      |
|    \\/     M anipulation  |                                                 |
\*---------------------------------------------------------------------------*/
FoamFile
{
    version     2.0;
    format      ascii;
    class       volScalarField;
    location    "0.5";
    object      p;
}
// * * * * * * * * * * * * * * * * * * * * * * * * * * * * * * * * * * * * * //

dimensions      [0 2 -2 0 0 0 0];


internalField   nonuniform List<scalar> 
6600
(
321.434
317.192
315.186
314.056
313.355
312.961
312.877
313.02
313.341
313.874
314.598
315.542
316.743
318.201
319.877
321.745
323.784
326.036
328.563
331.269
334.088
336.954
340.079
343.444
346.935
350.526
353.956
357.164
360.26
363.233
365.891
368.248
369.86
370.798
370.933
370.002
367.536
362.88
355.692
345.818
332.874
316.113
294.756
268.074
235.579
196.363
149.798
96.889
32.2821
-37.3953
318.982
315.16
313.725
312.505
311.637
311.201
311.01
310.993
311.12
311.477
312.035
312.773
313.67
314.76
316.097
317.669
319.418
321.226
323.202
325.308
327.464
329.533
331.584
333.84
336.085
338.342
340.703
342.803
344.494
345.751
346.533
346.752
346.15
344.383
341.552
337.393
331.597
323.592
312.692
298.63
281.199
259.74
233.477
201.605
163.636
118.543
65.9576
6.32547
-62.466
-135.053
316.011
312.465
311.669
310.523
309.689
309.223
308.958
308.844
308.9
309.155
309.585
310.193
310.93
311.728
312.62
313.634
314.937
316.364
317.778
319.181
320.646
322.111
323.365
324.513
325.646
326.451
327.003
327.382
327.501
327.084
325.845
323.83
320.852
316.46
310.583
303.08
293.653
281.877
267.112
248.945
227.044
200.652
169.303
132.33
89.1891
38.9012
-18.9049
-83.4462
-154.019
-225.198
312.826
309.448
309.211
308.211
307.531
307.06
306.72
306.535
306.562
306.753
307.071
307.483
308.016
308.636
309.323
309.98
310.671
311.495
312.429
313.195
313.732
314.234
314.647
314.714
314.445
313.989
313.132
311.702
309.705
307.169
303.837
299.414
293.833
286.672
277.809
266.878
253.722
238.039
219.242
196.892
170.544
139.653
103.672
62.0147
14.1971
-40.3743
-102.017
-169.298
-240.109
-307.731
309.483
306.337
306.437
305.415
304.89
304.442
304.055
303.838
303.787
303.859
304.069
304.339
304.636
304.938
305.271
305.681
305.973
306.099
306.186
306.344
306.254
305.748
305.008
304.089
302.654
300.461
297.827
294.685
290.796
285.912
280.092
273.132
264.873
254.817
242.871
228.752
212.008
192.454
169.68
143.194
112.661
77.6425
37.7209
-7.63209
-58.8492
-116.306
-180.157
-248.662
-318.415
-380.909
306.09
303.114
303.341
302
301.606
301.16
300.73
300.523
300.338
300.23
300.173
300.189
300.267
300.355
300.341
300.248
300.065
299.786
299.032
298.071
297.022
295.603
293.627
291.166
288.516
285.231
280.997
275.87
269.864
262.862
254.422
244.676
233.475
220.573
205.581
188.199
168.167
145.113
118.752
88.7028
54.6776
16.3377
-26.6583
-74.6391
-127.877
-186.704
-251.283
-319.843
-387.322
-442.821
302.588
299.662
299.84
298.177
297.923
297.303
296.833
296.479
296.161
295.892
295.601
295.276
294.889
294.508
294.083
293.442
292.526
291.429
290.121
288.289
286.053
283.511
280.605
276.833
272.244
267.128
261.256
254.413
246.316
236.981
226.252
213.995
199.986
184.085
166.173
145.848
122.74
96.5989
67.155
34.248
-2.38409
-43.0701
-87.9976
-137.383
-191.414
-250.309
-314.293
-381.518
-445.29
-492.167
298.722
295.904
295.969
294.342
293.909
293.199
292.591
292.048
291.517
290.947
290.337
289.676
288.862
287.861
286.699
285.415
283.876
281.857
279.467
276.648
273.238
269.171
264.683
259.748
253.88
247.046
239.166
230.209
220.115
208.553
195.527
180.788
164.297
145.812
125.105
102.073
76.4363
47.8885
16.2213
-18.7866
-57.2154
-99.2395
-145.025
-194.694
-248.424
-306.51
-368.654
-432.948
-492.016
-529.221
294.484
291.739
291.726
290.186
289.659
288.864
288.123
287.385
286.604
285.744
284.752
283.591
282.247
280.655
278.702
276.422
273.861
271.047
267.693
263.79
259.365
254.204
248.02
241.175
233.411
224.725
215.012
204.031
191.673
177.994
162.792
145.888
127.058
106.226
83.3072
58.0434
30.2999
-0.0940585
-33.3089
-69.4372
-108.687
-151.149
-196.829
-245.816
-298.229
-354.474
-414.241
-474.671
-527.865
-555.645
289.888
287.321
287.196
285.639
284.97
284.065
283.199
282.29
281.248
280.067
278.739
277.16
275.277
273.058
270.545
267.535
263.973
259.88
255.304
250.051
244.101
237.598
230.168
221.706
212.305
201.705
189.873
176.837
162.477
146.637
129.222
110.21
89.4546
66.6903
41.8297
14.8438
-14.4075
-46.0001
-80.0668
-116.758
-156.075
-198.087
-242.813
-290.31
-340.657
-394.089
-450.624
-506.764
-554.112
-574.497
284.765
282.458
282.28
280.694
279.971
278.888
277.835
276.719
275.466
273.98
272.243
270.221
267.872
265.063
261.796
257.983
253.697
248.681
243.035
236.714
229.472
221.258
212.225
201.934
190.61
178.24
164.602
149.499
133.052
115.19
95.8609
74.9152
52.2666
27.8947
1.66261
-26.5325
-56.7035
-88.9786
-123.369
-159.856
-198.578
-239.53
-282.619
-327.856
-375.498
-425.627
-477.812
-529.253
-571.979
-587.595
279.072
277.126
276.889
275.41
274.711
273.456
272.208
270.85
269.262
267.435
265.323
262.823
259.978
256.793
253.007
248.588
243.38
237.341
230.44
222.878
214.44
204.915
194.355
182.716
169.752
155.406
139.861
123.053
104.771
84.9696
63.695
40.977
16.7571
-9.04904
-36.46
-65.5179
-96.2543
-128.575
-162.614
-198.469
-236.043
-275.321
-316.284
-358.775
-402.742
-448.872
-495.623
-540.781
-577.196
-591.247
272.88
271.497
271.251
269.908
269.214
267.888
266.513
264.969
263.086
260.898
258.415
255.504
252.061
248.09
243.598
238.627
232.905
226.357
218.778
210.086
200.32
189.509
177.388
164.056
149.531
133.657
116.298
97.5596
77.5251
56.0978
33.2418
8.98119
-16.6153
-43.5431
-71.789
-101.317
-132.173
-164.45
-197.935
-232.563
-268.466
-305.578
-343.753
-383.029
-423.304
-464.15
-503.857
-539.111
-563.166
-575.09
266.804
265.803
265.569
264.399
263.661
262.312
260.935
259.203
257.116
254.684
251.843
248.604
244.894
240.516
235.449
229.508
222.809
215.363
206.991
197.44
186.823
174.891
161.719
147.103
130.953
113.457
94.6091
74.2688
52.4891
29.3458
4.86573
-20.8801
-47.759
-75.6397
-104.508
-134.349
-165.062
-196.556
-229.034
-262.404
-296.426
-331.014
-366.066
-401.338
-437.212
-472.089
-503.45
-526.968
-537.322
-545.205
260.893
260.26
260.001
258.95
258.183
256.844
255.482
253.732
251.581
249.077
246.033
242.395
238.166
233.384
227.925
221.665
214.452
206.267
197.085
186.772
175.131
162.093
147.604
131.725
114.335
95.3415
74.8462
52.9304
29.5749
4.86822
-21.0592
-48.0647
-76.1077
-105.034
-134.566
-164.542
-194.989
-225.958
-257.218
-288.77
-320.623
-352.54
-384.217
-415.855
-446.347
-474.365
-498.28
-514.878
-521.711
-524.684
254.823
254.717
254.516
253.645
252.999
251.725
250.333
248.546
246.378
243.836
240.831
237.282
233.029
227.953
221.951
215.173
207.463
198.696
188.829
177.852
165.42
151.655
136.318
119.31
100.703
80.4463
58.4534
34.8438
9.75585
-16.6812
-44.3559
-73.0266
-102.305
-132.003
-162.03
-192.243
-222.424
-252.459
-282.6
-312.696
-342.441
-371.782
-400.636
-428.466
-454.431
-477.59
-495.4
-505.652
-513.567
-514.103
248.867
249.278
249.228
248.633
248.097
246.984
245.739
243.987
241.873
239.287
236.142
232.467
228.257
223.337
217.593
210.792
202.941
193.942
183.647
171.946
158.835
144.157
127.885
109.903
90.1995
68.6743
45.3066
20.1732
-6.61583
-34.8855
-64.356
-94.7395
-125.832
-157.164
-188.234
-218.716
-248.61
-278.021
-306.818
-335.157
-363.099
-390.427
-416.643
-441.289
-463.926
-483.017
-497.03
-503.745
-507.139
-508.035
243.659
244.368
244.387
244.026
243.637
242.664
241.557
239.924
237.955
235.612
232.708
229.149
224.91
219.947
214.28
207.645
199.905
190.989
180.768
169.016
155.727
140.664
123.833
105.139
84.427
61.6075
36.7611
9.90724
-18.8128
-49.1942
-81.0316
-113.83
-146.945
-179.955
-212.464
-244.021
-274.167
-302.886
-330.714
-357.749
-383.972
-409.361
-433.362
-455.722
-475.386
-490.713
-499.497
-505.703
-506.406
-506.952
239.072
240.063
239.948
239.88
239.686
238.941
238.044
236.606
234.758
232.465
229.684
226.462
222.634
218.06
212.671
206.424
199.136
190.558
180.556
169.047
155.768
140.592
123.361
104.263
82.9573
59.1743
33.0098
4.51995
-26.2047
-58.8688
-93.1918
-128.902
-165.345
-201.528
-236.517
-269.577
-300.442
-329.125
-355.879
-381.391
-405.819
-429.044
-451.036
-471.253
-487.85
-498.448
-505.389
-507.881
-508.78
-508.809
234.742
236.111
236.064
236.297
236.175
235.624
234.963
233.811
232.401
230.458
227.917
224.875
221.276
217.074
212.102
206.288
199.578
191.725
182.525
171.777
159.253
144.691
127.907
108.63
86.7166
62.2984
35.0688
5.00273
-27.8446
-63.337
-101.066
-140.301
-180.487
-220.79
-259.83
-296.116
-328.52
-357.188
-383.112
-407
-429.228
-449.674
-469.04
-486.576
-500.261
-507.676
-511.431
-512.728
-513.262
-512.903
230.587
232.418
232.418
233.207
233.285
232.928
232.47
231.476
230.277
228.663
226.638
224.117
220.992
217.291
212.948
207.838
201.821
194.784
186.531
176.712
165.144
151.38
135.4
116.862
95.5067
70.8796
42.941
11.6241
-23.168
-61.1947
-102.274
-146.197
-191.902
-237.946
-282.712
-324.151
-360.378
-390.261
-414.888
-435.778
-454.211
-471.631
-487.844
-501.129
-509.916
-515.951
-517.923
-519.273
-519.768
-519.323
226.757
229.052
229.115
230.276
230.617
230.607
230.505
229.876
228.976
227.573
225.828
223.682
221.059
217.911
214.219
209.934
204.867
198.959
191.997
183.702
173.787
161.874
147.291
129.748
109.083
84.9396
56.9995
24.9172
-11.3979
-52.2351
-97.0886
-145.532
-197.294
-251.099
-304.592
-354.484
-396.588
-428.981
-452.37
-469.416
-482.607
-494.741
-506.265
-514.035
-519.696
-523.119
-525.698
-527.519
-528.448
-528.394
223.094
225.92
225.958
227.734
228.277
228.63
228.725
228.387
227.803
226.774
225.438
223.68
221.536
219.023
216.05
212.625
208.632
203.905
198.327
191.672
183.504
173.507
161.132
145.731
126.76
104.31
77.6386
45.6077
8.3703
-34.4474
-83.145
-137.095
-195.784
-258.794
-323.638
-385.759
-439.344
-478.336
-501.274
-512.189
-516.879
-520.693
-524.008
-528.687
-532.242
-534.879
-536.886
-538.064
-538.958
-539.286
219.362
222.862
222.795
225.286
226.013
226.864
227.342
227.333
226.961
226.12
225.019
223.602
221.837
219.805
217.46
214.836
211.912
208.504
204.521
199.816
194.006
186.677
177.276
164.863
148.355
127.503
102.58
72.6759
35.8135
-7.968
-59.001
-117.81
-184.106
-257.608
-336.581
-416.71
-489.693
-543.097
-568.196
-569.714
-559.154
-550.202
-548.053
-549.228
-551.366
-552.464
-552.346
-551.915
-551.086
-551.147
215.456
219.819
219.639
222.919
223.772
224.987
225.886
226.3
226.312
225.804
224.913
223.67
222.19
220.498
218.665
216.665
214.561
212.32
209.787
206.868
203.327
198.694
192.409
183.87
172.033
155.343
133.009
105.529
70.9063
27.6259
-24.9149
-87.1602
-159.801
-243.532
-339.52
-443.311
-545.095
-625.684
-662.351
-649.598
-615.242
-591.264
-580.887
-576.576
-574.122
-572.115
-568.754
-565.091
-562.774
-561.942
211.08
217.043
216.095
220.336
221.589
223.24
224.471
225.243
225.563
225.362
224.722
223.6
222.221
220.629
218.937
217.322
215.796
214.425
213.212
212.115
210.932
209.303
206.687
202.467
195.691
184.743
167.266
143.167
112.395
72.4304
21.0351
-42.9506
-120.894
-214.802
-326.441
-455.732
-596.286
-722.203
-789.288
-766.785
-703.134
-655.76
-626.111
-609.508
-599.833
-589.377
-582.397
-575.463
-569.907
-566.474
205.606
214.144
212.296
217.637
219.272
221.409
223.188
224.399
225.087
225.157
224.699
223.72
222.32
220.701
218.937
217.229
215.935
215.041
214.645
214.854
215.657
216.776
217.698
217.727
215.803
210.853
200.77
183.191
157.841
123.288
76.4423
14.5451
-64.6059
-164.625
-290.882
-448.878
-635.457
-828.733
-962.359
-938.978
-838.14
-756.768
-701.545
-658.285
-636.053
-615.416
-599.896
-587.802
-578.629
-573.202
198.662
210.929
208.23
214.71
216.862
219.594
221.939
223.542
224.56
224.864
224.523
223.625
222.162
220.233
218.301
216.166
214.511
213.639
213.643
214.705
217.124
220.829
225.38
230.161
234.025
235.421
232.974
223.326
205.455
178.516
139.377
84.0699
8.2589
-93.1777
-228.73
-409.17
-636.229
-901.77
-1126.37
-1136.94
-997.868
-874.02
-780.416
-711.522
-670.494
-639.337
-616.222
-598.599
-586.632
-579.897
189.35
207.794
203.834
211.299
214.258
217.671
220.59
222.801
224.254
224.764
224.565
223.728
222.225
219.989
217.549
215.074
212.691
211.234
211.223
212.521
215.714
221.105
228.577
237.411
246.727
254.956
260.232
260.699
252.587
234.282
205.247
161.151
95.5651
0.41141
-134.911
-325.226
-586.815
-921.304
-1239.9
-1317.41
-1169.16
-981.875
-852.146
-757.741
-696.734
-655.573
-625.783
-604.022
-590.832
-584.147
157.569
196.284
199.111
207.599
211.36
215.559
218.757
221.272
223.365
224.484
224.302
223.317
221.604
219.18
215.835
212.525
209.211
206.992
206.309
207.369
210.559
217.178
227.075
239.363
254.303
272.103
286.559
294.884
297.047
289.366
271.049
238.305
185.659
103.148
-24.7253
-217.454
-492.145
-841.332
-1232.1
-1362.09
-1239.62
-1042.3
-896.764
-788.361
-713.257
-663.431
-629.003
-604.155
-591.268
-585.833
249.959
245.306
242.931
241.509
240.537
239.964
239.314
238.547
237.767
237.065
236.362
235.623
234.782
233.903
233.062
232.22
231.497
230.734
229.874
228.864
227.509
226.043
224.488
222.784
220.734
218.377
215.731
212.697
209.039
204.456
198.744
191.823
183.669
173.82
162.005
147.784
130.66
110.266
85.962
57.0044
22.7332
-17.5723
-64.6565
-119.482
-182.982
-256.298
-339.769
-432.295
-543.126
-664.203
246.978
242.191
240.562
239.029
237.682
236.586
235.558
234.484
233.45
232.46
231.465
230.413
229.248
228.027
226.818
225.43
223.922
222.403
220.743
218.941
217.063
214.687
211.973
208.986
205.616
201.732
197.213
192.184
186.463
179.681
171.462
161.692
150.382
137.245
121.802
103.468
81.7235
56.0676
25.9894
-9.10491
-49.9693
-97.4631
-152.074
-215.157
-287.606
-370.565
-464.106
-566.878
-686.263
-817.378
242.918
238.051
237.133
235.42
233.812
232.351
231.013
229.697
228.441
227.157
225.795
224.345
222.824
221.211
219.479
217.715
215.66
213.408
210.951
208.06
204.988
201.633
197.803
193.474
188.65
183.277
177.118
169.961
161.819
152.481
141.646
128.903
114.111
97.1233
77.378
54.3612
27.6207
-3.44483
-39.4437
-81.0016
-128.86
-183.71
-245.916
-317.278
-398.354
-490.456
-593.408
-705.802
-830.166
-963.644
238.212
233.262
232.75
230.53
228.799
227.188
225.598
224.037
222.488
220.88
219.137
217.252
215.307
213.231
210.874
208.375
205.664
202.601
199.257
195.623
191.388
186.8
181.68
175.95
169.465
162.203
154.177
144.915
134.164
121.865
107.912
91.9272
73.5607
52.6899
28.4715
0.546542
-31.4421
-68.1267
-110.268
-158.054
-212.674
-274.722
-344.826
-424.129
-513.348
-613.596
-724.802
-844.801
-971.902
-1103.47
233.103
227.922
227.641
224.916
223.125
221.394
219.639
217.803
215.873
213.817
211.629
209.265
206.696
203.913
200.945
197.705
194.218
190.34
185.911
181.068
175.668
169.7
163.138
155.91
147.821
138.586
128.15
116.486
103.246
88.2301
71.0615
51.4579
29.1388
4.16903
-24.6126
-57.4069
-94.6773
-136.91
-184.809
-239.075
-300.313
-369.247
-446.61
-533.011
-629.209
-736.36
-854.13
-979.564
-1108.32
-1236.77
227.417
222.06
221.916
218.824
217.195
215.295
213.274
211.111
208.809
206.319
203.673
200.809
197.695
194.209
190.278
186.016
181.442
176.531
171.204
165.273
158.639
151.154
142.865
133.713
123.649
112.464
99.8773
85.6181
69.4966
51.456
31.0618
8.05106
-18.0887
-47.6077
-80.8962
-118.424
-160.682
-208.307
-261.951
-322.075
-389.203
-464.271
-547.834
-640.314
-742.278
-854.709
-977.404
-1107.18
-1237.26
-1361.78
221.175
215.849
215.846
212.355
210.844
208.742
206.451
204.005
201.351
198.469
195.348
191.888
188.11
184.004
179.445
174.346
168.686
162.432
155.616
148.269
140.266
131.377
121.495
110.423
98.0909
84.4408
69.3355
52.5424
33.7729
12.567
-11.3216
-37.9923
-67.896
-101.457
-139.016
-181.116
-228.235
-280.835
-339.511
-404.959
-477.664
-558.016
-646.527
-743.564
-849.604
-965.695
-1091.88
-1224.98
-1355.91
-1474.95
214.517
209.4
209.413
205.623
204.097
201.629
199.079
196.319
193.345
190.082
186.453
182.486
178.045
173.06
167.65
161.702
155.192
148.03
140.069
131.197
121.444
110.746
99.0914
86.0641
71.6543
55.6483
37.8575
18.1772
-3.60539
-27.7713
-54.799
-84.9751
-118.639
-156.177
-197.922
-244.288
-295.743
-352.847
-416.152
-486.071
-562.952
-647.396
-739.737
-840.213
-949.115
-1067.41
-1195.69
-1330.87
-1461.41
-1572.45
207.514
202.7
202.565
198.5
196.991
194.129
191.309
188.198
184.778
181.011
176.781
172.117
167.029
161.443
155.254
148.38
140.752
132.348
123.169
113.063
101.854
89.5177
75.9317
60.9147
44.289
25.9118
5.62293
-16.7179
-41.4379
-68.8391
-99.1412
-132.668
-169.773
-210.872
-256.369
-306.562
-361.914
-422.897
-489.894
-563.396
-643.849
-731.388
-826.306
-928.814
-1039.17
-1158.36
-1287.18
-1422.63
-1550.61
-1649.9
200.138
195.735
195.5
191.378
189.827
186.564
183.412
179.925
176.03
171.678
166.88
161.509
155.478
148.899
141.737
133.975
125.418
115.96
105.436
93.8536
81.0951
67.0686
51.6871
34.8683
16.3649
-4.13805
-26.9001
-52.0228
-79.5684
-109.772
-143.062
-179.755
-220.079
-264.411
-313.156
-366.671
-425.269
-489.323
-559.271
-635.45
-718.011
-807.415
-903.926
-1007.63
-1118.61
-1237.54
-1365.11
-1498.41
-1621.7
-1707.22
192.518
188.777
188.354
184.449
182.764
179.149
175.786
171.855
167.407
162.433
156.906
150.879
144.202
136.76
128.49
119.438
109.562
98.8442
87.0525
74.1021
59.9078
44.2636
27.0089
8.07265
-12.5412
-35.0334
-59.6965
-86.8923
-116.933
-149.932
-185.952
-225.357
-268.493
-315.642
-367.119
-423.238
-484.371
-550.841
-622.824
-700.653
-784.776
-875.237
-972.189
-1075.76
-1186.06
-1303.61
-1428.36
-1556.98
-1674.15
-1745.64
185.06
182.077
181.402
177.817
175.822
171.946
168.373
164.06
159.156
153.701
147.528
140.633
133.062
124.771
115.657
105.622
94.5226
82.3951
69.1849
54.6778
38.8572
21.6407
2.8554
-17.8067
-40.4313
-65.1581
-92.1446
-121.545
-153.556
-188.616
-227.016
-268.85
-314.303
-363.678
-417.268
-475.36
-538.233
-606.112
-679.323
-758.123
-842.529
-932.878
-1029.37
-1131.99
-1240.7
-1355.8
-1476.58
-1599.17
-1708.41
-1766.29
178.173
175.869
174.903
171.628
169.235
165.287
161.4
156.673
151.347
145.37
138.746
131.336
123.033
113.825
103.681
92.6114
80.4605
67.1274
52.6046
36.7988
19.4525
0.456899
-20.1847
-42.6199
-67.0128
-93.5196
-122.324
-153.696
-187.84
-224.839
-265.001
-308.65
-355.941
-407.092
-462.358
-521.897
-585.925
-654.709
-728.358
-807.077
-891.188
-980.715
-1075.69
-1176.13
-1282.02
-1393.52
-1510.09
-1626.11
-1725.42
-1770.74
172.147
170.39
169.105
166.079
163.418
159.372
155.167
150.092
144.42
137.968
130.697
122.689
113.84
104.047
93.1543
81.164
68.0237
53.6321
37.8051
20.6361
2.01514
-18.2552
-40.3481
-64.4168
-90.5693
-119.003
-149.794
-183.016
-218.834
-257.605
-299.481
-344.675
-393.412
-445.753
-501.894
-562.137
-626.653
-695.522
-768.93
-847.035
-929.853
-1017.49
-1110.09
-1207.64
-1310.1
-1417.54
-1528.97
-1638.27
-1727.87
-1761.45
167.208
165.83
164.494
161.598
158.733
154.63
150.124
144.703
138.665
131.901
124.262
115.683
106.155
95.6779
84.1624
71.4829
57.512
42.2712
25.5889
7.245
-12.8069
-34.5419
-58.0304
-83.4615
-110.959
-140.665
-172.893
-207.767
-245.302
-285.538
-328.741
-375.08
-424.766
-478.102
-535.15
-595.855
-660.353
-728.85
-801.402
-878.104
-959.032
-1044.26
-1133.74
-1227.45
-1325.39
-1427.57
-1533.13
-1635.84
-1717.01
-1741.13
163.695
162.525
161.098
158.261
155.245
151.095
146.503
140.916
134.55
127.33
119.356
110.434
100.478
89.422
77.2793
63.9563
49.3151
33.1953
15.6371
-3.4399
-24.2669
-47.0091
-71.7516
-98.5585
-127.49
-158.579
-192.07
-228.139
-266.924
-308.495
-352.958
-400.443
-451.015
-504.706
-561.768
-622.379
-686.545
-754.238
-825.497
-900.357
-978.899
-1061
-1146.71
-1235.98
-1328.69
-1425.06
-1522.81
-1616.54
-1688.92
-1710.4
161.715
160.618
159.095
156.28
153.19
148.943
144.238
138.598
132.241
124.851
116.526
107.259
96.9894
85.5644
72.9326
59.0198
43.8346
27.156
8.80331
-11.2628
-33.0344
-56.6297
-82.2163
-109.882
-139.716
-171.841
-206.442
-243.622
-283.389
-325.866
-371.151
-419.324
-470.504
-524.797
-582.15
-642.562
-706.045
-772.634
-842.32
-915.105
-990.778
-1069.46
-1151.09
-1235.47
-1321.95
-1410.59
-1498.58
-1579.59
-1637.19
-1659.01
161.294
160.008
158.541
155.622
152.562
148.328
143.616
137.858
131.466
124.137
115.807
106.392
95.8939
84.2414
71.3008
56.9514
41.1789
23.9914
5.26255
-15.2477
-37.6832
-62.1259
-88.6293
-117.249
-148.125
-180.9
-216.476
-254.465
-295.023
-338.287
-384.335
-433.157
-484.719
-539.068
-596.287
-656.285
-719.05
-784.523
-852.543
-923.005
-995.99
-1071.03
-1147.98
-1226.7
-1307.15
-1387.67
-1463.23
-1526.18
-1564.03
-1583.03
162.403
160.743
159.277
156.327
153.333
149.093
144.517
138.882
132.538
125.231
117.016
107.718
97.22
85.4998
72.4466
57.9578
41.8662
24.1257
4.76448
-16.2575
-39.116
-63.9963
-91.0148
-120.269
-151.804
-185.638
-221.917
-260.662
-301.926
-345.759
-392.326
-441.618
-493.608
-548.171
-605.272
-664.956
-727.042
-791.365
-857.857
-926.323
-996.311
-1067.9
-1140.81
-1214.35
-1287.86
-1359.17
-1423.2
-1468.81
-1485.75
-1499.78
164.859
162.726
161.392
158.331
155.544
151.313
146.913
141.453
135.433
128.304
120.269
111.193
100.849
89.1937
76.1658
61.6906
45.6499
27.9002
8.27509
-13.232
-36.6643
-62.109
-89.6745
-119.47
-151.63
-186.125
-223.092
-262.504
-304.483
-348.886
-395.841
-445.444
-497.665
-552.528
-609.831
-669.284
-730.824
-794.337
-859.465
-925.979
-993.864
-1062.39
-1131.09
-1199.36
-1267.42
-1331.31
-1385.49
-1420.66
-1429.65
-1435.86
168.508
165.81
164.604
161.42
158.967
154.495
150.996
145.326
139.874
133.032
125.337
116.703
106.679
95.3312
82.556
68.1995
52.1591
34.3861
14.7665
-6.85642
-30.5614
-56.3824
-84.4041
-114.688
-147.332
-182.414
-219.979
-260.202
-303.018
-348.034
-395.578
-445.81
-498.503
-553.46
-610.707
-670.173
-731.561
-794.579
-859.011
-924.435
-990.206
-1056.4
-1122.69
-1188.24
-1251.17
-1307.56
-1352.01
-1377.78
-1390.13
-1391.9
172.989
169.723
168.638
165.303
163.169
159.105
155.722
150.821
145.516
139.145
131.673
124.082
114.31
103.396
91.1105
77.2557
61.6169
44.0428
24.4846
2.83448
-21.0376
-47.1876
-75.6517
-106.47
-139.665
-175.292
-213.422
-254.168
-297.597
-343.588
-391.705
-442.283
-495.459
-551.195
-609.114
-668.957
-730.546
-793.486
-857.406
-922.034
-987.259
-1052.3
-1116.18
-1178.92
-1238.84
-1290.67
-1325.08
-1337.58
-1349.68
-1353.06
177.838
174.084
173.185
169.828
167.825
164.339
161.086
156.839
152.071
146.419
139.792
132.332
123.49
113.156
101.358
87.9938
72.8773
55.7957
36.5601
15.1199
-8.6141
-34.7863
-63.4936
-94.6948
-128.446
-164.721
-203.517
-244.832
-288.814
-335.618
-384.982
-436.47
-490.382
-546.595
-605.082
-665.613
-727.773
-791.425
-855.96
-920.851
-985.665
-1050.37
-1113.86
-1174.94
-1230.48
-1276.5
-1305.12
-1310.69
-1314.37
-1321.22
182.798
178.744
177.821
174.736
172.688
169.707
166.708
163.018
158.848
153.904
148.135
141.47
133.595
124.291
113.332
100.666
86.174
69.6508
50.895
29.7472
6.12877
-19.988
-48.7852
-80.2974
-114.461
-151.388
-190.938
-233.166
-278.021
-325.475
-375.679
-428.137
-482.933
-540.019
-599.526
-661.159
-724.647
-789.274
-854.679
-920.333
-986.081
-1051.5
-1114.99
-1173.97
-1226.08
-1264.85
-1283.02
-1293.53
-1290.42
-1297.46
187.455
183.588
182.361
179.619
177.589
174.906
172.249
169.123
165.623
161.465
156.58
150.785
143.89
135.632
125.794
114.168
100.548
84.7948
66.7603
46.2328
22.9939
-2.97273
-31.6834
-63.3474
-97.9171
-135.339
-175.559
-218.543
-264.267
-312.8
-364.079
-417.75
-473.931
-532.375
-592.962
-655.665
-720.471
-787.066
-854.458
-922.016
-989.035
-1054.9
-1118.85
-1177.23
-1225.23
-1255.19
-1263.18
-1271.39
-1272.51
-1278.1
191.662
188.357
186.259
184.275
182.271
179.862
177.539
174.903
172.019
168.677
164.76
160.013
154.239
147.192
138.641
128.257
115.789
100.942
83.7333
63.9094
41.2692
15.6188
-13.0582
-44.7478
-79.6684
-117.732
-158.815
-202.784
-249.633
-299.173
-351.558
-406.504
-463.734
-523.357
-585.265
-649.664
-716.246
-784.779
-854.719
-924.763
-994.494
-1062.43
-1126.43
-1183.16
-1226.03
-1244.74
-1251.49
-1254.04
-1259.26
-1263.27
194.832
193.426
189.656
188.523
186.411
184.424
182.498
180.349
178.056
175.404
172.313
168.578
163.943
158.147
150.957
142.025
130.985
117.547
101.444
82.5589
60.666
35.5832
7.22243
-24.5007
-59.5506
-98.0357
-139.814
-184.821
-232.914
-283.914
-337.82
-394.49
-453.632
-514.604
-577.879
-643.386
-711.742
-782.912
-855.976
-929.832
-1003.41
-1073.46
-1136.86
-1193.31
-1230.72
-1235.78
-1242.63
-1242.67
-1249.16
-1252.88
196.444
198.624
192.662
192.512
190.155
188.575
186.935
185.227
183.517
181.588
179.317
176.58
173.106
168.598
162.792
155.343
145.867
133.891
119.087
101.483
80.4267
55.9467
28.0131
-3.67755
-39.0942
-78.2122
-120.791
-166.837
-216.162
-268.595
-323.93
-382.396
-443.236
-506.199
-570.868
-637.673
-707.248
-780.706
-857.933
-936.783
-1014.35
-1087.54
-1151.63
-1203.51
-1234.48
-1235.65
-1233.41
-1236.13
-1240.81
-1244.45
195.567
203.809
195.657
196.131
193.573
192.263
190.865
189.448
188.259
186.872
185.298
183.374
180.909
177.726
173.472
167.618
159.698
149.414
136.351
120.146
100.208
76.795
49.3042
17.7443
-17.9067
-57.5595
-101.305
-148.671
-199.789
-254.03
-311.24
-371.787
-434.536
-499.386
-565.824
-633.771
-704.484
-779.302
-859.539
-944.939
-1029.38
-1106.47
-1175.55
-1219.56
-1224.95
-1236.95
-1229.24
-1231.58
-1234.24
-1236.77
172.282
201.864
198.261
198.861
196.486
195.252
194.036
193.059
192.464
191.705
190.759
189.461
187.678
185.344
182.081
177.806
171.76
163.263
151.825
136.962
118.359
96.2155
69.0051
37.0306
1.01548
-38.9718
-83.2971
-132.181
-184.778
-241.244
-301.107
-363.633
-429.228
-495.961
-564.056
-633.218
-704.135
-780.085
-861.981
-952.788
-1045.53
-1122.76
-1177.19
-1213.88
-1221.77
-1225.99
-1225.46
-1226.91
-1227.42
-1228.1
180.403
207.133
205.168
201.764
199.163
197.493
196.044
195.084
194.467
193.84
193.816
193.513
193.029
192.142
190.28
187.384
182.942
175.905
165.859
152.219
134.119
111.625
84.7556
52.6339
15.481
-25.9446
-71.1924
-121.399
-176.193
-234.305
-296.589
-362.051
-430.666
-500.646
-570.768
-641.454
-712.282
-786.03
-868.376
-963.407
-1071.55
-1169.44
-1229.98
-1232.57
-1236.19
-1226.03
-1224.72
-1221.65
-1219.1
-1217.73
192.686
205.249
203.954
202.315
200.807
199.181
197.914
196.99
196.757
196.951
197.25
197.787
198.217
198.243
197.51
195.18
191.047
184.218
173.915
159.504
140.385
116.515
88.3325
55.34
17.0663
-26.5747
-74.8678
-127.027
-184.702
-246.185
-310.745
-379.19
-450.516
-523.24
-595.308
-665.878
-735.052
-807.555
-892.3
-997.173
-1113.99
-1219.88
-1272.5
-1260.34
-1236.37
-1227.87
-1222.68
-1216.86
-1211.17
-1207.39
202.262
204.634
203.417
202.703
201.716
200.617
199.987
199.518
199.435
200.279
201.488
203.259
204.358
204.817
204.316
202.046
197.338
189.021
176.67
160.102
138.56
111.836
79.773
42.5605
0.900268
-44.5394
-95.3844
-151.327
-211.432
-276.295
-344.316
-415.487
-489.118
-563.41
-636.166
-705.825
-775.297
-846.753
-926.576
-1028.24
-1150.67
-1260.09
-1291.78
-1289.68
-1250.95
-1236.55
-1228.07
-1219.51
-1211.14
-1205.44
208.079
206.432
205.045
203.842
202.795
201.793
201.163
201.511
203.07
205.341
207.174
208.73
210.064
211.356
211.833
209.53
203.841
194.137
178.89
158.181
131.939
100.631
64.5756
22.6587
-25.1447
-76.8478
-131.337
-190.549
-254.599
-322.77
-394.073
-467.868
-543.096
-618.524
-692.203
-762.217
-825.945
-881.458
-947.842
-1042.31
-1160.24
-1259.36
-1290.7
-1277.3
-1263.86
-1260.02
-1256.29
-1245.31
-1232.36
-1223.76
211.69
209.193
207.893
205.641
203.823
202.892
203.131
204.521
206.934
209.773
212.493
215.616
219.167
220.902
220.035
217.517
211.226
199
180.509
156.032
125.301
87.6034
44.446
-2.81311
-54.5489
-111.173
-172.46
-237.276
-306.482
-379.837
-455.883
-533.252
-610.814
-686.354
-758.913
-822.867
-867.672
-905.764
-953.282
-1021.77
-1111.04
-1190.05
-1244.07
-1264.88
-1290.9
-1312.83
-1314
-1300.87
-1284.37
-1274.1
215.197
212.894
210.583
207.401
205.058
203.915
204.026
205.483
208.78
213.776
218.308
221.693
226.317
229.673
230.111
227.778
219.748
204.132
181.235
150.972
114.254
71.7371
23.1402
-30.9237
-90.3152
-152.959
-218.784
-289.348
-364.735
-444.587
-527.259
-609.728
-690.682
-767.41
-832.803
-878.666
-904.56
-917.083
-927.013
-955.991
-1008.39
-1088.34
-1181.98
-1270.77
-1352.32
-1396.77
-1400.16
-1380.64
-1356.44
-1345.65
218.424
215.033
211.476
207.964
204.137
201.639
203.077
207.112
212.194
216.791
219.836
225.179
232.681
237.069
237.195
232.687
222.274
203.225
175.383
139.884
96.7471
47.0711
-7.49417
-66.2571
-129.605
-199.226
-272.904
-350.371
-432.076
-519.308
-609.166
-699.643
-785.228
-858.358
-910.789
-939.003
-936.983
-907.494
-879.373
-876.414
-916.358
-1022.7
-1159.29
-1295.87
-1412.1
-1466.06
-1466.6
-1437.69
-1418.26
-1410.25
220.723
216.578
211.444
205.247
199.83
196.853
199.183
204.672
204.216
209.016
218.728
224.966
229.309
235.061
237.891
232.497
217.104
190.587
153.906
110.623
62.0836
8.54836
-49.4794
-113.118
-180.936
-253.17
-331.079
-415.823
-506.787
-603.517
-704.272
-805.098
-895.191
-963.137
-1004.33
-1006.03
-965.574
-904.42
-850.252
-845.849
-912.265
-1036.84
-1181.26
-1321.66
-1435.41
-1478.28
-1468.86
-1451.68
-1441.3
-1438.7
223.711
217.116
207.72
196.16
186.958
182.233
180.525
180.536
185.135
189.085
199.267
211.897
219.771
223.702
222.056
211.395
190.161
157.553
113.826
63.1343
7.28286
-52.027
-113.418
-177.668
-247.489
-323.473
-405.939
-494.061
-592.931
-701.994
-820.273
-935.638
-1032.11
-1094.47
-1117.39
-1090.32
-1021.81
-949.46
-923.569
-946.222
-1005.27
-1095.93
-1217.2
-1343.61
-1433.09
-1463.01
-1453.51
-1442.26
-1441.63
-1444.17
222.474
210.466
195.177
173.862
149.024
137.645
143.908
141.323
151.702
166.416
178.268
184.561
187.029
185.827
175.172
150.506
115.622
74.7652
29.9449
-18.9424
-72.8979
-131.574
-194.445
-260.653
-331.788
-408.474
-495.806
-593.293
-701.605
-828.262
-969.8
-1101.09
-1199.65
-1261.2
-1264.1
-1209.82
-1145.53
-1096.33
-1081.62
-1097.95
-1141.72
-1202.73
-1283.65
-1369.62
-1423.64
-1438.9
-1432.68
-1430.58
-1436.16
-1440.33
214.763
195.575
167.025
127.01
82.0291
67.767
87.032
88.8503
91.3134
108.885
123.945
125.799
121.545
109.162
80.0324
34.5821
-17.4934
-69.0352
-113.133
-152.545
-193.84
-241.611
-295.588
-356.218
-426.914
-507.543
-597.292
-705.3
-832.127
-983.654
-1149.16
-1298.79
-1409.61
-1461.61
-1442.59
-1393.56
-1343.46
-1311.18
-1287.97
-1286.35
-1304.32
-1333.63
-1365.29
-1407.5
-1433.78
-1435.43
-1428.96
-1431.5
-1435.34
-1439.39
190.997
158.483
102.206
19.9845
-79.8203
-141.952
-138.643
-107.679
-49.3976
-1.81023
18.1024
17.0363
7.8268
-18.3606
-71.0189
-139.874
-212.647
-275.749
-319.405
-342.278
-355.165
-379.971
-418.326
-469.295
-532.324
-614.776
-712.861
-832.258
-981.213
-1162.15
-1355.77
-1529.38
-1645.81
-1681.56
-1666.22
-1625.93
-1579.13
-1538.58
-1503.38
-1479.57
-1469.26
-1469.63
-1467.92
-1466.14
-1464.44
-1455.58
-1445.72
-1442.36
-1444.79
-1450.54
108.458
59.8687
-33.8133
-191.949
-387.397
-527.034
-528.853
-425.812
-289.96
-194.249
-145.837
-127.056
-141.936
-190.025
-269.923
-367.873
-467.802
-551.518
-599.031
-595.976
-562.859
-546.633
-556.614
-592.708
-647.606
-724.244
-830.815
-968.768
-1149.11
-1363.75
-1587.71
-1771.6
-1877.21
-1915.53
-1911.19
-1868.73
-1811.75
-1759.39
-1707.45
-1658.2
-1620.38
-1591.06
-1567.1
-1541.02
-1516.46
-1496.24
-1477.52
-1464.25
-1468.91
-1473.42
-13.4338
-100.589
-242.687
-480.067
-811.505
-1096.05
-1047.48
-784.717
-539.672
-372.812
-289.76
-267.428
-295.753
-369.794
-485.865
-629.375
-779.429
-894.064
-941.65
-894.84
-802.313
-732.717
-706.2
-715.94
-763.021
-836.814
-947.893
-1102.45
-1312.97
-1562.14
-1810.14
-1994.35
-2091.7
-2136.26
-2137.67
-2088.28
-2014.52
-1946.12
-1876.89
-1807.11
-1747.18
-1695.28
-1652.45
-1613.93
-1577.25
-1547.19
-1523.14
-1505.35
-1499.06
-1505.71
-185.812
-250.71
-394.449
-635.752
-967.698
-1245.87
-1167.56
-853.067
-580.348
-413.278
-351.048
-356.712
-396.257
-505.679
-666.422
-868.736
-1091.12
-1269.79
-1299.2
-1197.84
-1036.41
-905.116
-844.795
-827.864
-855.122
-927.598
-1047.4
-1219.34
-1448.88
-1716.52
-1977.16
-2164.34
-2259.41
-2305.91
-2306.84
-2248.95
-2163.07
-2078.75
-1995.57
-1913.96
-1839.29
-1774.68
-1719.55
-1672.91
-1632.51
-1597.12
-1571.74
-1554.38
-1545.69
-1563.84
-349.483
-333.926
-390.548
-512.279
-684.461
-815.072
-812.042
-642.892
-460.578
-360.896
-337.34
-359.202
-428.393
-566.809
-756.068
-998.363
-1273.43
-1498.59
-1560.25
-1426.46
-1209.17
-1030.8
-942.471
-906.084
-912.134
-976.279
-1097.24
-1278.82
-1517.35
-1795.8
-2063.19
-2248.74
-2342.58
-2386.95
-2388.15
-2329.21
-2239.44
-2147.82
-2059.34
-1973.83
-1893.28
-1821.92
-1760.55
-1709.77
-1668.74
-1634
-1607.94
-1596.82
-1597.69
-1610
-394.702
-275.544
-240.186
-258.009
-312.681
-372.638
-403.813
-358.095
-281.791
-240.876
-251.891
-299.357
-393.163
-534.095
-731.29
-985.649
-1288.72
-1550.47
-1662.26
-1492.93
-1255.42
-1073.83
-963.956
-913.364
-909.043
-963.267
-1078.04
-1261.38
-1498.69
-1773.86
-2038.92
-2222.82
-2317.79
-2360.14
-2359.1
-2314.84
-2237.53
-2152.76
-2069.08
-1986.73
-1907.26
-1834.34
-1771.31
-1718.73
-1676.52
-1645.93
-1624.85
-1617.63
-1620.03
-1622.95
-290.079
-131.014
-45
-37.2277
-55.6914
-83.9507
-114.381
-121.586
-112.646
-116.113
-145.57
-203.418
-295.798
-431.998
-607.218
-843.238
-1134.58
-1384.76
-1445.38
-1349.2
-1143.83
-995.846
-888.457
-831.39
-821.144
-866.372
-974.979
-1148.54
-1376.1
-1642.94
-1901.38
-2089.51
-2195.84
-2246.69
-2257.43
-2229.32
-2172.68
-2104.72
-2032.32
-1957.15
-1881.22
-1809.26
-1746.4
-1694.19
-1654.27
-1628.01
-1614.08
-1609.85
-1616.03
-1623.85
-33.4428
55.6069
102.983
107.137
95.6901
75.7333
53.3004
30.9334
15.1518
-6.83617
-45.4929
-104.166
-183.311
-292.3
-438.029
-642.569
-890.715
-1136.49
-1248.56
-1141.7
-961.022
-817.178
-729.245
-673.969
-659.783
-695.968
-791.153
-948.436
-1161.74
-1415.6
-1675.19
-1876.8
-2004.88
-2076.37
-2105.88
-2099.18
-2065.85
-2016.3
-1956.03
-1888.58
-1817.39
-1747.07
-1685.49
-1635.24
-1598.56
-1576.4
-1568.05
-1571.61
-1585.61
-1608.24
127.511
161.98
184.834
190.738
177.155
163.612
143.648
125.141
102.765
75.6031
40.2703
-9.25371
-76.3735
-164.049
-275.456
-424.828
-622.703
-828.719
-969.395
-912.718
-772.081
-602.226
-518.872
-471.227
-450.341
-468.48
-546.804
-684.205
-877.944
-1119.84
-1378.74
-1598.45
-1757.37
-1859.7
-1915.07
-1933.11
-1922.01
-1889.92
-1842.09
-1783.33
-1718.25
-1651.21
-1591.24
-1543.32
-1508.51
-1488.57
-1484.41
-1495.43
-1518.99
-1555.99
186.959
206.308
217.195
224.976
223.992
215.067
201.449
183.351
158.326
132.981
101.583
61.139
11.9906
-49.0388
-129.56
-236.798
-375.283
-530.673
-663.327
-682.353
-565.753
-430.183
-312.172
-253.149
-224.616
-222.928
-272.702
-385.832
-554.464
-776.248
-1024.41
-1258.73
-1450
-1589.68
-1678.47
-1726.88
-1741.12
-1728.94
-1696.02
-1647.58
-1589.85
-1527.62
-1469.97
-1423.41
-1389.17
-1369.87
-1368.07
-1381.53
-1408.54
-1463.99
196.187
213.894
226.457
235.358
239.779
236.269
227.315
212.805
193.879
172.774
149.527
120.273
82.1552
34.6204
-20.7531
-87.9716
-178.677
-290.697
-384.711
-433.193
-384.554
-268.78
-143.373
-64.6314
-15.5485
0.897456
-21.4735
-100.404
-236.567
-424.813
-651.905
-887.082
-1098.39
-1269.39
-1398.02
-1483.74
-1530.05
-1543.2
-1529.33
-1493.14
-1442.97
-1385.81
-1330.52
-1284.83
-1250.69
-1231.2
-1228.34
-1239.51
-1268.59
-1332.94
197.124
211.299
223.467
232.241
236.435
238.493
235.334
226.581
214.94
199.733
180.47
156.901
129.372
97.5852
59.3271
13.039
-41.4452
-105.7
-172.143
-215.301
-206.393
-128.261
-19.1715
97.6054
155.44
194.338
195.201
145.771
44.8772
-108.472
-305.182
-526.989
-746.972
-943.222
-1103.1
-1225.3
-1307.04
-1348.35
-1355.16
-1332.81
-1290.23
-1237.66
-1184.89
-1140.11
-1106.07
-1085.81
-1081
-1089.88
-1118.77
-1168.72
195.945
209.251
219.215
226.575
232.341
236.007
235.035
231.059
223.651
213.059
199.957
183.647
163.564
139.376
111.795
82.0755
48.3665
11.9413
-20.9401
-45.8425
-53.476
-10.4049
78.9015
174.793
282.193
357.147
376.098
355.068
286.884
168.376
5.87216
-192.461
-405.868
-615.363
-803.482
-963.011
-1085.96
-1161.72
-1190.66
-1181.93
-1146.19
-1097.81
-1047.62
-1003.79
-969.499
-947.701
-940.147
-945.738
-969.66
-1009.86
192.583
203.413
212.741
221.262
227.564
232.017
233.708
231.974
227.382
221.18
212.001
200.061
185.367
168.311
149.614
128.666
106.271
84.4725
67.1584
61.1107
67.4617
81.8148
132.377
215.28
319.189
410.114
481.946
507.306
469.181
387.731
260.439
93.2307
-102.919
-299.121
-510.535
-708.044
-877.153
-1000.12
-1060.95
-1064.17
-1030.62
-983.383
-933.897
-889.427
-853.197
-828.248
-817.242
-818.59
-836.733
-868.805
190.7
199.54
207.499
215.765
222.882
227.662
230.832
231.169
228.929
225.042
218.921
210.849
200.666
188.737
175.282
161.206
146.948
132.754
122.345
119.905
129.669
152.291
181.212
228.384
307.199
396.086
476.684
519.235
534.726
512.644
446.562
324.774
169.207
-23.7555
-244.998
-480.119
-702.896
-876.214
-980.8
-1000.6
-962.218
-905.366
-850.428
-802.561
-763.265
-735.547
-721.256
-718.299
-730.67
-754.254
186.619
195.942
204.469
211.527
218.025
222.726
226.362
228.382
228.551
226.752
222.954
218.186
211.666
203.418
194.276
184.24
173.784
164.861
159.158
158.002
164.011
180.92
211.719
250.035
289.57
351.511
417.243
470.705
510.987
521.373
493.634
420.214
320.836
180.044
-29.9926
-285.824
-564.014
-812.939
-972.988
-1005.87
-953.217
-875.346
-805.214
-749.086
-705.261
-674.652
-657.03
-649.628
-656.419
-672.544
180.588
192.266
200.214
206.68
212.89
218.861
223.078
225.644
227.157
227.305
225.858
223.155
218.749
213.114
206.51
199.048
191.77
185.027
179.862
179.009
183.596
194.205
213.901
245.331
283.66
323.453
364.172
406.626
437.503
453.065
447.296
418.335
362.234
258.276
90.3093
-149.004
-448.278
-785.521
-1033.99
-1092.31
-1007.99
-894.521
-801.132
-731.969
-681.417
-646.507
-624.672
-612.644
-613.758
-623.286
170.722
190.246
198.127
203.815
209.943
215.641
219.863
223.593
226.293
226.884
226.718
225.136
222.044
218.036
213.009
207.192
201.081
195.082
191.027
189.676
191.678
199.768
215.302
235.943
264.243
299.594
333.098
360.6
380.825
390.881
385.713
366.283
325.957
253.341
121.495
-86.2892
-375.561
-755.943
-1116.99
-1227.35
-1109.9
-954.156
-831.377
-743.896
-683.03
-641.397
-616.287
-599.887
-595.011
-597.931
159.079
192.515
198.382
203.773
209.278
214.453
218.773
222.125
224.38
225.517
225.772
224.682
222.467
219.275
215.295
210.813
205.454
201.055
198.616
198.148
200.008
206.204
217.813
234.623
255.351
279.501
306.046
325.186
337.25
339.891
330.938
308.498
267.582
199.156
83.583
-104.544
-385.179
-756.736
-1182.12
-1336.56
-1212.83
-1030.79
-885.673
-780.541
-706.396
-657.389
-621.957
-599.73
-589.988
-587.986
250.049
246.428
244.534
243.537
243.034
242.781
242.544
242.158
241.695
241.286
240.885
240.475
240.05
239.634
239.264
239.028
238.899
238.714
238.441
238.001
237.312
236.747
236.299
235.816
235.165
234.33
233.292
231.887
229.917
227.208
223.676
219.233
213.799
207.109
198.727
188.279
175.273
159.413
140.191
117.048
89.2501
55.9468
16.3042
-30.4895
-85.1959
-148.708
-221.603
-304.847
-402.78
-504.49
248.398
247.139
246.471
246.173
246.096
246.229
246.446
246.494
246.395
246.307
246.23
246.179
246.167
246.202
246.359
246.661
247.067
247.503
247.895
248.264
248.633
249.085
249.727
250.416
251.123
251.747
252.221
252.463
252.332
251.728
250.573
248.756
246.084
242.39
237.294
230.504
221.729
210.418
196.135
178.372
156.571
129.958
97.6024
58.7713
12.7995
-41.0385
-103.535
-176.168
-260.939
-347.179
248.353
248.55
248.969
249.346
249.614
250.096
250.732
251.241
251.557
251.826
252.105
252.421
252.829
253.379
254.119
255.006
256.011
257.128
258.316
259.6
261.066
262.688
264.509
266.487
268.602
270.741
272.882
274.932
276.832
278.463
279.751
280.538
280.649
279.929
278.204
275.142
270.467
263.617
254.161
241.768
225.832
205.608
180.369
149.415
112.098
67.7629
15.5111
-45.6079
-116.433
-186.325
249.852
250.798
252.004
253.066
253.812
254.562
255.434
256.318
257.11
257.805
258.458
259.148
260.038
261.193
262.608
264.166
265.846
267.702
269.793
272.099
274.672
277.511
280.619
283.974
287.564
291.327
295.233
299.211
303.209
307.151
310.918
314.382
317.432
319.918
321.604
322.231
321.464
319.079
314.608
307.501
297.244
283.261
264.889
241.419
212.327
176.992
134.657
84.639
26.2692
-28.1458
252.603
253.958
255.699
257.381
258.541
259.507
260.636
261.854
263.113
264.295
265.413
266.542
267.946
269.742
271.833
274.093
276.52
279.22
282.252
285.662
289.429
293.546
298.017
302.845
307.994
313.466
319.231
325.25
331.456
337.788
344.146
350.439
356.505
362.176
367.272
371.611
374.931
376.862
377.028
375.046
370.413
362.486
350.688
334.539
313.462
286.759
253.91
214.622
168.604
127.222
256.355
257.994
260.155
262.283
263.812
265.003
266.4
267.988
269.708
271.398
272.995
274.636
276.59
279.052
281.883
284.947
288.198
291.789
295.846
300.399
305.411
310.872
316.758
323.092
329.886
337.153
344.854
352.989
361.468
370.25
379.229
388.296
397.324
406.172
414.698
422.701
429.989
436.305
441.268
444.377
445.039
442.803
437.231
427.758
413.85
395.067
370.984
341.035
304.847
274.038
261.049
262.866
265.308
267.748
269.568
271.048
272.72
274.671
276.82
279.023
281.138
283.327
285.886
289.031
292.633
296.497
300.634
305.187
310.332
316.087
322.384
329.202
336.547
344.45
352.936
362.039
371.735
381.983
392.742
403.941
415.502
427.335
439.35
451.417
463.398
475.136
486.392
496.811
506.016
513.587
519.157
522.297
522.502
519.403
512.53
501.233
484.908
463.431
436.966
415.419
266.57
268.479
271.082
273.734
275.793
277.531
279.47
281.805
284.428
287.125
289.781
292.549
295.761
299.625
304.023
308.743
313.821
319.396
325.608
332.522
340.111
348.316
357.138
366.633
376.848
387.793
399.456
411.797
424.804
438.399
452.536
467.126
482.079
497.276
512.562
527.751
542.601
556.857
570.177
582.191
592.499
600.677
606.394
609.055
607.893
602.404
592.479
577.979
558.739
543.976
272.788
274.693
277.351
280.112
282.356
284.345
286.593
289.316
292.407
295.589
298.768
302.137
306.031
310.617
315.79
321.39
327.39
333.941
341.235
349.346
358.214
367.796
378.108
389.179
401.072
413.802
427.368
441.756
456.934
472.855
489.452
506.65
524.356
542.458
560.795
579.216
597.504
615.341
632.395
648.327
662.831
675.526
685.788
693.015
696.872
697.15
693.471
685.539
673.492
664.505
279.513
281.328
283.944
286.74
289.136
291.362
293.914
297.028
300.543
304.192
307.901
311.883
316.441
321.744
327.68
334.109
341.017
348.556
356.916
366.174
376.291
387.204
398.92
411.489
424.964
439.385
454.76
471.084
488.31
506.39
525.257
544.85
565.074
585.812
606.959
628.346
649.732
670.861
691.44
711.123
729.454
745.866
759.945
771.349
779.691
784.48
785.229
781.722
774.154
768.87
286.509
288.17
290.664
293.431
295.934
298.403
301.257
304.73
308.632
312.723
316.942
321.502
326.699
332.665
339.323
346.529
354.292
362.769
372.131
382.448
393.698
405.828
418.828
432.757
447.686
463.666
480.707
498.776
517.838
537.841
558.74
580.465
602.929
626.059
649.743
673.8
698.003
722.054
745.578
768.15
789.328
808.757
826.073
840.881
852.876
861.703
866.934
868.401
866.127
864.222
293.515
294.985
297.284
299.96
302.557
305.24
308.399
312.179
316.413
320.893
325.584
330.674
336.46
343.014
350.29
358.2
366.745
376.066
386.334
397.6
409.844
423.031
437.174
452.328
468.57
485.932
504.409
523.988
544.624
566.287
588.921
612.471
636.892
662.103
687.962
714.272
740.756
767.09
792.928
817.92
841.729
863.986
884.314
902.334
917.605
929.459
937.464
941.283
940.964
940.408
300.262
301.506
303.579
306.115
308.773
311.663
315.07
319.104
323.622
328.401
333.495
339.085
345.334
352.379
360.193
368.691
377.907
387.954
398.963
411.005
424.076
438.147
453.239
469.413
486.718
505.193
524.829
545.607
567.505
590.483
614.509
639.555
665.567
692.444
720.023
748.077
776.332
804.494
832.237
859.231
885.105
909.483
931.924
951.947
969.06
983.036
993.906
1001.49
1005.43
1007.72
306.465
307.494
309.318
311.688
314.373
317.436
321.069
325.28
329.932
334.959
340.395
346.368
353.014
360.418
368.605
377.564
387.303
397.91
409.497
422.13
435.819
450.562
466.375
483.309
501.414
520.717
541.213
562.882
585.706
609.662
634.74
660.909
688.11
716.221
745.064
774.415
804.01
833.554
862.728
891.197
918.604
944.57
968.699
990.649
1010.06
1026.44
1038.82
1046.32
1049.6
1050.95
311.898
312.724
314.294
316.482
319.173
322.377
326.161
330.461
335.183
340.344
346.03
352.279
359.161
366.79
375.221
384.477
394.572
405.563
417.529
430.539
444.617
459.774
476.033
493.457
512.079
531.904
552.933
575.151
598.546
623.112
648.845
675.717
703.657
732.536
762.172
792.339
822.777
853.189
883.259
912.644
940.986
967.899
992.962
1015.67
1035.46
1051.95
1065.15
1075.43
1082.57
1087.01
316.397
317.035
318.374
320.361
323.025
326.345
330.218
334.505
339.186
344.393
350.208
356.611
363.613
371.305
379.811
389.198
399.473
410.652
422.789
435.938
450.147
465.456
481.901
499.524
518.353
538.388
559.621
582.042
605.652
630.448
656.435
683.578
711.805
740.991
770.955
801.467
832.271
863.075
893.556
923.364
952.128
979.448
1004.92
1028.17
1048.87
1066.73
1081.33
1092.07
1098.6
1102.26
319.831
320.297
321.447
323.282
325.873
329.243
333.158
337.338
341.865
347.008
352.844
359.271
366.247
373.879
382.313
391.644
401.896
413.067
425.165
438.229
452.329
467.53
483.883
501.414
520.145
540.069
561.176
583.466
606.935
631.578
657.401
684.378
712.429
741.441
771.249
801.634
832.332
863.051
893.468
923.234
951.963
979.255
1004.71
1027.97
1048.68
1066.51
1081.03
1091.85
1098.67
1102.65
322.166
322.551
323.551
325.225
327.742
331.077
334.909
338.944
343.269
348.226
353.956
360.293
367.121
374.532
382.754
391.889
401.934
412.887
424.739
437.517
451.299
466.151
482.139
499.3
517.635
537.141
557.801
579.618
602.613
626.759
652.039
678.437
705.879
734.249
763.402
793.136
823.202
853.309
883.134
912.335
940.543
967.351
992.31
1014.94
1034.74
1051.4
1064.86
1075.3
1082.47
1086.75
323.465
323.856
324.714
326.264
328.651
331.898
335.628
339.417
343.449
348.173
353.677
359.791
366.35
373.469
381.336
390.105
399.816
410.369
421.774
434.072
447.306
461.606
477.012
493.565
511.248
530.049
549.979
571.022
593.206
616.534
640.947
666.408
692.862
720.209
748.31
776.976
805.961
834.99
863.744
891.879
919.039
944.846
968.896
990.784
1010.12
1026.41
1038.9
1046.88
1050.66
1052.29
323.854
324.288
325.053
326.497
328.743
331.844
335.396
338.915
342.608
346.992
352.204
357.982
364.181
370.894
378.314
386.614
395.805
405.859
416.685
428.326
440.864
454.388
468.983
484.703
501.505
519.373
538.293
558.288
579.37
601.542
624.771
648.972
674.074
700.001
726.629
753.794
781.258
808.738
835.917
862.45
887.976
912.133
934.53
954.721
972.203
986.601
997.773
1005.5
1009.44
1011.42
323.444
323.942
324.754
326.095
328.151
331.062
334.391
337.585
340.904
344.925
349.773
355.142
360.906
367.112
374.022
381.747
390.339
399.722
409.861
420.754
432.471
445.109
458.776
473.462
489.195
505.914
523.627
542.354
562.093
582.859
604.61
627.278
650.775
675.009
699.878
725.214
750.8
776.354
801.56
826.078
849.555
871.616
891.89
909.991
925.412
937.53
945.915
950.368
950.925
950.521
322.487
323.045
323.942
325.161
327.031
329.73
332.773
335.637
338.585
342.196
346.592
351.521
356.795
362.488
368.822
375.906
383.803
392.436
401.787
411.802
422.609
434.255
446.856
460.418
474.941
490.375
506.706
523.969
542.19
561.328
581.357
602.207
623.8
646.047
668.852
692.062
715.46
738.763
761.64
783.735
804.686
824.099
841.552
856.694
869.236
878.684
884.437
886.183
883.846
881.232
321.354
321.893
322.723
323.853
325.553
327.974
330.718
333.26
335.839
339.046
342.967
347.39
352.108
357.284
362.998
369.444
376.6
384.47
392.954
402.078
411.879
422.48
433.937
446.282
459.48
473.529
488.393
504.095
520.645
538.034
556.21
575.092
594.605
614.638
635.118
655.916
676.815
697.545
717.768
737.108
755.191
771.64
786.002
797.801
806.673
812.248
813.999
811.511
804.607
798.398
320.175
320.701
321.401
322.353
323.829
325.986
328.423
330.599
332.821
335.634
339.11
343
347.17
351.748
356.856
362.634
369.034
376.111
383.714
391.929
400.721
410.24
420.521
431.596
443.413
455.986
469.299
483.355
498.16
513.699
529.906
546.708
564.019
581.734
599.741
617.93
636.091
653.946
671.166
687.377
702.164
715.155
725.946
734.039
738.943
740.287
737.67
730.605
718.691
707.564
319.112
319.552
320.078
320.82
322.055
323.913
325.967
327.8
329.705
332.112
335.133
338.504
342.15
346.151
350.681
355.739
361.414
367.641
374.42
381.692
389.519
397.971
407.087
416.877
427.345
438.428
450.163
462.536
475.561
489.181
503.356
518.009
533.034
548.368
563.844
579.344
594.635
609.441
623.426
636.234
647.448
656.654
663.424
667.229
667.542
663.841
655.756
642.952
624.911
608.173
318.319
318.549
318.836
319.354
320.338
321.831
323.467
325.002
326.608
328.635
331.178
334.023
337.163
340.663
344.598
349.012
353.965
359.368
365.305
371.65
378.545
385.945
393.919
402.451
411.554
421.181
431.36
442.071
453.297
465.008
477.139
489.621
502.348
515.243
528.159
540.904
553.25
564.886
575.483
584.679
592.06
597.176
599.622
598.863
594.327
585.446
571.627
552.533
527.808
504.182
317.948
317.811
317.753
318.011
318.724
319.786
320.99
322.21
323.549
325.249
327.331
329.693
332.354
335.358
338.744
342.568
346.809
351.481
356.58
362.098
368.062
374.49
381.361
388.678
396.432
404.659
413.307
422.396
431.876
441.713
451.812
462.151
472.625
483.113
493.467
503.433
512.792
521.212
528.352
533.824
537.218
538.035
535.829
530.082
520.179
505.546
485.561
459.605
427.093
395.583
318.253
317.423
316.846
316.793
317.193
317.842
318.638
319.539
320.614
321.955
323.583
325.516
327.762
330.327
333.213
336.452
340.04
344.023
348.362
353.1
358.204
363.718
369.554
375.748
382.247
389.105
396.279
403.78
411.568
419.59
427.75
435.965
444.249
452.387
460.181
467.363
473.691
478.884
482.543
484.266
483.629
480.111
473.193
462.368
446.952
426.273
399.705
366.609
326.241
285.151
319.38
317.335
316.145
315.746
315.77
316.027
316.428
317.027
317.852
318.884
320.123
321.662
323.516
325.674
328.103
330.801
333.809
337.164
340.812
344.791
349.07
353.683
358.599
363.776
369.177
374.751
380.524
386.48
392.629
398.897
405.245
411.423
417.505
423.354
428.68
433.133
436.395
438.265
438.424
436.359
431.616
423.699
411.985
395.932
374.899
348.107
314.861
274.289
225.202
174.384
321.537
317.642
315.685
314.89
314.515
314.42
314.546
314.889
315.462
316.216
317.148
318.332
319.807
321.544
323.531
325.743
328.229
331.045
334.123
337.449
340.963
344.682
348.711
352.946
357.366
361.842
366.309
370.799
375.39
379.987
384.492
388.829
392.698
396.129
398.905
400.75
401.113
399.647
396.15
390.27
381.467
369.129
352.578
331.214
304.471
271.527
231.739
184.512
127.32
67.3503
216.307
207.494
208.62
211.239
214.176
216.997
220.905
224.791
228.532
228.451
228.761
205.268
128.991
12.1129
-232.347
-493.314
-656.23
-495.456
-154.174
76.623
157.668
175.42
182.332
183.105
183.076
181.388
179.769
179.445
179.374
186.59
226.444
216.781
215.009
213.593
215.878
218.728
222.48
228.265
233.613
237.052
239.204
208.854
134.42
-0.890707
-284.243
-647.186
-899.711
-652.409
-215.577
53.7923
127.47
158.277
169.591
171.889
175.206
173.711
174.256
176.484
180.108
189.081
221.668
218.164
218.227
216.056
218.546
221.189
225.375
231.739
238.202
240.629
234.318
211.215
141.931
-12.4038
-262.652
-585.038
-778.663
-558.568
-213.521
33.0595
105.292
144.974
158.908
162.209
166.765
166.948
168.732
170.929
173.399
175.516
216.901
216.462
218.228
218.288
220.876
223.554
227.202
232.046
235.185
233.405
222.822
191.163
112.871
-30.9209
-219.464
-419.39
-484.648
-306.976
-105.043
46.761
105.065
137.211
150.182
155.497
159.218
160.056
162.206
163.109
163.575
162.87
214.607
215.586
217.812
219.017
221.455
223.993
226.404
229.26
228.845
219.104
187.072
132.418
42.6072
-70.4702
-182.204
-254.766
-228.719
-99.9365
17.1185
85.0868
119.329
139.888
147.586
151.267
153.638
154.352
154.946
154.773
154.317
154.318
214.295
215.298
217.317
218.645
220.55
222.809
223.671
222.764
217.924
198.385
154.056
57.4231
-51.4679
-127.8
-167.549
-149.037
-58.3336
34.5035
102.777
124.184
138.851
147.846
149.554
149.913
149.997
149.27
148.568
147.669
146.688
147.583
214.325
214.87
216.853
218.349
219.924
221.783
221.67
218.268
208.35
188.636
125.351
-22.7061
-165.702
-234.857
-207.205
-124.35
4.29759
100.7
148.086
152.493
154.444
154.481
151.478
148.662
146.567
143.99
142.528
141.152
139.894
140.513
214.208
214.391
216.69
218.646
220.133
221.109
220.326
217.618
204.017
172.817
113.685
-41.8846
-231.717
-331.082
-267.473
-120.402
23.4006
118.534
162.897
168.072
163.559
156.889
150.593
145.516
141.405
137.912
135.481
133.97
132.669
132.868
213.22
213.651
216.165
219.064
221.226
221.573
221.966
220.545
207.813
185.118
116.885
-8.82626
-185.099
-281.057
-229.429
-88.801
48.9241
142.372
168.211
164.164
163.851
155.074
146.335
139.581
134.392
130.502
127.503
125.866
125.035
124.67
210.944
211.949
214.617
218.031
221.694
224.655
227.868
228.407
221.411
209.338
160.717
76.6201
-60.3083
-145.399
-151.031
-70.4147
39.0915
121.515
157.898
155.088
150.44
147.86
139.602
132.497
126.848
122.515
119.29
117.606
116.653
115.974
206.682
208.244
212.17
216.937
222.934
229.093
235.556
241.506
243.15
232.999
205.083
145.274
44.3604
-43.8601
-103.813
-82.9074
-25.9275
50.3359
105.534
123.748
134.839
136.234
129.885
123.612
117.956
113.679
110.693
108.824
107.419
106.84
200.577
202.703
207.304
213.934
223.06
233.598
244.01
254.468
262.464
250.19
232.815
179.97
96.746
-2.59364
-96.9202
-141.04
-139.56
-62.0183
23.5837
76.4981
110.164
119.559
116.334
111.472
107.026
103.48
100.886
99.0315
97.6026
97.2413
192.827
195.692
201.663
210.377
223.004
238.019
251.791
262.187
272.609
262.53
245.27
191.583
104.96
-12.3549
-141.91
-241.686
-269.713
-182.418
-62.7864
31.3306
81.0146
98.6196
99.8943
97.632
94.4807
91.9859
89.7189
88.2724
87.3077
87.0739
182.698
186.233
193.857
204.67
218.242
234.675
249.089
261.494
278.724
269.876
244.445
187.277
97.0135
-33.9921
-205.007
-374.986
-420.204
-302.166
-132.829
-1.70701
59.4106
75.9115
81.9535
82.1302
80.9754
79.5757
78.0026
77.0668
76.4868
76.0982
169.486
173.262
181.08
192.295
207.251
224.892
240.994
255.006
268.877
257.332
225.842
166.537
78.2892
-49.4049
-202.812
-381.488
-451.512
-352.722
-166.242
-40.4136
28.5941
53.5437
64.6427
66.4138
67.1379
66.8596
65.9165
65.4735
65.1247
64.7255
149.723
153.287
161.757
173.804
191.528
213.445
228.786
235.683
240.691
227.761
195.543
138.67
60.1498
-44.9829
-165.354
-291.523
-335
-266.822
-141.687
-48.1305
10.2861
35.4121
47.9958
52.0433
53.6264
54.545
53.3575
53.83
53.4772
53.5611
124.946
127.673
135.016
146.01
161.794
183.224
194.522
190.818
185.036
174.954
148.33
104.534
46.8822
-27.4498
-106.429
-179.953
-198.271
-151.754
-87.3607
-30.4778
5.63174
24.694
34.1851
38.959
40.9124
41.8677
41.6708
42.04
41.8064
42.0942
95.0372
96.5339
103.131
113.349
125.848
140.508
142.3
126.742
111.799
106.145
90.6792
67.4571
35.4783
-4.36838
-43.9664
-84.4893
-96.1101
-67.801
-40.2582
-11.3233
6.10935
18.2739
24.0479
27.4601
28.841
29.6094
29.49
29.9563
29.8076
30.2841
59.5976
61.7218
67.0406
73.9272
80.8815
78.8616
68.1497
48.9617
33.0045
35.0226
33.6267
34.0435
27.3668
14.1451
-1.99076
-21.2595
-38.5242
-32.7408
-15.0055
-4.31011
4.241
12.0692
14.1927
16.4009
17.3108
17.7175
17.5308
17.8758
17.9323
18.209
21.9763
25.1985
27.9501
30.7575
32.8716
31.5449
28.6608
6.59198
-37.5782
-49.4924
-21.7622
0.349318
9.48676
10.4871
3.14191
-0.950967
-6.9
-8.29255
-1.90064
-2.48504
-0.00200738
3.90862
3.78821
4.57736
5.1674
5.53923
5.52479
5.60643
5.52047
5.73637
)
;

boundaryField
{
    INLET
    {
        type            zeroGradient;
    }
    OUTLET
    {
        type            fixedValue;
        value           uniform 0;
    }
    WALL
    {
        type            zeroGradient;
    }
    CYLINDER
    {
        type            zeroGradient;
    }
    frontAndBackPlanes
    {
        type            empty;
    }
}


// ************************************************************************* //
