/*--------------------------------*- C++ -*----------------------------------*\
| =========                 |                                                 |
| \\      /  F ield         | OpenFOAM: The Open Source CFD Toolbox           |
|  \\    /   O peration     | Version:  v1912                                 |
|   \\  /    A nd           | Website:  www.openfoam.com                      |
|    \\/     M anipulation  |                                                 |
\*---------------------------------------------------------------------------*/
FoamFile
{
    version     2.0;
    format      ascii;
    class       volScalarField;
    location    "0.39";
    object      p;
}
// * * * * * * * * * * * * * * * * * * * * * * * * * * * * * * * * * * * * * //

dimensions      [0 2 -2 0 0 0 0];


internalField   nonuniform List<scalar> 
6600
(
216.556
212.411
210.583
209.451
208.718
208.425
208.408
208.611
209.057
209.782
210.771
212.119
213.811
215.866
218.237
220.909
223.814
226.994
230.495
234.307
238.407
242.744
247.382
252.317
257.536
262.891
268.293
273.686
279.076
284.335
289.347
293.897
297.885
300.994
303.057
304.017
303.574
301.031
295.735
287.418
275.812
260.259
240.068
214.525
182.956
144.203
97.8974
44.5989
-20.1134
-89.9669
214.235
210.521
209.162
208.041
207.314
206.996
206.911
206.988
207.266
207.866
208.779
209.913
211.394
213.16
215.2
217.535
220.135
222.959
226.044
229.385
232.874
236.447
240.219
244.149
248.311
252.696
257.049
261.298
265.313
268.971
272.233
274.887
276.705
277.397
276.72
274.616
270.888
265.006
256.272
244.236
228.451
208.331
183.191
152.344
115.416
71.0313
18.9339
-40.59
-109.531
-182.253
211.387
207.97
207.22
206.275
205.647
205.293
205.166
205.249
205.529
206.038
206.916
208.012
209.338
210.859
212.603
214.55
216.781
219.229
221.821
224.638
227.639
230.674
233.735
236.859
239.891
242.952
245.964
248.791
251.278
253.239
254.509
255.013
254.476
252.724
249.338
244.131
236.974
227.425
214.81
198.675
178.623
153.995
124.12
88.2994
46.0772
-3.49978
-60.7136
-124.858
-195.388
-266.54
208.365
205.183
204.983
204.147
203.623
203.285
203.096
203.152
203.537
204.125
204.894
205.916
207.108
208.464
209.981
211.641
213.463
215.493
217.648
219.864
222.133
224.482
226.781
228.963
231.028
232.85
234.484
235.727
236.431
236.481
235.757
233.949
230.933
226.521
220.342
212.042
201.376
188.075
171.626
151.436
126.959
97.8262
63.5251
23.3325
-23.328
-77.0322
-137.982
-204.767
-275.356
-342.672
205.251
202.306
202.451
201.458
201.021
200.715
200.543
200.564
200.88
201.497
202.283
203.184
204.203
205.352
206.626
208.034
209.471
210.95
212.539
214.179
215.791
217.296
218.756
220.079
220.914
221.468
221.497
221.035
219.965
218
215.011
210.911
205.439
198.296
189.18
177.832
163.894
146.946
126.623
102.515
74.1865
41.1467
3.00953
-40.7074
-90.504
-146.847
-209.828
-277.648
-346.939
-408.855
202.069
199.199
199.509
198.176
197.79
197.489
197.369
197.435
197.692
198.103
198.707
199.465
200.311
201.194
202.124
203.125
204.196
205.24
206.183
207
207.76
208.347
208.644
208.803
208.619
207.886
206.479
204.249
201.19
197.224
192.069
185.603
177.534
167.692
155.796
141.429
124.303
104.119
80.4597
52.9514
21.3232
-14.7797
-55.7115
-101.813
-153.357
-210.714
-274.066
-341.647
-408.393
-463.058
198.791
195.931
196.231
194.591
194.208
193.825
193.639
193.657
193.825
194.08
194.375
194.773
195.263
195.819
196.37
196.857
197.283
197.653
197.951
198.092
197.944
197.551
196.87
195.539
193.943
191.596
188.568
184.741
179.866
173.771
166.526
157.751
147.266
134.827
120.184
103.129
83.2829
60.2823
33.881
3.81961
-30.1426
-68.3204
-110.92
-158.134
-210.164
-267.293
-329.699
-395.525
-458.145
-503.918
195.037
192.19
192.46
190.806
190.52
190.045
189.765
189.594
189.5
189.468
189.458
189.458
189.448
189.458
189.474
189.441
189.28
188.9
188.26
187.397
186.236
184.58
182.591
180.137
176.941
173.181
168.515
162.829
156.118
148.167
138.734
127.752
115.006
100.287
83.3157
63.807
41.601
16.4456
-11.9396
-43.7487
-79.1335
-118.262
-161.329
-208.484
-259.875
-315.785
-375.961
-438.445
-495.901
-531.735
190.927
188.108
188.273
186.763
186.445
185.822
185.395
185.061
184.72
184.352
183.986
183.59
183.134
182.576
181.907
181.075
180.049
178.885
177.428
175.535
173.299
170.646
167.269
163.315
158.489
152.94
146.603
139.26
130.688
120.81
109.455
96.4809
81.6789
64.8176
45.8136
24.508
0.608588
-26.0571
-55.6578
-88.351
-124.233
-163.432
-205.993
-251.996
-301.623
-355.282
-412.674
-470.9
-522.079
-548.28
186.268
183.774
183.726
182.278
181.918
181.164
180.524
179.934
179.308
178.659
177.951
177.149
176.201
175.1
173.798
172.288
170.467
168.219
165.636
162.62
159.026
155.031
150.503
145.142
139.091
132.031
123.895
114.693
104.364
92.6832
79.5318
64.7428
48.1657
29.7236
9.17036
-13.6345
-38.7162
-66.2318
-96.315
-129.107
-164.668
-203.021
-244.23
-288.344
-335.426
-385.751
-439.454
-493.071
-538.172
-556.776
181.1
178.933
178.671
177.217
176.688
175.796
175.057
174.262
173.363
172.381
171.298
170.072
168.617
166.91
164.899
162.549
159.878
156.857
153.334
149.359
144.744
139.352
133.336
126.51
118.791
110.185
100.599
89.8531
77.8031
64.4811
49.6788
33.3362
15.3157
-4.51205
-26.1295
-49.6781
-75.3202
-103.093
-133.072
-165.302
-199.82
-236.668
-275.789
-317.152
-360.908
-407.361
-456.208
-504.72
-545.002
-559.434
175.347
173.475
173.179
171.826
171.212
170.088
169.149
168.131
166.949
165.626
164.125
162.359
160.371
158.074
155.454
152.473
148.958
144.918
140.276
135.13
129.416
123.003
115.703
107.647
98.6271
88.558
77.352
65.0908
51.6621
36.8647
20.7033
3.06226
-16.0526
-36.7203
-59.0938
-83.1393
-108.857
-136.335
-165.589
-196.663
-229.553
-264.215
-300.639
-338.759
-378.453
-420.218
-462.915
-504.338
-537.634
-551.249
169.122
167.657
167.397
166.074
165.457
164.221
163.109
161.813
160.289
158.587
156.629
154.361
151.778
148.852
145.469
141.631
137.449
132.709
127.319
121.173
114.325
106.769
98.1783
88.657
78.2515
66.9197
54.5278
40.8914
26.0534
10.0463
-7.23294
-25.7858
-45.7184
-67.0115
-89.6098
-113.599
-139.007
-165.777
-193.916
-223.397
-254.155
-286.169
-319.32
-353.439
-388.648
-424.616
-459.686
-490.564
-511.04
-522.455
162.884
161.77
161.472
160.265
159.585
158.251
157.014
155.428
153.59
151.531
149.118
146.39
143.27
139.745
135.812
131.228
125.973
120.195
113.888
106.863
99.0014
90.2757
80.8854
70.4118
58.847
46.1604
32.4326
17.6989
1.823
-15.2654
-33.5156
-52.9093
-73.3623
-94.9151
-117.575
-141.283
-165.99
-191.684
-218.283
-245.732
-274.007
-302.975
-332.486
-362.321
-392.47
-421.728
-448.203
-467.721
-475.369
-482.141
156.809
155.974
155.652
154.562
153.77
152.305
150.942
149.122
147.037
144.653
141.872
138.676
135.061
130.915
126.261
121.175
115.414
108.863
101.567
93.5724
84.8325
75.085
64.3563
52.7505
40.2183
26.605
11.8549
-4.05768
-21.0232
-38.9918
-57.9753
-77.9314
-98.8612
-120.657
-143.203
-166.446
-190.297
-214.656
-239.551
-264.876
-290.403
-316.062
-341.681
-367.255
-391.968
-414.432
-433.035
-445.376
-451.056
-453.408
150.927
150.324
150.126
149.066
148.228
146.698
145.157
143.109
140.825
138.158
135.068
131.535
127.5
122.957
117.753
111.855
105.372
98.1853
90.232
81.3438
71.5609
61.0743
49.5777
36.9765
23.2774
8.57649
-7.14943
-23.9212
-41.804
-60.7027
-80.503
-101.11
-122.374
-144.209
-166.57
-189.3
-212.262
-235.39
-258.501
-281.545
-304.494
-327.088
-349.076
-370.404
-390.357
-407.778
-420.621
-427.303
-434.078
-434.832
145.424
145.251
145.03
143.829
142.966
141.462
139.832
137.637
135.159
132.23
128.837
125.005
120.629
115.666
110.163
103.957
96.9565
89.1557
80.5269
71.0894
60.6615
49.0322
36.5006
23.0536
8.48625
-7.17352
-23.95
-41.7703
-60.5263
-80.2624
-100.834
-122.102
-143.931
-166.151
-188.506
-210.846
-232.971
-254.718
-276.204
-297.334
-317.858
-337.643
-356.489
-374.217
-390.353
-403.556
-412.459
-417.205
-419.834
-421.256
140.497
140.501
140.252
139.195
138.309
136.772
135.065
132.8
130.216
127.112
123.522
119.415
114.777
109.535
103.574
96.952
89.5879
81.4223
72.3149
62.2221
51.2933
39.2769
26.0137
11.5815
-3.83579
-20.387
-38.0754
-56.8892
-76.7539
-97.4567
-118.965
-141.093
-163.622
-186.353
-209.049
-231.382
-253.151
-274.175
-294.222
-313.526
-332.119
-349.396
-365.238
-379.692
-392.242
-401.835
-407.204
-411.984
-412.854
-413.73
136
136.342
136.159
135.195
134.323
132.672
131.003
128.656
125.981
122.772
119.091
114.835
109.97
104.553
98.4665
91.5926
83.9457
75.4908
66.1296
55.7555
44.2096
31.5775
17.8555
2.8145
-13.4707
-30.9213
-49.5559
-69.3691
-90.3185
-112.262
-134.955
-158.217
-181.792
-205.439
-228.899
-251.816
-273.617
-294.016
-313.222
-331.291
-347.75
-362.424
-375.511
-386.69
-395.39
-400.907
-405.821
-408.177
-409.412
-409.725
132.412
132.852
132.612
131.866
131.024
129.483
127.766
125.39
122.636
119.365
115.616
111.301
106.35
100.706
94.4352
87.4407
79.6182
70.9401
61.346
50.8109
39.2601
26.5067
12.3365
-3.08571
-19.9313
-38.171
-57.7617
-78.6668
-100.773
-123.964
-148.109
-172.97
-198.221
-223.42
-248.247
-272.323
-295.166
-316.143
-334.726
-351.177
-365.873
-378.254
-387.774
-394.505
-398.936
-402.257
-405.281
-407.609
-408.951
-409.045
129.54
130.179
129.974
129.263
128.426
127.032
125.322
123.025
120.295
117.024
113.224
108.85
103.907
98.2814
91.9274
84.8858
77.0747
68.3815
58.7776
48.1294
36.3189
23.3509
9.06148
-6.70243
-23.9086
-42.5002
-62.7636
-84.624
-107.985
-132.722
-158.635
-185.358
-212.574
-240.023
-267.257
-293.647
-318.286
-340.316
-359.296
-375.124
-387.616
-396.998
-402.724
-404.434
-404.526
-406.314
-408.321
-410.672
-411.895
-411.927
127.226
127.864
127.883
127.379
126.622
125.318
123.71
121.515
118.85
115.62
111.884
107.47
102.487
96.8857
90.5786
83.5138
75.6817
67.0806
57.5441
47.0805
35.5965
22.7895
8.61107
-7.07191
-24.4159
-43.5941
-64.4699
-87.1314
-111.629
-137.894
-165.698
-194.838
-224.815
-254.925
-284.921
-314.396
-342.477
-367.725
-388.422
-403.781
-414.257
-420.055
-420.524
-417.366
-415.051
-414.052
-415.066
-416.602
-417.563
-417.503
125.399
126.042
126.285
125.958
125.437
124.272
122.769
120.751
118.245
115.121
111.452
107.15
102.226
96.6514
90.4508
83.5406
75.8278
67.3205
57.9922
47.6484
36.2698
23.8239
9.8802
-5.60649
-22.7457
-41.8975
-62.9527
-86.1293
-111.552
-139.23
-169.004
-200.483
-233.386
-267.394
-301.634
-335.57
-368.344
-397.973
-422.135
-438.865
-447.069
-446.863
-440.734
-434.261
-428.751
-425.744
-424.43
-424.105
-423.926
-424.009
123.885
124.656
125.071
124.866
124.66
123.709
122.418
120.563
118.187
115.243
111.685
107.494
102.709
97.1564
90.9783
84.1676
76.6627
68.3425
59.2912
49.4609
38.5383
26.5099
13.218
-1.59493
-18.3491
-37.0952
-58.1622
-81.606
-107.611
-136.409
-168.1
-202.329
-238.512
-276.153
-314.903
-354.303
-393.379
-430.319
-460.974
-480.216
-484.555
-475.43
-464.096
-453.595
-445.691
-439.393
-434.281
-430.745
-428.888
-428.501
122.163
123.34
124.06
124.099
124.162
123.461
122.493
120.902
118.738
116.006
112.622
108.586
103.868
98.4626
92.3662
85.5956
78.2021
70.1283
61.2483
51.6315
41.3279
29.9704
17.4094
3.45806
-12.3543
-30.3076
-50.7494
-73.7821
-99.82
-129.285
-162.312
-198.712
-238.179
-280.214
-324.241
-369.883
-417.333
-464.172
-502.482
-526.635
-526.625
-509.734
-490.755
-475.275
-462.329
-451.197
-441.916
-434.772
-430.64
-429.268
120.2
122.231
122.693
123.307
123.832
123.363
122.801
121.485
119.573
117.091
113.891
110.008
105.398
100.048
94.0089
87.2246
79.8288
71.8893
63.3338
54.0114
44.1043
33.6545
22.2769
9.58818
-4.7187
-21.2261
-40.3811
-62.6484
-88.1957
-117.484
-151.201
-189.917
-232.481
-278.306
-327.392
-379.678
-435.394
-492.979
-545.403
-575.818
-570.679
-547.44
-517.233
-493.778
-474.286
-458.632
-445.643
-434.664
-427.65
-424.763
117.767
121.306
121.102
122.675
123.325
123.268
123.161
122.17
120.726
118.501
115.56
111.891
107.419
102.129
96.0957
89.3141
81.7822
73.754
65.2894
56.2971
46.6347
36.7692
26.4777
15.2665
2.74154
-11.6704
-28.8053
-49.3656
-73.4872
-101.704
-134.906
-174.135
-219.467
-269.315
-323.526
-382.209
-447.184
-516.573
-582.477
-619.531
-610.769
-578.44
-543.566
-514.513
-489.155
-466.645
-447.156
-431.246
-420.742
-415.488
114.615
121.243
119.337
122.181
122.827
123.147
123.281
122.757
121.808
119.919
117.318
113.839
109.554
104.299
98.1913
91.404
83.6067
75.2601
66.442
57.3031
47.9402
38.513
29.3189
19.9507
9.85035
-1.75128
-16.1267
-33.7131
-55.5382
-82.0309
-114.131
-152.904
-199.805
-252.215
-310.796
-376.33
-448.12
-526.366
-600.972
-639.277
-636.787
-601.423
-573.123
-547.769
-522.36
-495.765
-468.954
-444.496
-426.782
-416.945
109.445
121.179
117.639
121.272
122.312
123.01
123.451
123.165
122.627
121.221
119.082
115.955
111.941
106.884
100.632
93.6288
85.7718
76.8253
67.6047
58.3566
48.9904
39.6653
31.422
23.4626
15.4829
6.60916
-4.20002
-17.8479
-35.7233
-59.0321
-88.1633
-125.027
-171.99
-228.148
-290.463
-361.225
-442.731
-527.787
-598.484
-633.823
-635.94
-620.071
-603.655
-587.072
-567.14
-541.496
-509.26
-477.265
-455.699
-445.398
86.8725
117.045
116.333
119.967
121.351
122.418
123.15
122.895
122.903
122.06
120.275
117.576
113.717
108.781
102.695
95.2483
87.3637
78.2555
68.2024
58.8035
49.3528
39.7624
31.291
25.1252
19.1995
12.3442
6.40032
-1.89595
-14.9751
-33.732
-59.7365
-95.0895
-140.459
-197.758
-262.828
-334.983
-419.184
-511.263
-566.048
-613.557
-629.944
-633.703
-631.297
-626.842
-619.093
-600.65
-568.776
-532.412
-507.391
-496.991
119.797
115.07
112.704
111.257
110.178
109.42
108.712
107.902
107.03
106.236
105.473
104.706
103.793
102.782
101.87
100.915
99.8128
98.5855
97.3194
95.5317
93.7451
91.8857
89.7347
87.2263
84.2768
81.0398
77.6864
73.892
69.2219
63.5363
56.8577
49.0306
39.9517
29.3393
16.7401
1.81694
-15.854
-36.8758
-61.7033
-90.86
-124.986
-164.792
-211.205
-265.234
-327.825
-400.073
-482.136
-572.674
-680.853
-799.047
116.627
111.68
109.874
108.115
106.607
105.388
104.301
103.239
102.179
101.084
99.9488
98.8174
97.666
96.2155
94.6354
93.0441
91.2792
89.1906
87.1624
84.8898
82.2363
79.292
76.0088
72.3116
68.11
63.1127
57.626
51.7682
45.1309
37.17
27.7711
16.9996
4.73833
-9.37398
-25.8322
-44.9916
-67.2604
-93.2523
-123.546
-158.663
-199.314
-246.238
-300.322
-362.825
-434.239
-515.781
-607.791
-708.745
-825.61
-953.461
112.207
107.037
105.837
103.901
102.14
100.646
99.2019
97.7384
96.3223
94.8824
93.3967
91.7883
90.1466
88.4965
86.463
84.1458
81.6989
78.9975
75.8156
72.4713
68.8077
64.7085
60.1008
54.9547
49.3674
43.0686
35.6762
27.394
18.2723
7.88712
-4.19839
-18.0901
-33.8287
-51.7014
-72.2736
-96.04
-123.412
-154.872
-190.998
-232.406
-279.942
-334.413
-396.14
-466.953
-547.064
-637.673
-738.787
-849.032
-970.648
-1100.89
107.076
101.664
100.833
98.5049
96.6538
94.9483
93.2622
91.5114
89.7075
87.8591
85.9179
83.915
81.5893
79.1909
76.6086
73.6623
70.311
66.7338
62.8332
58.4363
53.5185
48.1833
42.2728
35.5774
28.0369
19.8499
10.6376
0.166107
-11.6227
-24.9276
-40.0186
-57.0642
-76.3982
-98.4536
-123.594
-152.138
-184.577
-221.54
-263.594
-311.404
-365.789
-427.504
-497.216
-575.761
-663.762
-762.464
-871.837
-989.595
-1113.96
-1242.38
101.362
95.6944
95.2618
92.3474
90.5299
88.6001
86.5702
84.5063
82.3848
80.1398
77.7066
75.0753
72.2895
69.0906
65.6477
61.9457
57.8643
53.2044
48.038
42.4576
36.2181
29.3933
21.9437
13.7846
4.57767
-5.74409
-17.2265
-30.1214
-44.601
-60.8529
-79.2182
-99.7905
-122.853
-148.933
-178.422
-211.821
-249.612
-292.306
-340.515
-394.807
-455.905
-524.518
-601.246
-686.752
-781.739
-887.242
-1003.05
-1126.22
-1252.29
-1377.53
95.0074
89.0556
89.0048
85.556
83.833
81.7247
79.4654
77.1166
74.6557
72.0046
69.2195
66.0159
62.491
58.6095
54.3564
49.6062
44.4435
38.932
32.7623
25.853
18.2088
9.7032
0.296555
-9.96942
-21.1904
-33.6153
-47.3349
-62.7267
-79.9881
-99.325
-120.95
-145.131
-172.144
-202.535
-236.741
-275.061
-317.95
-366
-419.818
-480.042
-547.206
-621.947
-704.798
-796.267
-896.924
-1007.73
-1128.46
-1255.94
-1383.53
-1505.01
88.0978
82.0753
82.2792
78.1143
76.7041
74.1493
71.6827
69.1236
66.3495
63.35
59.9525
56.3189
52.2436
47.7127
42.7179
37.2574
31.0023
24.0468
16.52
8.28742
-0.742349
-10.8165
-21.9435
-34.2396
-47.8293
-62.7899
-79.2589
-97.4038
-117.44
-139.82
-164.923
-192.892
-224.001
-258.515
-296.928
-339.769
-387.542
-440.764
-499.975
-565.612
-638.131
-718.093
-805.969
-902.079
-1006.82
-1121.18
-1245.39
-1376.35
-1504.97
-1621.05
80.6389
74.7179
75.0384
70.2828
69.119
66.1961
63.5503
60.6474
57.4684
54.0943
50.2087
45.8489
41.0766
35.8454
29.9983
23.5742
16.6492
8.79473
-0.00755073
-9.75576
-20.4503
-32.2587
-45.2977
-59.595
-75.2859
-92.5745
-111.661
-132.818
-156.107
-181.685
-209.982
-241.437
-276.333
-314.972
-357.775
-405.143
-457.471
-515.216
-578.873
-648.955
-725.868
-810.019
-901.758
-1001.45
-1109.29
-1226.12
-1352.52
-1485.52
-1613.9
-1722.18
72.5501
66.9949
67.1058
62.4973
61.0529
57.8632
55.054
51.8219
48.2301
44.1469
39.7693
34.9159
29.4676
23.3975
16.7433
9.18984
0.869099
-8.21422
-18.1992
-29.2352
-41.3685
-54.7325
-69.458
-85.7996
-103.791
-123.544
-145.211
-169.018
-195.194
-224.007
-255.709
-290.601
-329.172
-371.688
-418.366
-469.527
-525.673
-587.352
-654.985
-728.885
-809.346
-896.77
-991.382
-1093.27
-1202.72
-1320.67
-1447.91
-1581.48
-1707.49
-1804.25
63.8596
59.0484
58.6854
54.6659
52.9878
49.5772
46.4473
42.8442
38.8947
34.3518
29.186
23.5093
17.2598
10.294
2.61122
-5.80903
-15.2474
-25.608
-37.0251
-49.6624
-63.491
-78.6539
-95.1192
-113.154
-133.085
-155.038
-179.199
-205.775
-234.887
-266.708
-301.548
-339.65
-381.27
-426.891
-476.928
-531.681
-591.397
-656.381
-726.991
-803.62
-886.588
-976.133
-1072.54
-1175.98
-1286.44
-1404.47
-1530.71
-1662.31
-1783.97
-1867.49
55.1082
51.1376
50.5049
46.8205
44.9362
41.4372
38.064
34.0625
29.5102
24.5672
18.9989
12.69
5.60162
-2.25579
-11.0773
-20.7744
-31.4802
-43.1943
-55.937
-69.9159
-85.332
-102.291
-120.893
-141.127
-163.149
-187.245
-213.562
-242.31
-273.807
-308.282
-345.906
-386.906
-431.633
-480.343
-533.283
-590.703
-652.939
-720.369
-793.344
-872.093
-956.805
-1047.75
-1144.97
-1248.55
-1358.66
-1475.75
-1599.65
-1727.09
-1843.03
-1913.02
46.5927
43.4202
42.6863
39.2331
37.123
33.5146
29.9641
25.7491
20.8792
15.2741
9.03522
2.08647
-5.70552
-14.3735
-24.0047
-34.6701
-46.446
-59.5369
-73.9384
-89.5919
-106.613
-125.167
-145.451
-167.665
-191.881
-218.221
-246.894
-278.088
-311.977
-348.862
-388.991
-432.478
-479.495
-530.38
-585.455
-645.08
-709.497
-778.868
-853.317
-933.129
-1018.55
-1109.71
-1206.86
-1309.99
-1419
-1534.12
-1654.65
-1776.61
-1885.14
-1942.22
38.3771
35.8631
35.1048
31.8875
29.7247
26.0676
22.2545
17.7027
12.6898
6.90593
0.253387
-7.31494
-15.8003
-25.3044
-35.8346
-47.5217
-60.3439
-74.422
-89.9547
-107.099
-125.862
-146.284
-168.462
-192.5
-218.639
-247.009
-277.736
-311.027
-347.064
-386.033
-428.186
-473.784
-523.008
-576.067
-633.162
-694.429
-760.059
-830.353
-905.638
-986
-1071.49
-1162.31
-1258.48
-1359.97
-1466.76
-1578.95
-1695.78
-1811.8
-1911.1
-1956.23
30.6318
28.782
28.0943
25.1342
22.961
19.3698
15.5741
10.9121
5.43961
-0.761753
-7.7602
-15.6775
-24.622
-34.6919
-45.9087
-58.3966
-72.2433
-87.5384
-104.27
-122.521
-142.535
-164.37
-188.175
-214.024
-242.059
-272.382
-305.135
-340.448
-378.495
-419.486
-463.611
-510.986
-561.864
-616.391
-674.695
-737.016
-803.622
-874.611
-949.995
-1029.97
-1114.72
-1204.2
-1298.53
-1397.78
-1501.82
-1610.64
-1723.26
-1833.24
-1923.35
-1957.22
23.9811
22.4944
21.941
19.3883
17.2435
13.6663
9.8204
5.26619
-0.157164
-6.54118
-13.9508
-22.3374
-31.7654
-42.3134
-54.1149
-67.2262
-81.744
-97.7978
-115.602
-135.161
-156.475
-179.663
-204.83
-232.089
-261.629
-293.579
-328.039
-365.111
-404.92
-447.64
-493.38
-542.335
-594.545
-650.284
-709.731
-772.966
-839.948
-910.85
-985.922
-1065.23
-1148.65
-1236.36
-1328.38
-1424.57
-1524.94
-1629.41
-1736.75
-1840.8
-1923.07
-1947.11
18.1712
17.3358
16.671
14.5222
12.6578
9.4145
5.64837
0.922177
-4.57727
-10.8397
-18.1213
-26.6699
-36.3633
-47.2932
-59.5565
-73.288
-88.5932
-105.403
-123.824
-144.129
-166.431
-190.795
-217.292
-245.962
-276.896
-310.258
-346.213
-384.809
-426.141
-470.313
-517.466
-567.649
-621.123
-677.891
-737.979
-801.424
-868.497
-939.247
-1013.57
-1091.46
-1173.16
-1258.47
-1347.38
-1440
-1536.18
-1635.85
-1736.64
-1832.76
-1906.78
-1927.73
13.2735
13.0566
12.6172
10.7934
9.05544
6.23553
2.95311
-1.36149
-6.84221
-13.4338
-20.6633
-28.9052
-38.53
-49.5966
-62.0755
-76.0689
-91.7748
-109.352
-128.727
-149.869
-172.938
-198.112
-225.516
-255.247
-287.411
-322.054
-359.221
-399.082
-441.722
-487.269
-535.708
-587.072
-641.299
-698.592
-759.092
-822.957
-890.012
-960.152
-1033.47
-1110.08
-1189.68
-1272.37
-1358.17
-1446.75
-1537.75
-1630.99
-1723.09
-1807.46
-1867.44
-1888.78
9.39253
9.45822
9.37084
8.14033
6.85031
4.35791
1.41315
-2.48252
-7.18243
-13.1388
-20.4144
-28.6067
-38.0588
-49.0221
-61.6153
-75.8063
-91.6478
-109.335
-129.088
-150.962
-174.903
-200.983
-229.322
-259.984
-293.057
-328.783
-367.211
-408.26
-451.978
-498.448
-547.764
-599.991
-655.194
-713.323
-774.333
-838.064
-904.629
-974.247
-1046.7
-1121.58
-1199.01
-1278.84
-1360.84
-1444.92
-1530.76
-1616.87
-1698.18
-1766.35
-1807.66
-1826.26
6.18185
6.74995
6.91193
6.16418
5.46746
3.76322
1.52995
-1.65382
-5.75011
-10.8242
-17.369
-25.2453
-34.474
-45.1343
-57.503
-71.751
-87.8973
-105.92
-125.871
-147.995
-172.405
-199.117
-228.251
-259.87
-293.95
-330.484
-369.821
-411.914
-456.768
-504.427
-554.871
-607.964
-663.769
-722.255
-783.391
-847.335
-914.072
-983.085
-1054.29
-1127.82
-1203.28
-1280.37
-1359.02
-1438.77
-1518.94
-1597.11
-1667.64
-1719.44
-1740.74
-1754.81
3.3789
4.4376
5.06848
4.93644
4.83165
3.91597
2.39062
0.0453581
-3.18544
-7.27778
-12.6772
-19.6344
-28.2273
-38.3983
-50.2436
-64.0425
-79.908
-97.9986
-118.294
-140.768
-165.583
-192.766
-222.477
-254.912
-290.016
-327.582
-367.892
-410.983
-456.718
-505.188
-556.44
-610.495
-667.097
-726.28
-788.074
-852.268
-918.504
-987.112
-1057.98
-1130.38
-1203.99
-1278.67
-1353.93
-1429.12
-1504.57
-1575.77
-1636.74
-1677.83
-1689.11
-1695.66
0.487008
2.10029
3.1078
3.74946
4.52352
4.57575
4.26515
3.03218
0.943649
-2.15601
-6.52217
-12.4419
-19.8979
-29.1808
-40.3999
-53.6538
-69.0034
-86.6251
-106.766
-129.358
-154.478
-181.89
-212.329
-245.473
-281.263
-319.75
-361.077
-405.088
-451.934
-501.429
-553.679
-608.561
-666.195
-726.292
-788.554
-852.934
-919.781
-988.566
-1058.69
-1130.21
-1202.81
-1275.95
-1349.4
-1422.29
-1492.92
-1557.18
-1609.2
-1640.88
-1654.06
-1655.54
-2.97761
-0.615427
0.840324
2.42696
4.06051
5.01912
5.79265
5.88715
5.21415
3.53567
0.576997
-3.85867
-9.96026
-17.9334
-27.9547
-40.1991
-54.8427
-71.9103
-91.6191
-114.124
-139.332
-167.114
-198.016
-231.798
-268.443
-307.873
-350.112
-395.236
-443.103
-493.824
-547.342
-603.384
-661.738
-722.455
-785.614
-851.163
-918.375
-987.117
-1057.68
-1129.34
-1201.55
-1273.84
-1345.59
-1416.63
-1484.59
-1544.36
-1587.45
-1606.87
-1619.38
-1620.86
-7.15224
-3.82136
-2.08573
0.457489
3.10549
5.27323
7.28602
8.78982
9.61271
9.52848
8.2169
5.40695
0.831817
-5.61425
-14.1693
-25.0383
-38.5263
-54.7302
-73.6992
-95.698
-120.789
-148.636
-179.962
-214.305
-251.577
-291.871
-335.118
-381.303
-430.353
-482.171
-536.672
-593.962
-653.913
-716.261
-780.668
-846.758
-914.837
-984.896
-1055.99
-1128.05
-1200.71
-1273.49
-1345.77
-1416.06
-1480.22
-1534.91
-1571.55
-1581.33
-1586.37
-1590.73
-11.9101
-7.62067
-5.80592
-2.26488
1.16436
4.41443
7.77274
10.7759
13.2538
14.9649
15.5809
14.7473
12.205
7.67074
0.901848
-8.30149
-20.2841
-35.3495
-53.4927
-74.734
-99.3227
-127.202
-158.611
-193.458
-231.558
-272.728
-317.028
-364.354
-414.843
-468.306
-524.495
-583.01
-644.144
-707.496
-773.019
-840.848
-910.578
-981.567
-1053.86
-1127.07
-1200.94
-1275.07
-1347.9
-1416.83
-1478.8
-1527.36
-1553.63
-1564.39
-1562.27
-1567.8
-18.174
-12.5327
-10.8259
-6.03823
-1.8515
2.51474
7.12971
11.5893
15.7679
19.3513
21.9949
23.3047
22.9732
20.6263
15.9499
8.72384
-1.29836
-14.5382
-31.3361
-51.6692
-75.6251
-103.252
-134.68
-169.713
-208.318
-250.486
-295.943
-344.618
-396.219
-450.97
-508.767
-569.203
-631.985
-697.29
-764.84
-834.155
-905.091
-977.801
-1052.02
-1127.15
-1202.7
-1278.04
-1352.18
-1421.4
-1480.92
-1521.15
-1535.28
-1544.26
-1543.26
-1548.11
-25.4212
-17.8366
-16.8937
-11.1093
-6.46276
-1.13059
4.73221
10.6653
16.6178
22.2607
27.1486
30.9676
33.2185
33.4369
31.1987
26.1773
18.1738
6.86205
-8.17738
-27.1608
-50.1734
-77.3135
-108.631
-143.977
-183.072
-225.879
-272.503
-322.66
-376.109
-432.487
-491.833
-554.178
-619.054
-686.178
-755.248
-826.299
-899.402
-974.329
-1050.54
-1127.72
-1205.75
-1283.1
-1358.15
-1426.94
-1483.19
-1515.29
-1522.85
-1524.88
-1527.83
-1531.4
-33.7718
-23.8298
-24.0708
-17.1931
-12.4056
-6.36293
0.545378
7.78105
15.2888
22.809
29.8577
36.0778
40.9341
43.9675
44.7421
42.7045
37.398
28.4162
15.4219
-1.88748
-23.6241
-49.8809
-80.7438
-116.188
-155.798
-199.432
-247.125
-298.612
-353.829
-412.511
-474.257
-538.722
-605.352
-674.463
-745.956
-819.45
-894.364
-970.835
-1049.33
-1129.36
-1210.13
-1289.57
-1366.02
-1435.8
-1486.76
-1506.8
-1514.94
-1511.38
-1515.12
-1518.03
-43.1547
-29.9758
-31.7469
-23.7038
-19.1343
-12.7821
-5.40647
2.78225
11.761
21.1234
30.4995
39.3969
47.0847
53.0956
56.8903
57.8726
55.5255
49.304
38.7538
23.4902
3.29663
-21.8906
-52.1375
-87.5483
-127.51
-172.073
-220.942
-274.027
-330.84
-391.326
-455.359
-522.348
-592.166
-663.966
-737.778
-812.93
-889.725
-968.472
-1049.36
-1131.81
-1215.37
-1298.29
-1375.59
-1443.54
-1490.21
-1500.6
-1502.82
-1501.02
-1503.12
-1505.57
-53.8582
-37.3779
-39.3374
-30.7715
-25.8029
-19.2749
-12.1262
-3.63103
6.10799
16.511
27.6452
39.0123
49.7502
59.0581
66.3467
70.7728
71.5431
68.2447
60.6334
48.0212
29.9349
6.17778
-23.0935
-57.9481
-98.6438
-144.18
-194.386
-249.231
-308.456
-371.6
-438.362
-508.083
-580.473
-654.886
-731.323
-809.204
-888.048
-968.409
-1050.54
-1135.59
-1222.49
-1308.84
-1390.1
-1454.99
-1486.73
-1497.22
-1491.68
-1491.03
-1491.46
-1493.21
-87.5906
-51.0733
-47.8386
-39.6938
-33.2994
-26.3796
-19.2002
-10.8535
-0.694067
10.596
23.2486
37.5124
51.9483
63.7069
73.137
80.453
85.1492
85.4866
80.7068
70.5498
54.393
31.9192
3.82747
-30.4849
-71.9156
-118.726
-170.247
-226.711
-287.871
-353.776
-423.333
-496.547
-572.308
-650.364
-729.771
-809.823
-890.698
-973.031
-1055.78
-1141.71
-1230.77
-1316.06
-1390.42
-1449.85
-1475.43
-1485.54
-1478.51
-1479.16
-1478.92
-1479.95
-80.4061
-52.8176
-48.7479
-44.4172
-39.2802
-33.2078
-26.677
-18.7274
-8.21424
4.28356
17.7687
32.7374
49.8143
65.7527
78.44
89.0783
96.9446
101.153
99.5249
91.5286
77.132
55.3537
26.4023
-8.82299
-50.7378
-99.0314
-152.494
-210.717
-274.151
-342.607
-415.881
-492.414
-572.096
-653.822
-737.321
-820.518
-903.939
-986.914
-1070.29
-1155.73
-1245.17
-1333.8
-1409.64
-1452.39
-1470.7
-1466.62
-1464.2
-1464.92
-1465.14
-1465.42
-69.2645
-57.5697
-51.4568
-46.5816
-41.7806
-36.7114
-30.0615
-21.6065
-10.5324
4.0027
20.5858
37.8914
54.8419
71.5649
87.0932
100.168
108.391
112.269
111.779
103.798
87.4009
63.0036
31.0232
-6.87546
-51.3548
-102.149
-157.908
-218.467
-284.088
-355.014
-431.177
-511.469
-594.536
-680.021
-766.819
-853.243
-938.165
-1022.52
-1108.33
-1190.89
-1275.14
-1356.02
-1418.95
-1446.35
-1451
-1447.27
-1448.55
-1449.81
-1450.38
-1450.19
-66.3392
-60.65
-54.4121
-49.7382
-44.1671
-38.1917
-31.3983
-22.4104
-9.55143
8.46408
29.4693
48.0745
66.3411
86.1786
103.393
113.866
120.93
123.735
119.935
107.998
87.1765
58.3415
21.3687
-22.6327
-72.0481
-126.555
-184.666
-247.818
-316.538
-390.977
-470.138
-554.011
-640.572
-729.262
-818.668
-907.653
-995.915
-1083.54
-1161.59
-1235.59
-1308.33
-1370.56
-1408.82
-1425.02
-1423.68
-1428
-1432.49
-1435.6
-1436.61
-1435.93
-68.2552
-63.8499
-58.0689
-53.3761
-48.2902
-42.9698
-35.9672
-25.2534
-9.602
11.2717
35.0762
60.2965
83.0934
100.846
116.434
128.918
136.839
137.866
129.721
112.12
83.9842
46.5581
2.68559
-47.3318
-103.335
-164.611
-228.569
-294.801
-366.698
-444.509
-528.411
-615.612
-706.147
-797.43
-889.279
-982.307
-1073.6
-1151.49
-1218.49
-1280.6
-1332.42
-1366.07
-1383.41
-1388.49
-1397.87
-1408.84
-1418.73
-1425.16
-1427.34
-1426.24
-71.6356
-67.6179
-64.0339
-61.4478
-56.8074
-51.626
-45.5534
-35.8076
-18.0495
10.5331
43.7689
64.2918
81.9783
107.697
127.041
137.805
143.824
143.638
133.46
111.162
76.9828
31.824
-21.7247
-80.2748
-142.63
-208.876
-279.647
-352.942
-429.939
-511.815
-599.378
-691.515
-785.459
-880.034
-976.899
-1071.58
-1153.73
-1219.5
-1274.61
-1314.58
-1334.83
-1341.78
-1344.8
-1357.7
-1376.1
-1396.39
-1413.98
-1424.77
-1428
-1426.31
-78.2089
-73.987
-71.6027
-70.6635
-69.6767
-70.571
-69.1724
-59.3207
-33.5299
-0.599374
22.6461
51.4095
78.1483
100.682
120.425
134.568
142.767
142.16
127.07
95.819
52.2002
-0.086966
-58.3832
-121.596
-189.813
-261.867
-335.55
-413.32
-495.828
-585.54
-678.806
-776.637
-875.365
-976.599
-1076.35
-1165.56
-1235.52
-1288.72
-1321.15
-1328.42
-1319.39
-1313.44
-1321.6
-1340.62
-1366.3
-1395.86
-1421.3
-1436.31
-1440.62
-1438.82
-84.6102
-82.3517
-83.8318
-87.2967
-93.0152
-100.871
-108.712
-103.675
-80.3042
-49.9338
-19.7658
17.0422
54.9734
82.6307
103.951
118.357
122.442
115.692
93.7404
57.1454
7.5059
-51.1893
-115.006
-181.099
-248.197
-320.655
-397.727
-479.363
-566.872
-661.604
-762.269
-867.547
-976.215
-1085.6
-1184.79
-1264.94
-1322.86
-1352.82
-1351.27
-1329.93
-1311.93
-1310.18
-1321.55
-1342.59
-1372.55
-1406.22
-1436.84
-1454.8
-1460.32
-1459.03
-94.7139
-93.7157
-100.952
-111.756
-128.545
-153.947
-189.712
-208.734
-178.568
-143.327
-69.3279
-20.8114
16.6774
43.808
62.4305
74.0077
70.9024
48.0469
12.5534
-30.0028
-78.4033
-131.841
-191.32
-256.597
-324.342
-393.984
-469.41
-550.87
-643.23
-744.112
-854.895
-971.47
-1093.06
-1207
-1302.45
-1373.08
-1409.73
-1405.84
-1375.98
-1349.79
-1336.85
-1335.18
-1345.84
-1366.18
-1394.29
-1426.31
-1456.21
-1475.63
-1482.78
-1482.41
-105.741
-110.946
-126.988
-152.638
-193.73
-266.263
-357.406
-407.54
-338.72
-256.576
-189.194
-118.006
-63.8255
-31.8984
-14.1801
-12.36
-32.3985
-70.3422
-116.205
-164.893
-212.285
-257.404
-305.386
-356.779
-415.889
-481.429
-555.408
-635.907
-729.126
-836.761
-961.519
-1096.05
-1229.18
-1342.85
-1432.48
-1484.99
-1487.84
-1458.7
-1426.87
-1402.52
-1388.46
-1385.81
-1393.11
-1408.38
-1430.06
-1455.9
-1481.13
-1498.87
-1507.21
-1508.31
-116.157
-131.985
-165.897
-222.23
-309.357
-454.751
-625.016
-734.91
-682.13
-522.715
-373.416
-259.926
-187.26
-147.913
-133.337
-146.528
-186.448
-241.194
-296.064
-349.414
-387.733
-415.418
-447.607
-485.698
-530.559
-583.46
-649.468
-730.754
-829.69
-950.433
-1089.5
-1239.75
-1378.12
-1493.14
-1567.85
-1588.88
-1571.28
-1539.46
-1507.27
-1480.99
-1464.13
-1456.56
-1457.46
-1465.49
-1478.14
-1495.24
-1513.01
-1526.98
-1534.32
-1537.51
-130.344
-156.851
-215.721
-315.07
-470.084
-698.231
-998.71
-1197.78
-1091.87
-817.05
-587.031
-421.856
-323.697
-285.735
-287.435
-325.817
-392.507
-472.18
-547.31
-598.403
-616.927
-611.619
-608.271
-623.412
-656.03
-701.097
-758.078
-837.741
-944.184
-1084.37
-1240.93
-1400.06
-1539.35
-1643.59
-1693.34
-1698.96
-1680.3
-1648.03
-1612.21
-1580.89
-1557.99
-1541.82
-1533.92
-1532.58
-1535.55
-1543.02
-1553.32
-1562.24
-1567.36
-1573.94
-134.552
-177.436
-266.741
-404.71
-623.852
-930.342
-1281.38
-1494.76
-1296.44
-927.916
-671.791
-516.495
-441.408
-424.055
-455.18
-530.177
-636.499
-754.065
-851.63
-900.624
-888.986
-842.558
-791.103
-772.375
-781.575
-817.462
-873.925
-958.549
-1078.18
-1234.38
-1406.8
-1568.35
-1697.03
-1779.94
-1820.84
-1828.69
-1813.24
-1778.88
-1737.19
-1697.84
-1663.48
-1635.57
-1616
-1603.62
-1597.39
-1596.1
-1599.45
-1604.74
-1610.29
-1620.55
-126.34
-179.955
-268.156
-431.4
-651.855
-917.726
-1178.19
-1274.42
-1123.9
-843.204
-638.038
-544.001
-516.164
-528.314
-601.344
-724.136
-885.341
-1057.4
-1189.83
-1220.95
-1166.08
-1074.51
-972.992
-921.143
-907.141
-927.729
-983.106
-1075.76
-1210.76
-1381.31
-1561.69
-1716.6
-1828.21
-1902.15
-1952.67
-1975.25
-1961.61
-1923.85
-1872.14
-1819.25
-1769.53
-1728
-1695.21
-1671.54
-1656.15
-1648.4
-1647.34
-1651.27
-1658.1
-1667.22
-93.2414
-149.3
-227.605
-357.37
-516.766
-684.245
-822.766
-877.428
-813.411
-669.448
-550.33
-513.869
-520.078
-571.86
-694.868
-861.319
-1070.36
-1286.8
-1439.57
-1465.33
-1384.62
-1261.16
-1123.13
-1042.84
-1012.85
-1021.15
-1078.49
-1180.71
-1322.91
-1497.18
-1678.23
-1825.78
-1926.61
-2003.62
-2071.15
-2111.82
-2100.7
-2055.83
-1994.11
-1925.39
-1860.7
-1805.66
-1761.62
-1728.84
-1706.62
-1693.99
-1690.68
-1694.21
-1700.75
-1706.69
-48.7951
-96.9879
-154.419
-234.981
-332.233
-430.773
-509.437
-545.106
-522.361
-458.491
-418.917
-422.496
-466.713
-565.074
-710.566
-905.196
-1147.31
-1392.68
-1557.72
-1579.08
-1482.93
-1344.31
-1200.1
-1102.26
-1062.14
-1069.77
-1128.02
-1236.77
-1385.53
-1563.72
-1742.35
-1883.53
-1983.25
-2068.58
-2148.67
-2199.3
-2192.1
-2144.67
-2075.07
-1995.34
-1920.21
-1855.43
-1803.8
-1766.23
-1741.26
-1725.58
-1721.38
-1725.81
-1732.96
-1738.54
-4.72534
-40.0253
-75.6812
-117.764
-167.796
-219.97
-262.557
-282.161
-278.304
-266.8
-276.215
-311.881
-376.234
-489.895
-644.975
-849.233
-1105.55
-1369.02
-1549.19
-1577.9
-1473.37
-1319.9
-1184.39
-1086.65
-1041.23
-1046.89
-1111.23
-1224.96
-1378.4
-1556.47
-1731.39
-1871.42
-1974.2
-2065.3
-2152.3
-2211.12
-2212.97
-2168.15
-2098.14
-2015.97
-1936.72
-1867.93
-1812.92
-1773.52
-1748.3
-1733.9
-1731.69
-1738.77
-1749.64
-1757.76
31.4129
12.509
-7.10264
-22.6947
-38.4918
-58.372
-78.1639
-90.0492
-98.3189
-114.909
-148.46
-201.13
-277.194
-384.746
-527.837
-717.611
-965.445
-1227.29
-1423.5
-1478.29
-1391.9
-1230.8
-1102.9
-1000.25
-951.017
-954.957
-1025.08
-1139.02
-1293.75
-1473.97
-1645.47
-1783.58
-1890.03
-1982.95
-2070.97
-2135.38
-2149.88
-2118.94
-2058.56
-1982.08
-1905.83
-1839.03
-1785.32
-1747.03
-1723.25
-1714.06
-1717.04
-1729.18
-1745.43
-1757.54
64.4382
57.534
42.5312
41.245
38.6469
39.1098
36.543
29.0958
13.0723
-15.0069
-57.3386
-111.899
-180.41
-270.785
-392.686
-553.271
-762.768
-1000.31
-1206.94
-1297.73
-1250.31
-1105.04
-958.257
-843.13
-800.511
-802.546
-862.667
-978.757
-1132.71
-1312.52
-1491.05
-1638.04
-1753.54
-1849.81
-1938.12
-2003.78
-2027.5
-2013.08
-1966.55
-1899.85
-1830.96
-1770.31
-1719.85
-1687.14
-1669.35
-1666.55
-1675.74
-1694.79
-1717.4
-1734.06
93.3959
80.704
79.4664
87.6955
91.9334
93.8071
91.7709
83.5721
67.0828
41.508
6.35482
-38.7482
-96.4876
-171.303
-265.994
-388.343
-550.926
-741.662
-921.76
-1043.05
-1039.85
-937.201
-766.099
-654.8
-596.884
-596.771
-652.785
-761.631
-913.709
-1095
-1280.59
-1443.76
-1576.28
-1684.16
-1774.53
-1841.24
-1872.61
-1868.64
-1834.03
-1779.2
-1719.92
-1666.8
-1624.43
-1597.88
-1587.64
-1591.85
-1608.44
-1635.79
-1666.33
-1688.1
108.211
107.359
111.597
116.281
119.204
120.523
120.195
112.875
99.924
80.6681
52.9341
16.1776
-29.9281
-88.723
-161.724
-252.95
-367.73
-507.408
-646.196
-753.198
-784.233
-700.529
-563.185
-437.17
-359.888
-346.177
-394.896
-501.505
-653.797
-834.931
-1024.48
-1203.77
-1356.86
-1481.4
-1580
-1650.86
-1687.53
-1695.13
-1672.73
-1630.26
-1581.99
-1538.01
-1503.94
-1485.04
-1482.51
-1494.17
-1519.34
-1555.69
-1595.86
-1623
117.557
117.728
118.757
121.57
127.591
131.839
131.933
126.313
117.283
102.206
80.1499
51.0627
14.4954
-29.4841
-81.5803
-144.979
-223.888
-323.417
-428.375
-506.184
-548.272
-518.102
-402.558
-251.855
-151.432
-111.828
-138.974
-226.992
-363.843
-540.139
-733.986
-923.571
-1093.37
-1236.72
-1351.2
-1433.95
-1483.04
-1501.36
-1492.41
-1463.92
-1428.7
-1395.5
-1370.16
-1359.04
-1364.09
-1381.93
-1413.7
-1457.64
-1506.36
-1539.18
123.752
122.35
123.432
125.698
128.485
130.975
131.783
129.217
123.186
112.056
96.6734
76.0245
49.7926
16.2695
-24.5679
-71.9949
-127.307
-190.362
-257.959
-320.657
-360.019
-358.251
-290.523
-171.797
-37.8445
38.1277
42.7238
-13.9395
-104.968
-258.203
-441.361
-628.624
-807.369
-966.57
-1097.12
-1194.06
-1257.62
-1293.29
-1301.63
-1290.37
-1270.74
-1250.03
-1233.91
-1230.52
-1241.99
-1264.54
-1299.26
-1345.69
-1397.93
-1437.26
125.695
124.823
125.995
127.208
129.756
132.38
132.534
129.975
126.084
119.137
108.152
91.7616
70.4559
44.8417
15.2937
-19.3956
-59.3191
-102.236
-145.782
-185.832
-218.288
-230.818
-201.477
-117.842
-14.13
76.0804
127.151
117.557
55.9401
-29.9153
-188.48
-365.326
-547.894
-716.709
-858.664
-968.849
-1047.18
-1095.82
-1119.91
-1125.25
-1120.35
-1111.02
-1104.05
-1108.39
-1125.92
-1152.74
-1187.53
-1231.99
-1281.7
-1326.23
125.13
125.882
126.586
127.42
128.582
130.175
130.768
130.062
126.875
121.224
112.633
101.078
86.0569
66.918
43.9663
17.8215
-12.3696
-45.6674
-77.0465
-102.528
-121.26
-131.541
-125.149
-81.6371
-10.3538
67.1776
124.104
159.31
153.449
94.6346
-15.1423
-170.892
-347.728
-516.025
-661.647
-778.994
-867.71
-928.554
-964.363
-982.018
-988.274
-988.132
-990.135
-1002.66
-1025.57
-1053.6
-1085.44
-1127.35
-1170.7
-1217.61
123.719
125.558
126.157
126.796
127.659
128.763
128.627
128.326
126.214
122.813
116.886
108.089
96.022
80.8863
63.4217
42.9253
19.8015
-3.78805
-27.4609
-49.6821
-64.7313
-68.9517
-62.5536
-47.8845
-12.827
37.2801
95.8014
138.389
154.113
135.642
68.8379
-56.3025
-214.792
-372.561
-511.778
-628.275
-721.912
-790.972
-837.288
-866.178
-881.358
-889.486
-898.247
-916.331
-940.558
-965.833
-992.703
-1025.19
-1061.02
-1110.6
120.991
122.797
123.79
125.067
126.017
127.089
127.623
127.676
126.547
123.761
119.199
112.579
103.588
92.2908
78.7443
63.2487
45.6861
26.4329
7.62329
-9.11794
-23.9881
-33.1107
-30.6943
-18.1981
-3.18526
19.346
53.0203
89.1225
118.292
118.508
76.869
-12.7618
-139.263
-277.855
-405.421
-519.52
-615.982
-689.677
-742.409
-778.921
-803.396
-820.042
-834.003
-850.034
-870.664
-889.383
-905.91
-925.371
-953.184
-994.835
117.417
119.52
121.565
123.375
125.128
126.381
127.05
127.288
126.912
125.172
122.072
117.341
110.563
101.76
91.5652
79.0113
64.4272
49.1575
33.5292
18.4799
6.07097
-3.60408
-8.62486
-4.79178
6.05527
17.1999
29.286
46.9949
63.9291
69.2991
51.6793
-10.5592
-109.753
-222.341
-336.569
-445.686
-539.885
-615.583
-674.001
-715.967
-744.954
-764.048
-778.637
-794.453
-810.642
-820.175
-825.157
-831.94
-850.337
-879.993
111.812
117.096
119.847
122.107
124.299
125.59
126.481
126.89
126.495
125.731
123.697
120.038
114.81
107.981
99.4542
89.5203
78.3124
65.1299
50.9468
37.675
25.5399
15.3297
8.69914
5.72916
7.38417
13.7311
20.1347
26.1051
29.1474
26.3666
10.7033
-29.9401
-96.5963
-189.178
-295.563
-394.683
-481.753
-561.707
-625.479
-669.258
-698.863
-718.237
-731.805
-743.19
-752.528
-756.592
-753.313
-748.47
-755.216
-776.734
102.284
115.831
119.108
121.446
123.111
124.372
125.194
125.795
125.663
124.78
123.156
120.355
116.082
110.463
103.79
95.4942
84.8838
73.7187
62.1226
49.901
38.1473
27.1386
17.977
13.4838
11.9552
10.791
12.5477
14.7782
10.8972
2.45637
-16.2363
-49.6881
-101.583
-172.477
-256.704
-348.077
-441.08
-524.761
-596.81
-635.752
-663.577
-681.651
-692.5
-699.727
-703.895
-701.861
-689.296
-671.638
-664.433
-671.912
90.2637
117.234
118.593
120.358
121.88
123.335
124.097
124.452
124.238
123.445
121.975
119.498
115.734
110.735
104.448
96.5022
87.853
78.3675
66.9708
55.8605
45.8863
35.4442
25.5664
19.3481
15.797
12.1084
8.92634
5.13814
-1.73805
-14.6772
-35.5236
-66.9871
-112.657
-173.056
-243.202
-319.663
-410.8
-514.271
-585.757
-616.544
-640.053
-653.765
-660.217
-662.386
-660.938
-650.859
-628.486
-599.02
-579.22
-574.122
119.901
116.395
114.62
113.656
113.139
112.814
112.427
111.894
111.313
110.826
110.447
110.039
109.545
109.104
108.71
108.266
107.744
107.135
106.274
105.237
104.224
103.272
102.183
100.911
99.4564
97.9317
96.1938
93.9327
90.9712
87.2961
82.8603
77.5942
71.392
63.9247
54.8905
43.939
30.5591
14.3
-5.23085
-28.6081
-56.4828
-89.6767
-128.853
-174.85
-228.553
-290.71
-361.925
-443.293
-539.165
-638.61
118.51
117.451
116.938
116.691
116.685
116.765
116.792
116.704
116.543
116.381
116.279
116.223
116.205
116.237
116.297
116.377
116.422
116.442
116.29
116.211
116.171
116.171
116.221
116.247
116.28
116.233
116
115.399
114.393
112.948
111.018
108.5
105.203
100.829
95.1362
87.8245
78.5856
66.9964
52.593
34.7542
12.9256
-13.725
-45.7347
-83.7295
-128.565
-181.108
-242.275
-313.38
-396.19
-480.277
118.825
119.251
119.801
120.279
120.705
121.155
121.615
122.022
122.308
122.486
122.704
123.036
123.491
124.016
124.599
125.235
125.908
126.6
127.39
128.267
129.264
130.443
131.753
133.149
134.631
136.14
137.558
138.843
139.971
140.87
141.44
141.558
141.061
139.774
137.511
134.03
128.977
121.93
112.414
99.9322
83.9288
63.8865
39.1534
8.92877
-27.4469
-70.8023
-121.884
-181.388
-250.324
-318.303
120.787
121.966
123.308
124.471
125.381
126.19
127.035
127.873
128.586
129.182
129.79
130.522
131.46
132.532
133.71
134.977
136.379
137.908
139.611
141.569
143.725
146.126
148.737
151.566
154.564
157.721
160.964
164.265
167.585
170.865
173.996
176.888
179.394
181.397
182.656
182.956
181.969
179.404
174.784
167.668
157.505
143.727
125.721
102.94
74.7507
40.4462
-0.600655
-49.2357
-106.167
-159.139
124.04
125.669
127.585
129.32
130.688
131.852
133.019
134.255
135.466
136.528
137.547
138.717
140.167
141.855
143.693
145.688
147.856
150.307
153.034
156.078
159.474
163.176
167.172
171.476
176.095
180.999
186.166
191.589
197.204
202.957
208.75
214.499
220.072
225.314
230.072
234.155
237.314
239.184
239.352
237.381
232.772
225.073
213.725
198.189
177.869
152.187
120.447
82.2559
37.418
-2.73873
128.412
130.398
132.748
134.87
136.573
138.063
139.621
141.335
143.035
144.548
146
147.678
149.707
152.064
154.633
157.402
160.43
163.81
167.635
171.879
176.55
181.592
187.046
192.933
199.254
206.016
213.209
220.817
228.777
237.032
245.516
254.128
262.773
271.312
279.622
287.484
294.662
300.849
305.68
308.726
309.539
307.59
302.411
293.501
280.345
262.374
239.158
210.319
175.455
145.839
133.903
136.089
138.718
141.136
143.067
144.88
146.888
149.069
151.201
153.171
155.129
157.367
160.02
163.064
166.402
169.997
173.946
178.361
183.308
188.779
194.76
201.224
208.188
215.692
223.768
232.426
241.683
251.474
261.774
272.524
283.682
295.161
306.863
318.683
330.446
341.986
353.1
363.452
372.707
380.433
386.212
389.65
390.328
387.735
381.343
370.618
355.118
334.566
309.012
288.345
140.383
142.661
145.403
147.992
150.149
152.273
154.686
157.314
159.901
162.363
164.872
167.695
170.994
174.77
178.916
183.4
188.318
193.783
199.877
206.601
213.894
221.779
230.294
239.45
249.304
259.87
271.15
283.109
295.73
308.979
322.789
337.087
351.792
366.767
381.884
396.962
411.765
426.014
439.376
451.492
461.994
470.46
476.383
479.273
478.625
473.967
464.947
451.241
432.812
418.785
147.675
149.946
152.712
155.357
157.712
160.125
162.89
165.933
169.018
172.006
175.067
178.485
182.454
186.978
191.956
197.342
203.22
209.728
216.947
224.891
233.528
242.858
252.898
263.686
275.277
287.712
300.974
315.067
329.956
345.596
361.934
378.896
396.399
414.322
432.532
450.862
469.091
486.961
504.137
520.268
534.958
547.769
558.261
565.997
570.474
571.264
568.027
560.69
549.454
541.206
155.581
157.741
160.448
163.142
165.678
168.302
171.33
174.763
178.334
181.871
185.489
189.504
194.156
199.445
205.233
211.487
218.311
225.845
234.178
243.333
253.286
264.009
275.513
287.873
301.139
315.346
330.498
346.583
363.574
381.427
400.091
419.505
439.577
460.218
481.3
502.664
524.084
545.268
565.895
585.597
603.981
620.613
635.065
646.844
655.489
660.633
661.922
659.044
652.123
647.36
163.856
165.826
168.464
171.179
173.788
176.59
179.862
183.648
187.663
191.703
195.878
200.507
205.825
211.813
218.366
225.45
233.163
241.669
251.069
261.361
272.511
284.502
297.368
311.173
325.97
341.793
358.662
376.558
395.45
415.304
436.068
457.69
480.092
503.189
526.861
550.913
575.101
599.126
622.649
645.296
666.663
686.335
703.89
718.935
731.172
740.307
745.937
747.825
746.036
744.508
172.279
174.017
176.49
179.157
181.785
184.738
188.289
192.361
196.725
201.241
205.961
211.145
217.052
223.672
230.915
238.764
247.31
256.706
267.045
278.336
290.558
303.696
317.785
332.881
349.047
366.324
384.711
404.196
424.748
446.332
468.911
492.435
516.858
542.083
567.957
594.267
620.751
647.102
672.995
698.072
721.963
744.279
764.644
782.693
798.057
810.201
818.587
822.946
823.241
823.066
180.55
182.024
184.24
186.762
189.446
192.582
196.343
200.616
205.26
210.155
215.345
221.045
227.455
234.627
242.482
250.988
260.239
270.388
281.526
293.669
306.792
320.898
336.019
352.211
369.525
387.986
407.603
428.362
450.246
473.224
497.267
522.345
548.406
575.335
602.954
631.04
659.321
687.509
715.279
742.297
768.207
792.636
815.179
835.393
852.825
867.124
878.22
885.983
890.119
892.619
188.35
189.525
191.445
193.829
196.56
199.819
203.716
208.134
212.967
218.161
223.738
229.858
236.693
244.296
252.611
261.631
271.453
282.206
293.973
306.778
320.61
335.47
351.393
368.429
386.619
405.984
426.531
448.253
471.135
495.164
520.331
546.608
573.915
602.125
631.052
660.464
690.103
719.683
748.898
777.422
804.912
831.01
855.331
877.502
897.103
913.54
925.915
933.315
936.443
937.735
195.379
196.277
197.911
200.12
202.862
206.227
210.204
214.68
219.608
224.996
230.872
237.311
244.439
252.312
260.926
270.312
280.553
291.744
303.953
317.206
331.506
346.871
363.335
380.94
399.715
419.685
440.851
463.207
486.742
511.462
537.367
564.416
592.519
621.538
651.29
681.546
712.044
742.505
772.628
802.079
830.494
857.487
882.626
905.403
925.255
941.811
955.029
965.241
972.24
976.504
201.43
202.084
203.439
205.464
208.197
211.638
215.632
220.061
224.988
230.489
236.554
243.182
250.446
258.43
267.198
276.793
287.267
298.698
311.137
324.611
339.139
354.75
371.485
389.374
408.446
428.714
450.175
472.823
496.664
521.698
547.921
575.303
603.756
633.134
663.25
693.882
724.778
755.646
786.182
816.043
844.852
872.198
897.675
920.904
941.59
959.434
974.008
984.765
991.384
995.158
206.344
206.808
207.918
209.778
212.47
215.935
219.881
224.178
229.007
234.521
240.655
247.332
254.593
262.555
271.316
280.933
291.458
302.934
315.396
328.863
343.382
358.984
375.711
393.606
412.68
432.937
454.369
476.973
500.756
525.716
551.845
579.114
607.456
636.733
666.752
697.291
728.111
758.919
789.394
819.196
847.954
875.261
900.713
923.933
944.581
962.36
976.941
987.892
994.796
998.811
210.095
210.425
211.339
213.041
215.643
219.052
222.903
227.025
231.664
237.069
243.16
249.768
256.898
264.693
273.291
282.77
293.172
304.504
316.791
330.055
344.327
359.673
376.136
393.759
412.545
432.489
453.595
475.852
499.245
523.78
549.447
576.203
603.98
632.674
662.112
692.061
722.275
752.485
782.37
811.593
839.805
866.619
891.591
914.253
934.064
950.63
963.948
974.34
981.591
985.957
212.712
212.961
213.742
215.284
217.758
221.074
224.765
228.643
233.043
238.24
244.156
250.59
257.486
264.989
273.288
282.48
292.584
303.597
315.53
328.398
342.243
357.119
373.08
390.17
408.409
427.772
448.248
469.855
492.572
516.374
541.249
567.166
594.04
621.77
650.223
679.185
708.391
737.574
766.427
794.605
821.758
847.524
871.502
893.306
912.595
928.882
941.281
949.07
952.67
954.203
214.315
214.514
215.205
216.604
218.95
222.112
225.601
229.187
233.265
238.181
243.832
249.959
256.526
263.672
271.559
280.33
290.007
300.571
311.987
324.298
337.529
351.742
367.029
383.381
400.824
419.361
438.956
459.602
481.328
504.097
527.868
552.599
578.218
604.61
631.668
659.219
686.993
714.702
742.052
768.694
794.256
818.386
840.686
860.691
877.954
892.214
903.29
910.841
914.567
916.399
215.021
215.234
215.894
217.162
219.318
222.331
225.564
228.799
232.539
237.098
242.393
248.162
254.312
260.982
268.394
276.656
285.784
295.771
306.592
318.219
330.705
344.131
358.535
374.003
390.503
408.016
426.536
446.035
466.536
488.028
510.448
533.73
557.818
582.607
607.967
633.753
659.737
685.604
711.054
735.756
759.321
781.363
801.552
819.507
834.715
846.618
854.815
859.049
859.309
858.648
214.983
215.323
215.954
217.088
219.076
221.854
224.803
227.721
231.052
235.207
240.092
245.418
251.113
257.305
264.178
271.842
280.341
289.653
299.738
310.584
322.248
334.756
348.201
362.63
378.028
394.372
411.648
429.835
448.918
468.914
489.765
511.377
533.683
556.601
579.989
603.702
627.543
651.213
674.377
696.713
717.854
737.357
754.783
769.833
782.196
791.397
796.868
798.247
795.513
792.564
214.516
214.892
215.503
216.567
218.349
220.862
223.508
226.064
229.05
232.786
237.167
242.003
247.192
252.856
259.174
266.241
274.079
282.667
291.965
301.98
312.717
324.257
336.67
349.967
364.182
379.261
395.172
411.926
429.499
447.854
466.979
486.776
507.137
527.99
549.216
570.635
592.064
613.23
633.788
653.391
671.698
688.328
702.779
714.562
723.278
728.523
729.942
727.114
719.742
713.139
213.889
214.247
214.777
215.701
217.271
219.503
221.797
224.04
226.65
229.974
233.911
238.205
242.834
247.954
253.688
260.113
267.266
275.103
283.596
292.737
302.535
313.08
324.409
336.561
349.516
363.247
377.738
392.962
408.924
425.573
442.846
460.706
479.025
497.687
516.609
535.606
554.433
572.844
590.501
607.031
622.063
635.253
646.189
654.34
659.205
660.276
657.148
649.63
637.422
626.006
213.282
213.55
213.929
214.656
215.99
217.861
219.855
221.786
224.042
226.952
230.379
234.168
238.293
242.865
248.001
253.779
260.211
267.291
274.981
283.237
292.11
301.637
311.883
322.888
334.585
346.972
360.026
373.705
388.001
402.896
418.302
434.138
450.336
466.761
483.284
499.761
515.91
531.439
546.024
559.288
570.831
580.252
587.153
591.01
591.326
587.619
579.321
565.965
547.205
529.874
212.824
212.905
213.082
213.573
214.616
216.122
217.786
219.404
221.381
223.85
226.765
230.022
233.662
237.736
242.32
247.477
253.193
259.502
266.372
273.778
281.726
290.258
299.441
309.251
319.716
330.78
342.386
354.555
367.215
380.332
393.862
407.702
421.757
435.924
450.033
463.897
477.27
489.812
501.186
511.01
518.882
524.357
527.007
526.317
521.675
512.603
498.641
479.311
454.153
430.043
212.723
212.448
212.288
212.539
213.283
214.402
215.642
216.982
218.664
220.736
223.167
225.922
229.09
232.669
236.728
241.284
246.349
251.916
257.99
264.588
271.659
279.267
287.418
296.079
305.317
315.064
325.283
335.96
347.019
358.418
370.093
381.97
393.95
405.904
417.625
428.883
439.429
448.94
457.036
463.319
467.366
468.715
466.883
461.384
451.578
436.749
416.362
389.992
357.064
325.118
213.207
212.27
211.623
211.613
212.032
212.715
213.567
214.648
215.975
217.625
219.598
221.941
224.676
227.798
231.349
235.321
239.753
244.623
249.951
255.762
262.034
268.773
275.94
283.561
291.626
300.09
308.961
318.184
327.693
337.438
347.354
357.317
367.261
377.055
386.457
395.146
402.851
409.284
414.075
416.781
416.958
414.124
407.724
397.225
382.076
361.545
334.832
301.307
260.36
218.691
214.455
212.344
211.097
210.795
210.848
211.072
211.572
212.34
213.355
214.646
216.223
218.186
220.522
223.247
226.346
229.8
233.621
237.831
242.468
247.529
253.018
258.904
265.186
271.847
278.831
286.13
293.703
301.516
309.556
317.719
325.96
334.137
342.07
349.688
356.807
363.059
368.002
371.324
372.765
371.898
368.196
361.174
350.203
334.609
313.813
287.195
253.989
213.199
163.641
112.244
216.657
212.798
210.816
210.139
209.79
209.656
209.84
210.284
210.973
211.928
213.163
214.78
216.734
219.093
221.798
224.814
228.115
231.76
235.787
240.197
244.973
250.056
255.483
261.266
267.273
273.49
279.894
286.426
293.095
299.779
306.372
312.81
318.829
324.237
328.89
332.599
334.905
335.241
333.24
328.677
321.115
309.912
294.43
273.913
247.634
214.879
175.136
127.686
70.2226
9.8691
-54.8338
-61.3786
-65.6528
-69.4688
-75.2406
-82.6815
-90.233
-101.554
-110.54
-121.335
-122.715
-112.669
-84.6316
-39.5265
-3.15332
19.594
46.7485
68.6856
94.3412
112.122
122.293
124.846
127.282
125.731
122.792
119.885
114.804
111.149
108.519
120.031
-50.0431
-60.0221
-66.3348
-71.9428
-79.0848
-86.5082
-95.5899
-106.55
-116.479
-126.106
-128.187
-107.265
-50.4252
-8.07191
24.2512
63.7197
73.5868
90.1014
107.948
123.585
130.232
130.654
126.786
123.123
119.127
116.615
111.529
109.362
108.853
120.542
-59.9872
-64.4965
-69.4592
-76.2741
-83.6229
-91.8029
-102.516
-115.48
-128.427
-141.412
-150.181
-114.845
-49.061
22.3415
63.0849
77.3909
90.2087
110.267
125.298
137.323
138.156
135.659
128.34
121.252
114.087
110.396
106.648
104.74
103.504
107.207
-67.3059
-68.8753
-72.7042
-79.8128
-87.9194
-98.3158
-112.936
-131.294
-158.57
-192.36
-215.907
-151.034
-51.5774
2.74688
30.8798
57.8763
88.8158
115.559
132.726
140.994
142.866
136.589
129.611
120.544
111.062
105.134
101.069
98.2786
96.3069
95.7373
-68.9245
-70.3372
-73.6598
-80.3906
-89.869
-102.669
-120.723
-151.414
-205.039
-258.095
-252.69
-225.268
-165.294
-96.1766
-57.8006
-0.334637
56.5591
103.575
128.736
134.954
137.728
133.853
127.463
118.054
108.584
101.023
95.6166
91.8452
88.5175
86.6019
-68.1088
-69.7061
-72.0166
-78.5912
-88.8267
-103.167
-126.248
-174.995
-216.821
-274.212
-351.671
-399.193
-351.27
-276.601
-200.694
-93.6922
-6.38513
67.6359
110.494
118.773
120.199
124.362
117.765
102.792
95.8912
91.0492
85.8861
82.323
78.5235
77.2185
-64.9455
-67.1468
-69.2686
-75.1169
-84.5049
-100.563
-124.869
-169.038
-235.046
-321.232
-459.539
-622.106
-670.916
-563.356
-405.07
-240.456
-101.204
-3.2778
59.6519
76.0887
74.2968
79.5276
78.1678
70.274
70.7754
70.4104
67.3323
66.2429
64.3499
64.1247
-60.5869
-63.2205
-65.3464
-70.1655
-77.2788
-89.3437
-110.242
-146.182
-235.577
-383.915
-606.762
-880.946
-1120.22
-997.675
-718.864
-455.459
-236.178
-118.293
-36.3823
-14.5801
-19.2214
-18.7196
-10.2674
6.38018
26.4654
35.8548
39.0999
43.2841
45.3442
47.1498
-55.6942
-57.6744
-59.449
-62.8352
-67.0948
-73.5884
-86.9755
-107.544
-198.466
-425.968
-772.613
-1174.64
-1605.63
-1487.17
-1040.2
-688.533
-399.445
-252.128
-170.853
-152.453
-161.692
-166.376
-143.322
-90.1144
-42.0455
-11.9782
3.86749
15.9435
22.7394
27.2546
-49.5301
-50.6433
-51.6765
-53.4696
-55.0055
-57.3353
-62.2656
-64.1689
-150.421
-436.544
-867.657
-1369.37
-1861.67
-1778.49
-1203.69
-825.99
-540.802
-383.15
-316.764
-315.565
-339.801
-350.265
-309.406
-212.848
-128.131
-68.0901
-33.7325
-12.0735
-0.162493
6.79435
-42.9043
-43.1934
-43.672
-44.4882
-44.4119
-46.2919
-47.2751
-61.8829
-128.865
-414.178
-812.199
-1279.72
-1674.32
-1621.73
-1165.34
-832.077
-595.301
-469.198
-442.703
-478.776
-534.744
-559.226
-495.621
-354.052
-219.417
-125.648
-68.8359
-37.5298
-20.9758
-12.694
-36.9223
-36.3979
-36.7868
-37.2977
-36.9235
-39.6642
-41.1621
-63.244
-103.127
-317.089
-613.136
-955.103
-1218.26
-1215.58
-936.88
-705.321
-554.109
-492.788
-512.95
-589.856
-704.314
-766.988
-681.511
-488.866
-300.772
-176.3
-99.4995
-59.7901
-38.5357
-28.7572
-31.0897
-30.5999
-30.9265
-31.7717
-30.8049
-34.4148
-34.5477
-49.0397
-75.0727
-194.092
-381.607
-589.517
-755.175
-783.538
-647.328
-518.979
-444.769
-438.237
-498.4
-611.84
-774.162
-869.025
-793.756
-573.157
-351.894
-203.104
-121.838
-75.5594
-52.1532
-43.1237
-25.2726
-25.1993
-25.4256
-25.9217
-25.3134
-27.2082
-26.8491
-34.9577
-50.1707
-95.7567
-199.566
-309.816
-408.862
-430.807
-383.084
-336.995
-322.346
-348.963
-423.265
-537.085
-696.504
-792.119
-735.52
-534.377
-345.776
-207.729
-130.186
-83.2225
-59.5143
-49.4953
-20.022
-20.1959
-20.1135
-20.0425
-19.0696
-19.6796
-18.0497
-22.7504
-28.2134
-40.3652
-90.5649
-141.307
-180.197
-190.73
-182.397
-186.69
-203.214
-245.981
-322.185
-425.402
-548.435
-613.781
-556.594
-420.624
-282.422
-180.899
-118.283
-78.408
-56.7375
-46.661
-15.7331
-15.7775
-15.0717
-14.7381
-13.4733
-13.0275
-10.8562
-12.0749
-12.5134
-11.9642
-28.9719
-39.316
-49.5534
-61.0853
-67.5701
-85.6025
-111.075
-154.822
-222.225
-303.655
-387.991
-426.561
-377.466
-295.004
-204.354
-139.592
-95.0237
-64.6792
-46.779
-38.2104
-11.8406
-11.9351
-11.335
-10.5221
-9.05273
-7.95771
-5.52634
-4.24592
-2.87093
2.4098
1.83846
6.1581
7.17615
5.3675
-6.35416
-24.8074
-49.8046
-88.13
-140.917
-200.411
-255.797
-277.198
-247.348
-190.333
-138.242
-99.49
-69.4925
-48.5232
-34.3959
-26.4463
-8.39048
-8.49834
-7.86508
-6.79046
-5.83613
-4.60255
-2.20891
-0.188324
1.89553
7.75869
13.6924
21.3109
29.7015
29.6497
19.2491
4.23395
-15.8324
-44.4469
-80.9146
-117.817
-147.991
-159.473
-155.153
-122.366
-88.4465
-64.517
-46.1059
-32.6427
-22.1907
-16.518
-5.16751
-5.12592
-4.41637
-4.18642
-3.57666
-2.66342
-0.885473
1.42515
2.87572
7.01017
12.5713
18.7655
30.2077
28.2645
19.3464
11.9772
-1.13194
-19.2287
-41.1271
-62.3401
-76.2672
-79.6488
-72.9467
-63.6682
-47.7396
-35.3439
-26.1331
-18.5968
-12.37
-8.92106
-1.93161
-2.12656
-1.951
-2.05504
-1.54278
-1.31284
-0.479344
0.529798
0.942211
2.9988
5.39933
8.80583
12.9897
14.2583
10.7139
6.30203
0.737766
-5.2782
-11.8213
-17.2224
-19.9858
-25.2948
-22.7605
-18.8084
-14.9411
-11.7078
-10.0728
-7.61207
-5.90213
-4.71502
)
;

boundaryField
{
    INLET
    {
        type            zeroGradient;
    }
    OUTLET
    {
        type            fixedValue;
        value           uniform 0;
    }
    WALL
    {
        type            zeroGradient;
    }
    CYLINDER
    {
        type            zeroGradient;
    }
    frontAndBackPlanes
    {
        type            empty;
    }
}


// ************************************************************************* //
