/*--------------------------------*- C++ -*----------------------------------*\
| =========                 |                                                 |
| \\      /  F ield         | OpenFOAM: The Open Source CFD Toolbox           |
|  \\    /   O peration     | Version:  v1912                                 |
|   \\  /    A nd           | Website:  www.openfoam.com                      |
|    \\/     M anipulation  |                                                 |
\*---------------------------------------------------------------------------*/
FoamFile
{
    version     2.0;
    format      ascii;
    class       volScalarField;
    location    "0.47";
    object      p;
}
// * * * * * * * * * * * * * * * * * * * * * * * * * * * * * * * * * * * * * //

dimensions      [0 2 -2 0 0 0 0];


internalField   nonuniform List<scalar> 
6600
(
152.137
147.386
144.86
143.291
142.22
141.436
140.636
139.797
138.911
137.979
136.946
135.78
134.527
133.258
131.941
130.482
129.049
127.516
125.842
123.923
121.638
118.78
115.866
112.715
109.064
104.958
100.45
95.4587
89.5364
82.4093
73.9247
63.8955
52.1686
38.7481
23.0194
4.43677
-17.5065
-43.3341
-73.5802
-108.947
-150.155
-198.08
-253.414
-317.294
-390.744
-475.104
-570.028
-675.701
-799.834
-938.44
148.897
143.838
142.008
140.247
138.699
137.402
136.159
134.941
133.704
132.433
131.076
129.589
128.011
126.289
124.465
122.474
120.261
117.919
115.311
112.447
109.51
105.952
101.78
97.2222
92.1413
86.3904
79.8225
72.6415
64.6316
55.2852
44.235
31.3799
16.5555
-0.63712
-20.527
-43.5192
-70.2053
-101.309
-137.214
-178.698
-226.447
-281.377
-344.461
-416.685
-499.251
-593.396
-698.492
-814.099
-946.079
-1092.84
144.408
139.09
137.9
135.92
134.084
132.435
130.843
129.268
127.629
125.92
124.118
122.231
120.24
118.041
115.678
113.184
110.353
107.214
103.756
99.7941
95.3905
90.7658
85.4119
79.3881
72.7274
65.3817
57.1064
47.4526
36.6712
24.5569
10.6698
-5.46786
-23.8687
-45.0364
-69.1805
-96.7426
-128.465
-165.133
-207.051
-255.047
-309.734
-372.03
-442.966
-523.529
-614.497
-717.4
-831.815
-956.348
-1092.17
-1238.59
139.146
133.549
132.745
130.291
128.281
126.396
124.505
122.607
120.598
118.452
116.151
113.74
111.158
108.421
105.44
102.154
98.5364
94.4434
89.9799
85.175
79.598
73.5096
66.7863
59.2486
50.7725
41.3409
30.9991
19.1833
5.67253
-9.64246
-26.8754
-46.4339
-68.5934
-93.6884
-122.454
-155.137
-192.357
-234.584
-282.531
-336.865
-398.499
-468.178
-546.748
-635.197
-734.181
-844.793
-966.709
-1097.59
-1235.07
-1377.85
133.265
127.332
126.84
123.81
121.749
119.685
117.504
115.203
112.773
110.192
107.433
104.474
101.233
97.7203
93.9159
89.7821
85.2753
80.2754
74.6458
68.4
61.5604
53.9172
45.5664
36.3877
26.1993
14.7723
1.81178
-12.5937
-28.7597
-46.9637
-67.6321
-91.0388
-117.3
-146.762
-180.034
-217.627
-260.093
-308.081
-362.242
-423.151
-491.479
-568.025
-653.477
-748.514
-853.921
-970.811
-1098.56
-1233.83
-1371.6
-1509.85
126.709
120.595
120.33
116.768
114.787
112.477
110.005
107.376
104.596
101.62
98.4232
94.9164
91.0719
86.7872
81.9831
76.7229
70.9974
64.8131
58.1251
50.7051
42.4615
33.1999
22.9211
11.5935
-0.831542
-14.429
-29.6807
-46.7438
-65.9541
-87.4754
-111.577
-138.525
-168.673
-202.406
-240.374
-283.099
-330.993
-384.549
-444.378
-511.166
-585.502
-667.964
-759.227
-859.895
-970.435
-1091.77
-1223.48
-1362.07
-1499.48
-1631.94
119.466
113.343
113.243
109.156
107.337
104.748
101.998
99.0761
95.9786
92.6347
88.9446
84.8377
80.2728
75.2565
69.7305
63.5739
56.7916
49.2699
40.9567
31.9567
22.1216
11.2951
-0.692213
-14.0133
-28.8198
-45.1476
-63.1365
-82.9845
-105.003
-129.62
-157.215
-187.986
-222.237
-260.399
-302.908
-350.257
-402.978
-461.566
-526.663
-598.817
-678.395
-765.949
-861.851
-966.476
-1080.34
-1204.52
-1338.93
-1479.88
-1616.02
-1740.3
111.739
105.79
105.763
101.04
99.4216
96.3603
93.4247
90.231
86.7437
82.9012
78.6437
73.9387
68.6887
62.8443
56.3888
49.2522
41.4496
32.9488
23.5433
13.0318
1.40642
-11.3251
-25.3006
-40.6996
-57.6929
-76.4711
-97.1825
-120.118
-145.451
-173.408
-204.342
-238.651
-276.732
-318.945
-365.673
-417.419
-474.706
-537.895
-607.376
-683.707
-767.403
-858.778
-958.163
-1065.81
-1181.91
-1307.45
-1442.94
-1584.94
-1719.07
-1832.46
103.547
97.8857
97.8048
92.7515
91.3159
87.5666
84.4668
80.8847
76.8901
72.4474
67.5172
62.0532
56.0785
49.5083
42.2481
34.228
25.2724
15.3111
4.47656
-7.38008
-20.5145
-34.8915
-50.6765
-68.0931
-87.3867
-108.676
-132.097
-157.774
-186.038
-217.216
-251.609
-289.414
-331.017
-376.972
-427.724
-483.495
-544.57
-611.391
-684.559
-764.505
-851.407
-945.628
-1047.35
-1156.63
-1273.66
-1399.37
-1534.53
-1675.76
-1806.24
-1906.45
94.8248
89.6706
89.4358
84.4555
83.0056
78.8639
75.5097
71.4074
66.8738
61.8271
56.2226
50.0033
43.1017
35.4815
27.1494
18.0335
8.13245
-2.88813
-15.1592
-28.6021
-43.4019
-59.6308
-77.3765
-96.6908
-117.901
-141.287
-167.159
-195.662
-226.887
-261.067
-298.517
-339.665
-384.755
-433.996
-487.785
-546.628
-610.95
-681.006
-756.991
-839.253
-928.269
-1024.17
-1127.05
-1237.13
-1354.41
-1479.46
-1612.55
-1750.6
-1876.4
-1962.05
85.8201
81.498
81.0565
76.4334
74.7484
70.3315
66.7154
62.1618
57.1034
51.4527
45.1454
38.1778
30.5156
21.9976
12.6073
2.15213
-9.24829
-21.6053
-35.1721
-50.0763
-66.364
-84.2619
-103.975
-125.583
-149.068
-174.672
-202.625
-233.265
-266.897
-303.771
-344.068
-387.92
-435.703
-487.858
-544.664
-606.352
-673.137
-745.297
-823.256
-907.376
-997.646
-1094.34
-1197.59
-1307.26
-1423.42
-1546.62
-1676.65
-1809.83
-1928.9
-1999.44
77.1713
73.7418
73.0955
68.6376
66.6433
62.1713
58.2344
53.3145
47.8168
41.6392
34.7401
26.9929
18.398
8.94734
-1.42337
-12.7848
-25.3912
-39.2027
-54.2238
-70.7422
-88.7713
-108.397
-129.745
-153.145
-178.699
-206.564
-236.927
-269.95
-305.859
-344.928
-387.53
-433.942
-484.24
-538.621
-597.439
-660.95
-729.494
-803.363
-882.634
-967.358
-1057.96
-1154.49
-1256.93
-1365.44
-1479.92
-1600.56
-1726.6
-1853.51
-1963.73
-2019.9
69.2365
66.5153
65.5355
61.4284
59.1343
54.5367
50.2733
45.0335
39.126
32.4409
25.0021
16.7597
7.53679
-2.72177
-14.1542
-26.6419
-40.3164
-55.3237
-71.6779
-89.4988
-109.043
-130.445
-153.754
-179.055
-206.523
-236.336
-268.69
-303.796
-341.828
-383.058
-427.657
-475.912
-528.109
-584.412
-644.952
-710.013
-779.779
-854.322
-933.898
-1018.88
-1109.12
-1204.72
-1305.84
-1412.21
-1523.73
-1640.6
-1762.43
-1882.74
-1982.53
-2025.77
62.1722
60.0038
58.8271
54.9424
52.5257
47.8483
43.301
37.7409
31.4663
24.3875
16.3682
7.4561
-2.37056
-13.2456
-25.2698
-38.6097
-53.2583
-69.3142
-86.9702
-106.194
-127.064
-149.766
-174.518
-201.475
-230.735
-262.486
-296.862
-333.974
-373.941
-416.96
-463.341
-513.254
-566.906
-624.556
-686.365
-752.35
-822.616
-897.527
-977.171
-1061.34
-1150.36
-1244.25
-1342.89
-1446.44
-1554.7
-1667.58
-1784.19
-1897.89
-1988.6
-2019.11
56.1448
54.4859
53.2609
49.616
47.0718
42.3659
37.6518
31.8572
25.2334
17.7844
9.47916
0.108774
-10.3523
-21.9377
-34.6337
-48.6248
-64.0007
-80.8678
-99.328
-119.668
-141.911
-166.094
-192.306
-220.683
-251.37
-284.532
-320.425
-359.159
-400.84
-445.599
-493.617
-545.054
-600.032
-658.632
-721.031
-787.451
-858.087
-932.741
-1011.43
-1094.59
-1182.03
-1273.65
-1369.53
-1469.45
-1573.33
-1681.08
-1791.38
-1897.94
-1980.85
-2003.5
51.5552
50.2075
49.2369
45.6952
42.9783
38.2914
33.4677
27.5945
20.8309
13.0418
4.33438
-5.32981
-16.1304
-28.1385
-41.4191
-56.0331
-72.0866
-89.7525
-109.016
-130.07
-153.099
-178.265
-205.68
-235.379
-267.49
-302.065
-339.326
-379.446
-422.471
-468.537
-517.716
-570.195
-626.12
-685.639
-748.753
-815.47
-885.714
-959.797
-1037.81
-1119.3
-1204.43
-1293.25
-1385.54
-1481.25
-1580.16
-1682.24
-1784.44
-1880.76
-1952.4
-1973.43
48.708
47.5914
46.5355
43.1634
40.3629
35.7753
30.9118
24.9977
18.2139
10.5286
1.67137
-8.284
-19.3747
-31.6727
-45.3131
-60.3583
-76.9275
-95.0888
-114.989
-136.976
-160.936
-186.981
-215.226
-245.817
-278.925
-314.591
-352.927
-394.103
-438.221
-485.423
-535.853
-589.367
-646.078
-706.055
-769.368
-836.02
-906.147
-979.538
-1055.95
-1135.77
-1218.7
-1304.5
-1393.13
-1484.3
-1577.26
-1671.83
-1763.72
-1845.47
-1900.08
-1919.43
47.5056
46.313
45.2012
42.1008
39.2764
34.822
30.0527
24.2416
17.4696
9.8793
1.23192
-8.65345
-19.7812
-32.2184
-46.1046
-61.4838
-78.5083
-97.2315
-116.865
-139.517
-164.169
-191.026
-220.18
-251.653
-285.665
-322.26
-361.611
-403.735
-448.8
-496.8
-547.857
-602.182
-659.58
-720.016
-783.531
-850.165
-919.788
-992.333
-1067.8
-1145.72
-1226.05
-1308.64
-1393.09
-1479.09
-1566.41
-1652.87
-1732.77
-1796.36
-1830.31
-1845.79
47.7387
46.3073
45.2725
42.3168
39.6541
35.4477
30.8674
25.3555
18.9081
11.4241
2.93296
-6.74197
-17.6428
-29.9126
-43.6716
-59.0482
-76.1206
-95.0259
-115.799
-138.648
-163.635
-190.861
-220.551
-252.74
-287.519
-324.872
-364.927
-407.866
-453.711
-502.548
-554.376
-609.172
-667.114
-728.128
-791.987
-858.532
-927.764
-999.685
-1073.9
-1150.3
-1228.51
-1308.18
-1389.08
-1470.52
-1551.64
-1629.5
-1698.2
-1746.16
-1761.56
-1770.73
49.3303
47.6579
46.5632
43.8659
41.3193
37.4313
33.2463
28.1226
22.187
15.1398
6.99477
-2.35688
-12.978
-25.0088
-38.5192
-53.6615
-70.3345
-89.0616
-110.063
-133.242
-158.659
-186.384
-216.536
-249.248
-284.655
-322.817
-363.7
-407.335
-454.031
-503.524
-556.101
-611.69
-670.124
-731.3
-795.232
-861.934
-931.244
-1002.77
-1076.18
-1151.17
-1227.54
-1304.84
-1382.41
-1459.56
-1535.61
-1606.1
-1664.74
-1701.87
-1712.12
-1715.52
51.9513
49.9224
48.9269
46.4521
44.2216
40.8331
37.1644
32.3834
26.9676
20.5501
12.9946
4.27393
-5.77747
-17.3021
-30.444
-45.3107
-61.9971
-79.9684
-100.896
-124.071
-149.594
-177.607
-208.207
-241.362
-277.219
-315.864
-357.452
-401.979
-449.411
-499.674
-552.67
-608.852
-668.043
-730.106
-794.835
-861.863
-931.064
-1002.41
-1075.75
-1150.35
-1225.5
-1301.01
-1376.75
-1451.8
-1523.69
-1587.54
-1636.66
-1663.32
-1675.68
-1675.81
55.0628
52.8875
51.9101
49.7342
47.7577
44.9185
41.9144
37.7687
32.8683
27.1282
20.2912
12.3435
3.07731
-7.62934
-19.9848
-34.1105
-50.3233
-67.7887
-88.3668
-111.312
-136.799
-164.876
-195.738
-229.374
-265.794
-305.072
-347.234
-392.51
-440.809
-492.067
-546.236
-603.167
-663.052
-725.67
-790.716
-858.323
-928.315
-1000.36
-1073.71
-1148.15
-1223.31
-1298.39
-1372.68
-1446.03
-1515.18
-1574.77
-1615.27
-1629.92
-1639.76
-1641.33
58.2032
56.1835
55.0987
53.3212
51.6141
49.3076
46.8344
43.4012
39.2805
34.429
28.5935
21.6167
13.297
3.49311
-7.94069
-21.1671
-36.3926
-53.6778
-73.2565
-95.7311
-120.894
-148.879
-179.735
-213.584
-250.435
-290.271
-333.151
-379.119
-428.25
-480.324
-535.42
-593.413
-654.236
-717.893
-784.323
-853.044
-923.816
-996.406
-1070.83
-1146.43
-1222.29
-1297.93
-1372.65
-1445.41
-1511.83
-1565.21
-1597.17
-1605.73
-1608.22
-1612.91
61.3013
59.5504
58.4063
56.9737
55.5494
53.5839
51.6316
49.0675
45.8845
41.9324
37.1334
31.3167
24.2559
15.7184
5.52874
-6.56754
-20.6897
-37.0196
-55.8781
-77.7442
-102.376
-130.045
-160.827
-194.785
-232.006
-272.398
-315.95
-362.729
-412.733
-466.02
-522.361
-581.487
-643.548
-708.304
-775.611
-845.402
-917.579
-991.967
-1067.88
-1144.76
-1222.43
-1300.06
-1375.93
-1447.73
-1511.48
-1558.64
-1579.33
-1588.91
-1586.09
-1591.54
64.2137
62.7542
61.3627
60.5776
59.3797
57.8359
56.3445
54.4587
52.1625
49.2214
45.5497
40.9528
35.2255
28.133
19.4026
8.72783
-4.12225
-19.2992
-37.0614
-57.8468
-81.8155
-108.922
-139.42
-173.311
-210.665
-251.561
-295.853
-343.524
-394.543
-448.92
-506.679
-567.401
-630.779
-697.019
-765.663
-836.917
-910.775
-986.796
-1064.74
-1144.23
-1224.33
-1303.86
-1381.52
-1453.31
-1514.79
-1554.45
-1564.27
-1569.49
-1569.32
-1573.4
66.4324
66.0257
63.7498
63.9456
62.8171
61.8953
60.8844
59.4836
57.9667
56.0183
53.5403
50.2845
45.9797
40.4477
33.3715
24.3861
13.1385
-0.685825
-17.2291
-36.8006
-59.6936
-86.0057
-116.151
-149.968
-187.446
-228.659
-273.681
-322.295
-374.515
-430.034
-488.979
-551.245
-616.345
-684.264
-754.952
-827.926
-903.215
-981.214
-1061.74
-1143.95
-1227.2
-1309.98
-1389.43
-1460.79
-1516.94
-1546.08
-1554.72
-1553.18
-1555.9
-1558.73
67.3374
69.3104
65.4554
66.886
65.6625
65.3773
64.9415
64.1966
63.419
62.3066
60.8113
58.8152
55.9469
51.9495
46.5188
39.3195
29.9633
18.0035
3.09019
-15.0825
-36.95
-61.6837
-91.2652
-124.756
-162.262
-203.866
-249.556
-299.238
-352.797
-410.121
-470.995
-535.301
-602.468
-671.81
-744.051
-818.562
-895.713
-975.752
-1058.78
-1144.44
-1231.59
-1317.6
-1399.03
-1471.28
-1520.89
-1534.42
-1542.62
-1539.91
-1543.87
-1546.43
66.2153
72.2505
66.5751
69.2228
67.8846
68.1488
68.0562
67.9949
68.0473
67.8445
67.3705
66.5562
65.083
62.6459
58.9236
53.5615
46.1529
36.2372
23.3057
6.84317
-13.4236
-37.5889
-65.8796
-98.8346
-136.321
-178.225
-224.532
-275.369
-330.289
-389.191
-451.814
-518.428
-588.395
-659.476
-734.367
-810.958
-889.268
-970.519
-1055.76
-1144.67
-1235.75
-1326.51
-1410.76
-1482.41
-1526.28
-1530.85
-1530.45
-1530.54
-1532.73
-1534.69
62.1873
74.7855
67.2917
70.6489
69.56
70.359
70.5413
70.9005
71.493
71.9595
72.4591
72.6213
72.35
71.4275
69.5489
66.1989
60.906
53.1374
42.3698
27.9838
9.49948
-13.0052
-40.0783
-72.4283
-109.73
-152.188
-199.358
-251.128
-307.801
-368.781
-433.83
-502.64
-575.345
-650.373
-727.349
-805.48
-885.229
-967.403
-1053.19
-1144.97
-1241.24
-1338.1
-1428.92
-1499.29
-1520.91
-1532.21
-1523.01
-1522.58
-1521.91
-1522.41
34.5435
68.4819
67.3659
70.6766
70.6607
71.5224
72.2242
73.1248
74.1692
75.6608
76.9095
77.6545
78.6936
79.2404
79.1459
77.5676
73.7934
67.6049
58.9714
46.8933
30.6564
10.0008
-16.2152
-48.1774
-85.386
-128.206
-176.609
-229.858
-287.971
-350.963
-418.85
-490.519
-566.112
-644.382
-724.396
-805.084
-886.373
-968.925
-1053.64
-1145.17
-1244.85
-1344.24
-1429.51
-1491.12
-1513.72
-1521.52
-1513.53
-1512.28
-1509.15
-1507.94
262.142
257.988
256.172
255.116
254.416
254.091
254.166
254.522
255.058
255.909
257.084
258.607
260.51
262.795
265.408
268.324
271.59
275.148
279.038
283.314
287.917
292.797
297.926
303.403
309.322
315.497
321.906
328.453
334.917
341.304
347.573
353.651
359.351
364.464
368.719
372.074
374.199
374.765
373.184
368.784
361.303
350.451
335.595
315.858
290.369
258.43
219.732
174.91
117.642
58.3339
259.838
256.226
254.955
253.784
253.057
252.777
252.755
253.003
253.497
254.293
255.389
256.748
258.374
260.355
262.658
265.265
268.253
271.53
275.032
278.78
282.818
287.093
291.506
296.003
300.789
305.785
310.832
316.117
321.391
326.439
331.121
335.295
338.938
341.67
343.244
343.553
342.432
339.481
334.222
326.03
314.325
298.677
278.648
253.623
222.618
184.775
139.705
88.4422
26.3062
-38.5107
257.094
253.839
253.15
252.132
251.513
251.278
251.256
251.443
251.934
252.756
253.85
255.23
256.786
258.53
260.525
262.761
265.303
268.209
271.367
274.672
278.068
281.659
285.461
289.33
293.109
297.024
300.834
304.462
307.96
311.259
314.193
316.433
317.823
318.08
316.96
314.233
309.712
303.065
293.848
281.479
265.409
245.087
219.907
189.487
152.946
109.552
58.832
1.61601
-62.9391
-128.207
254.214
251.151
251.024
250.208
249.724
249.471
249.501
249.76
250.263
251.045
252.071
253.345
254.859
256.524
258.381
260.448
262.654
265.049
267.668
270.556
273.505
276.345
279.212
282.227
285.115
287.729
290.271
292.552
294.474
295.823
296.546
296.547
295.523
293.259
289.279
283.446
275.555
265.063
251.775
235.148
214.589
189.62
159.735
124.391
82.8997
34.6514
-20.6891
-81.8805
-147.604
-210.478
251.211
248.423
248.637
247.782
247.439
247.27
247.283
247.544
248.085
248.843
249.822
250.97
252.317
253.824
255.481
257.329
259.301
261.293
263.325
265.412
267.705
270.075
272.197
274.092
275.964
277.557
278.664
279.26
279.454
278.926
277.543
274.981
271.323
266.272
259.488
250.573
239.305
225.318
208.086
187.305
162.573
133.386
99.2297
59.6546
14.2658
-37.528
-95.9602
-159.378
-225.331
-284.523
248.232
245.615
245.925
244.781
244.514
244.412
244.472
244.722
245.187
245.838
246.657
247.632
248.791
250.14
251.581
253.054
254.592
256.172
257.777
259.249
260.503
261.852
263.13
264.057
264.519
264.841
264.737
264.005
262.403
259.788
256.138
251.306
245.006
237.114
227.36
215.428
200.889
183.405
162.688
138.362
110.055
77.3949
39.9658
-2.6402
-50.6594
-104.576
-164.56
-228.89
-293.99
-348.214
245.118
242.469
242.795
241.483
241.32
241.125
241.106
241.324
241.704
242.184
242.796
243.499
244.269
245.194
246.245
247.303
248.296
249.215
250.052
250.905
251.533
251.813
251.892
251.793
251.292
250.04
248.089
245.55
242.192
237.748
231.897
224.752
215.979
205.518
192.996
178.159
160.767
140.357
116.628
89.3605
58.2348
22.9755
-16.709
-61.0814
-110.355
-164.928
-225.112
-289.118
-351.939
-399.613
241.666
239.042
239.355
237.908
237.883
237.653
237.531
237.562
237.741
237.977
238.31
238.755
239.187
239.551
239.891
240.29
240.701
241.02
241.117
240.916
240.527
239.771
238.58
236.874
234.961
232.379
229.108
224.811
219.422
212.914
205.164
195.808
184.827
171.868
156.821
139.493
119.528
96.7168
70.8238
41.5524
8.61258
-28.2062
-69.0546
-114.114
-163.559
-217.735
-276.689
-338.715
-397.886
-437.516
237.767
235.263
235.492
234.152
234.046
233.685
233.493
233.391
233.333
233.344
233.354
233.35
233.362
233.298
233.048
232.611
232.076
231.434
230.687
229.636
228.169
226.341
224.101
221.137
217.431
213.07
207.898
201.809
194.654
186.181
176.365
165.037
152.031
137.137
120.041
100.597
78.718
54.1097
26.5878
-4.0276
-37.9091
-75.2029
-116.083
-160.701
-209.247
-262.076
-318.898
-377.614
-431.436
-461.721
233.495
231.064
231.183
229.826
229.624
229.123
228.8
228.577
228.3
228.026
227.759
227.383
226.868
226.227
225.488
224.529
223.271
221.685
219.732
217.494
214.791
211.542
207.84
203.619
198.507
192.731
185.949
178.021
168.917
158.631
146.954
133.785
118.856
102.114
83.4469
62.542
39.2303
13.5
-14.7966
-45.8676
-79.8973
-116.949
-157.063
-200.354
-246.99
-297.35
-351.214
-405.623
-453.132
-474.954
228.529
226.377
226.351
224.993
224.617
223.955
223.478
223.045
222.564
221.995
221.304
220.543
219.658
218.529
217.127
215.436
213.41
211.029
208.201
204.91
201.171
196.814
191.657
185.904
179.279
171.597
163.052
153.612
142.928
130.918
117.556
102.732
86.3952
68.2832
48.1876
26.2002
2.19092
-24.0753
-52.6241
-83.5348
-116.9
-152.791
-191.272
-232.411
-276.334
-323.263
-373.114
-423.048
-465.107
-480.81
222.883
221.059
220.899
219.693
219.365
218.496
217.824
217.104
216.288
215.427
214.353
213.036
211.546
209.92
208.057
205.832
203.194
199.933
196.076
191.574
186.557
181.028
174.755
167.594
159.692
150.83
140.768
129.582
117.369
103.954
89.1397
72.8749
55.0851
35.876
15.1516
-7.42325
-31.8621
-58.1099
-86.2466
-116.332
-148.47
-182.664
-218.882
-257.119
-297.435
-340.152
-384.811
-429.27
-466.253
-479.941
216.666
215.359
215.159
214.062
213.724
212.771
211.959
210.997
209.82
208.538
207.121
205.449
203.405
200.972
198.222
195.169
191.755
187.903
183.462
178.288
172.323
165.604
158.15
149.721
140.242
129.84
118.554
106.171
92.528
77.7095
61.7334
44.4935
25.8902
5.77351
-15.7407
-38.4707
-62.6218
-88.3214
-115.537
-144.333
-174.662
-206.495
-239.812
-274.579
-310.739
-348.435
-386.45
-422.646
-450.77
-464.104
210.322
209.343
209.235
208.314
207.82
206.8
205.927
204.734
203.338
201.681
199.739
197.562
195.144
192.322
189.038
185.245
180.791
175.837
170.362
164.34
157.489
149.798
141.241
131.84
121.503
110.007
97.3267
83.6473
68.9114
53.0215
35.9625
17.7362
-1.62147
-22.0001
-43.539
-66.3525
-90.2275
-115.122
-141.06
-168.011
-196.06
-225.13
-255.084
-285.777
-317.433
-349.179
-379.195
-403.712
-417.909
-428.872
204.035
203.464
203.233
202.432
201.908
200.771
199.79
198.418
196.84
195.031
192.822
190.194
187.132
183.644
179.718
175.315
170.384
164.783
158.454
151.46
143.713
135.083
125.506
114.883
103.257
90.7573
77.1926
62.4202
46.576
29.7201
11.8476
-7.00742
-26.8917
-47.7801
-69.4199
-91.6843
-114.709
-138.443
-162.844
-187.941
-213.544
-239.527
-265.759
-292.17
-318.527
-343.762
-366.078
-381.865
-387.371
-392.693
197.876
197.544
197.511
196.713
196.169
195.04
193.87
192.299
190.501
188.384
185.914
183.129
179.88
176.142
171.717
166.576
160.827
154.445
147.374
139.452
130.804
121.247
110.791
99.4186
86.9487
73.2627
58.5891
42.9568
26.2315
8.45836
-10.2567
-29.9059
-50.2513
-71.16
-92.7143
-114.803
-137.149
-159.69
-182.34
-205.108
-228.134
-251.222
-274.054
-296.426
-317.694
-336.919
-352.431
-362.584
-369.511
-371.754
191.873
191.856
191.9
191.238
190.644
189.538
188.379
186.712
184.789
182.445
179.659
176.429
172.745
168.653
164.067
158.841
152.781
145.871
138.18
129.632
120.167
109.705
98.2196
85.7134
72.3078
57.8613
42.2413
25.5189
7.80793
-10.8328
-30.3287
-50.5875
-71.5393
-92.9688
-114.555
-136.214
-157.863
-179.242
-200.312
-221.1
-241.58
-261.816
-281.566
-300.389
-317.669
-332.525
-343.408
-348.817
-354.132
-355.871
186.341
186.679
186.747
186.188
185.645
184.486
183.291
181.538
179.544
177.083
174.234
170.939
167.087
162.576
157.479
151.815
145.483
138.319
130.182
121.175
111.218
100.227
88.1224
74.8582
60.4048
44.9277
28.3971
10.7256
-7.96073
-27.5947
-48.0664
-69.1923
-90.8086
-112.739
-134.802
-156.625
-177.877
-198.443
-218.11
-236.9
-255.192
-272.828
-289.641
-305.58
-319.828
-330.697
-337.1
-342.428
-344.13
-345.802
181.431
182.121
182.208
181.665
181.274
180.167
178.96
177.173
175.099
172.524
169.464
165.94
161.977
157.489
152.327
146.416
139.788
132.407
124.137
114.829
104.454
92.9918
80.3047
66.4436
51.3209
34.9272
17.3679
-1.27957
-21.0153
-41.7583
-63.3316
-85.614
-108.394
-131.353
-154.21
-176.665
-198.243
-218.412
-237.098
-254.384
-270.26
-285.094
-299.154
-312.279
-323.561
-331.617
-335.556
-338.334
-339.817
-340.508
177.228
178.147
178.277
177.85
177.525
176.417
175.241
173.523
171.507
168.993
166.023
162.462
158.235
153.457
148.127
142.125
135.341
127.74
119.33
109.95
99.4988
87.9227
75.0602
60.7858
45.1613
28.1631
9.79899
-9.93181
-30.9265
-53.0008
-75.9251
-99.5624
-123.742
-148.277
-172.691
-196.43
-218.983
-239.87
-258.356
-274.216
-287.917
-299.57
-309.866
-319.477
-327.619
-332.907
-337.3
-337.942
-338.953
-339.007
173.592
174.737
175.017
174.713
174.473
173.399
172.438
170.754
168.779
166.177
163.175
159.722
155.675
150.92
145.482
139.42
132.624
125.028
116.581
107.164
96.6698
84.9706
71.9896
57.5587
41.5199
24.0675
5.17398
-15.3483
-37.4078
-60.8341
-85.4827
-110.976
-136.994
-163.468
-190.209
-216.531
-241.411
-263.684
-282.741
-298.035
-309.172
-316.962
-322.758
-327.339
-330.925
-335.098
-337.88
-339.531
-340.369
-340.133
170.537
171.782
172.183
172.104
172.093
171.087
170.304
168.671
166.998
164.566
161.586
157.986
153.914
149.261
143.913
137.865
131.118
123.597
115.207
105.952
95.6689
84.1812
71.3536
57.14
41.3211
23.6456
3.97868
-17.37
-40.4854
-65.3325
-91.6743
-119.144
-147.536
-176.601
-206.189
-235.823
-264.474
-290.606
-312.024
-327.273
-336.339
-339.366
-337.95
-335.311
-335.664
-337.875
-340.906
-343.234
-344.416
-344.193
167.853
169.235
169.76
169.967
170.125
169.458
168.785
167.269
165.7
163.408
160.698
157.31
153.295
148.69
143.491
137.592
131.004
123.698
115.531
106.467
96.4164
85.2428
72.6911
58.558
42.9156
25.386
5.69662
-16.0575
-39.9389
-66.0292
-94.0872
-123.776
-154.574
-186.361
-219.491
-253.865
-288.182
-319.978
-346.342
-364.109
-371.482
-368.13
-358.318
-349.682
-346.125
-346.362
-348.276
-350.069
-350.958
-350.774
165.491
167.152
167.616
168.135
168.445
168.187
167.729
166.564
165.179
162.927
160.325
157.15
153.318
148.806
143.686
137.916
131.476
124.354
116.527
107.869
98.3008
87.729
75.9142
62.5542
47.4174
30.126
10.7006
-11.2365
-35.6577
-62.6789
-92.3034
-124.252
-157.897
-192.69
-229.144
-268.163
-309.443
-350.647
-386.673
-410.706
-417.403
-406.061
-388.042
-374.595
-366.881
-362.884
-360.24
-358.834
-358.176
-358.1
163.217
165.391
165.524
166.624
167.218
167.276
166.995
166.126
165.015
163.154
160.728
157.606
154.007
149.656
144.642
139.001
132.753
125.831
118.254
109.958
100.879
90.8996
79.7582
67.3274
53.1723
36.8254
18.0094
-3.52519
-27.8668
-55.2685
-86.1868
-120.133
-156.126
-193.877
-233.777
-277.544
-326.62
-379.408
-429.298
-466.489
-474.362
-452.724
-427.392
-406.238
-391.498
-380.514
-372.492
-366.901
-363.616
-362.795
160.455
163.801
163.56
165.176
166.052
166.493
166.634
166.099
165.109
163.586
161.537
158.522
154.972
150.73
145.791
140.177
133.958
127.167
119.796
111.862
103.318
94.115
84.1285
72.9902
60.2893
45.6127
28.2043
7.71148
-16.1947
-43.6951
-75.2016
-110.795
-149.531
-189.91
-232.184
-279.121
-333.507
-398.083
-466.634
-521.307
-536.549
-508.997
-467.023
-436.148
-411.958
-394.075
-380.965
-371.033
-364.917
-362.803
157.284
162.339
161.308
163.75
164.953
165.646
166.196
166.121
165.502
164.261
162.602
159.937
156.483
152.366
147.468
141.843
135.566
128.689
121.291
113.515
105.363
96.7832
87.7857
78.0131
67.0894
54.4439
39.2577
20.6812
-1.81804
-28.5319
-59.8067
-96.2888
-136.876
-179.482
-223.678
-271.596
-329.795
-404.872
-489.727
-562.676
-583.934
-560.265
-500.615
-463.01
-432.589
-407.325
-386.964
-371.565
-361.755
-357.186
153.404
161.239
159.004
162.35
163.818
164.893
165.789
166.131
165.977
165.133
163.576
161.245
157.994
154.037
149.155
143.382
136.953
129.846
122.263
114.368
106.352
98.181
89.8713
81.5721
72.9236
63.1411
51.1568
35.6054
15.7727
-9.19702
-39.8194
-76.9943
-119.328
-164.143
-209.604
-256.771
-312.886
-388.471
-484.817
-575.031
-599.657
-572.568
-527.774
-490.697
-460.581
-432.706
-406.323
-382.656
-365.994
-357.081
147.433
160.608
156.847
160.87
162.526
163.85
165.188
165.956
166.311
166.059
164.814
162.664
159.757
155.865
151.012
145.253
138.517
130.937
123
114.823
106.52
98.4045
90.6111
83.5939
76.9735
70.3461
61.8581
50.4463
34.4703
12.9771
-15.6521
-52.1572
-96.4304
-144.17
-191.437
-237.904
-287.227
-357.729
-452.702
-543.611
-586.233
-566.718
-539.648
-514.512
-491.724
-467.074
-438.145
-408.091
-385.923
-374.438
122.655
154.037
154.447
159.201
161.073
162.822
164.429
165.526
165.999
165.868
165.425
164.044
161.243
156.893
151.891
146.334
139.5
131.476
122.496
113.72
105.384
97.2449
89.5865
83.0521
78.5823
75.2094
70.5566
64.3972
54.1326
37.5013
11.8153
-23.9099
-69.834
-121.029
-169.725
-212.225
-255.784
-319.488
-398.894
-483.791
-540.788
-553.276
-546.386
-533.386
-517.672
-500.955
-477.415
-447.361
-422.8
-410.361
126.308
152.499
154.774
157.732
160.16
162.529
164.45
166.045
167.237
167.361
166.851
165.697
163.291
159.428
153.916
147.266
139.873
131.427
121.336
110.822
101.114
92.475
84.2689
76.8106
72.7634
72.1577
72.6817
71.2086
66.4969
56.4008
36.4293
1.51544
-52.0491
-116.337
-172.448
-209.699
-244.875
-314.699
-398.199
-477.813
-529.112
-554.267
-558.606
-551.878
-541.658
-529.77
-512.672
-490.421
-472.932
-465.074
136.554
150.265
153.923
157.053
159.911
162.495
164.604
166.734
168.48
168.897
167.925
166.154
163.463
159.344
153.56
146.071
137.343
127.605
116.642
105.082
94.1731
84.4714
75.9694
69.3086
67.7764
70.6399
74.5334
79.9391
81.6963
74.8774
56.1108
14.035
-55.1337
-137.419
-203.975
-248.307
-285.171
-344.843
-434.145
-503.862
-549.819
-573.73
-580.552
-577.212
-570.313
-563.487
-554.041
-540.903
-534.612
-536.681
145.103
151.006
154.377
157.445
160.732
163.618
165.746
167.625
168.51
168.835
168.013
165.529
161.701
156.088
148.858
140.101
129.994
118.585
106.332
93.4715
81.5834
71.6638
64.7257
61.2661
61.7478
69.0278
82.0379
93.4329
102.852
103.529
84.8153
29.0921
-65.6442
-175.835
-257.925
-305.629
-348.652
-414.63
-489.532
-548.385
-587.125
-607.978
-614.631
-612.98
-608.301
-606.293
-604.925
-601.151
-606.89
-621.069
149.223
152.657
155.958
159.152
162.758
164.994
166.816
168.836
169.883
169.008
166.489
162.794
157.664
150.462
140.978
129.662
117.076
102.898
87.9704
73.8822
61.3447
52.1419
46.5985
45.7395
53.8074
70.4858
89.5961
114.919
143.879
156.964
130.944
46.604
-87.618
-220.516
-308.714
-369.824
-431.965
-498.905
-562.009
-611.533
-643.824
-660.92
-665.002
-662.894
-661.108
-664.237
-670.401
-676.436
-692.169
-715.288
150.587
154.161
157.56
160.775
164.566
167.365
169.211
170.367
170.247
168.575
165.023
159.287
151.501
141.826
129.619
115.206
99.0155
81.7234
63.1597
45.477
31.2011
21.0718
18.0994
25.8528
42.3381
62.5002
103.197
162.09
215.124
228.66
172.754
49.9257
-114.035
-266.061
-377.983
-462.139
-537.513
-607.162
-664.502
-705.562
-729.98
-739.55
-739.939
-735.731
-734.726
-741.396
-753.711
-770.129
-795.549
-825.194
150.715
154.424
158.205
162.17
166.008
168.993
170.213
171.331
171.354
168.168
162.712
155.3
144.72
131.139
114.545
95.9308
75.2388
52.651
29.453
6.89715
-11.9394
-21.5597
-18.6165
-8.54538
9.6485
59.6163
140.042
231.123
283.012
269.865
181.395
25.8164
-169.534
-351.818
-491.121
-594.825
-680.86
-751.092
-801.6
-832.735
-847.737
-850.149
-844.384
-836.292
-834.263
-842.172
-858.057
-881.474
-916.849
-956.496
148.638
153.338
158.761
164.217
167.251
169.772
172.481
172.182
169.611
164.661
157.306
147.174
133.771
116.507
95.4438
70.8089
43.8139
14.2158
-17.6063
-48.1497
-71.1929
-82.7584
-84.1439
-68.9592
-20.8349
68.9182
174.151
262.778
295.796
231.372
85.9027
-102.448
-306.123
-496.487
-653.278
-771.567
-860.546
-925.467
-967.519
-987.955
-991.835
-985.176
-973.709
-961.915
-957.72
-965.386
-983.727
-1011.75
-1053.14
-1104.44
144.906
152.328
156.851
162.215
168.424
169.858
169.62
168.588
165.486
158.742
148.501
134.547
116.123
93.3388
66.901
35.4757
-0.542505
-40.3454
-83.6595
-126.539
-163.854
-187.496
-184.645
-141.135
-56.6385
45.0286
145.285
193.925
162.428
50.4848
-119.713
-319.719
-526.14
-715.841
-872.964
-990.402
-1072.23
-1126.68
-1159.37
-1167.43
-1158.58
-1141.24
-1122.83
-1106.61
-1098.82
-1104.91
-1124.85
-1158.32
-1203.36
-1264.85
136.568
144.218
152.973
157.675
160.077
164.748
166.384
161.793
154.748
144.475
131.093
112.964
89.5392
59.9889
24.3897
-16.201
-62.9832
-118.033
-182.408
-252.615
-311.354
-336.117
-311.116
-233.544
-126.408
-24.0897
25.6355
6.55878
-75.5183
-214.593
-394.414
-596.774
-798.936
-979.521
-1126.05
-1234.27
-1306.58
-1350.7
-1366.18
-1361.58
-1341.08
-1313.45
-1287.13
-1265.8
-1254.41
-1257.94
-1277.15
-1314.08
-1364.26
-1417.26
116.136
130.524
139.847
145.892
148.498
147.77
145.919
139.1
129.941
116.656
99.6358
76.9212
47.1345
11.2827
-33.5141
-88.7441
-153.891
-233.784
-333.669
-437.723
-507.781
-523.547
-456.512
-333.252
-218.213
-160.409
-162.239
-220.797
-333.788
-490.506
-678.511
-882.745
-1079.19
-1246.89
-1376.87
-1469.45
-1528.49
-1557.85
-1563.7
-1550.97
-1522.83
-1487.92
-1455.03
-1429.17
-1415.11
-1416.65
-1433.74
-1468.36
-1517.92
-1562.02
79.7066
87.3992
103.061
113.595
110.325
105.544
94.3716
85.4058
78.1842
68.0697
51.8752
24.7772
-12.1384
-58.502
-115.03
-184.633
-275.047
-395.038
-539.381
-669.125
-753.737
-724.507
-592.587
-455.554
-376.359
-357.895
-386.458
-468.76
-597.024
-761.966
-956.886
-1160.81
-1346.41
-1497.93
-1610.1
-1686.08
-1731.33
-1749.8
-1746.85
-1726.59
-1692.7
-1652.45
-1614.62
-1584.89
-1567.71
-1566.94
-1581.61
-1611.39
-1654.19
-1692.37
-105.541
-50.0212
12.2649
41.6656
36.5459
23.7548
8.49813
-4.14305
-13.4558
-18.9528
-29.3247
-54.0942
-92.2215
-145.114
-215.624
-308.489
-430.018
-589.17
-779.051
-950.968
-1016.6
-915.794
-761.132
-646.534
-595.202
-589.419
-629.442
-719.751
-850.568
-1020.34
-1220.29
-1423.67
-1596.43
-1728.26
-1821.51
-1883.07
-1917.54
-1926.65
-1914.75
-1886.37
-1846.03
-1799.86
-1757.16
-1723.12
-1701.04
-1695.33
-1706.38
-1731.65
-1768.57
-1801.24
-390.764
-264.353
-148.735
-97.4932
-95.6012
-113.687
-142.132
-167.284
-176.33
-167.508
-156.788
-165.101
-198.648
-252.75
-331.799
-444.008
-599.198
-812.08
-1045.93
-1233.79
-1257.01
-1118.81
-968.833
-863.622
-810.065
-801.251
-840.554
-931.869
-1068.79
-1247.28
-1452.22
-1655.5
-1822.16
-1938.86
-2017.59
-2068.38
-2091.62
-2090.37
-2066.76
-2028
-1978.95
-1925.16
-1876.36
-1837.48
-1808.84
-1797.67
-1802.46
-1822.24
-1853.6
-1879.92
-581.608
-401.905
-302.696
-270.176
-289.123
-340.129
-404.628
-448.306
-434.445
-382.686
-330.816
-304.73
-317.902
-364.315
-451.126
-583.539
-763.031
-1002.98
-1270.17
-1464.25
-1480.31
-1314.89
-1145.96
-1027.82
-963.423
-947.094
-985.225
-1083.01
-1229.17
-1415.7
-1629.25
-1840.86
-2010.11
-2123.03
-2195.46
-2246.34
-2262.14
-2244.58
-2202.67
-2147.93
-2086.72
-2024.22
-1967.99
-1922.33
-1889.84
-1871.48
-1868.07
-1880.08
-1902.73
-1921.75
-502.48
-397.897
-395.467
-437.025
-529.852
-663.957
-794.554
-858.844
-785.128
-643.701
-506.516
-440.235
-430.138
-455.447
-540.586
-675.208
-863.166
-1110.35
-1374.67
-1557
-1561.16
-1410.29
-1222.72
-1097.41
-1036.37
-1023.57
-1064.53
-1162.18
-1315.75
-1509.55
-1734.03
-1960.29
-2141.46
-2259.24
-2338.01
-2391.46
-2406.53
-2372.43
-2310.95
-2238.53
-2163.78
-2091.52
-2027.16
-1974.45
-1935.71
-1910.64
-1899.79
-1903.74
-1916.5
-1927.93
-336.853
-329.36
-386.274
-529.131
-749.582
-1042.73
-1303.62
-1366.72
-1174.94
-892.736
-659.417
-531.633
-492.052
-499.374
-550.88
-676.373
-849.24
-1071.65
-1306.35
-1469.72
-1473.2
-1350.29
-1183.02
-1071.47
-1024.4
-1019.89
-1069.37
-1168.97
-1325.36
-1524.43
-1758.86
-2000.53
-2194.83
-2319.67
-2405.04
-2463.89
-2478.67
-2435.89
-2364.38
-2282.78
-2198.84
-2118.89
-2048.36
-1989.96
-1945.57
-1914.48
-1896.24
-1892.02
-1897.01
-1903.28
-148.142
-183.825
-299.621
-492.338
-765.826
-1168.17
-1565.44
-1693.64
-1407.6
-1010.8
-732.281
-557.055
-471.995
-463.604
-494.974
-582.583
-719.226
-895.577
-1078.6
-1208.78
-1228.04
-1152.88
-1037.79
-966.531
-940.166
-949.727
-1008.91
-1112.72
-1265.02
-1463.89
-1701.84
-1948.21
-2154.59
-2290.15
-2380.86
-2441.63
-2457.04
-2414.16
-2343.69
-2264.52
-2180.37
-2100.26
-2028.78
-1969.06
-1921.53
-1884.88
-1861.27
-1851.09
-1851.47
-1859.22
-10.4236
-52.5967
-141.947
-278.199
-523.549
-870.564
-1244.26
-1449.5
-1205.69
-889.478
-639.782
-478.067
-386.749
-353.599
-372.989
-429.105
-519.282
-638.592
-767.357
-869.942
-915.283
-895.123
-836.849
-809.308
-813.775
-851.201
-917.131
-1016.35
-1156.93
-1344.53
-1573.67
-1815.43
-2029.3
-2177.53
-2271.67
-2330.85
-2348.3
-2311.65
-2249.54
-2180.83
-2106.07
-2033.92
-1969.89
-1915.21
-1869.01
-1831.71
-1805.63
-1790.89
-1788.37
-1803.49
67.8874
43.0725
-12.2486
-102.039
-253.616
-451.29
-620.544
-669.093
-665.014
-517.274
-375.725
-293.222
-239.781
-209.281
-215.443
-252.124
-312.674
-391.022
-481.079
-563.417
-617.583
-634.998
-632.851
-649.075
-684.1
-737.949
-806.49
-901.132
-1025.38
-1195.34
-1402.95
-1629.59
-1842.77
-2005.68
-2101.71
-2153.17
-2167.64
-2138.98
-2091.27
-2037.82
-1980.46
-1924.66
-1877.22
-1834.95
-1798.13
-1766.43
-1742.1
-1725.99
-1719.7
-1736.11
97.0552
80.7304
51.7331
6.523
-65.5209
-164.236
-247.818
-274.775
-261.019
-215.982
-153.421
-108.009
-86.0444
-74.7581
-72.5664
-92.1627
-134.783
-191.963
-257.72
-323.963
-377.969
-417.163
-456.132
-501.311
-555.241
-617.403
-693.191
-788.438
-902.442
-1047.5
-1224.57
-1427.98
-1629.63
-1799.52
-1902.45
-1945.61
-1949.83
-1926.34
-1890.72
-1851.52
-1815.25
-1784.02
-1759.97
-1738.28
-1718.97
-1699.44
-1681.59
-1669.82
-1669.52
-1678.68
98.9099
88.6647
73.9191
51.1123
17.6374
-24.0988
-55.9624
-55.3792
-50.3748
-47.2336
-25.2083
7.68301
26.7557
33.2046
35.017
25.3862
-2.12646
-45.0678
-96.5764
-150.343
-203.523
-255.651
-312.027
-371.468
-437.403
-510.139
-593.752
-685.547
-792.241
-918.531
-1071.51
-1245
-1424.66
-1582.73
-1699.18
-1743.93
-1737.18
-1708.19
-1673.63
-1648.27
-1631.98
-1627.4
-1630.03
-1637.09
-1644.25
-1644.58
-1637.76
-1630.33
-1635.89
-1644.2
97.1404
92.3073
84.4954
71.3125
55.266
34.1537
18.1223
18.9323
24.8071
30.8739
47.7664
65.9893
80.3323
90.6684
98.3221
99.3915
85.5089
55.9871
15.8577
-31.0486
-83.564
-141.139
-203.792
-271.915
-344.626
-420.903
-502.723
-592.462
-695.313
-810.363
-943.62
-1089.66
-1245.3
-1388.96
-1503.04
-1566.97
-1562.9
-1521.3
-1478.11
-1454.68
-1452.91
-1470.76
-1502.05
-1542.75
-1583.6
-1610.58
-1618.37
-1615.2
-1616.4
-1624.49
90.909
89.7278
86.722
81.1368
73.9514
65.1607
58.9323
60.6493
65.7858
70.3626
75.37
90.5246
110.089
121.493
127.46
131.315
128.12
111.287
81.0377
40.1781
-10.3007
-68.2268
-131.464
-198.874
-268.919
-343.985
-424.917
-513.663
-609.641
-716.203
-831.962
-958.92
-1094.92
-1226.38
-1331.91
-1404.87
-1426.32
-1390.91
-1332.4
-1295.84
-1299.78
-1333.09
-1390.61
-1464.45
-1539.69
-1594.26
-1615.15
-1614.48
-1609.61
-1613.32
86.4034
86.4522
85.2117
82.8151
79.338
75.6978
74.0571
76.6286
83.8424
91.2685
95.3076
105.954
116.93
126.056
135.196
141.097
140.232
129.111
105.894
71.3515
27.9003
-22.522
-79.3803
-141.621
-209.427
-282.592
-360.292
-443.854
-533.943
-632.697
-737.749
-850.939
-968.23
-1087.92
-1193.98
-1270.13
-1312.18
-1308.58
-1266.06
-1213.86
-1199.96
-1239.96
-1314.77
-1410.22
-1505.29
-1579.5
-1609.8
-1605.7
-1597.32
-1597.63
81.4014
82.5326
83.0309
82.3143
81.1893
79.9572
79.2927
81.0695
86.8297
94.3568
103.539
109.216
115.979
126.699
133.404
135.962
135.296
128.086
111.285
85.0869
50.4685
6.33118
-45.5333
-102.629
-165.258
-232.846
-306.447
-385.304
-469.644
-559.39
-655.615
-756.241
-862.396
-970.302
-1073.34
-1158.26
-1215.64
-1243.69
-1239.06
-1215.91
-1198.22
-1217.89
-1285.43
-1386.25
-1477.82
-1552.13
-1585.2
-1582.4
-1570.35
-1569.25
76.5028
77.8183
79.6663
79.7558
79.6633
79.7449
80.4364
82.5393
86.5201
91.5332
98.2268
104.987
111.846
118.007
123.271
126.584
126.606
121.077
107.349
86.1069
57.0822
19.6737
-24.1202
-74.4399
-131.119
-193.417
-260.599
-331.491
-407.53
-489.688
-577.928
-671.366
-770
-869.68
-968.118
-1060.08
-1133
-1181.7
-1211.26
-1227.15
-1246.53
-1276.25
-1325.05
-1390.35
-1456.55
-1513.56
-1541.54
-1543.09
-1533.16
-1528.24
71.6
73.4337
75.208
76.6604
77.5154
78.0838
79.0304
80.5928
83.5606
88.3171
93.516
97.6512
102.699
108.44
112.872
114.124
113.253
109.09
98.8867
82.4952
59.3078
28.9051
-8.9023
-53.2397
-102.747
-157.407
-216.733
-281.454
-352.095
-428.84
-510.936
-598.913
-690.856
-785.857
-879.773
-971.603
-1056.43
-1121.66
-1172.66
-1224.8
-1284.96
-1343.44
-1390.21
-1427.05
-1458.58
-1486.96
-1503.15
-1502.62
-1495.99
-1490.67
64.9706
70.2438
72.6723
74.2735
75.0531
75.9893
76.9899
77.8703
79.6889
82.665
86.3316
91.1579
95.1372
98.6429
101.833
104.358
104.676
100.708
92.571
79.5562
60.4191
34.6478
2.79826
-34.9728
-78.6975
-128.174
-183.32
-243.783
-309.402
-381.036
-458.453
-541.085
-628.272
-718.244
-808.887
-898.356
-984.066
-1062.54
-1130.72
-1203.12
-1287.78
-1376.17
-1443.35
-1479.52
-1482.43
-1482.82
-1485.84
-1483.75
-1478.47
-1473.41
54.6975
70.003
72.1539
72.7788
73.5514
74.1464
74.6293
75.6134
77.1931
79.0169
81.4665
84.8172
88.3335
91.8808
94.1836
95.7
95.7851
92.6927
85.331
74.0292
57.9717
36.3045
8.9111
-24.8315
-64.9076
-110.553
-161.477
-217.9
-280.669
-349.317
-422.891
-501.534
-584.649
-671.174
-759.144
-845.699
-929.137
-1009.85
-1089.98
-1174.2
-1270.71
-1375.68
-1466
-1504.64
-1508.81
-1494.01
-1488.72
-1485.66
-1480.94
-1476.66
41.1416
71.8467
73.2029
72.1077
72.0454
72.4465
72.9727
74.0055
74.9773
76.6408
79.0814
81.0967
83.0034
84.7423
86.2656
87.2609
85.9692
81.3319
74.1042
63.9531
48.794
28.5948
3.27941
-28.5108
-66.4491
-109.456
-158.331
-213.291
-273.651
-338.971
-409.576
-485.162
-564.391
-647.045
-730.903
-815.008
-897.678
-979.223
-1061.73
-1149.65
-1251.51
-1360
-1454.89
-1505.3
-1521.72
-1509.96
-1502.94
-1498.77
-1494.63
-1491.27
262.192
258.263
256.267
255.645
255.327
255.273
255.497
256.009
256.768
257.817
259.197
260.969
263.152
265.721
268.649
271.909
275.527
279.528
283.968
288.843
294.082
299.666
305.62
312.031
318.856
325.996
333.378
340.924
348.587
356.397
364.279
372.138
379.856
387.223
394.057
400.133
405.183
408.815
410.425
409.703
406.408
400.007
389.813
375.074
355.181
329.588
297.696
258.679
209.707
160.3
259.903
257.738
256.459
256.144
256.247
256.544
257.022
257.833
258.934
260.292
262.016
264.139
266.692
269.665
273.016
276.731
280.84
285.387
290.417
295.91
301.844
308.212
315.077
322.406
330.176
338.321
346.817
355.626
364.706
374.067
383.602
393.281
402.941
412.387
421.571
430.244
438.092
444.642
449.534
452.555
453.261
451.078
445.457
435.805
421.598
402.131
376.566
344.013
303.205
262.26
258.568
257.552
256.846
256.76
257.196
257.947
258.833
259.944
261.373
263.087
265.174
267.676
270.616
274.005
277.813
282.053
286.755
291.946
297.648
303.851
310.57
317.806
325.605
333.889
342.689
351.961
361.702
371.88
382.486
393.464
404.735
416.259
427.858
439.48
450.977
462.156
472.686
482.213
490.49
497.158
501.727
503.754
502.697
498.055
489.248
475.562
456.367
431.192
399.134
367.467
257.96
257.564
257.291
257.45
258.169
259.36
260.708
262.107
263.839
265.993
268.514
271.432
274.791
278.623
282.935
287.753
293.091
298.967
305.378
312.356
319.889
328.031
336.768
346.123
356.062
366.562
377.649
389.265
401.418
414.059
427.147
440.565
454.212
468.03
481.87
495.559
508.822
521.39
532.961
543.129
551.477
557.548
560.864
560.989
557.389
549.487
536.688
518.294
493.516
470.776
257.866
257.815
257.827
258.24
259.244
260.825
262.586
264.277
266.266
268.84
271.858
275.251
279.079
283.387
288.224
293.63
299.636
306.246
313.426
321.215
329.598
338.682
348.446
358.918
370.05
381.85
394.296
407.404
421.153
435.516
450.441
465.806
481.574
497.607
513.814
530.028
546.026
561.546
576.286
589.853
601.865
611.881
619.495
624.301
625.769
623.297
616.258
604.308
587.073
571.598
258.079
258.235
258.45
259.055
260.304
262.211
264.317
266.323
268.631
271.611
275.162
279.077
283.372
288.149
293.535
299.574
306.289
313.664
321.667
330.273
339.574
349.623
360.458
372.073
384.423
397.538
411.39
426.002
441.383
457.491
474.258
491.622
509.495
527.759
546.324
565.029
583.693
602.088
619.888
636.726
652.207
665.928
677.548
686.619
692.541
694.723
692.797
686.452
675.238
665.961
258.413
258.639
259.001
259.76
261.217
263.422
265.863
268.198
270.864
274.269
278.311
282.742
287.537
292.839
298.791
305.483
312.912
321.026
329.824
339.284
349.502
360.53
372.419
385.169
398.774
413.187
428.466
444.603
461.591
479.409
498.01
517.331
537.248
557.686
578.525
599.636
620.87
641.985
662.66
682.525
701.212
718.378
733.669
746.564
756.478
762.993
765.798
764.558
759.02
754.451
258.676
258.876
259.312
260.208
261.885
264.372
267.118
269.783
272.82
276.66
281.168
286.098
291.418
297.276
303.798
311.1
319.203
328.062
337.65
347.973
359.096
371.086
384.022
397.898
412.712
428.457
445.118
462.711
481.263
500.743
521.105
542.255
564.121
586.616
609.624
633.044
656.707
680.359
703.677
726.33
747.961
768.198
786.579
802.57
815.758
825.838
832.39
834.917
833.293
831.975
258.636
258.775
259.251
260.288
262.179
264.927
267.958
270.947
274.351
278.596
283.575
289.015
294.831
301.17
308.229
316.113
324.86
334.44
344.795
355.946
367.936
380.858
394.787
409.754
425.727
442.68
460.633
479.6
499.6
520.605
542.567
565.435
589.12
613.525
638.544
664.071
689.904
715.777
741.4
766.426
790.487
813.166
833.996
852.581
868.677
881.976
891.865
897.94
900.21
901.517
258.064
258.159
258.673
259.845
261.946
264.906
268.195
271.528
275.309
279.93
285.315
291.18
297.435
304.242
311.809
320.268
329.637
339.882
350.944
362.823
375.595
389.374
404.233
420.183
437.194
455.265
474.377
494.59
515.889
538.274
561.712
586.118
611.4
637.465
664.242
691.576
719.258
747.033
774.585
801.562
827.602
852.305
875.296
896.229
914.713
930.119
941.787
949.444
953.21
955.305
256.742
256.844
257.418
258.729
260.998
264.165
267.703
271.332
275.437
280.4
286.137
292.35
298.988
306.226
314.27
323.221
333.104
343.892
355.529
368.04
381.513
396.046
411.7
428.484
446.383
465.378
485.5
506.747
529.148
552.692
577.33
602.977
629.559
657.01
685.217
714.016
743.188
772.457
801.49
829.946
857.456
883.659
908.178
930.576
950.316
966.961
980.496
991.005
997.993
1002.46
254.498
254.655
255.32
256.789
259.217
262.525
266.261
270.166
274.571
279.805
285.783
292.274
299.226
306.806
315.217
324.565
334.864
346.065
358.161
371.197
385.234
400.363
416.641
434.071
452.671
472.419
493.324
515.394
538.648
563.077
588.615
615.211
642.814
671.328
700.626
730.526
760.787
791.123
821.213
850.719
879.291
906.559
932.127
955.584
976.544
994.57
1008.97
1018.77
1024.11
1026.93
251.181
251.434
252.254
253.889
256.452
259.85
263.74
267.883
272.514
277.927
284.048
290.696
297.861
305.701
314.396
324.009
334.556
346.027
358.435
371.819
386.237
401.767
418.456
436.334
455.388
475.618
497.021
519.609
543.401
568.36
594.454
621.654
649.885
679.061
709.042
739.608
770.5
801.43
832.08
862.121
891.189
918.88
944.751
968.339
989.155
1006.8
1021.03
1031.85
1039.12
1043.61
246.687
247.091
248.128
249.943
252.607
256.052
260.021
264.338
269.14
274.624
280.77
287.463
294.73
302.718
311.546
321.267
331.896
343.458
355.995
369.539
384.141
399.847
416.712
434.759
453.995
474.421
496.029
518.834
542.828
567.996
594.323
621.766
650.259
679.705
709.962
740.766
771.855
802.936
833.687
863.764
892.783
920.344
946.049
969.499
990.275
1007.96
1022.19
1032.83
1039.69
1043.71
240.992
241.609
242.918
244.936
247.657
251.067
255.059
259.488
264.369
269.824
275.869
282.481
289.722
297.716
306.535
316.186
326.72
338.201
350.662
364.147
378.693
394.329
411.095
429.037
448.171
468.491
489.998
512.683
536.535
561.549
587.725
615.016
643.352
672.598
702.547
733.02
763.755
794.442
824.749
854.314
882.752
909.657
934.622
957.272
977.342
994.541
1008.41
1018.19
1023.57
1026.09
234.119
235.018
236.657
238.891
241.643
244.964
248.909
253.366
258.231
263.539
269.356
275.764
282.854
290.7
299.343
308.773
319.029
330.206
342.386
355.596
369.839
385.138
401.541
419.097
437.818
457.715
478.777
500.993
524.348
548.831
574.434
601.121
628.815
657.373
686.607
716.303
746.195
775.979
805.328
833.892
861.297
887.141
910.965
932.247
950.459
965.344
977.002
985.819
991.332
994.181
226.284
227.5
229.475
231.913
234.663
237.882
241.707
246.076
250.822
255.896
261.393
267.451
274.245
281.83
290.133
299.15
308.947
319.632
331.314
344.023
357.733
372.45
388.219
405.09
423.103
442.264
462.556
483.966
506.477
530.063
554.697
580.35
606.951
634.373
662.428
690.882
719.463
747.866
775.772
802.836
828.694
852.96
875.242
895.17
912.326
926.117
935.676
940.479
941.158
940.325
217.702
219.239
221.559
224.188
226.917
229.972
233.615
237.833
242.364
247.108
252.164
257.785
264.163
271.317
279.159
287.614
296.777
306.812
317.809
329.791
342.733
356.624
371.509
387.436
404.455
422.579
441.799
462.08
483.398
505.716
528.998
553.208
578.285
604.117
630.525
657.268
684.055
710.58
736.506
761.497
785.186
807.186
827.069
844.385
858.686
869.696
877.207
880.896
880.554
879.136
208.655
210.517
213.151
215.931
218.628
221.497
224.897
228.853
233.088
237.429
242.008
247.099
252.927
259.542
266.777
274.544
282.952
292.169
302.31
313.399
325.382
338.234
351.999
366.75
382.525
399.348
417.204
436.064
455.879
476.599
498.188
520.587
543.751
567.58
591.912
616.519
641.107
665.346
688.887
711.357
732.396
751.637
768.698
783.166
794.545
802.284
806.012
805.45
800.624
795.986
199.468
201.621
204.498
207.414
210.025
212.684
215.833
219.439
223.304
227.197
231.218
235.723
240.954
246.914
253.449
260.435
267.958
276.236
285.398
295.43
306.289
317.94
330.415
343.776
358.087
373.363
389.588
406.731
424.746
443.584
463.171
483.444
504.331
525.734
547.53
569.518
591.422
612.915
633.615
653.124
671.013
686.871
700.296
710.954
718.515
722.546
722.6
718.525
710.415
703.162
190.467
192.834
195.886
198.853
201.366
203.82
206.641
209.893
213.329
216.714
220.18
224.038
228.596
233.87
239.621
245.727
252.304
259.575
267.648
276.512
286.124
296.46
307.527
319.378
332.061
345.613
360.012
375.224
391.198
407.882
425.212
443.105
461.461
480.18
499.11
518.061
536.807
555.043
572.416
588.518
602.893
615.083
624.623
631.054
634.018
633.125
627.979
618.303
604.134
592.201
181.946
184.43
187.556
190.5
192.883
195.11
197.611
200.443
203.409
206.307
209.188
212.399
216.264
220.768
225.691
230.899
236.507
242.712
249.619
257.255
265.531
274.425
283.967
294.218
305.181
316.881
329.301
342.416
356.159
370.485
385.313
400.586
416.177
431.975
447.825
463.5
478.73
493.216
506.647
518.679
528.882
536.743
541.779
543.497
541.444
535.24
524.491
508.997
489.018
472.122
174.156
176.648
179.725
182.562
184.757
186.749
188.906
191.303
193.798
196.177
198.5
201.088
204.261
207.971
212.044
216.34
220.958
226.109
231.876
238.228
245.134
252.571
260.548
269.099
278.275
288.064
298.447
309.362
320.768
332.598
344.776
357.214
369.83
382.481
394.999
407.221
418.826
429.458
438.705
446.195
451.62
454.556
454.456
450.689
442.696
430.041
412.439
389.586
361.361
337.236
167.298
169.667
172.566
175.183
177.145
178.871
180.667
182.681
184.682
186.551
188.325
190.316
192.819
195.774
198.98
202.342
206.022
210.106
214.708
219.818
225.376
231.336
237.749
244.614
251.97
259.801
268.095
276.786
285.813
295.088
304.541
314.047
323.519
332.83
341.824
350.265
357.902
364.402
369.316
372.162
372.434
369.731
363.68
353.801
339.412
319.919
294.814
263.879
227.163
194.068
161.489
163.626
166.204
168.484
170.137
171.53
173.018
174.646
176.179
177.577
178.817
180.276
182.122
184.324
186.718
189.268
191.986
195.042
198.516
202.364
206.584
211.137
216.012
221.23
226.799
232.695
238.897
245.356
251.989
258.705
265.429
272.028
278.351
284.262
289.631
294.243
297.793
299.878
300.098
297.956
292.961
284.564
272.138
255.223
233.337
205.838
172.205
131.85
84.5394
40.734
156.824
158.58
160.696
162.499
163.789
164.881
166.059
167.257
168.361
169.274
170.051
170.998
172.223
173.701
175.327
177.063
178.944
181.081
183.454
186.119
189.034
192.201
195.599
199.251
203.097
207.123
211.282
215.527
219.773
223.925
227.89
231.553
234.789
237.395
239.157
239.802
239.087
236.625
231.969
224.581
213.855
199.244
180.279
156.254
126.525
90.4183
47.3744
-2.95704
-60.7353
-115.822
153.335
154.613
156.11
157.254
158.095
158.913
159.797
160.584
161.243
161.701
162.096
162.553
163.207
164.029
164.948
165.934
167.049
168.275
169.673
171.2
172.874
174.721
176.702
178.832
181.053
183.332
185.568
187.704
189.647
191.306
192.544
193.277
193.35
192.636
190.915
187.826
182.963
175.902
166.225
153.389
136.867
115.919
89.8315
58.0498
19.9834
-25.1848
-78.3005
-139.993
-210.485
-279.195
151.224
151.715
152.326
152.746
153.1
153.591
154.118
154.502
154.743
154.829
154.866
154.883
154.972
155.146
155.406
155.762
156.164
156.617
157.09
157.563
158.094
158.651
159.28
159.977
160.677
161.277
161.694
161.848
161.629
160.921
159.573
157.509
154.567
150.533
145.097
138.045
128.987
117.461
102.857
84.5938
61.9884
34.4639
1.35785
-38.1766
-84.877
-139.402
-202.717
-275.994
-359.767
-444.869
150.817
149.781
149.222
148.945
148.903
149.024
149.112
149.038
148.818
148.534
148.245
147.889
147.502
147.137
146.813
146.557
146.303
146.067
145.717
145.282
144.645
144.004
143.369
142.687
141.925
140.962
139.709
137.98
135.664
132.656
128.822
124.049
118.208
111.065
102.238
91.3526
78.0301
61.8484
42.1878
18.4497
-10.1638
-44.3505
-84.9277
-132.568
-188.11
-252.505
-326.499
-411.654
-509.698
-611.758
152.239
148.653
146.744
145.708
145.228
144.929
144.56
144.061
143.462
142.84
142.194
141.448
140.614
139.782
138.963
138.128
137.304
136.398
135.382
134.109
132.451
130.624
128.802
126.903
124.737
122.273
119.49
116.124
111.893
106.672
100.387
92.89
84.1392
73.8184
61.4939
46.7831
29.3122
8.52229
-16.2386
-45.6433
-80.4138
-121.417
-169.418
-225.162
-289.59
-363.812
-448.326
-544.499
-656.246
-775.188
156.458
148.095
146.729
147.842
148.17
148.5
146.036
140.8
134.538
103.459
63.8747
-126.714
-460.51
-758.363
-634.074
-356.086
-136.225
4.6304
78.5437
105.767
102.713
99.1563
91.6081
84.7299
79.6104
75.13
71.2434
68.3847
66.763
74.2588
159.225
149.829
146.134
146.466
146.962
146.901
145.174
140.95
132.906
101.25
56.4751
-109.922
-405.434
-668.607
-587.671
-320.929
-117.815
19.082
85.3765
109.894
106.665
98.641
90.4157
81.865
78.5319
73.3415
70.4638
71.0035
72.4939
81.5175
148.881
145.385
143.863
143.555
144.39
145.012
145.285
142.858
138.819
122.805
76.3233
-27.5131
-250.906
-439.617
-446.263
-287.326
-111.42
18.2364
81.3982
104.712
107.903
97.2987
88.5885
80.3553
76.3516
71.9286
69.7229
70.6673
71.3411
72.8573
139.664
139.976
140.84
141.136
142.769
145.613
148.002
148.775
153.665
145.31
107.773
47.856
-112.617
-251.989
-336.853
-283.086
-154.935
-22.1368
51.1398
90.5244
100.463
93.7867
85.6808
78.5053
73.638
70.1589
68.13
67.4802
66.0921
65.023
132.895
134.706
137.107
138.877
142.065
147.843
154.074
159.575
168.703
158.355
134.303
80.5782
-33.4156
-158.241
-306.276
-336.618
-263.771
-119.345
-5.22229
62.0747
82.7314
82.4917
78.2686
73.2316
69.1875
66.4635
64.3973
63.1691
60.9004
60.725
127.726
129.283
132.729
136.374
141.779
149.468
157.743
167.502
174.716
162.921
146.857
81.265
-19.4342
-192.046
-386.162
-465.006
-408.173
-235.365
-65.386
24.578
59.0183
65.7651
66.3278
64.4974
62.7871
61.1283
59.3454
58.4451
56.7291
57.424
122.306
123.219
126.867
130.994
136.839
144.615
153.495
163.134
171.848
163.167
138.324
60.5763
-52.6698
-257.074
-515.246
-656.064
-571.214
-330.599
-110.547
6.73212
34.2758
48.414
53.3371
55.8125
55.8435
55.1624
54.0812
53.5519
53.1361
53.7672
115.066
115.333
117.995
120.956
125.298
132.489
141.936
151.452
155.38
143.417
104.003
25.7394
-90.2036
-267.674
-517.465
-659.404
-602.474
-357.45
-152.016
-21.587
8.63774
33.4531
40.9035
50.0181
49.1302
49.8386
49.0453
49.3246
49.2772
49.6499
105.151
104.627
105.615
107.189
109.428
114.262
120.591
122.754
113.381
90.0919
45.6316
-21.9912
-121.456
-251.613
-417.448
-489.973
-430.565
-269.337
-119.567
-31.6549
3.91797
25.5563
34.5087
41.4988
42.8302
44.5229
44.3961
45.0914
44.8075
45.2638
93.1123
92.0169
91.3021
90.4921
89.6773
88.6532
85.7848
68.9642
36.5962
-1.91574
-38.118
-84.004
-144.473
-215.804
-295.286
-309.568
-251.941
-157.039
-67.1746
-19.7663
5.94888
21.2744
29.6007
35.2043
37.5806
39.2097
39.6062
40.4556
40.2221
40.5812
79.921
78.3745
76.6311
72.7636
67.0867
55.793
34.901
-11.7666
-82.0732
-135.012
-152.041
-163.73
-170.303
-181.309
-193.627
-172.391
-124.713
-80.5739
-32.3315
-5.7825
10.5079
20.3507
26.7206
30.9924
33.1202
35.0728
34.9956
35.8268
35.6513
35.9985
66.5863
64.5609
61.0996
53.639
40.8004
17.574
-31.7621
-118.194
-236.51
-299.504
-285.388
-245.928
-195.539
-147.941
-114.763
-86.1732
-48.6086
-33.4258
-12.2909
5.2143
12.9038
19.4747
24.4534
27.5455
28.9862
30.5529
30.8272
31.2883
31.0898
31.4348
52.8934
50.0739
44.0944
32.939
12.264
-21.6508
-96.9424
-226.215
-395.481
-488.284
-444.236
-334.72
-232.058
-141.192
-74.3896
-34.3706
-8.96658
-8.21243
-0.749623
10.5802
13.9118
20.0288
22.3355
24.4847
25.5543
26.1509
26.7569
27.0959
26.5905
26.716
39.4642
35.2803
27.0259
13.3086
-12.2615
-52.8523
-136.235
-283.508
-492.48
-629.991
-568.363
-385.839
-246.873
-137.629
-62.9156
-25.0272
-2.55218
-1.08214
4.28143
11.4066
13.5715
18.2454
20.0097
21.8385
22.5887
23.3585
23.1347
23.3485
22.5444
22.8078
26.8046
22.6249
13.2574
-1.74445
-27.8769
-69.9176
-151.271
-283.527
-470.823
-590.124
-546.828
-345.233
-228.915
-129.098
-61.2982
-29.3493
-9.39136
-3.08479
3.69727
10.0479
13.6287
16.3238
18.2813
19.0991
20.0039
21.0055
19.9768
19.5931
19.3448
19.239
16.1529
13.4304
4.63878
-8.78514
-33.0475
-67.6742
-130.996
-223.708
-340.723
-426.768
-399.19
-281.281
-185.975
-109.124
-56.615
-29.4353
-16.5184
-10.6187
-0.263893
6.68266
12.505
15.722
16.2888
17.202
16.9439
17.3603
16.8783
16.3431
15.9337
15.1303
9.9972
7.40158
0.628636
-10.0624
-28.7705
-54.0284
-93.1047
-148.374
-211.383
-261.93
-249.845
-180.446
-123.761
-76.2576
-47.7178
-31.4245
-20.4927
-14.1946
-0.849903
5.55437
9.47795
13.216
14.2894
14.544
14.3776
14.1618
13.7111
13.0258
11.8402
11.3855
7.41743
4.84139
-0.555758
-7.95433
-20.4357
-37.3631
-58.8659
-90.7498
-120.087
-138.577
-128.137
-90.9387
-65.6348
-49.6342
-35.228
-29.7332
-21.7284
-5.24436
5.22903
8.44199
11.1521
12.5211
14.1999
12.0884
11.4019
11.2433
10.5252
9.48476
8.82472
8.67341
4.80816
2.76739
-0.943684
-5.40718
-12.4385
-22.056
-30.4549
-42.6029
-51.3563
-57.0934
-43.1489
-26.5496
-17.8632
-22.9178
-19.5165
-17.5758
-14.6592
-0.207025
2.56586
6.10832
8.31572
8.61988
10.9309
10.6574
8.01781
6.88858
6.5431
6.24531
6.42685
6.17519
0.511096
-0.135372
-1.35767
-3.07496
-5.17364
-8.43158
-9.54731
-12.2493
-16.9013
-10.7084
5.9581
20.3392
13.175
0.93869
-4.73124
-7.94353
-10.4377
-8.83157
-7.05259
-3.13559
-0.00402591
0.997695
1.49365
3.43739
3.34697
2.79756
3.07902
3.62674
3.80451
4.03504
)
;

boundaryField
{
    INLET
    {
        type            zeroGradient;
    }
    OUTLET
    {
        type            fixedValue;
        value           uniform 0;
    }
    WALL
    {
        type            zeroGradient;
    }
    CYLINDER
    {
        type            zeroGradient;
    }
    frontAndBackPlanes
    {
        type            empty;
    }
}


// ************************************************************************* //
