/*--------------------------------*- C++ -*----------------------------------*\
| =========                 |                                                 |
| \\      /  F ield         | OpenFOAM: The Open Source CFD Toolbox           |
|  \\    /   O peration     | Version:  v1912                                 |
|   \\  /    A nd           | Website:  www.openfoam.com                      |
|    \\/     M anipulation  |                                                 |
\*---------------------------------------------------------------------------*/
FoamFile
{
    version     2.0;
    format      ascii;
    class       volScalarField;
    location    "0.17";
    object      p;
}
// * * * * * * * * * * * * * * * * * * * * * * * * * * * * * * * * * * * * * //

dimensions      [0 2 -2 0 0 0 0];


internalField   nonuniform List<scalar> 
6600
(
55.6548
50.8779
48.4053
46.93
46.2772
46.0774
46.0992
46.4291
47.1606
48.3214
49.9427
51.8982
54.2308
56.9621
60.1201
63.7004
67.7009
72.1377
77.0014
82.2666
87.9444
93.9883
100.34
106.937
113.753
120.802
127.911
134.963
141.918
148.615
154.857
160.483
165.323
169.164
171.728
172.689
171.662
168.258
162.115
152.782
139.761
122.526
100.512
72.93
39.1875
-1.51719
-49.3808
-105.237
-170.444
-236.982
52.2712
47.088
45.1546
43.355
42.2577
41.681
41.4127
41.4708
41.8677
42.6889
43.9103
45.623
47.6872
50.0719
52.8398
56.0347
59.6068
63.5532
67.8856
72.5757
77.6231
82.9896
88.6264
94.4801
100.397
106.325
112.342
118.21
123.733
128.999
133.76
137.679
140.643
142.461
142.848
141.452
137.888
131.786
122.76
110.351
94.0423
73.2684
47.4876
16.0022
-21.7891
-66.6809
-118.835
-178.431
-245.932
-312.704
47.5449
41.8407
40.7311
38.6557
37.3046
36.4244
35.8985
35.7689
36.0695
36.7213
37.707
38.9865
40.725
42.8971
45.3713
48.2206
51.4141
54.9417
58.8082
62.9801
67.4329
72.1363
77.0462
82.0622
87.065
92.0397
96.9327
101.611
105.841
109.522
112.543
114.657
115.632
115.265
113.259
109.303
103.031
94.0498
81.9765
66.3552
46.6667
22.3768
-7.00927
-42.0483
-83.3129
-131.52
-186.849
-248.586
-315.567
-378.704
41.6816
35.6527
35.1475
32.757
31.3363
30.27
29.5781
29.2499
29.3908
29.8103
30.6694
31.7927
33.2427
35.0902
37.2984
39.838
42.6645
45.7946
49.2064
52.8528
56.702
60.7153
64.8675
69.1188
73.251
77.1356
80.8109
84.1671
86.985
89.1283
90.4216
90.6373
89.5588
86.9444
82.5107
75.9386
66.8923
55.0112
39.8993
21.1246
-1.76838
-29.252
-61.7384
-99.6421
-143.431
-193.741
-250.606
-312.542
-377.178
-434.389
35.0611
28.5592
28.3239
25.6032
24.2315
23.0871
22.2293
21.8281
21.8007
22.0974
22.6555
23.5594
24.8064
26.3576
28.2088
30.3737
32.8115
35.4936
38.3997
41.4792
44.6915
47.9708
51.28
54.5509
57.7047
60.6079
63.1153
65.1479
66.5432
67.0887
66.6325
64.9692
61.8559
57.0434
50.2395
41.1639
29.4974
14.8831
-3.02026
-24.5801
-50.1824
-80.1855
-114.903
-154.649
-199.763
-250.658
-307.352
-368.209
-429.105
-478.576
27.5971
20.7141
20.3652
17.3859
15.969
14.7785
13.8569
13.2153
12.9528
13.0145
13.3995
14.0983
15.0088
16.1947
17.6711
19.3935
21.3357
23.4848
25.7969
28.2331
30.7411
33.2364
35.6879
38.0965
40.2229
41.9611
43.2564
43.9592
43.8993
42.9213
40.8046
37.3299
32.2827
25.4115
16.4516
5.11421
-8.8856
-25.8204
-45.9945
-69.7112
-97.2461
-128.863
-164.775
-205.189
-250.352
-300.554
-355.632
-413.914
-469.772
-510.118
18.9639
11.8771
11.2758
8.05592
6.62707
5.25172
4.24806
3.51268
3.05425
2.7812
2.8377
3.14961
3.72975
4.50181
5.46153
6.64518
8.00317
9.51771
11.1437
12.8423
14.5677
16.2257
17.7289
19.0698
20.2201
20.9326
21.0548
20.4774
19.0476
16.5633
12.8503
7.70181
0.903181
-7.78196
-18.6149
-31.8161
-47.6219
-66.2955
-88.0545
-113.112
-141.671
-173.887
-209.875
-249.77
-293.777
-342.191
-394.646
-449.055
-499.104
-529.558
9.01475
1.95159
1.11105
-2.33121
-3.82172
-5.30001
-6.6288
-7.59775
-8.36938
-8.75671
-9.09098
-9.20374
-9.22661
-8.99478
-8.57423
-8.04669
-7.36645
-6.58098
-5.72413
-4.83383
-3.94905
-3.14668
-2.49345
-2.10734
-2.08578
-2.5289
-3.54647
-5.3409
-8.09054
-11.9237
-17.0279
-23.6145
-31.8861
-42.048
-54.2955
-68.8442
-85.8953
-105.605
-128.149
-153.687
-182.332
-214.171
-249.248
-287.614
-329.419
-375.021
-424.22
-474.119
-517.849
-539.057
-2.62675
-9.21455
-10.1749
-13.7405
-15.3703
-17.1035
-18.5876
-19.8519
-20.9522
-21.9136
-22.7047
-23.334
-23.8221
-24.225
-24.5341
-24.6998
-24.7801
-24.8005
-24.7753
-24.7495
-24.7606
-24.8806
-25.1994
-25.7917
-26.7436
-28.1844
-30.2938
-33.1956
-37.0401
-42.0233
-48.3177
-56.0776
-65.4549
-76.638
-89.825
-105.151
-122.749
-142.782
-165.351
-190.536
-218.413
-249.002
-282.283
-318.272
-357.075
-398.966
-444.108
-489.536
-527.953
-542.634
-15.7671
-21.5526
-22.6166
-26.1875
-27.9222
-30.014
-31.8175
-33.4763
-34.9523
-36.4409
-37.7716
-39.1157
-40.263
-41.35
-42.3682
-43.3477
-44.2635
-45.1396
-45.9816
-46.8443
-47.7551
-48.7652
-49.9327
-51.3894
-53.3241
-55.782
-58.832
-62.6665
-67.4567
-73.3256
-80.4163
-88.9121
-98.9761
-110.738
-124.299
-139.797
-157.36
-177.043
-198.912
-223.024
-249.388
-277.997
-308.811
-341.763
-376.857
-414.643
-454.653
-494.868
-528.984
-541.693
-30.0703
-35.068
-36.1391
-39.5865
-41.5214
-43.8248
-46.0391
-48.0926
-50.202
-52.2138
-54.2003
-56.173
-58.1576
-60.1189
-62.0071
-63.8445
-65.6417
-67.4122
-69.1564
-70.9189
-72.7283
-74.6393
-76.736
-79.0553
-81.709
-84.8686
-88.6688
-93.1987
-98.5821
-104.99
-112.59
-121.481
-131.761
-143.558
-157.003
-172.157
-189.063
-207.798
-228.388
-250.821
-275.085
-301.124
-328.859
-358.228
-389.23
-422.11
-455.693
-488.114
-513.824
-526.25
-45.0272
-49.5686
-50.5434
-53.7596
-55.7832
-58.5239
-61.1604
-63.7977
-66.3941
-69.1924
-72.0535
-74.8265
-77.6957
-80.5114
-83.3408
-86.1238
-88.8511
-91.5486
-94.2015
-96.8439
-99.4993
-102.202
-105
-107.995
-111.339
-115.113
-119.399
-124.333
-130.059
-136.683
-144.306
-153.086
-163.146
-174.57
-187.387
-201.666
-217.474
-234.794
-253.608
-273.905
-295.617
-318.651
-342.869
-368.041
-394.699
-421.806
-447.674
-468.879
-480.602
-489.873
-60.515
-64.4784
-65.4468
-68.6997
-70.8306
-73.8953
-76.9466
-80.2179
-83.617
-87.1463
-90.8293
-94.6864
-98.4482
-102.271
-106.117
-109.891
-113.615
-117.276
-120.863
-124.392
-127.867
-131.342
-134.871
-138.477
-142.234
-146.248
-150.687
-155.688
-161.331
-167.744
-175.077
-183.41
-192.815
-203.368
-215.162
-228.215
-242.493
-257.999
-274.711
-292.549
-311.424
-331.171
-351.504
-372.474
-393.752
-414.256
-432.405
-445.073
-448.77
-452.121
-76.2123
-79.3596
-80.3708
-83.6313
-86.1078
-89.6616
-93.3559
-97.294
-101.576
-106.049
-110.6
-115.346
-120.324
-125.25
-130.16
-135.025
-139.804
-144.479
-149.026
-153.427
-157.677
-161.8
-165.81
-169.786
-173.835
-178.038
-182.435
-187.15
-192.363
-198.198
-204.757
-212.154
-220.504
-229.885
-240.293
-251.729
-264.224
-277.718
-292.11
-307.331
-323.25
-339.649
-356.361
-373.156
-389.274
-403.761
-415.111
-422.011
-427.785
-428.599
-91.5758
-94.0049
-95.1019
-98.4537
-101.272
-105.262
-109.592
-114.375
-119.462
-124.936
-130.808
-136.66
-142.66
-148.833
-154.994
-161.084
-167.044
-172.817
-178.381
-183.7
-188.747
-193.519
-198.044
-202.347
-206.466
-210.43
-214.403
-218.569
-223.003
-227.836
-233.249
-239.389
-246.34
-254.139
-262.865
-272.545
-283.085
-294.408
-306.455
-319.103
-332.209
-345.558
-358.993
-372.019
-383.95
-394.097
-401.34
-404.778
-408.574
-409.687
-106.008
-107.618
-108.926
-112.579
-115.87
-120.517
-125.468
-131.112
-137.353
-143.85
-150.712
-158.052
-165.451
-172.897
-180.403
-187.852
-195.111
-202.106
-208.79
-215.104
-220.969
-226.352
-231.24
-235.652
-239.68
-243.423
-246.89
-250.158
-253.441
-256.959
-260.862
-265.291
-270.411
-276.394
-283.256
-290.936
-299.434
-308.683
-318.531
-328.867
-339.524
-350.206
-360.718
-370.767
-379.638
-386.335
-390.13
-394.19
-395.247
-396.494
-118.955
-119.709
-121.358
-125.261
-129.077
-134.55
-140.445
-146.905
-154.127
-162.099
-170.385
-178.868
-187.753
-196.817
-205.856
-214.8
-223.534
-231.958
-239.929
-247.362
-254.186
-260.316
-265.696
-270.325
-274.228
-277.409
-279.97
-282.145
-284.056
-285.843
-287.78
-290.162
-293.213
-297.023
-301.702
-307.354
-313.882
-321.135
-329.052
-337.531
-346.053
-354.394
-362.652
-370.315
-376.637
-380.867
-383.521
-385.463
-386.678
-387.367
-129.412
-129.81
-131.975
-136.213
-140.63
-146.85
-153.654
-161.46
-169.862
-178.899
-188.67
-198.992
-209.487
-220.135
-230.929
-241.624
-252.092
-262.148
-271.628
-280.401
-288.373
-295.392
-301.329
-306.109
-309.799
-312.491
-314.267
-315.145
-315.309
-315.108
-314.824
-314.727
-315.109
-316.358
-318.705
-322.128
-326.603
-332.117
-338.631
-345.445
-352.054
-358.748
-365.128
-370.564
-374.489
-376.872
-379.126
-380.03
-381.101
-381.394
-136.957
-137.561
-140.207
-144.942
-149.928
-157.081
-164.716
-173.588
-183.486
-194.127
-205.34
-217.192
-229.597
-242.297
-255.051
-267.744
-280.194
-292.156
-303.451
-313.895
-323.308
-331.511
-338.338
-343.673
-347.456
-349.677
-350.381
-349.785
-348.125
-345.592
-342.519
-339.397
-336.787
-335.047
-334.445
-335.332
-337.855
-341.939
-347.057
-352.314
-357.947
-363.566
-368.098
-371.113
-372.776
-374.415
-375.417
-376.428
-377.345
-377.578
-140.816
-142.38
-145.595
-151.013
-156.74
-164.86
-173.53
-183.459
-194.532
-206.683
-219.72
-233.5
-247.804
-262.583
-277.62
-292.632
-307.416
-321.708
-335.23
-347.735
-358.945
-368.692
-376.742
-382.857
-386.889
-388.872
-388.9
-386.98
-383.262
-378.124
-372.042
-365.522
-359.07
-353.403
-349.305
-347.171
-347.188
-349.433
-353.303
-358.341
-364.023
-368.639
-371.22
-372.074
-372.564
-372.922
-373.575
-374.408
-375.16
-375.43
-141.264
-144.149
-148.013
-154.088
-160.651
-169.538
-179.076
-190.456
-202.928
-216.434
-231.106
-246.763
-263.295
-280.433
-297.935
-315.589
-333.093
-350.114
-366.315
-381.35
-394.919
-406.717
-416.506
-424.015
-428.995
-431.261
-430.716
-427.467
-421.824
-414.05
-404.49
-393.705
-382.681
-372.421
-363.715
-357.389
-353.996
-354.246
-357.624
-363.415
-369.334
-373.079
-374.556
-374.474
-373.806
-373.443
-373.332
-373.414
-373.621
-373.891
-137.84
-142.667
-147.244
-154.199
-161.563
-171.409
-181.853
-194.133
-207.898
-222.987
-239.338
-256.945
-275.62
-295.204
-315.423
-335.993
-356.55
-376.746
-396.176
-414.384
-430.94
-445.465
-457.645
-467.088
-473.422
-476.424
-476.025
-472.177
-464.819
-454.261
-441.016
-425.851
-409.534
-393.037
-377.994
-366.177
-358.261
-355.451
-357.971
-364.664
-371.949
-376.487
-377.909
-377.611
-376.499
-374.876
-373.332
-372.256
-371.681
-371.554
-131.812
-138.541
-143.606
-151.159
-159.527
-169.976
-181.202
-194.819
-209.457
-225.898
-243.871
-263.348
-284.217
-306.331
-329.378
-353.099
-377.081
-400.9
-424.067
-446.054
-466.34
-484.383
-499.691
-511.907
-520.618
-525.338
-525.785
-521.692
-513.13
-500.283
-483.543
-463.331
-440.555
-416.833
-394.006
-373.967
-358.53
-350.263
-351.432
-359.926
-370.252
-377.303
-379.497
-378.812
-377.152
-374.641
-371.968
-369.869
-368.578
-367.947
-123.392
-131.586
-137.233
-145.58
-154.595
-165.621
-177.429
-191.865
-207.59
-225.132
-244.604
-265.842
-288.787
-313.334
-339.28
-366.293
-393.951
-421.784
-449.22
-475.655
-500.426
-522.848
-542.301
-558.237
-570.078
-577.231
-579.364
-576.345
-567.626
-553.05
-532.858
-507.813
-478.875
-446.938
-413.642
-382.023
-355.696
-340.283
-338.675
-347.539
-360.826
-372.548
-377.065
-377.009
-375.406
-373.013
-370.153
-367.46
-365.596
-364.296
-113.471
-123.115
-128.623
-137.721
-146.996
-158.377
-170.989
-185.565
-202.056
-220.743
-241.374
-264.128
-289.063
-315.969
-344.698
-374.993
-406.467
-438.59
-470.728
-502.175
-532.17
-559.904
-584.537
-605.264
-621.435
-632.429
-637.651
-636.536
-628.535
-613.408
-591.12
-561.895
-526.174
-484.756
-440.41
-395.738
-355.572
-328.615
-320.421
-328.003
-344.225
-358.682
-369.926
-375.77
-376.879
-375.176
-372.227
-369.056
-366.703
-365.014
-102.616
-112.893
-119.162
-128.3
-137.557
-148.862
-161.832
-176.764
-193.47
-212.703
-234.378
-258.411
-284.921
-313.964
-345.343
-378.847
-414.137
-450.686
-487.829
-524.794
-560.689
-594.562
-625.419
-652.242
-674.077
-690.003
-699.304
-701.431
-695.93
-682.019
-658.841
-626.23
-584.961
-536.184
-480.6
-420.141
-362.075
-322.952
-306.617
-310.022
-329.501
-350.891
-368.479
-379.004
-382.534
-381.527
-378.251
-374.462
-371.71
-370.121
-92.0534
-101.886
-108.646
-117.735
-126.973
-137.884
-150.607
-165.427
-182.367
-201.784
-223.768
-248.676
-276.505
-307.3
-341.038
-377.585
-416.593
-457.593
-499.92
-542.71
-585.02
-625.802
-663.909
-698.063
-726.901
-749.3
-764.424
-771.53
-769.79
-758.554
-736.781
-703.736
-659.724
-603.841
-534.401
-459.487
-390.694
-337.695
-308.873
-304.002
-321.934
-347.352
-368.28
-381.546
-386.16
-385.57
-382.433
-378.968
-376.842
-376.029
-83.4795
-91.1039
-97.8711
-106.736
-115.667
-126.389
-138.403
-152.685
-169.174
-188.419
-210.587
-235.822
-264.315
-296.326
-331.885
-371.07
-413.606
-458.987
-506.541
-555.381
-604.478
-652.776
-699.006
-741.604
-778.846
-809.299
-831.639
-845.084
-848.949
-842.358
-824.9
-793.924
-747.565
-684.666
-606.508
-522.856
-447.762
-385.589
-347.289
-333.898
-337.962
-352.886
-367.888
-378.557
-382.875
-382.572
-380.862
-379.04
-378.323
-378.581
-81.6262
-80.7893
-88.2447
-95.7924
-103.986
-114.463
-125.832
-139.485
-155.154
-173.732
-195.39
-220.451
-249.14
-281.724
-318.46
-359.655
-405.25
-454.807
-507.506
-562.483
-618.637
-674.957
-730.02
-782.002
-828.816
-868.91
-900.156
-922.132
-933.819
-933.409
-920.313
-894.629
-843.804
-776.823
-696.628
-613.399
-531.506
-467.758
-423.789
-397.326
-385.109
-382.657
-384.633
-385.495
-383.713
-380.793
-378.26
-377.475
-377.922
-378.995
-98.7108
-74.7548
-79.8265
-85.4851
-93.411
-103.356
-113.912
-126.738
-141.536
-159.164
-180.177
-204.472
-232.706
-265.382
-302.787
-345.207
-393.006
-446.135
-503.46
-564.386
-627.67
-692.344
-756.521
-817.756
-874.434
-925.729
-967.686
-999.697
-1020.99
-1028.09
-1015.99
-994.094
-947.286
-877.882
-801.003
-719.173
-644.303
-579.276
-526.468
-485.84
-456.174
-434.797
-418.608
-404.93
-393.561
-384.139
-378.68
-377.64
-378.748
-380.193
56.4397
51.6589
49.2073
47.7736
47.1669
46.9921
47.0705
47.4712
48.2681
49.4987
51.1956
53.2615
55.7003
58.5545
61.86
65.5928
69.7821
74.4062
79.4947
85.0239
90.9742
97.3314
104.035
110.998
118.161
125.649
133.31
140.959
148.508
155.906
162.957
169.446
175.218
180.126
183.882
186.155
186.648
184.991
180.772
173.564
162.911
148.267
129.069
104.655
74.4396
37.6706
-6.11019
-57.284
-118.857
-180.748
53.0298
47.8905
45.9629
44.2105
43.1629
42.627
42.4169
42.5487
43.0153
43.9237
45.2415
47.0459
49.2252
51.7525
54.6757
58.0304
61.7961
65.9472
70.516
75.4816
80.8183
86.505
92.5059
98.7731
105.112
111.428
117.884
124.402
130.685
136.599
142.07
146.874
150.791
153.656
155.198
155.079
152.974
148.528
141.308
130.879
116.758
98.3803
75.1981
46.5514
11.8235
-29.7514
-78.4108
-134.234
-199.046
-262.656
48.3213
42.6653
41.5701
39.5524
38.2491
37.4205
36.9507
36.9025
37.2925
38.0233
39.1117
40.4928
42.3715
44.6988
47.3391
50.3645
53.7658
57.5238
61.6471
66.1028
70.8664
75.903
81.1706
86.6212
92.1602
97.6228
102.968
108.166
113.073
117.526
121.343
124.306
126.217
126.895
126.039
123.307
118.412
110.974
100.578
86.7709
69.0725
46.9406
19.8528
-12.7854
-51.5695
-97.2018
-149.812
-208.843
-274.132
-335.559
42.4916
36.5065
36.0521
33.6994
32.3236
31.3123
30.6859
30.4281
30.665
31.1846
32.1444
33.4106
35.0142
37.0156
39.4078
42.1473
45.202
48.5838
52.2708
56.2241
60.4145
64.7995
69.3248
74.0035
78.6802
83.1233
87.3338
91.2832
94.7884
97.6466
99.7158
100.804
100.673
99.0811
95.7541
90.3849
82.6467
72.1785
58.5904
41.4506
20.2982
-5.34144
-35.9133
-71.922
-113.89
-162.432
-217.587
-277.99
-342.095
-399.23
35.8771
29.4288
29.2623
26.572
25.2522
24.1713
23.3772
23.0628
23.1168
23.5278
24.2067
25.2738
26.6793
28.4062
30.4633
32.8468
35.5332
38.4924
41.6949
45.1031
48.679
52.3683
56.0848
59.7937
63.4765
66.9825
70.1116
72.7594
74.82
76.1313
76.4837
75.666
73.4716
69.6655
63.9444
56.0021
45.5461
32.2215
15.6626
-4.49742
-28.6481
-57.1872
-90.4882
-128.94
-172.931
-222.932
-278.89
-339.203
-401.036
-452.294
28.4668
21.6027
21.3125
18.371
17.0177
15.8973
15.0461
14.4961
14.34
14.5224
15.0474
15.9004
16.9882
18.3746
20.0697
22.032
24.2491
26.6971
29.3363
32.1297
35.0199
37.961
40.8708
43.7174
46.3544
48.6542
50.582
51.9945
52.6732
52.4281
51.0963
48.4791
44.3384
38.4215
30.4683
20.2037
7.31452
-8.50564
-27.5529
-50.1334
-76.5678
-107.156
-142.166
-181.893
-226.63
-276.696
-332.074
-391.055
-449.303
-493.251
19.8469
12.8148
12.2479
9.06252
7.71162
6.40605
5.48511
4.85032
4.51623
4.38557
4.58895
5.06047
5.82395
6.81466
8.01308
9.46044
11.1188
12.9544
14.9381
17.0278
19.1542
21.2751
23.3018
25.1405
26.778
28.0442
28.7859
28.8754
28.1598
26.4636
23.5647
19.236
13.2866
5.50175
-4.38976
-16.6505
-31.5148
-49.2534
-70.1248
-94.3618
-122.186
-153.813
-189.442
-229.278
-273.573
-322.627
-376.083
-432.297
-485.993
-521.354
9.9085
2.88392
2.09652
-1.31736
-2.71702
-4.11747
-5.34766
-6.20219
-6.85429
-7.10513
-7.27827
-7.20436
-7.00484
-6.54515
-5.86068
-5.04086
-4.03774
-2.90379
-1.66487
-0.355373
0.957786
2.22716
3.38718
4.35378
4.93625
5.03538
4.5833
3.46
1.45107
-1.64903
-6.00395
-11.7987
-19.2644
-28.6208
-40.0688
-53.8084
-70.0754
-89.0832
-111.012
-136.038
-164.33
-196.025
-231.226
-270.07
-312.793
-359.793
-410.701
-463.156
-511.102
-537.55
-1.71005
-8.29081
-9.17954
-12.7142
-14.2506
-15.9058
-17.2791
-18.4203
-19.3892
-20.2096
-20.8234
-21.2592
-21.4854
-21.6348
-21.6523
-21.5038
-21.2315
-20.8757
-20.4422
-19.9676
-19.5166
-19.1506
-18.9593
-18.9976
-19.3382
-20.1529
-21.6206
-23.9156
-27.1513
-31.4439
-36.9976
-44.0285
-52.701
-63.1881
-75.6907
-90.3924
-107.439
-126.993
-149.209
-174.215
-202.101
-232.94
-266.804
-303.794
-344.084
-387.999
-435.532
-483.634
-525.434
-543.841
-14.8695
-20.6547
-21.6298
-25.1607
-26.797
-28.8063
-30.4949
-32.0164
-33.3475
-34.6604
-35.7899
-36.9233
-37.8428
-38.632
-39.3323
-39.9628
-40.4998
-40.9683
-41.3756
-41.7655
-42.1815
-42.6659
-43.3106
-44.2169
-45.4967
-47.3227
-49.7767
-52.9622
-57.0844
-62.3379
-68.8434
-76.7322
-86.1833
-97.366
-110.423
-125.473
-142.663
-162.113
-183.909
-208.128
-234.842
-264.083
-295.836
-330.142
-367.205
-407.372
-450.382
-493.731
-530.539
-544.059
-29.2158
-34.2009
-35.2009
-38.5945
-40.4196
-42.6276
-44.7192
-46.6306
-48.5704
-50.4052
-52.1979
-53.9111
-55.6593
-57.2901
-58.8336
-60.2979
-61.6882
-63.0168
-64.2955
-65.556
-66.8333
-68.1842
-69.6944
-71.4526
-73.5297
-76.0346
-79.1556
-83.0878
-87.9342
-93.7801
-100.797
-109.152
-118.962
-130.343
-143.417
-158.3
-175.067
-193.788
-214.529
-237.345
-262.248
-289.22
-318.243
-349.287
-382.342
-418.007
-455.36
-492.537
-523.699
-536.621
-44.2534
-48.7178
-49.6488
-52.8152
-54.731
-57.3757
-59.8745
-62.3698
-64.7984
-67.3716
-70.0112
-72.51
-75.0692
-77.5892
-80.0578
-82.4429
-84.7348
-86.9566
-89.1091
-91.2215
-93.3183
-95.4361
-97.6406
-100.029
-102.744
-105.921
-109.616
-113.917
-119.023
-125.125
-132.323
-140.712
-150.409
-161.527
-174.152
-188.339
-204.157
-221.657
-240.846
-261.717
-284.269
-308.478
-334.23
-361.37
-390.109
-420.294
-450.626
-478.677
-499.049
-511.277
-59.8984
-63.7182
-64.634
-67.8197
-69.8452
-72.8146
-75.7311
-78.8503
-82.0767
-85.3752
-88.7864
-92.3641
-95.8088
-99.2903
-102.753
-106.113
-109.381
-112.531
-115.577
-118.533
-121.41
-124.258
-127.133
-130.109
-133.272
-136.693
-140.529
-144.97
-150.119
-156.058
-162.951
-170.934
-180.098
-190.512
-202.237
-215.329
-229.806
-245.66
-262.874
-281.436
-301.285
-322.306
-344.373
-367.337
-391.258
-415.136
-437.425
-454.64
-462.498
-470.433
-75.6935
-78.7415
-79.6901
-82.8646
-85.228
-88.676
-92.2336
-95.9916
-100.067
-104.332
-108.637
-113.088
-117.728
-122.284
-126.773
-131.2
-135.49
-139.621
-143.585
-147.37
-150.987
-154.452
-157.794
-161.087
-164.453
-168.022
-171.859
-176.043
-180.755
-186.187
-192.438
-199.622
-207.838
-217.159
-227.634
-239.266
-252.053
-265.982
-281.009
-297.034
-313.944
-331.606
-349.796
-368.644
-387.333
-404.712
-419.521
-429.662
-434.482
-437.364
-91.1307
-93.4645
-94.5177
-97.8084
-100.517
-104.405
-108.596
-113.203
-118.098
-123.358
-128.949
-134.521
-140.159
-145.923
-151.664
-157.284
-162.708
-167.901
-172.837
-177.484
-181.835
-185.889
-189.665
-193.228
-196.659
-200.008
-203.383
-207.009
-211.029
-215.533
-220.708
-226.692
-233.593
-241.486
-250.394
-260.326
-271.26
-283.123
-295.811
-309.249
-323.313
-337.734
-352.423
-367.126
-381.195
-393.597
-402.882
-408
-414.145
-415.533
-105.666
-107.222
-108.485
-112.077
-115.261
-119.818
-124.63
-130.117
-136.166
-142.448
-149.037
-156.058
-163.141
-170.184
-177.207
-184.127
-190.824
-197.221
-203.23
-208.8
-213.906
-218.524
-222.635
-226.255
-229.465
-232.423
-235.256
-238.026
-240.887
-244.095
-247.83
-252.266
-257.534
-263.704
-270.837
-278.915
-287.868
-297.619
-308.098
-319.17
-330.635
-342.292
-353.92
-365.242
-375.675
-384.294
-390.058
-393.509
-396.13
-398.114
-118.821
-119.463
-121.09
-124.94
-128.65
-134.036
-139.801
-146.108
-153.143
-160.893
-168.939
-177.145
-185.656
-194.311
-202.892
-211.262
-219.398
-227.175
-234.424
-241.069
-247.049
-252.303
-256.793
-260.531
-263.571
-265.971
-267.798
-269.312
-270.775
-272.334
-274.233
-276.692
-279.921
-284.102
-289.26
-295.369
-302.389
-310.218
-318.699
-327.729
-337.121
-346.383
-355.465
-364.07
-371.653
-377.376
-380.747
-384.238
-385.203
-386.785
-129.418
-129.721
-131.849
-136.049
-140.386
-146.55
-153.22
-160.916
-169.168
-178.001
-187.517
-197.529
-207.709
-217.962
-228.269
-238.414
-248.243
-257.585
-266.296
-274.224
-281.257
-287.29
-292.239
-296.045
-298.734
-300.444
-301.349
-301.537
-301.183
-300.636
-300.246
-300.359
-301.254
-303.092
-306.04
-310.136
-315.267
-321.297
-328.186
-335.793
-343.211
-350.372
-357.466
-363.868
-368.851
-371.978
-375.023
-376.751
-377.881
-378.65
-137.034
-137.613
-140.253
-144.934
-149.87
-157.011
-164.533
-173.306
-183.094
-193.557
-204.564
-216.141
-228.196
-240.522
-252.821
-264.965
-276.746
-287.959
-298.438
-307.975
-316.367
-323.454
-329.115
-333.262
-335.89
-337.03
-336.724
-335.215
-332.858
-329.956
-326.886
-324.064
-321.948
-321.024
-321.47
-323.318
-326.559
-331.173
-336.958
-343.047
-348.914
-354.86
-360.196
-364.272
-366.812
-368.532
-370.068
-371.514
-372.64
-373.054
-140.945
-142.535
-145.822
-151.167
-156.864
-164.987
-173.584
-183.464
-194.442
-206.474
-219.32
-232.851
-246.893
-261.308
-275.906
-290.413
-304.545
-318.057
-330.702
-342.215
-352.336
-360.856
-367.582
-372.338
-374.992
-375.622
-374.359
-371.311
-366.742
-361.023
-354.692
-348.399
-342.815
-338.427
-335.722
-334.999
-336.32
-339.602
-344.184
-349.337
-354.804
-359.831
-363.263
-364.946
-365.559
-366.346
-367.096
-368.372
-369.425
-369.807
-141.499
-144.387
-148.347
-154.39
-160.962
-169.878
-179.353
-190.762
-203.172
-216.57
-231.143
-246.626
-262.887
-279.715
-296.824
-313.994
-330.896
-347.167
-362.464
-376.45
-388.829
-399.319
-407.647
-413.566
-416.884
-417.465
-415.356
-410.675
-403.817
-395.144
-385.226
-374.751
-364.548
-355.711
-349.064
-345.033
-343.787
-345.508
-349.589
-355.158
-360.813
-364.866
-366.592
-366.563
-366.245
-365.922
-366.26
-367.071
-367.792
-368.198
-138.256
-142.995
-147.664
-154.534
-162.058
-171.932
-182.369
-194.683
-208.425
-223.504
-239.775
-257.276
-275.804
-295.138
-315.012
-335.141
-355.155
-374.648
-393.184
-410.333
-425.656
-438.77
-449.346
-457
-461.451
-462.417
-459.937
-454.237
-445.237
-433.404
-419.352
-403.948
-388.41
-373.886
-361.709
-353.025
-348.243
-348.272
-352.698
-359.337
-365.592
-369.282
-370.359
-369.902
-368.712
-367.625
-366.771
-366.28
-366.223
-366.545
-132.311
-138.972
-144.096
-151.627
-160.1
-170.515
-181.915
-195.588
-210.247
-226.723
-244.732
-264.163
-284.924
-306.881
-329.69
-353.054
-376.557
-399.742
-422.089
-443.049
-462.078
-478.616
-492.184
-502.447
-508.99
-511.395
-509.395
-502.877
-492.024
-477.238
-459.048
-438.334
-416.122
-394.082
-374.469
-358.864
-348.803
-345.931
-350.176
-358.993
-367.236
-371.996
-373.718
-373.101
-371.271
-368.845
-366.5
-364.687
-363.809
-363.674
-123.921
-132.096
-137.772
-146.182
-155.262
-166.235
-178.27
-192.734
-208.618
-226.249
-245.771
-267.105
-290.074
-314.537
-340.341
-367.113
-394.415
-421.726
-448.434
-473.916
-497.468
-518.361
-536.002
-549.861
-559.347
-563.888
-563.141
-556.965
-545.217
-527.923
-505.61
-479.003
-449.516
-418.952
-389.368
-363.435
-344.174
-335.68
-339.665
-351.48
-363.865
-370.799
-373.404
-373.351
-371.11
-367.875
-364.534
-361.703
-359.974
-359.158
-114.019
-123.689
-129.189
-138.315
-147.676
-159.143
-171.862
-186.529
-203.185
-222.029
-242.851
-265.733
-290.775
-317.76
-346.472
-376.665
-407.93
-439.691
-471.252
-501.872
-530.744
-557.016
-579.815
-598.323
-611.975
-620.117
-622.012
-617.147
-605.316
-586.552
-560.869
-529.079
-492.08
-451.309
-409.245
-369.305
-337.318
-320.821
-321.017
-335.171
-352.296
-364.14
-369.169
-370.616
-369.709
-367.046
-363.38
-359.748
-357.202
-355.493
-103.152
-113.48
-119.718
-128.908
-138.214
-149.615
-162.718
-177.772
-194.682
-214.1
-235.956
-260.274
-287.009
-316.223
-347.742
-381.284
-416.525
-452.918
-489.705
-526.05
-561.013
-593.566
-622.64
-647.232
-666.419
-679.236
-684.857
-682.856
-672.746
-653.894
-626.249
-589.693
-545.263
-494.543
-439.596
-383.693
-334.603
-304.055
-297.473
-310.259
-332.293
-351.6
-365.683
-372.672
-374.061
-371.575
-367.513
-363.079
-359.521
-357.071
-92.5451
-102.441
-109.174
-118.313
-127.618
-138.603
-151.472
-166.442
-183.54
-203.177
-225.475
-250.645
-278.78
-309.943
-343.944
-380.671
-419.794
-460.833
-503.061
-545.513
-587.14
-626.833
-663.329
-695.325
-721.496
-740.745
-752.075
-754.61
-747.455
-730.204
-702.223
-663.099
-613.465
-554.197
-485.328
-410.308
-344.322
-300.228
-284.42
-290.91
-316.296
-342.628
-364.433
-377.06
-381.294
-379.722
-375.322
-370.224
-366.411
-364.29
-83.9944
-91.635
-98.382
-107.279
-116.274
-127.065
-139.224
-153.682
-170.374
-189.788
-212.186
-237.814
-266.734
-299.204
-335.2
-374.698
-417.514
-463.152
-510.871
-559.672
-608.434
-655.957
-700.855
-741.54
-776.308
-803.644
-822.058
-830.711
-828.918
-815.02
-789.498
-752.052
-698.861
-630.185
-546.532
-460.64
-380.941
-324.048
-291.686
-291.669
-313.846
-340.947
-364.318
-378.13
-383.243
-381.985
-378.462
-374.268
-371.585
-370.431
-82.0831
-81.4227
-88.745
-96.313
-104.545
-115.087
-126.6
-140.42
-156.282
-175.08
-196.951
-222.39
-251.598
-284.76
-322.062
-363.676
-409.728
-459.754
-512.944
-568.205
-624.379
-680.286
-734.449
-784.856
-829.516
-866.642
-894.182
-911.118
-916.952
-909.186
-887.094
-852.718
-795.651
-720.156
-628.819
-537.593
-452.393
-383.811
-343.879
-329.275
-335.199
-350.393
-365.789
-376.005
-379.641
-378.301
-375.896
-373.587
-372.614
-372.813
-98.839
-75.2686
-80.3002
-85.9576
-93.8895
-103.897
-114.638
-127.66
-142.645
-160.416
-181.599
-206.459
-235.241
-268.494
-306.534
-349.612
-398
-451.717
-509.863
-571.319
-635.022
-699.583
-763.444
-823.746
-878.709
-927.306
-966.212
-992.986
-1007.35
-1010.02
-991.403
-956.257
-904.31
-823.157
-735.427
-640.483
-555.724
-487.635
-437.165
-404.814
-388.221
-383.044
-383.224
-382.743
-379.739
-375.756
-372.537
-371.217
-371.618
-372.812
-80.5614
-63.7151
-69.812
-76.405
-84.9148
-94.4493
-104.624
-116.91
-131.366
-148.483
-168.719
-192.359
-220.667
-254.516
-293.855
-338.753
-389.75
-447.333
-511.586
-581.591
-655.494
-731.109
-806.078
-878.407
-945.614
-1005.43
-1056.32
-1095.59
-1121.65
-1131.9
-1123.12
-1077.86
-1008.96
-926.61
-834.624
-743.008
-661.722
-590.776
-532.538
-488.583
-456.724
-433.751
-415.557
-399.99
-386.52
-376.177
-370.568
-370.259
-371.737
-373.092
-67.0875
-63.2162
-66.7623
-72.672
-80.5924
-89.3642
-99.6518
-112.047
-126.725
-144.681
-166.53
-192.391
-223.603
-260.912
-304.331
-354.522
-412.356
-478.12
-551.855
-631.852
-716.263
-803.648
-890.896
-975.029
-1053.13
-1122.83
-1179.71
-1221.94
-1244.35
-1242.23
-1207.83
-1152.44
-1080.14
-997.568
-907.447
-819.475
-738.624
-669.371
-609.579
-559.158
-516.853
-481.412
-450.995
-424.651
-402.088
-384.693
-374.795
-372.084
-374.034
-375.736
-58.3661
-61.8529
-65.8785
-71.7635
-78.84
-87.359
-98.1932
-111.25
-127.567
-148.084
-173.608
-204.154
-239.931
-282.419
-333.079
-392.707
-461.322
-538.207
-622.775
-714.845
-812.98
-914.063
-1013.69
-1106.7
-1191.51
-1265.23
-1322.89
-1356.48
-1362.03
-1339.49
-1295.4
-1232.68
-1157.61
-1073.18
-987.994
-904.487
-824.601
-750.272
-683.56
-624.121
-571.76
-525.943
-486.11
-451.905
-423.1
-400.16
-384.676
-377.561
-378.754
-381.118
-51.6141
-57.412
-62.7844
-69.0878
-76.187
-85.0392
-96.7484
-111.164
-129.998
-153.15
-181.692
-216.328
-258.066
-308.39
-368.487
-438.553
-518.693
-609.3
-710.486
-820.737
-936.435
-1051.3
-1160.13
-1260.33
-1350.39
-1425.65
-1475.39
-1491.04
-1480.14
-1445.65
-1392.28
-1323.34
-1244.6
-1159.74
-1072.11
-984.826
-900.277
-820.487
-746.388
-679.015
-618.369
-564.653
-517.945
-478.161
-445.246
-418.949
-399.517
-388.074
-384.8
-389.542
-45.4502
-51.0247
-56.7439
-63.2843
-70.6744
-80.3951
-93.0567
-108.985
-129.331
-154.667
-186.739
-226.53
-275.198
-333.449
-402.677
-484.705
-580.855
-691.624
-814.786
-945.506
-1077.1
-1204.31
-1323.77
-1433.96
-1527.81
-1592.92
-1622.26
-1623.1
-1597.67
-1551.83
-1488.28
-1413.06
-1328.35
-1238.59
-1145.49
-1053.07
-962.968
-876.919
-796.393
-722.003
-654.849
-595.211
-543.553
-500.036
-464.493
-436.455
-415.325
-401.16
-395.548
-402.623
-37.91
-42.3982
-47.5379
-54.1374
-62.1642
-72.5552
-85.4807
-102.129
-123.697
-151.825
-188.163
-233.52
-288.463
-354.59
-435.096
-533.593
-652.031
-787.611
-934.213
-1084.49
-1232.41
-1374.34
-1507.41
-1621.44
-1702.48
-1745.91
-1758.04
-1742.5
-1703.47
-1645.19
-1572.84
-1488.77
-1397.01
-1300.47
-1202.08
-1103.73
-1008.14
-916.453
-830.19
-750.581
-678.414
-614.686
-559.81
-514.016
-477.147
-448.499
-427.253
-413.155
-408.024
-411.404
-28.1984
-32.2059
-36.7079
-42.6306
-50.2856
-60.1664
-72.6682
-89.8197
-113.12
-144.28
-184.453
-234.391
-296.272
-373.376
-470.477
-591.19
-735.203
-896.831
-1066.84
-1237.6
-1404.81
-1561.67
-1697.26
-1793.06
-1851.81
-1876.63
-1871.48
-1840.57
-1788.72
-1719.3
-1636.7
-1544.2
-1445
-1342.17
-1237.99
-1134.54
-1033.7
-937.309
-846.559
-762.776
-687.249
-620.721
-563.902
-516.971
-479.72
-451.482
-431.342
-418.653
-413.534
-414.151
-17.1838
-20.2019
-23.3289
-27.3071
-33.2256
-41.7865
-53.8998
-71.9945
-96.8314
-129.797
-172.522
-228.1
-300.257
-393.154
-511.536
-657.349
-828.978
-1018.19
-1212.59
-1406.08
-1589.09
-1742.88
-1855.12
-1929.55
-1968.57
-1976.41
-1955.47
-1910.85
-1846.48
-1767.05
-1675.3
-1575.36
-1469.84
-1361.42
-1252.27
-1143.97
-1039.05
-938.717
-844.522
-757.902
-680.012
-611.917
-554.123
-506.827
-469.809
-442.389
-423.63
-412.753
-409.181
-409.2
-3.65633
-4.39847
-5.00163
-6.53159
-10.5405
-18.1745
-30.2236
-47.7677
-72.3373
-106.257
-152.172
-215.396
-301.036
-412.812
-554.732
-729.054
-930.747
-1147.37
-1367.38
-1574.46
-1744.44
-1875.67
-1968.3
-2025.19
-2046.35
-2039.37
-2005.67
-1948.8
-1874.5
-1786.54
-1688.31
-1582.02
-1471.15
-1358.07
-1244.63
-1132.75
-1024.34
-921.128
-824.546
-736.012
-656.884
-587.984
-529.948
-482.927
-446.54
-420.056
-402.466
-392.688
-390.447
-391.209
14.0682
15.6331
16.8151
17.1828
15.8207
11.504
1.80452
-13.8188
-37.2242
-71.3791
-120.235
-190.881
-290.808
-423.943
-590.974
-797.549
-1030.84
-1269.41
-1497.08
-1690.48
-1842.69
-1954.69
-2031.8
-2074.95
-2082.36
-2061.98
-2020.67
-1954.78
-1873.1
-1779.32
-1675.52
-1565
-1450.24
-1333.41
-1216.72
-1102.03
-991.279
-886.094
-788.043
-698.682
-619.132
-550.307
-492.695
-446.309
-410.684
-384.96
-368.102
-359.105
-357.104
-358.887
33.7133
37.9693
42.1999
45.9455
48.6141
48.7842
44.1099
33.3077
13.5784
-18.7216
-69.1611
-146.825
-260.943
-416.961
-612.638
-843.227
-1095.06
-1339.63
-1560.81
-1741.89
-1881.13
-1978.59
-2044.67
-2078.42
-2077.83
-2050.5
-2001.17
-1931.2
-1845.33
-1747.37
-1640.41
-1527.09
-1409.63
-1290.36
-1171.44
-1054.97
-942.808
-836.698
-738.337
-649.088
-570.101
-502.114
-445.453
-400.008
-365.218
-340.188
-323.827
-314.991
-312.877
-313.823
54.0132
62.2882
71.3094
80.7504
89.7472
96.9738
100.295
97.4907
84.0982
54.9702
2.76074
-83.4419
-210.432
-381.001
-592.401
-838.085
-1103.24
-1344.21
-1557.7
-1728.46
-1860.95
-1954.96
-2012.42
-2039.98
-2037.42
-2007.89
-1955.64
-1883.94
-1796.4
-1696.69
-1588.1
-1473.17
-1354.27
-1233.72
-1113.79
-996.635
-884.242
-778.464
-680.868
-592.784
-515.18
-448.64
-393.366
-349.112
-315.203
-290.65
-274.348
-265.256
-262.449
-262.561
74.8572
89.1033
105.003
122.024
139.445
156.278
170.438
178.063
172.121
144.739
89.7656
-1.28605
-134.602
-314.022
-533.673
-780.294
-1049.63
-1284.95
-1489.54
-1663.69
-1794.12
-1888.05
-1947.79
-1974.77
-1972.31
-1943.52
-1891.73
-1820.57
-1733.61
-1634.21
-1525.5
-1410.31
-1291.23
-1170.69
-1051.06
-934.571
-823.313
-719.08
-623.401
-537.46
-462.059
-397.603
-344.078
-301.057
-267.765
-243.22
-226.362
-216.105
-211.658
-210.446
99.0761
119.965
143.385
169.078
196.102
222.53
244.693
257.028
253.932
231.482
183.155
89.1759
-45.5759
-225.942
-447.804
-689.058
-940.101
-1180.98
-1389.1
-1564.65
-1703.19
-1804.05
-1868.72
-1899.34
-1899.47
-1872.8
-1823
-1753.76
-1668.42
-1570.42
-1463.16
-1349.45
-1231.77
-1112.63
-994.556
-879.959
-770.937
-669.229
-576.23
-492.959
-420.025
-357.589
-305.422
-262.963
-229.442
-203.951
-185.491
-173.111
-166.243
-163.324
119.653
143.147
170.052
199.315
229.483
257.575
282.835
301.236
302.961
277.812
234.623
144.183
10.6465
-157.359
-368.236
-605.1
-847.191
-1081.29
-1291.55
-1470.42
-1613.43
-1719.96
-1789.13
-1824.68
-1830.2
-1808.87
-1763.6
-1697.93
-1615.76
-1520.97
-1416.9
-1306.03
-1190.67
-1073.51
-957.391
-844.896
-738.156
-638.788
-548.037
-466.786
-395.509
-334.231
-282.586
-239.894
-205.285
-177.79
-156.527
-140.731
-130.362
-124.895
118.106
140.456
166.399
194.895
224.841
254.285
281.327
299.573
300.998
276.723
236.955
151.249
19.9823
-140.065
-341.983
-575.751
-813.333
-1040.85
-1248.92
-1427.98
-1571.26
-1677.28
-1748.34
-1786.7
-1795.17
-1776.03
-1732.83
-1669.58
-1590.12
-1498.32
-1397.32
-1289.24
-1176.17
-1060.85
-946.233
-835.047
-729.492
-631.243
-541.444
-460.849
-389.902
-328.593
-276.483
-232.784
-196.5
-166.496
-141.794
-121.891
-107.743
-99.31
98.1031
119.041
142.357
168.066
194.866
220.667
242.185
255.489
254.915
235.586
193.095
107.239
-17.387
-179.858
-387.069
-619.933
-855.01
-1080.47
-1284.31
-1455.32
-1591.13
-1691.76
-1758.84
-1794.42
-1801.1
-1781.69
-1739.12
-1676.78
-1598.4
-1507.67
-1407.78
-1301.09
-1189.48
-1075.36
-961.549
-850.741
-745.161
-646.487
-555.906
-474.189
-401.73
-338.651
-284.787
-239.644
-202.474
-172.39
-148.703
-131.043
-119.442
-112.811
74.2441
88.4191
104.373
121.64
139.458
157.185
172.818
182.196
177.257
152.747
104.472
22.1791
-99.4002
-263.858
-468.229
-703.694
-943.784
-1167.74
-1360.49
-1517.18
-1642.2
-1735.81
-1798.93
-1832.57
-1838.21
-1818.11
-1775.37
-1713.58
-1636.16
-1546.2
-1446.59
-1340.04
-1228.86
-1115.27
-1001.68
-890.506
-783.885
-683.548
-590.838
-506.715
-431.802
-366.4
-310.507
-263.869
-226.073
-196.557
-174.566
-159.155
-149.633
-144.497
52.9883
61.2075
70.4234
80.0763
89.6542
97.9637
102.871
102.106
90.8756
65.0041
17.3783
-62.5513
-179.886
-338.318
-536.802
-768.31
-1008.07
-1233.58
-1424.14
-1578.52
-1700.33
-1787.38
-1846.48
-1878.76
-1883.91
-1863.75
-1821.45
-1760.63
-1684.54
-1596.28
-1498.44
-1393.34
-1283.28
-1170.58
-1057.52
-946.256
-838.783
-736.888
-642.091
-555.633
-478.396
-410.894
-353.273
-305.338
-266.705
-236.878
-215.237
-200.918
-193
-189.116
32.524
36.9487
41.1551
44.9475
48.2223
49.1376
45.6448
36.9103
19.7563
-9.44081
-56.1097
-128.585
-235.198
-383.222
-569.469
-786.864
-1021.11
-1248.26
-1444.31
-1605.73
-1728.95
-1818.46
-1880.86
-1913.24
-1920.26
-1902.48
-1862.47
-1803.86
-1730.03
-1644.01
-1548.51
-1445.81
-1338.01
-1227.32
-1115.86
-1005.64
-898.498
-796.224
-700.466
-612.608
-533.773
-464.686
-405.707
-356.798
-317.573
-287.472
-265.893
-252.122
-245.337
-242.269
13.5746
14.8976
15.7132
16.3109
15.478
11.3403
2.42926
-11.6665
-33.1649
-64.7441
-110.234
-176.277
-270.181
-398.693
-563.53
-760.108
-978.691
-1202.83
-1406.58
-1578.42
-1712.46
-1812.81
-1882.15
-1923.32
-1935.53
-1921.69
-1887.16
-1832.85
-1762.6
-1680.29
-1588.19
-1488.69
-1384.04
-1276.3
-1167.45
-1059.31
-953.725
-852.396
-756.98
-668.986
-589.607
-519.754
-459.924
-410.24
-370.474
-340.155
-318.736
-305.553
-299.844
-297.64
-3.86733
-4.71418
-5.32348
-6.69484
-11.0479
-18.576
-29.7905
-46.173
-69.5858
-101.65
-145.097
-205.176
-287.318
-396.909
-535.74
-702.313
-893.612
-1099.53
-1306.29
-1493.58
-1643.5
-1759.49
-1841.59
-1893.53
-1916.62
-1913.39
-1885.27
-1839.13
-1775.21
-1697.72
-1610.86
-1515.64
-1415.13
-1311.24
-1205.81
-1100.73
-997.653
-898.363
-804.401
-717.269
-638.31
-568.493
-508.52
-458.66
-418.754
-388.356
-366.953
-354.024
-349.134
-347.93
-17.2486
-20.3709
-23.4036
-27.2357
-33.1046
-41.1457
-52.8291
-71.028
-94.9922
-126.192
-166.816
-220.092
-290.367
-382.201
-498.268
-639.279
-803.036
-981.939
-1167.08
-1350.2
-1520
-1656.72
-1756.89
-1823.63
-1860.97
-1869.91
-1854.21
-1817.78
-1762.18
-1692.57
-1611.81
-1522.61
-1427.04
-1327.82
-1226.7
-1125.46
-1025.89
-929.494
-837.969
-752.708
-675.005
-605.993
-546.39
-496.661
-456.796
-426.361
-404.836
-391.756
-387.397
-386.433
-28.2286
-32.3251
-36.7052
-42.6682
-50.1048
-59.4207
-71.5479
-88.5219
-110.881
-141.283
-179.884
-227.506
-287.596
-363.696
-460.032
-578.579
-717.476
-871.396
-1032.84
-1195.8
-1355.64
-1504.11
-1628.14
-1713.93
-1768.34
-1792.81
-1791.64
-1766.94
-1722.54
-1662.21
-1589.7
-1506.99
-1417.65
-1323.94
-1227.72
-1131.16
-1035.71
-943.148
-854.861
-772.342
-696.83
-629.371
-570.867
-521.714
-481.964
-451.319
-429.28
-415.432
-409.962
-409.288
-37.8168
-42.3589
-47.5135
-54.1125
-62.0353
-72.1363
-84.7145
-101.011
-121.992
-149.319
-184.518
-228.282
-281.442
-345.744
-425.149
-523.06
-639.364
-770.307
-910.7
-1054.08
-1195.76
-1332.55
-1460.08
-1569.42
-1643.85
-1685.91
-1699.94
-1688.91
-1656.22
-1606.89
-1543.34
-1468.88
-1386.56
-1299
-1208.24
-1116.82
-1026.21
-938.073
-853.968
-775.061
-702.552
-637.502
-580.625
-532.496
-493.149
-462.296
-439.541
-424.636
-417.841
-417.409
-45.3046
-50.76
-56.4745
-63.0371
-70.3935
-80.087
-92.428
-107.759
-127.686
-152.553
-184.004
-222.803
-270.102
-326.699
-394.297
-474.837
-569.885
-679.142
-799.058
-925.048
-1051.37
-1174.2
-1290.98
-1400.15
-1491.7
-1554.62
-1584.86
-1588.1
-1568.54
-1530.24
-1475.78
-1409.48
-1334.86
-1253.64
-1168.73
-1082.81
-997.378
-914.482
-835.235
-760.901
-692.488
-630.74
-576.45
-530.017
-491.509
-460.709
-437.283
-421.437
-414.938
-416.63
-51.4063
-57.1218
-62.4412
-68.6865
-75.621
-84.4153
-96.099
-110.228
-128.622
-151.375
-179.348
-213.276
-253.974
-303.383
-362.336
-430.639
-509.211
-598.855
-698.767
-806.88
-919.293
-1030.56
-1137.51
-1236.87
-1327.43
-1403.26
-1453.92
-1471.79
-1466.09
-1438.54
-1393.63
-1333.99
-1265.58
-1190.32
-1111.4
-1030.38
-950.621
-873.047
-799.497
-730.711
-667.376
-610.217
-559.618
-515.931
-479.234
-449.373
-426.277
-410.531
-404.42
-410.441
-57.982
-61.469
-65.528
-71.3759
-78.3406
-86.8198
-97.429
-110.178
-126.465
-146.879
-171.882
-201.421
-236.293
-278.101
-328.084
-386.904
-454.17
-529.506
-612.928
-703.706
-800.33
-900.172
-998.552
-1091.08
-1175.09
-1249.5
-1310.2
-1349.57
-1359.02
-1343.56
-1307.44
-1255.07
-1190.1
-1116.71
-1040.54
-964.317
-889.072
-816.671
-749.189
-686.683
-629.85
-578.629
-533.126
-493.469
-459.644
-431.875
-410.717
-397.387
-392.899
-399.141
-66.6682
-62.7601
-66.288
-72.2105
-80.1852
-88.8851
-98.8904
-110.954
-125.539
-143.433
-164.681
-190.077
-220.951
-257.554
-299.927
-349.197
-406.354
-471.564
-544.268
-622.37
-705.443
-792.281
-879.512
-963.776
-1041.89
-1112.12
-1172.22
-1220.91
-1249.54
-1253.04
-1226.57
-1180.52
-1118.41
-1047.71
-969.834
-891.27
-815.576
-747.526
-685.857
-630.382
-581.077
-537.358
-498.897
-465.135
-436.025
-412.193
-394.906
-386.234
-385.876
-389.218
-80.2306
-63.3216
-69.3109
-75.9035
-84.4949
-94.0252
-103.995
-116.041
-130.32
-147.332
-166.992
-190.179
-218.255
-251.634
-290.047
-333.924
-384.227
-441.42
-505.027
-573.638
-646.471
-721.574
-796.619
-869.266
-937.508
-998.907
-1052.97
-1097.34
-1130.88
-1148.61
-1145.32
-1105.03
-1047.13
-977.095
-898.859
-818.753
-744.357
-676.291
-616.388
-566.049
-524.579
-490.172
-460.956
-435.19
-412.681
-394.756
-383.526
-379.397
-381.272
-383.384
56.6402
53.1262
51.459
50.6914
50.5608
50.7814
51.3067
52.1476
53.4536
55.0567
56.9903
59.356
62.208
65.5408
69.3391
73.5996
78.3438
83.5713
89.2988
95.4921
102.136
109.205
116.647
124.459
132.727
141.276
149.917
158.625
167.416
176.105
184.498
192.475
199.917
206.62
212.316
216.736
219.565
220.443
218.99
214.786
207.39
196.312
181.017
160.896
135.348
103.685
65.2856
19.2963
-35.6865
-90.2299
55.4291
54.5217
54.163
54.2474
54.7524
55.5791
56.6711
58.0814
59.8189
61.8705
64.2842
67.1955
70.5842
74.4663
78.8132
83.6549
89.0232
94.9346
101.372
108.3
115.708
123.564
131.864
140.612
149.769
159.247
168.957
178.82
188.765
198.673
208.413
217.857
226.876
235.292
242.874
249.359
254.458
257.838
259.127
257.92
253.794
246.301
234.939
219.151
198.369
171.947
139.244
99.3219
51.2752
4.49774
56.1551
56.7164
57.4669
58.3936
59.5462
60.9852
62.6512
64.564
66.7485
69.2748
72.2388
75.685
79.6494
84.1308
89.1108
94.616
100.684
107.331
114.524
122.246
130.475
139.205
148.436
158.133
168.265
178.778
189.588
200.617
211.783
222.994
234.138
245.085
255.713
265.864
275.337
283.902
291.289
297.185
301.239
303.074
302.291
298.451
291.098
279.739
263.849
242.819
216.038
182.95
142.972
104.836
58.5722
59.8607
61.3889
63.0777
64.8792
66.8727
69.0765
71.4794
74.1572
77.2047
80.7068
84.6999
89.2456
94.3497
100.007
106.217
113.016
120.411
128.385
136.928
146.023
155.675
165.864
176.561
187.735
199.334
211.295
223.55
236.022
248.624
261.249
273.778
286.091
298.049
309.488
320.204
329.946
338.418
345.29
350.196
352.754
352.568
349.228
342.277
331.233
315.567
294.816
268.376
235.725
206.642
62.204
63.9171
65.9565
68.2472
70.6624
73.1921
75.8924
78.7915
81.9538
85.5246
89.5763
94.1487
99.2879
105.028
111.371
118.306
125.861
134.032
142.822
152.221
162.222
172.821
183.995
195.725
207.975
220.703
233.867
247.405
261.245
275.299
289.466
303.641
317.71
331.551
345.027
357.954
370.099
381.183
390.887
398.873
404.8
408.295
408.966
406.403
400.181
389.837
374.907
355.031
329.968
308.538
66.7408
68.7867
71.1763
73.8916
76.807
79.8449
83.0367
86.4249
90.0959
94.1828
98.7784
103.938
109.691
116.077
123.108
130.787
139.11
148.087
157.719
167.997
178.916
190.467
202.638
215.416
228.769
242.672
257.085
271.951
287.2
302.744
318.497
334.368
350.253
366.044
381.613
396.791
411.363
425.06
437.581
448.615
457.818
464.84
469.339
470.945
469.251
463.815
454.292
440.248
421.447
406.548
72.1068
74.3407
76.9576
79.9341
83.2359
86.7363
90.406
94.2887
98.4624
103.051
108.178
113.917
120.289
127.323
135.04
143.452
152.551
162.339
172.815
183.966
195.796
208.301
221.484
235.329
249.816
264.918
280.596
296.799
313.459
330.505
347.862
365.449
383.172
400.926
418.588
435.999
452.951
469.187
484.427
498.366
510.694
521.122
529.326
534.927
537.521
536.706
532.096
523.423
510.719
501.114
78.1519
80.3822
83.1077
86.2528
89.8305
93.7141
97.8225
102.18
106.853
111.96
117.63
123.939
130.922
138.594
146.986
156.114
165.977
176.565
187.867
199.886
212.624
226.089
240.284
255.194
270.801
287.079
303.996
321.509
339.566
358.106
377.06
396.35
415.885
435.565
455.272
474.85
494.094
512.764
530.591
547.294
562.601
576.207
587.757
596.878
603.179
606.227
605.729
601.415
593.278
587.638
84.5727
86.6554
89.3811
92.6301
96.4091
100.612
105.12
109.913
115.076
120.686
126.882
133.737
141.295
149.585
158.63
168.445
179.029
190.372
202.467
215.323
228.945
243.341
258.505
274.433
291.111
308.524
326.646
345.442
364.866
384.859
405.352
426.266
447.516
469.009
490.631
512.228
533.599
554.514
574.717
593.948
611.926
628.339
642.853
655.125
664.74
671.316
674.562
674.302
670.673
668.197
90.9951
92.8879
95.5381
98.8495
102.76
107.208
112.058
117.257
122.866
128.973
135.66
143.029
151.131
159.998
169.656
180.113
191.371
203.423
216.274
229.924
244.383
259.649
275.727
292.618
310.318
328.814
348.082
368.089
388.786
410.113
432.003
454.384
477.185
500.326
523.694
547.135
570.452
593.421
615.799
637.323
657.705
676.618
693.696
708.514
720.66
729.811
735.772
738.385
737.765
737.419
97.0807
98.7955
101.32
104.632
108.632
113.256
118.385
123.961
129.971
136.509
143.653
151.491
160.085
169.472
179.673
190.704
202.569
215.268
228.797
243.157
258.352
274.394
291.292
309.049
327.661
347.114
367.388
388.448
410.252
432.745
455.869
479.562
503.762
528.391
553.333
578.422
603.457
628.207
652.415
675.796
698.031
718.769
737.639
754.307
768.532
780.182
789.061
794.846
797.46
799.104
102.501
104.013
106.428
109.701
113.763
118.515
123.86
129.721
136.085
142.999
150.543
158.79
167.806
177.635
188.295
199.809
212.189
225.434
239.541
254.51
270.347
287.067
304.678
323.183
342.577
362.848
383.978
405.939
428.692
452.189
476.378
501.212
526.631
552.541
578.806
605.245
631.643
657.751
683.306
708.02
731.591
753.709
774.09
792.488
808.672
822.264
832.684
839.563
843.07
845.066
106.915
108.249
110.547
113.786
117.885
122.727
128.225
134.296
140.928
148.147
156.014
164.592
173.945
184.116
195.144
207.041
219.823
233.495
248.057
263.506
279.849
297.097
315.261
334.341
354.333
375.227
397.005
419.644
443.11
467.364
492.365
518.066
544.395
571.245
598.465
625.864
653.221
680.291
706.81
732.505
757.094
780.295
801.819
821.335
838.488
853.024
864.93
874.293
880.709
884.889
110.024
111.212
113.447
116.652
120.746
125.636
131.238
137.473
144.295
151.72
159.801
168.6
178.181
188.595
199.873
212.035
225.095
239.062
253.934
269.713
286.4
304.007
322.545
342.015
362.41
383.719
405.926
429.013
452.954
477.724
503.285
529.581
556.527
584.003
611.852
639.884
667.883
695.613
722.826
749.257
774.627
798.647
821.034
841.503
859.739
875.314
887.673
896.181
900.965
903.656
111.643
112.745
114.926
118.093
122.18
127.104
132.752
139.054
145.976
153.518
161.71
170.621
180.316
190.845
202.243
214.533
227.727
241.835
256.859
272.798
289.654
307.436
326.155
345.811
366.393
387.887
410.281
433.562
457.716
482.722
508.534
535.089
562.294
590.023
618.117
646.389
674.627
702.603
730.075
756.78
782.43
806.705
829.246
849.674
867.629
882.792
894.905
903.788
909.396
912.743
111.592
112.709
114.883
118.04
122.112
127.033
132.686
138.984
145.9
153.436
161.625
170.526
180.212
190.735
202.124
214.399
227.578
241.674
256.684
272.604
289.437
307.194
325.884
345.509
366.055
387.508
409.853
433.078
457.171
482.111
507.857
534.337
561.455
589.085
617.069
645.217
673.319
701.147
728.458
754.991
780.458
804.535
826.851
846.998
864.584
879.312
891.006
899.623
905.109
908.337
109.877
111.076
113.298
116.48
120.56
125.444
131.037
137.261
144.074
151.49
159.548
168.32
177.874
188.266
199.516
211.643
224.662
238.584
253.406
269.127
285.748
303.284
321.742
341.119
361.407
382.592
404.659
427.587
451.354
475.934
501.289
527.355
554.042
581.225
608.746
636.41
664.001
691.284
718.012
743.92
768.73
792.15
813.879
833.618
851.036
865.682
876.956
884.233
887.8
889.447
106.657
108.009
110.315
113.518
117.583
122.41
127.896
133.958
140.577
147.766
155.593
164.13
173.447
183.58
194.557
206.396
219.113
232.714
247.194
262.549
278.787
295.918
313.952
332.883
352.703
373.398
394.952
417.34
440.525
464.467
489.126
514.449
540.356
566.731
593.416
620.215
646.901
673.228
698.93
723.736
747.364
769.538
789.967
808.316
824.203
837.353
847.711
855.255
859.648
862.074
102.163
103.69
106.097
109.339
113.367
118.083
123.402
129.256
135.6
142.478
149.972
158.165
167.129
176.896
187.493
198.929
211.223
224.371
238.37
253.213
268.909
285.468
302.901
321.205
340.371
360.382
381.216
402.842
425.217
448.289
472.009
496.326
521.17
546.439
571.983
597.613
623.103
648.202
672.636
696.113
718.335
738.994
757.808
774.527
788.884
800.446
808.734
813.462
814.73
814.895
96.6652
98.386
100.903
104.193
108.145
112.71
117.82
123.376
129.365
135.86
142.947
150.719
159.242
168.558
178.675
189.614
201.37
213.95
227.345
241.553
256.576
272.427
289.107
306.619
324.953
344.093
364.009
384.662
406.005
427.979
450.521
473.566
497.051
520.887
544.94
569.034
592.955
616.46
639.284
661.13
681.667
700.542
717.38
731.87
743.829
753.104
759.345
762.231
761.788
760.866
90.5066
92.409
95.0527
98.3314
102.175
106.575
111.4
116.579
122.152
128.205
134.831
142.126
150.146
158.929
168.486
178.832
189.969
201.888
214.584
228.06
242.318
257.36
273.191
289.802
307.187
325.323
344.182
363.724
383.894
404.625
425.841
447.469
469.436
491.652
513.99
536.273
558.288
579.8
600.556
620.286
638.684
655.406
670.088
682.282
691.599
697.802
700.729
700.102
695.897
692.335
84.02
86.1214
88.8363
92.0366
95.7502
99.9102
104.385
109.147
114.265
119.824
125.946
132.716
140.191
148.381
157.315
167.004
177.458
188.65
200.578
213.236
226.64
240.789
255.679
271.298
287.628
304.646
322.317
340.604
359.45
378.787
398.539
418.619
438.941
459.408
479.888
500.202
520.123
539.402
557.776
574.974
590.714
604.659
616.474
625.82
632.255
635.374
634.908
630.775
623.113
616.708
77.5228
79.7949
82.5098
85.5889
89.1001
92.9498
97.029
101.342
105.968
111.014
116.599
122.824
129.714
137.282
145.549
154.542
164.263
174.693
185.812
197.621
210.124
223.329
237.229
251.811
267.044
282.9
299.338
316.307
333.749
351.588
369.748
388.144
406.681
425.26
443.745
461.952
479.643
496.548
512.385
526.865
539.711
550.611
559.178
565.016
567.756
566.996
562.423
553.67
540.703
530.208
71.4112
73.6839
76.3126
79.2116
82.4504
85.9246
89.5513
93.3907
97.5245
102.046
107.085
112.72
118.996
125.922
133.509
141.778
150.723
160.343
170.623
181.563
193.146
205.378
218.253
231.754
245.854
260.513
275.694
291.331
307.351
323.67
340.201
356.857
373.54
390.142
406.528
422.508
437.837
452.224
465.367
476.945
486.645
494.17
499.191
501.293
500.022
494.962
485.741
472.129
454.1
438.437
66.0138
68.0765
70.4788
73.1256
75.9961
78.9954
82.1321
85.4818
89.1156
93.1254
97.6215
102.679
108.338
114.604
121.504
129.038
137.201
146
155.432
165.486
176.154
187.422
199.28
211.702
224.659
238.111
252.011
266.299
280.89
295.691
310.604
325.527
340.36
354.984
369.25
382.96
395.86
407.653
418.014
426.608
433.073
437.046
438.167
436.061
430.305
420.413
405.988
386.533
361.883
340.133
61.4572
63.1809
65.2163
67.4601
69.8378
72.2975
74.9408
77.8161
80.9439
84.4278
88.372
92.8614
97.8927
103.505
109.711
116.506
123.889
131.877
140.467
149.635
159.382
169.693
180.55
191.92
203.763
216.04
228.687
241.641
254.816
268.115
281.436
294.667
307.691
320.38
332.557
344.002
354.451
363.599
371.109
376.625
379.773
380.161
377.375
370.972
360.498
345.465
325.398
299.98
269.073
240.549
57.8203
59.1024
60.6107
62.2723
64.0369
65.9535
68.1121
70.4904
73.1095
76.0701
79.4864
83.393
87.8145
92.7925
98.3184
104.382
111.008
118.208
125.985
134.296
143.134
152.496
162.362
172.699
183.463
194.606
206.055
217.725
229.531
241.375
253.153
264.757
276.054
286.879
297.038
306.285
314.336
320.871
325.543
327.974
327.756
324.458
317.641
306.831
291.517
271.14
245.211
213.1
174.567
138.412
55.3981
55.938
56.6744
57.5925
58.6821
60.05
61.6894
63.5663
65.6715
68.1229
71.0144
74.3594
78.2003
82.5605
87.4133
92.7616
98.6559
105.106
112.095
119.588
127.554
135.995
144.898
154.233
163.959
174.017
184.323
194.774
205.273
215.726
226.032
236.08
245.728
254.774
262.984
270.103
275.828
279.819
281.709
281.105
277.592
270.706
259.944
244.768
224.632
198.926
167.059
128.463
82.8449
37.6944
54.6685
53.7438
53.3706
53.4319
53.8708
54.665
55.7252
57.0699
58.7294
60.7228
63.0642
65.8621
69.1377
72.9021
77.1189
81.7994
86.9857
92.7063
98.9269
105.622
112.765
120.326
128.302
136.688
145.435
154.463
163.681
172.991
182.267
191.411
200.332
208.902
216.965
224.311
230.66
235.722
239.192
240.713
239.898
236.327
229.56
219.132
204.501
185.057
160.185
129.252
91.6452
46.3815
-7.04156
-60.4309
55.8764
52.3532
50.659
49.85
49.6757
49.8789
50.3638
51.1332
52.3629
53.908
55.7792
58.0306
60.7703
63.9841
67.6456
71.7506
76.3106
81.35
86.8543
92.798
99.1757
105.937
113.045
120.515
128.392
136.459
144.586
152.785
160.928
168.832
176.424
183.563
190.057
195.691
200.194
203.241
204.476
203.549
200.075
193.611
183.703
169.852
151.486
127.913
98.5016
62.5603
19.5975
-31.3962
-90.9903
-151.63
-38.646
-48.5138
-47.9218
-43.9847
-38.877
-32.3986
-23.3143
-13.5068
-2.07011
12.9737
30.1158
47.3026
62.9212
80.2526
98.5827
97.8454
79.2842
62.4476
46.5572
29.178
12.5744
-2.32317
-13.4914
-23.3081
-32.1263
-38.6815
-43.8011
-47.4852
-48.1375
-38.4412
-23.9316
-35.1088
-37.5051
-35.9834
-32.0131
-26.863
-18.9816
-10.1645
-0.42977
12.2069
26.7734
41.3114
53.0979
65.0216
79.2731
79.0604
64.131
52.8649
40.7729
26.3028
11.9487
-0.627511
-10.0872
-18.9946
-26.606
-31.7491
-35.7535
-37.1263
-34.7639
-23.6348
-24.9354
-28.0194
-29.193
-28.7843
-25.847
-21.7418
-15.0251
-6.86984
1.66802
12.2634
24.1147
35.771
45.1544
53.8535
63.285
63.4843
53.1064
45.0367
35.3989
23.8746
12.1005
1.58104
-6.77215
-15.0196
-21.5714
-25.6266
-28.5527
-28.9115
-27.7012
-24.6218
-26.2799
-25.3131
-23.5954
-23.1928
-20.5197
-16.7259
-10.9228
-3.70533
3.70105
12.3526
21.6093
30.8351
38.5631
45.1135
50.744
51.3261
44.5175
38.5409
30.4919
21.4599
12.2225
3.66407
-3.63106
-10.8881
-16.5971
-20.3688
-23.0122
-23.3756
-25.0288
-26.0359
-25.6471
-23.7524
-20.2704
-18.992
-15.8532
-12.258
-7.29319
-1.24164
4.99869
12.0583
19.3932
26.7905
32.995
37.7804
41.3578
42.1074
37.2833
33.0838
26.4418
19.3405
11.9582
4.97472
-1.17916
-7.23299
-12.1214
-15.7422
-18.8589
-20.114
-23.5769
-25.4846
-22.1903
-21.7154
-18.044
-15.8858
-12.1939
-8.85986
-4.62957
0.412591
5.68192
11.5326
17.4867
23.1769
28.0047
31.6527
34.3182
35.0496
31.2339
28.1818
22.9064
17.5614
11.4649
5.6749
0.475861
-4.56209
-8.72559
-12.09
-15.7588
-17.9328
-21.6266
-22.0933
-17.8462
-18.5216
-15.6494
-13.5515
-9.67419
-6.57624
-2.89464
1.42664
5.92534
10.689
15.5225
19.7903
23.5625
26.5988
28.739
29.4195
26.2796
23.8035
19.5885
15.7076
10.6571
5.96615
1.49807
-2.8398
-6.47197
-9.5753
-13.4244
-15.5581
-18.4579
-17.7758
-14.3175
-14.5922
-12.8233
-11.3242
-7.78943
-5.10603
-1.86327
1.8967
5.70415
9.49168
13.4991
16.8789
19.9352
22.3505
24.0609
24.6867
22.0714
20.2116
16.7117
13.7048
9.47944
5.79628
1.99012
-1.80626
-5.02022
-7.70735
-11.2259
-12.7499
-14.5474
-14.238
-11.7875
-11.3425
-10.2963
-9.03182
-6.26464
-4.07166
-1.277
2.00401
5.14233
8.22489
11.6163
14.4496
17.0129
18.7422
20.1034
20.6256
18.4456
17.2947
14.3026
11.7968
8.22836
5.24519
2.09848
-1.21372
-3.98934
-6.19356
-8.97017
-10.2253
-11.3059
-11.7319
-9.8121
-9.30152
-8.30074
-7.27444
-5.15801
-3.2905
-0.882808
1.94122
4.46888
7.05132
9.91607
12.2246
14.4199
15.6719
16.7272
17.2051
15.4132
14.688
12.1152
10.0778
7.07881
4.54674
1.97872
-0.836304
-3.21808
-5.08963
-7.23392
-8.21169
-9.26981
-9.78785
-8.15925
-7.81015
-6.68877
-6.13498
-4.36565
-2.75519
-0.648419
1.60095
3.84686
6.04342
8.38643
10.1537
12.023
13.0467
13.8925
14.2411
12.857
12.2651
10.0599
8.54751
5.97589
3.90218
1.67574
-0.567127
-2.6872
-4.29118
-6.12993
-6.58266
-7.79922
-8.13425
-6.65732
-6.38051
-5.40318
-5.06859
-3.52739
-2.24567
-0.449484
1.27005
3.27577
4.98743
7.03332
8.36275
9.94077
10.7702
11.5051
11.727
10.6588
10.1443
8.283
7.19768
4.95154
3.36159
1.31112
-0.373885
-2.20023
-3.44301
-5.1208
-5.31703
-6.36801
-6.62366
-5.22688
-4.97054
-4.33274
-3.83869
-2.52731
-1.60251
-0.256608
1.10201
2.85177
4.14407
5.91205
6.88611
8.23531
8.7933
9.46863
9.58219
8.76748
8.34624
6.87205
6.0245
4.1498
2.89133
1.12305
-0.203455
-1.5614
-2.40846
-3.91698
-4.3116
-4.94823
-5.19456
-3.98765
-3.74964
-3.27104
-2.70042
-1.6551
-1.06309
0.0712637
1.07927
2.57803
3.53533
4.94051
5.67596
6.80852
7.10167
7.69842
7.74175
7.0761
6.85982
5.61867
5.12955
3.47983
2.58549
1.07176
0.125489
-1.04004
-1.59583
-2.72257
-3.2699
-3.74967
-3.96989
-3.19912
-3.06851
-2.56871
-2.0468
-1.15172
-0.673846
0.377873
1.13819
2.22478
2.98986
4.114
4.63664
5.51859
5.69809
6.22729
6.20573
5.75793
5.51207
4.66993
4.15047
2.99614
2.22918
1.12795
0.381315
-0.65559
-1.13005
-2.05641
-2.56119
-3.0998
-3.17614
-2.61635
-2.53774
-2.08469
-1.73841
-0.986848
-0.479126
0.438254
1.06237
1.84113
2.43184
3.26864
3.68647
4.36015
4.53867
4.97517
4.89732
4.65324
4.38483
3.7169
3.30602
2.41398
1.836
1.06029
0.400719
-0.471488
-0.977811
-1.7386
-2.07745
-2.54209
-2.60226
-1.91928
-1.7909
-1.51562
-1.37957
-0.839411
-0.392956
0.290675
0.800014
1.44226
1.85047
2.5124
2.78717
3.34351
3.49543
3.80156
3.71109
3.60498
3.3643
2.82225
2.50497
1.83071
1.42221
0.833163
0.293566
-0.39598
-0.828614
-1.37098
-1.51221
-1.78288
-1.92104
-1.25302
-1.14398
-0.932035
-0.911555
-0.562571
-0.279928
0.136919
0.463672
1.03595
1.26306
1.74423
1.92637
2.32451
2.43033
2.68748
2.60996
2.54223
2.32256
1.98869
1.72519
1.29331
1.03805
0.535126
0.184045
-0.276771
-0.540799
-0.896547
-0.920696
-1.15092
-1.23696
-0.715929
-0.697642
-0.528854
-0.514832
-0.290708
-0.241946
0.0481839
0.183635
0.621867
0.701355
0.970559
1.11137
1.45559
1.48217
1.58584
1.49863
1.47536
1.40506
1.08257
0.966434
0.713566
0.667714
0.228741
0.0955814
-0.176995
-0.265963
-0.504993
-0.517312
-0.69064
-0.711607
-0.234587
-0.234749
-0.179476
-0.176251
-0.0718767
-0.163546
0.0272778
-0.0757045
0.164355
0.206565
0.376961
0.433145
0.543557
0.490291
0.518644
0.45173
0.372765
0.493051
0.403245
0.402541
0.229104
0.187003
-0.0480611
0.0511686
-0.108471
-0.0645709
-0.173027
-0.174659
-0.229125
-0.233901
)
;

boundaryField
{
    INLET
    {
        type            zeroGradient;
    }
    OUTLET
    {
        type            fixedValue;
        value           uniform 0;
    }
    WALL
    {
        type            zeroGradient;
    }
    CYLINDER
    {
        type            zeroGradient;
    }
    frontAndBackPlanes
    {
        type            empty;
    }
}


// ************************************************************************* //
