/*--------------------------------*- C++ -*----------------------------------*\
| =========                 |                                                 |
| \\      /  F ield         | OpenFOAM: The Open Source CFD Toolbox           |
|  \\    /   O peration     | Version:  v1912                                 |
|   \\  /    A nd           | Website:  www.openfoam.com                      |
|    \\/     M anipulation  |                                                 |
\*---------------------------------------------------------------------------*/
FoamFile
{
    version     2.0;
    format      ascii;
    class       volScalarField;
    location    "0.09";
    object      p;
}
// * * * * * * * * * * * * * * * * * * * * * * * * * * * * * * * * * * * * * //

dimensions      [0 2 -2 0 0 0 0];


internalField   nonuniform List<scalar> 
6600
(
66.5779
61.8822
59.3703
57.9154
57.0345
56.7158
56.6388
56.7734
57.1788
57.8842
58.7827
59.9464
61.4181
63.2673
65.4808
68.0429
70.8888
74.0434
77.4417
81.1773
85.2519
89.6031
94.1625
98.8981
103.784
108.773
113.752
118.564
123.286
127.712
131.644
134.863
137.295
138.717
138.736
137.074
133.412
127.272
118.129
105.561
89.0593
67.9634
41.633
9.33851
-29.534
-76.1537
-130.616
-193.612
-267.257
-344.809
63.3479
58.4114
56.559
54.8929
53.7395
53.0707
52.6704
52.5183
52.6631
53.0488
53.6087
54.4331
55.586
57.0711
58.8353
60.8409
63.1028
65.6921
68.6334
71.7864
75.2123
78.8284
82.5543
86.3679
90.2341
94.1164
97.9557
101.443
104.465
107.143
109.385
110.79
111.127
110.264
107.792
103.394
96.8024
87.5772
75.0805
58.9095
38.5306
13.3113
-17.4142
-54.4005
-98.2415
-149.994
-209.766
-277.664
-354.548
-433.375
58.9862
53.731
52.7122
50.872
49.6196
48.7421
48.079
47.666
47.5416
47.636
48.0254
48.6469
49.5234
50.653
52.0551
53.6451
55.3713
57.2248
59.5385
62.0932
64.8539
67.7131
70.5946
73.4649
76.2567
78.9747
81.5518
83.7693
85.3605
86.2989
86.4887
85.7636
83.9363
80.69
75.5826
68.2925
58.5436
45.9201
29.8912
9.97127
-14.3744
-43.7583
-78.7804
-120.126
-168.4
-224.423
-288.346
-359.401
-436.57
-512.317
53.7907
48.2518
47.8589
45.7981
44.4832
43.4861
42.6688
42.0649
41.6991
41.5679
41.7516
42.1869
42.7934
43.5706
44.4915
45.5852
46.9012
48.38
49.9141
51.7644
53.7458
55.7648
57.7381
59.6051
61.3219
62.8342
64.0871
64.9009
64.9434
64.1675
62.4429
59.5334
55.2656
49.419
41.5764
31.3565
18.419
2.35528
-17.2495
-40.8829
-69.0631
-102.296
-141.115
-186.105
-237.783
-296.814
-363.28
-435.537
-511.149
-581.401
47.8836
42.0217
42.1075
39.6559
38.4344
37.2573
36.2377
35.4523
34.9391
34.6478
34.5667
34.672
35.0007
35.4452
36.0006
36.6122
37.3374
38.268
39.2742
40.2887
41.3551
42.4524
43.4357
44.2477
44.8196
45.0434
44.826
44.0705
42.5238
39.9714
36.2783
31.2511
24.6625
16.219
5.60504
-7.52025
-23.5305
-42.8135
-65.7623
-92.7671
-124.27
-160.719
-202.519
-250.103
-303.856
-364.285
-431.374
-503.259
-575.886
-638.755
41.3502
35.3392
35.4783
32.5315
31.285
29.9979
28.8096
27.8724
27.1699
26.6446
26.3053
26.0477
25.9221
25.8721
25.9153
26.042
26.298
26.5665
26.905
27.1781
27.313
27.3106
27.212
26.8924
26.2468
25.1399
23.4444
21.0489
17.7941
13.4833
7.88951
0.751484
-8.1527
-19.0624
-32.2869
-48.1161
-66.8904
-88.9967
-114.746
-144.483
-178.555
-217.261
-260.91
-309.82
-364.242
-424.525
-490.699
-560.831
-629.017
-682.709
34.1115
28.1277
27.9657
24.5237
23.1547
21.7393
20.4844
19.4082
18.4204
17.5819
16.8191
16.1233
15.524
14.9786
14.4749
14.036
13.5921
13.1652
12.6822
12.0453
11.254
10.2234
8.93514
7.37574
5.42144
2.90809
-0.323133
-4.35217
-9.32893
-15.4171
-22.8893
-32.0197
-43.015
-56.1382
-71.6596
-89.8315
-110.928
-135.246
-163.1
-194.728
-230.372
-270.278
-314.621
-363.586
-417.389
-476.339
-540.114
-606.795
-669.398
-712.423
25.9465
19.8977
19.4856
15.8838
14.4054
12.7053
11.2507
9.93352
8.6797
7.49096
6.25077
5.02843
3.81365
2.62071
1.43794
0.269118
-0.863129
-2.15927
-3.56549
-5.14229
-6.99526
-9.09926
-11.5369
-14.3763
-17.6961
-21.6134
-26.2529
-31.8255
-38.4826
-46.3704
-55.657
-66.6077
-79.484
-94.4997
-111.887
-131.853
-154.636
-180.5
-209.622
-242.224
-278.482
-318.493
-362.362
-410.204
-462.194
-518.706
-579.385
-641.592
-697.399
-729.26
16.7443
10.7441
10.2035
6.61261
5.0022
2.96454
1.10427
-0.612221
-2.24301
-3.86824
-5.58132
-7.30049
-9.10048
-10.962
-12.9125
-14.9763
-17.1973
-19.3671
-21.8401
-24.4853
-27.3288
-30.5569
-34.171
-38.2733
-42.9342
-48.2776
-54.425
-61.4606
-69.5647
-78.9412
-89.8167
-102.388
-116.792
-133.249
-151.987
-173.196
-197.025
-223.642
-253.245
-285.936
-321.814
-360.971
-403.423
-449.203
-498.442
-551.513
-608.366
-665.482
-714.146
-736.163
6.23544
0.919318
0.0827572
-3.33385
-4.9366
-7.28239
-9.52999
-11.7149
-13.9566
-16.2571
-18.5404
-20.9185
-23.4661
-26.1264
-28.8675
-31.7717
-34.9056
-38.3155
-41.8348
-45.6435
-49.7122
-54.0383
-58.8212
-64.1318
-70.0344
-76.604
-83.98
-92.3264
-101.84
-112.635
-124.805
-138.55
-154.09
-171.567
-191.132
-212.918
-237.091
-263.79
-293.065
-325.03
-359.749
-397.205
-437.372
-480.256
-525.956
-574.827
-626.889
-678.881
-721.99
-737.432
-5.49218
-9.78641
-10.821
-14.0227
-15.62
-18.2717
-20.8342
-23.4406
-26.2184
-29.1674
-32.2633
-35.4712
-38.7806
-42.291
-46.0404
-50.0359
-54.164
-58.6924
-63.4256
-68.3285
-73.5551
-79.1455
-85.1221
-91.5775
-98.6374
-106.394
-114.961
-124.429
-134.931
-146.627
-159.73
-174.366
-190.582
-208.541
-228.393
-250.246
-274.163
-300.228
-328.54
-359.096
-391.895
-426.95
-464.218
-503.602
-545.038
-589.15
-635.194
-680.867
-718.685
-732.706
-17.4722
-21.0627
-22.0225
-24.996
-26.8005
-29.8423
-32.7478
-35.8892
-39.2413
-42.7732
-46.6185
-50.792
-55.1689
-59.733
-64.5079
-69.4685
-74.8149
-80.2568
-86.1175
-92.3219
-98.729
-105.498
-112.653
-120.236
-128.311
-136.996
-146.424
-156.74
-168.094
-180.579
-194.22
-209.17
-225.614
-243.615
-263.248
-284.576
-307.69
-332.631
-359.368
-387.926
-418.301
-450.397
-484.119
-519.391
-556.207
-594.605
-633.087
-669.202
-696.236
-709.446
-28.9745
-32.1151
-33.1702
-36.1571
-38.4231
-41.6926
-44.8697
-48.6065
-52.7173
-57.1072
-61.6888
-66.6149
-71.9507
-77.5814
-83.576
-89.834
-96.2151
-102.919
-109.796
-117.095
-124.798
-132.781
-141.04
-149.645
-158.695
-168.271
-178.464
-189.383
-201.092
-213.721
-227.503
-242.511
-258.743
-276.315
-295.283
-315.69
-337.537
-360.835
-385.605
-411.779
-439.251
-467.944
-497.71
-528.26
-560.071
-591.849
-621.402
-644.495
-655.537
-664.828
-40.2782
-42.7616
-44.2573
-47.3422
-50.1634
-53.6856
-57.2398
-61.3781
-66.1059
-71.3765
-77.1222
-83.0678
-89.2808
-96.0015
-102.996
-110.408
-118.163
-126.179
-134.446
-142.841
-151.585
-160.633
-169.929
-179.501
-189.346
-199.521
-210.151
-221.373
-233.348
-246.122
-259.677
-274.179
-289.786
-306.517
-324.421
-343.485
-363.725
-385.126
-407.584
-431.041
-455.43
-480.537
-505.997
-531.805
-557.606
-582.016
-603.11
-617.419
-621.331
-624.225
-51.5089
-52.6598
-54.9735
-58.0496
-61.2682
-65.3149
-69.6612
-74.3795
-79.5212
-85.3351
-91.8276
-98.9305
-106.393
-114.204
-122.561
-131.209
-140.229
-149.473
-159.022
-168.794
-178.748
-188.812
-199.088
-209.546
-220.138
-230.91
-241.934
-253.275
-264.972
-277.188
-290.173
-303.99
-318.657
-334.258
-350.78
-368.259
-386.653
-405.881
-425.911
-446.632
-467.834
-489.286
-510.831
-532.254
-552.539
-570.533
-584.306
-592.314
-599.434
-599.921
-62.4089
-62.3489
-64.6967
-67.7745
-71.1132
-75.6934
-80.8113
-86.4826
-92.6246
-99.2103
-106.325
-114.253
-123.011
-132.114
-141.567
-151.58
-162.024
-172.819
-183.685
-194.703
-205.88
-217.141
-228.447
-239.689
-250.888
-262.039
-273.138
-284.304
-295.746
-307.509
-319.609
-332.236
-345.566
-359.67
-374.615
-390.318
-406.74
-423.844
-441.464
-459.457
-477.737
-496.107
-514.302
-531.648
-547.46
-560.759
-569.995
-573.984
-577.908
-579.313
-70.191
-70.9342
-72.9546
-76.0007
-79.5878
-84.5662
-90.017
-96.504
-103.839
-111.779
-119.992
-128.675
-138.323
-148.901
-159.89
-171.174
-182.954
-195.248
-207.787
-220.299
-232.794
-245.284
-257.666
-269.811
-281.706
-293.284
-304.519
-315.491
-326.226
-336.872
-347.731
-358.993
-370.778
-383.222
-396.342
-410.192
-424.696
-439.671
-455.053
-470.807
-486.72
-502.241
-517.238
-531.467
-543.872
-553.05
-558.045
-562.958
-563.693
-565.244
-76.6418
-77.6651
-79.4304
-82.8317
-86.5649
-92.0668
-97.7687
-104.712
-112.854
-121.694
-131.423
-141.835
-152.518
-163.992
-176.451
-189.542
-202.958
-216.719
-230.852
-245.073
-259.203
-273.13
-286.752
-299.964
-312.645
-324.593
-335.797
-346.365
-356.436
-366.146
-375.625
-385.104
-394.899
-405.264
-416.409
-428.303
-440.86
-454.024
-467.621
-481.467
-495.161
-508.398
-521.028
-532.491
-541.695
-547.505
-550.845
-553.089
-554.389
-555.202
-82.5282
-83.4665
-84.5634
-88.315
-92.0603
-98.0534
-103.908
-111.563
-119.907
-129.38
-140.271
-152.104
-164.493
-177.443
-191.159
-205.773
-221.059
-236.62
-252.547
-268.722
-284.738
-300.37
-315.488
-330.051
-343.751
-356.406
-367.959
-378.327
-387.592
-395.896
-403.525
-410.902
-418.419
-426.449
-435.24
-445.001
-455.75
-467.27
-479.417
-491.87
-503.942
-515.235
-525.527
-534.175
-540.173
-543.257
-546.004
-546.918
-548.288
-548.639
-85.028
-86.5389
-87.9024
-91.8243
-95.5968
-102.004
-108.204
-116.904
-125.376
-135.309
-146.861
-159.574
-173.361
-187.976
-203.544
-219.865
-236.865
-254.556
-272.593
-290.836
-308.982
-326.766
-343.899
-360.155
-375.21
-388.883
-400.908
-411.142
-419.727
-426.864
-432.726
-437.739
-442.407
-447.349
-453.272
-460.542
-469.187
-479.213
-490.599
-502.243
-512.876
-522.593
-530.634
-535.984
-538.527
-540.712
-541.713
-542.935
-544.137
-544.479
-84.1211
-86.4904
-87.5848
-92.6179
-96.373
-103.483
-109.583
-119.488
-128.414
-139.443
-151.167
-164.27
-179.399
-195.627
-212.711
-230.93
-249.947
-269.759
-290.221
-310.889
-331.56
-351.886
-371.485
-389.909
-406.913
-422.176
-435.326
-446.129
-454.476
-460.362
-464.072
-466.225
-467.531
-468.871
-471.054
-474.913
-481.062
-489.819
-500.396
-510.992
-521.618
-530.689
-536.159
-537.921
-538.733
-538.977
-539.671
-540.743
-541.755
-542.204
-79.704
-84.2651
-84.2233
-91.1519
-94.1753
-102.578
-108.89
-118.807
-128.071
-140.638
-153.005
-166.77
-182.283
-199.893
-218.722
-238.6
-259.806
-282.055
-305.009
-328.391
-351.989
-375.347
-397.935
-419.299
-438.96
-456.462
-471.357
-483.173
-491.617
-496.744
-498.803
-498.139
-495.502
-492
-489.171
-488.488
-490.816
-496.906
-505.999
-517.793
-529.893
-538.12
-541.496
-541.844
-540.733
-540.059
-539.797
-539.852
-540.155
-540.58
-73.4778
-81.0419
-79.5062
-88.1968
-89.885
-99.5525
-105.279
-115.985
-125.344
-138.267
-150.946
-166.666
-182.825
-200.669
-220.863
-242.722
-266.005
-290.625
-316.347
-342.861
-369.753
-396.619
-422.835
-447.816
-470.907
-491.497
-509.028
-522.96
-532.682
-537.801
-538.327
-534.612
-527.546
-518.488
-509.125
-501.423
-497.2
-498.923
-507.535
-521.21
-534.528
-543.409
-546.833
-547.036
-545.253
-542.974
-540.623
-538.819
-537.828
-537.632
-66.0988
-75.4149
-74.4028
-83.673
-84.7581
-94.8687
-99.4699
-111.088
-119.968
-133.292
-145.962
-162.65
-179.742
-198.645
-219.638
-242.876
-268.212
-295.252
-323.708
-353.488
-384.1
-414.95
-445.443
-474.848
-502.328
-527.062
-548.32
-565.308
-577.188
-583.344
-583.43
-577.37
-565.959
-550.292
-532.407
-515.381
-501.863
-496.164
-501.541
-516.585
-533.625
-544.404
-549.62
-549.364
-547.232
-543.468
-539.291
-535.733
-533.515
-532.53
-58.8201
-68.5048
-67.7277
-77.79
-78.4908
-88.8206
-92.8848
-104.553
-112.588
-126.15
-138.937
-155.471
-172.803
-192.924
-214.913
-239.311
-266.16
-295.361
-326.745
-359.9
-394.349
-429.591
-464.945
-499.552
-532.427
-562.45
-588.581
-610.019
-625.71
-634.443
-635.42
-628.149
-612.824
-590.477
-563.119
-533.375
-505.252
-486.519
-486.148
-501.439
-522.796
-537.669
-544.917
-546.768
-545.193
-541.643
-536.999
-532.285
-528.919
-526.825
-52.2408
-61.7261
-60.2298
-70.9675
-71.5126
-81.1733
-85.8021
-96.2397
-104.35
-117.571
-129.374
-145.862
-163.345
-184.132
-206.591
-231.92
-260.084
-291.166
-325.038
-361.478
-399.894
-439.832
-480.544
-521.091
-560.291
-596.845
-629.466
-656.938
-677.816
-690.59
-694.19
-687.735
-670.355
-642.152
-604.572
-559.567
-512.153
-475.637
-462.745
-472.645
-497.504
-522.027
-536.748
-545.577
-548.302
-545.924
-540.803
-534.922
-530.599
-527.835
-46.7029
-55.2591
-53.5008
-62.9375
-64.1948
-72.7685
-77.7258
-86.881
-95.2134
-107.404
-119.125
-134.662
-151.273
-172.248
-195.066
-220.997
-250.02
-282.568
-318.657
-358.017
-400.33
-445.074
-491.471
-538.494
-584.902
-629.227
-669.882
-705.039
-732.996
-752.009
-760.635
-756.999
-740.006
-708.556
-662.446
-603.236
-534.963
-471.387
-437.581
-439.373
-465.865
-505.318
-534.735
-553.157
-560.201
-557.992
-551.806
-544.475
-538.582
-535.324
-42.2313
-48.847
-48.0208
-55.1614
-57.4609
-63.8548
-69.3401
-77.5575
-85.3631
-96.3975
-107.933
-122.736
-138.448
-158.288
-180.826
-207.211
-236.859
-270.249
-307.753
-349.482
-395.393
-444.909
-497.181
-551.075
-605.354
-658.536
-708.721
-753.496
-790.555
-817.912
-833.869
-835.966
-822.407
-792.445
-741.18
-666.631
-577.291
-495.522
-436.941
-420.429
-440.902
-486.775
-530.234
-557.059
-568.951
-567.228
-560.598
-553.076
-548.129
-546.249
-40.4541
-42.4031
-43.2896
-47.4241
-51.9886
-55.0131
-61.7871
-67.9874
-75.4775
-85.8148
-96.2654
-110.061
-125.162
-143.782
-165.209
-191.327
-220.884
-254.877
-293.274
-336.558
-385.336
-439.299
-497.34
-558.302
-621.065
-684.067
-745.066
-801.113
-849.489
-887.788
-914.307
-925.128
-917.653
-892.68
-838.266
-753.666
-652.393
-560.912
-489.898
-459.962
-468.361
-495.69
-528.933
-552.162
-562.593
-561.417
-557.324
-553.002
-550.525
-550.449
-53.2089
-39.0231
-39.3621
-39.8476
-47.9341
-46.6072
-55.1936
-58.8622
-66.3532
-76.0742
-85.2581
-97.8795
-112.317
-129.886
-150.004
-174.871
-204.276
-238.208
-276.829
-321.122
-371.929
-429.474
-492.704
-560.649
-632.167
-705.879
-778.11
-845.839
-907.765
-960.182
-998.985
-1021.91
-1022.79
-1000.71
-953.481
-870.751
-773.779
-675.281
-604.386
-564.165
-547.228
-549.48
-559.071
-565.666
-563.852
-557.664
-551.437
-548.601
-548.796
-550.645
68.6149
63.9662
61.4746
60.0447
59.2121
58.9377
58.9017
59.0954
59.5893
60.3881
61.4001
62.6623
64.2835
66.2701
68.6613
71.4083
74.4875
77.9013
81.6088
85.6783
90.1534
94.9393
99.9841
105.259
110.743
116.397
122.122
127.757
133.338
138.834
144.028
148.586
152.391
155.421
157.362
157.766
156.309
152.687
146.445
137.088
124.139
107.025
85.212
57.7623
24.078
-16.6692
-64.6931
-120.259
-187.545
-257.316
65.4077
60.546
58.6991
57.0949
55.968
55.3353
54.9837
54.9067
55.1365
55.6276
56.2989
57.2398
58.5441
60.1798
62.1279
64.3324
66.8484
69.6985
72.9838
76.4929
80.3257
84.3893
88.6057
92.9721
97.4602
102.036
106.647
111.104
115.117
118.76
122.107
124.869
126.622
127.34
126.766
124.467
120.072
113.25
103.562
90.5003
73.5464
52.0733
25.6681
-6.78534
-45.7334
-92.0662
-145.94
-207.346
-278.867
-351.652
61.0871
55.9231
54.9097
53.13
51.9108
51.0689
50.4784
50.139
50.1171
50.3162
50.8133
51.5906
52.6236
53.9234
55.5204
57.3301
59.3457
61.5376
64.1521
67.1044
70.2924
73.6263
77.0372
80.4716
83.9258
87.3649
90.7145
93.8813
96.5305
98.548
99.9676
100.595
100.123
98.4571
95.1895
89.956
82.3891
72.1842
58.8638
41.9166
20.8368
-5.01859
-36.1634
-73.3397
-117.117
-168.358
-227.29
-293.154
-366.002
-437.238
55.9358
50.5081
50.113
48.104
46.8298
45.9046
45.1596
44.6458
44.3928
44.3741
44.6894
45.2929
46.0688
47.0428
48.1883
49.5417
51.1254
52.9561
54.8689
57.1418
59.5759
62.1103
64.6434
67.1386
69.5492
71.8232
73.8839
75.661
76.7799
77.0441
76.5479
75.0888
72.2907
68.0078
61.9597
53.759
43.0058
29.3316
12.332
-8.47347
-33.5961
-63.6184
-99.0608
-140.42
-188.237
-243.295
-305.737
-374.113
-446.759
-514.195
50.0848
44.362
44.4294
42.0356
40.8626
39.778
38.8325
38.1623
37.7686
37.6039
37.6753
37.9408
38.4623
39.1283
39.9289
40.8541
41.9104
43.1343
44.5572
46.05
47.6198
49.2567
50.8329
52.3062
53.6152
54.6466
55.2587
55.4285
55.0139
53.6728
51.2333
47.5921
42.4927
35.6583
26.8332
15.6542
1.75576
-15.2027
-35.6606
-60.0537
-88.8101
-122.433
-161.342
-205.906
-256.573
-314.024
-378.298
-447.508
-518.751
-580.967
43.6168
37.771
37.896
34.9427
33.8252
32.6282
31.539
30.7085
30.1348
29.7476
29.5808
29.5122
29.5989
29.8051
30.1181
30.5496
31.1638
31.8774
32.5975
33.3339
33.9903
34.5781
35.1159
35.4898
35.6164
35.3595
34.5949
33.1792
30.9576
27.8116
23.5475
17.8472
10.4613
1.17359
-10.2921
-24.2396
-41.0061
-60.9547
-84.4289
-111.808
-143.474
-179.807
-221.131
-267.734
-319.92
-378.191
-442.656
-511.485
-580.183
-635.534
36.4367
30.6372
30.396
27.0665
25.8073
24.4715
23.3163
22.365
21.5159
20.8288
20.2613
19.7793
19.404
19.1232
18.932
18.8482
18.7701
18.7526
18.7348
18.6097
18.3611
17.9319
17.3123
16.4864
15.3289
13.6921
11.414
8.42812
4.59585
-0.316163
-6.50594
-14.2345
-23.7511
-35.2777
-49.0783
-65.4696
-84.7114
-107.068
-132.899
-162.511
-196.175
-234.184
-276.768
-324.136
-376.539
-434.372
-497.739
-564.724
-629.28
-676.152
28.3446
22.4082
22.0241
18.5355
17.1432
15.5248
14.1895
13.0086
11.9028
10.8858
9.85835
8.86154
7.89106
6.9686
6.10958
5.29875
4.56029
3.72712
2.77838
1.74277
0.50595
-0.957173
-2.69253
-4.77619
-7.26835
-10.2839
-13.9604
-18.5111
-24.0444
-30.7221
-38.7147
-48.2726
-59.6837
-73.1768
-88.9646
-107.268
-128.357
-152.507
-179.936
-210.88
-245.563
-284.181
-326.893
-373.865
-425.339
-481.712
-542.694
-606.212
-665.481
-702.667
19.2066
13.3002
12.8429
9.35253
7.82082
5.87698
4.15426
2.59078
1.12119
-0.322973
-1.83082
-3.31952
-4.84464
-6.39275
-8.01058
-9.686
-11.5249
-13.2446
-15.1561
-17.2349
-19.4842
-22.0188
-24.902
-28.2204
-32.0365
-36.4646
-41.6254
-47.5883
-54.5744
-62.7734
-72.3965
-83.6372
-96.6661
-111.687
-128.938
-148.653
-171.007
-196.17
-224.374
-255.791
-290.556
-328.81
-370.648
-416.169
-465.6
-519.424
-577.38
-636.341
-688.799
-715.813
8.83703
3.552
2.80459
-0.53075
-2.04483
-4.28502
-6.39698
-8.42895
-10.4984
-12.5984
-14.6674
-16.788
-19.0528
-21.3802
-23.7671
-26.2708
-28.8956
-31.8588
-34.8657
-38.0751
-41.4856
-45.129
-49.1601
-53.6532
-58.6897
-64.3326
-70.7317
-78.0483
-86.4497
-96.0704
-107.023
-119.506
-133.747
-149.915
-168.163
-188.647
-211.556
-237.065
-265.286
-296.336
-330.328
-367.332
-407.399
-450.625
-497.172
-547.359
-601.287
-655.266
-701.019
-719.886
-2.80224
-7.06983
-8.05109
-11.1695
-12.673
-15.2162
-17.6373
-20.0937
-22.6972
-25.4277
-28.2945
-31.2317
-34.2275
-37.3937
-40.7421
-44.3298
-48.0269
-51.9604
-56.1489
-60.4759
-65.0367
-69.8972
-75.0919
-80.7257
-86.9056
-93.7341
-101.309
-109.757
-119.183
-129.775
-141.718
-155.157
-170.201
-186.976
-205.652
-226.383
-249.276
-274.418
-301.932
-331.904
-364.377
-399.392
-436.941
-477.028
-519.815
-565.751
-614.378
-662.893
-703.465
-718.061
-14.7741
-18.2962
-19.2165
-22.097
-23.8157
-26.7565
-29.5161
-32.496
-35.6662
-38.9776
-42.5641
-46.4591
-50.5269
-54.741
-59.1303
-63.627
-68.4796
-73.4222
-78.6814
-84.2134
-89.9672
-95.9916
-102.348
-109.085
-116.283
-124.042
-132.491
-141.797
-152.101
-163.493
-176.059
-189.919
-205.255
-222.203
-240.84
-261.24
-283.497
-307.716
-333.943
-362.201
-392.528
-424.91
-459.298
-495.648
-533.924
-574.717
-616.822
-657.96
-691.438
-705.629
-26.2985
-29.3321
-30.3641
-33.2636
-35.4396
-38.603
-41.6322
-45.2123
-49.1178
-53.2877
-57.6319
-62.2502
-67.2452
-72.5168
-78.0913
-83.9188
-89.7916
-95.9259
-102.202
-108.867
-115.81
-123.02
-130.474
-138.216
-146.358
-154.985
-164.21
-174.133
-184.882
-196.56
-209.314
-223.307
-238.577
-255.191
-273.253
-292.846
-314.037
-336.824
-361.234
-387.293
-414.958
-444.193
-474.897
-506.854
-540.261
-574.857
-608.961
-639.354
-660.061
-672.718
-37.6694
-40.0316
-41.4986
-44.5061
-47.2185
-50.6186
-54.0292
-57.9971
-62.5259
-67.5632
-73.0346
-78.6926
-84.5657
-90.9171
-97.495
-104.392
-111.649
-119.15
-126.694
-134.409
-142.436
-150.699
-159.159
-167.863
-176.812
-186.075
-195.764
-206.015
-216.969
-228.748
-241.401
-254.979
-269.673
-285.59
-302.75
-321.171
-340.841
-361.814
-384.082
-407.567
-432.228
-457.957
-484.57
-511.884
-539.943
-567.509
-592.736
-611.645
-619.528
-627.255
-48.9662
-50.0062
-52.2736
-55.2598
-58.382
-62.3203
-66.5077
-71.0462
-75.9877
-81.5773
-87.807
-94.6054
-101.737
-109.131
-117.066
-125.274
-133.661
-142.347
-151.336
-160.327
-169.493
-178.774
-188.198
-197.748
-207.406
-217.235
-227.299
-237.693
-248.513
-259.849
-271.913
-284.883
-298.75
-313.566
-329.394
-346.266
-364.226
-383.177
-403.042
-423.793
-445.29
-467.356
-489.773
-512.693
-535.101
-555.665
-572.839
-584.287
-590.101
-593.037
-59.8687
-59.745
-62.0475
-65.0815
-68.354
-72.7988
-77.7501
-83.2645
-89.1972
-95.5436
-102.397
-110.011
-118.441
-127.18
-136.142
-145.684
-155.631
-165.673
-175.926
-186.295
-196.674
-207.074
-217.478
-227.81
-238.068
-248.273
-258.441
-268.661
-279.105
-289.959
-301.261
-313.095
-325.679
-339.115
-353.444
-368.655
-384.645
-401.41
-418.899
-436.928
-455.381
-474.064
-492.813
-511.302
-528.833
-544.158
-555.433
-561.368
-567.99
-569.585
-67.7135
-68.3734
-70.2843
-73.5458
-76.9888
-81.7911
-87.0911
-93.4158
-100.565
-108.258
-116.192
-124.615
-133.904
-144.089
-154.67
-165.395
-176.666
-188.396
-200.12
-211.883
-223.615
-235.244
-246.695
-257.879
-268.781
-279.34
-289.576
-299.608
-309.496
-319.318
-329.355
-339.901
-351.02
-362.816
-375.343
-388.629
-402.715
-417.435
-432.6
-448.168
-464
-479.757
-495.271
-510.239
-523.904
-534.988
-542.145
-546.271
-548.977
-551.247
-74.3509
-75.2544
-77.0237
-80.3547
-84.0793
-89.4234
-94.99
-101.789
-109.754
-118.368
-127.867
-137.999
-148.349
-159.404
-171.45
-184.075
-196.838
-210.024
-223.507
-236.901
-250.165
-263.183
-275.854
-288.048
-299.68
-310.591
-320.806
-330.382
-339.474
-348.337
-357.094
-365.896
-375.096
-384.91
-395.508
-406.928
-419.023
-431.719
-444.969
-458.562
-472.207
-485.54
-498.36
-510.305
-520.711
-528.416
-532.569
-536.501
-537.466
-539.274
-80.4211
-81.2278
-82.3386
-85.9679
-89.7491
-95.5267
-101.346
-108.797
-117.002
-126.294
-136.97
-148.514
-160.56
-173.177
-186.456
-200.585
-215.322
-230.175
-245.447
-260.862
-275.985
-290.659
-304.752
-318.227
-330.803
-342.325
-352.744
-362.07
-370.418
-377.877
-384.754
-391.556
-398.581
-406.167
-414.509
-423.726
-433.927
-444.994
-456.649
-468.724
-480.572
-491.752
-502.274
-511.604
-518.731
-522.925
-526.709
-528.536
-529.761
-530.625
-83.0786
-84.4754
-85.8552
-89.6074
-93.44
-99.6203
-105.92
-114.34
-122.699
-132.456
-143.813
-156.295
-169.778
-184.036
-199.204
-215.044
-231.503
-248.542
-265.803
-283.279
-300.536
-317.342
-333.386
-348.489
-362.33
-374.775
-385.581
-394.655
-402.199
-408.45
-413.639
-418.057
-422.339
-427.016
-432.631
-439.542
-447.723
-457.071
-467.592
-478.577
-488.93
-498.708
-507.32
-513.633
-517.232
-519.364
-521.158
-522.85
-524.177
-524.677
-82.3673
-84.5899
-85.7576
-90.5896
-94.4322
-101.306
-107.549
-117.079
-126.041
-136.862
-148.419
-161.258
-176.145
-192.096
-208.769
-226.508
-245.024
-264.25
-283.947
-303.759
-323.499
-342.806
-361.265
-378.463
-394.171
-408.087
-419.88
-429.392
-436.548
-441.418
-444.379
-446.073
-447.11
-448.378
-450.627
-454.359
-460.025
-467.935
-477.565
-487.459
-497.302
-506.397
-512.803
-515.912
-516.657
-517.368
-518.012
-519.578
-520.922
-521.427
-78.2334
-82.5928
-82.5097
-89.2845
-92.373
-100.641
-106.993
-116.643
-126.047
-138.302
-150.557
-164.107
-179.419
-196.759
-215.255
-234.704
-255.409
-277.035
-299.281
-321.82
-344.459
-366.727
-388.115
-408.158
-426.415
-442.41
-455.776
-466.104
-473.183
-477.225
-478.466
-477.242
-474.475
-471.241
-468.78
-468.406
-470.862
-476.504
-484.629
-494.689
-505.542
-514.033
-518.448
-519.129
-518.725
-517.759
-517.814
-518.608
-519.43
-519.978
-72.0431
-79.5717
-77.9818
-86.5582
-88.2271
-97.8257
-103.483
-114.151
-123.54
-136.089
-148.944
-164.313
-180.398
-197.916
-217.781
-239.334
-262.179
-286.219
-311.204
-336.887
-362.818
-388.545
-413.49
-437.032
-458.586
-477.546
-493.376
-505.597
-513.715
-517.459
-516.928
-512.618
-505.446
-496.829
-488.539
-482.115
-478.966
-480.697
-488.057
-499.9
-511.902
-520.375
-523.897
-524.298
-522.497
-520.719
-519.181
-518.161
-517.838
-518.163
-64.6432
-73.9763
-73.1423
-82.3054
-83.3983
-93.267
-97.9621
-109.432
-118.305
-131.455
-144.323
-160.632
-177.643
-196.318
-217.102
-239.975
-264.89
-291.432
-319.267
-348.219
-377.84
-407.528
-436.68
-464.57
-490.385
-513.322
-532.662
-547.64
-557.558
-562.033
-560.789
-554.029
-542.568
-527.651
-511.28
-496.313
-484.905
-480.759
-485.868
-498.169
-513.119
-523.357
-528.286
-528.168
-525.907
-522.518
-519.139
-516.316
-514.847
-514.555
-57.5902
-67.1763
-66.5221
-76.5085
-77.3346
-87.361
-91.7375
-102.932
-111.148
-124.635
-137.404
-153.79
-171.145
-191.024
-212.774
-236.962
-263.439
-292.195
-322.996
-355.381
-388.87
-422.937
-456.907
-489.911
-520.975
-549.02
-573.011
-592.21
-605.669
-612.281
-611.531
-603.089
-587.334
-565.517
-540.166
-514.138
-490.46
-475.084
-474.172
-486.905
-505.666
-519.976
-526.993
-528.118
-525.583
-521.325
-516.663
-512.483
-509.804
-508.538
-51.2005
-60.5338
-59.1089
-69.7963
-70.372
-79.9096
-84.6916
-94.9173
-103.218
-116.069
-128.089
-144.455
-162.09
-182.767
-204.838
-229.961
-257.917
-288.652
-322.008
-357.749
-395.253
-434.032
-473.332
-512.185
-549.435
-583.815
-614.087
-639.031
-657.261
-667.374
-668.695
-660.581
-642.411
-614.743
-579.325
-538.699
-497.318
-466.212
-455.48
-463.861
-484.671
-507.032
-518.864
-523.889
-524.077
-520.987
-516.045
-510.781
-506.851
-504.332
-45.761
-54.2576
-52.4617
-61.9277
-63.1035
-71.733
-76.5632
-85.8567
-94.2516
-106.133
-118.129
-133.474
-150.189
-171.074
-193.892
-219.535
-248.403
-280.669
-316.354
-355.088
-396.542
-440.178
-485.163
-530.445
-574.79
-616.762
-654.807
-687.121
-711.995
-727.952
-733.765
-727.922
-709.358
-677.057
-631.991
-576.66
-515.799
-462.973
-433.607
-433.026
-455.543
-486.433
-512.702
-527.261
-531.601
-528.787
-523.014
-516.372
-510.822
-507.144
-41.3698
-47.9496
-47.0105
-54.3661
-56.5042
-63.074
-68.2559
-76.6701
-84.454
-95.423
-107.067
-121.702
-137.586
-157.431
-179.957
-206.249
-235.737
-268.906
-306.102
-347.334
-392.486
-440.94
-491.817
-543.955
-596.086
-646.715
-694.005
-735.63
-769.259
-792.954
-805.019
-803.971
-788.086
-756.239
-705.831
-635.9
-552.55
-475.49
-427.321
-414.378
-431.505
-468.117
-507.604
-531.286
-540.957
-540.669
-534.104
-526.314
-520.371
-517.364
-39.6564
-41.6546
-42.3778
-46.6745
-51.1092
-54.3833
-60.83
-67.2662
-74.6183
-84.9715
-95.4661
-109.268
-124.525
-143.105
-164.664
-190.702
-220.202
-254.026
-292.22
-335.098
-383.242
-436.253
-492.984
-552.187
-612.71
-672.959
-730.851
-783.548
-828.123
-862.04
-883.544
-890.202
-879.754
-851.473
-800.168
-716.298
-617.067
-519.968
-453.58
-424.049
-434.55
-468.443
-504.861
-529.344
-539.67
-540.031
-535.525
-529.69
-525.741
-524.256
-52.5572
-38.4247
-38.532
-39.1838
-47.106
-45.8969
-54.3765
-58.3574
-65.7212
-75.3312
-84.5073
-97.332
-111.791
-129.362
-149.734
-174.51
-203.909
-237.787
-276.272
-320.24
-370.472
-427.265
-489.324
-555.548
-624.791
-695.578
-764.521
-828.58
-886.062
-933.712
-966.941
-983.428
-981.015
-955.107
-907.951
-823.744
-720.043
-620.957
-541.111
-499.889
-488.692
-502.493
-520.721
-532.509
-536.665
-534.502
-530.263
-526.455
-525.425
-526.162
-43.4581
-29.1785
-33.949
-33.1715
-41.542
-39.9951
-48.5387
-51.6328
-58.8683
-66.8699
-76.0304
-87.3459
-101.011
-117.856
-137.797
-161.487
-189.577
-223.223
-263.153
-308.876
-361.208
-421.415
-489.666
-565.196
-646.007
-729.261
-811.873
-890.573
-962.519
-1024.88
-1073.73
-1106.48
-1116.83
-1096.17
-1028.56
-939.943
-840.825
-753.425
-685.895
-636.405
-603.238
-582.802
-568.164
-555.779
-543.127
-530.898
-523.379
-521.437
-523.383
-525.369
-35.2321
-28.1939
-31.5979
-32.7765
-37.6604
-40.8084
-45.6955
-49.9093
-55.0631
-62.3423
-71.9733
-82.9777
-96.5165
-113.082
-133.652
-159.147
-189.555
-226.442
-269.846
-320.175
-379.201
-447.994
-526.506
-613.327
-707.33
-805.928
-904.254
-997.388
-1081.61
-1152.67
-1209.45
-1238.8
-1233.48
-1189.68
-1123.29
-1039.51
-953.105
-873.974
-808.488
-753.951
-708.378
-667.836
-631.389
-596.824
-565.371
-540.453
-525.485
-521.917
-524.973
-527.214
-26.4945
-26.7291
-29.2659
-31.7581
-35.1329
-39.087
-43.0667
-47.4683
-52.751
-60.2071
-70.4637
-82.3337
-96.5636
-114.035
-136.825
-166.362
-201.597
-243.097
-292.026
-351.356
-421.862
-502.549
-593.399
-695.095
-806.379
-922.455
-1034.25
-1137.2
-1229.27
-1307.42
-1355.98
-1367.07
-1344.61
-1297.16
-1230.14
-1152.71
-1073.76
-999.308
-929.094
-864.191
-803.981
-747.705
-695.067
-646.001
-601.412
-564.259
-539.214
-528.476
-530.701
-533.63
-21.7685
-24.2682
-26.4142
-28.6492
-31.6268
-35.1712
-39.1735
-43.6726
-49.4771
-57.519
-68.2703
-81.1962
-96.8683
-116.537
-142.164
-174.995
-214.983
-263.205
-321.221
-391.063
-472.68
-567.705
-677.838
-801.65
-933.23
-1063.66
-1186.56
-1300.13
-1402.71
-1475.06
-1505.62
-1504.37
-1473.94
-1422.04
-1353.66
-1277.27
-1196.73
-1116.07
-1036.48
-960.134
-887.203
-818.223
-753.729
-694.656
-641.837
-597.126
-563.329
-543.384
-537.322
-543.197
-17.8796
-19.9761
-22.1272
-24.1486
-26.3618
-29.5828
-33.6877
-38.0215
-43.8029
-52.0166
-63.0054
-76.6815
-93.5416
-115.392
-144.141
-180.807
-226.656
-282.545
-349.354
-429.611
-526.524
-643.259
-778.441
-925.532
-1075.59
-1221.13
-1359.28
-1486.6
-1584.77
-1640.59
-1660.41
-1648.1
-1609.98
-1550.14
-1477.64
-1394.5
-1306.32
-1215.76
-1125.79
-1038.07
-954.152
-875.235
-802.174
-736.225
-678.53
-629.764
-590.931
-563.783
-551.609
-562.151
-13.4698
-14.878
-16.3157
-18.0847
-19.6874
-22.1129
-25.7149
-29.8526
-35.0349
-42.82
-53.9805
-68.1121
-86.0697
-109.451
-140.762
-181.839
-233.896
-297.057
-373.561
-468.389
-587.043
-730.391
-891.788
-1061.29
-1230.65
-1396
-1549.46
-1674.22
-1756.98
-1800.63
-1808.17
-1784.3
-1735.24
-1666.97
-1583.9
-1491.14
-1392.05
-1291.18
-1190.87
-1093.54
-1000.89
-914.361
-835.366
-764.943
-704.175
-653.587
-613.278
-584.366
-571.148
-573.406
-8.06686
-9.04453
-9.7791
-10.5826
-11.3786
-12.4844
-14.7851
-18.438
-23.1631
-30.2752
-40.8156
-54.4907
-72.5639
-97.2001
-131.014
-176.099
-233.776
-305.934
-396.586
-511.435
-655.626
-826.707
-1015
-1208.05
-1399.65
-1581.08
-1731.16
-1841.97
-1911.88
-1942.23
-1936.22
-1899.51
-1838.26
-1757.42
-1662.23
-1557.86
-1448.49
-1337.62
-1228.5
-1123.15
-1023.72
-931.754
-848.54
-775.417
-713.289
-662.46
-623.147
-595.667
-581.066
-577.894
-1.88157
-1.86274
-1.47857
-0.985356
-0.837818
-0.982449
-1.90661
-4.03901
-7.48171
-12.9913
-21.4365
-33.8246
-51.8379
-78.0286
-113.744
-161.694
-226.323
-311.46
-420.342
-557.989
-730.18
-930.986
-1145.49
-1363.41
-1569.7
-1743.85
-1882.43
-1980.48
-2036.34
-2051.82
-2031.84
-1980.42
-1905.38
-1811.79
-1705.22
-1590.9
-1472.33
-1353.49
-1237.08
-1125.67
-1021.04
-924.951
-838.878
-763.921
-701.084
-650.675
-613.093
-587.987
-575.915
-573.798
5.50931
6.61281
8.05378
9.78034
11.6061
12.9602
13.7698
13.997
13.4144
11.0374
4.79252
-6.91143
-24.3969
-49.9565
-86.5753
-137.919
-210.433
-309.98
-440.609
-605.263
-806.225
-1035.74
-1272.21
-1500.09
-1700.01
-1864.88
-1991.14
-2076.07
-2117.06
-2117.63
-2083.53
-2019.29
-1931.68
-1828.13
-1712.5
-1589.86
-1464.25
-1339.09
-1217.36
-1101.23
-992.824
-893.871
-805.687
-729.51
-666.225
-616.155
-579.518
-556.047
-546.883
-546.502
13.7356
16.1852
19.1842
22.475
26.1326
30.16
34.1295
37.467
39.2535
39.3004
36.558
28.619
13.4034
-10.5081
-46.4965
-99.8128
-179.182
-292.895
-447.208
-641.93
-867.637
-1114.55
-1360.78
-1583.94
-1774.73
-1930.77
-2044.45
-2116.7
-2145.38
-2133.63
-2088.2
-2014.44
-1918.93
-1807.63
-1685.74
-1557.48
-1426.79
-1297.3
-1171.68
-1052.37
-941.352
-840.243
-750.539
-673.407
-609.654
-559.661
-523.437
-500.742
-491.202
-491.339
22.5198
26.6194
31.6072
37.3551
43.5416
50.0543
56.531
63.4161
70.0434
74.4026
75.7336
73.4131
64.3764
45.6181
12.7953
-42.0797
-128.968
-257.136
-429.366
-640.721
-882.539
-1141.83
-1388.46
-1603.5
-1786.11
-1934.58
-2038.65
-2098.78
-2119.17
-2100.58
-2048.99
-1970.53
-1871.12
-1756.35
-1631.01
-1499.44
-1365.74
-1233.36
-1105.26
-983.842
-871.1
-768.791
-678.325
-600.701
-536.558
-486.143
-449.569
-426.495
-416.469
-415.514
32.1112
37.8047
44.398
52.1633
61.3339
71.7378
82.3985
93.1627
104.263
115.075
124.634
131.73
132.622
121.91
92.6173
34.6441
-58.9921
-194.587
-375.333
-595.215
-844.48
-1106.45
-1351.76
-1560.39
-1736.49
-1876.75
-1975.48
-2032.31
-2050.18
-2030.75
-1978.69
-1899.87
-1800.15
-1684.64
-1558.07
-1425.02
-1289.69
-1155.75
-1026.25
-903.716
-790.235
-687.502
-596.805
-519.096
-455.007
-404.83
-368.412
-345.086
-333.814
-330.646
40.6089
48.1148
56.6847
66.6601
78.491
92.1302
107.266
124.04
142.991
163.614
184.475
203.562
215.854
212.785
186.271
130.283
34.6058
-105.011
-288.119
-508.491
-756.78
-1014.43
-1256.1
-1465.51
-1641.52
-1780.75
-1881.2
-1940.98
-1960.86
-1943.39
-1893.6
-1817.26
-1719.42
-1604.92
-1478.71
-1345.54
-1209.85
-1075.48
-945.603
-822.885
-709.501
-607.184
-517.27
-440.67
-377.87
-328.804
-293.056
-269.758
-257.68
-253.333
46.6395
55.5165
66.2567
78.9616
93.8908
111.567
132.541
157.062
185.414
216.981
248.858
276.349
294.951
299.216
279.447
226.852
131.96
-6.2923
-188.54
-405.73
-647.288
-897.851
-1139.9
-1356.11
-1538.75
-1684.68
-1790.92
-1855.11
-1877.9
-1863.41
-1816.73
-1742.97
-1647.26
-1534.66
-1409.88
-1277.56
-1142.32
-1008.22
-878.658
-756.422
-643.761
-542.445
-453.772
-378.593
-317.286
-269.775
-235.515
-213.259
-201.206
-196.075
51.6415
61.9051
74.348
89.1196
106.608
127.38
152.164
181.149
213.862
249.546
286.257
320.316
345.051
351.48
332.475
284.262
191.612
53.2237
-125.311
-337.571
-573.92
-820.093
-1059.9
-1277.88
-1464.29
-1614.07
-1723.35
-1791.01
-1818.32
-1809.19
-1767.8
-1698.45
-1606.09
-1495.67
-1372.03
-1240.21
-1105.1
-971.023
-841.565
-719.598
-607.381
-506.655
-418.698
-344.328
-283.925
-237.33
-203.805
-181.901
-169.669
-164.001
51.5415
61.7517
74.1448
88.8659
106.408
127.354
152.446
181.702
214.817
251.106
288.456
322.857
347.272
353.847
335.072
286.634
194.298
55.4396
-123.621
-336.027
-572.354
-818.199
-1057.17
-1274.89
-1461.06
-1610.58
-1719.88
-1787.77
-1816.12
-1807.76
-1766.72
-1697.59
-1605.56
-1495.75
-1372.81
-1241.39
-1106.33
-972.041
-842.256
-719.928
-607.361
-506.304
-418.006
-343.215
-282.131
-234.381
-199.05
-174.76
-160.147
-152.747
46.6675
55.655
66.4529
79.2053
94.3388
112.401
133.782
158.719
187.569
219.773
252.3
280.566
300.306
305.664
286.233
233.956
140.07
1.08629
-181.915
-399.523
-640.784
-891.732
-1134.84
-1350.91
-1532.51
-1677.51
-1783.61
-1848.67
-1873.14
-1860.37
-1815.18
-1742.61
-1647.81
-1536.26
-1412.63
-1281.04
-1145.82
-1011.15
-880.695
-757.435
-643.666
-541.128
-451.05
-374.18
-310.769
-260.512
-222.69
-196.244
-180.259
-172.095
40.4902
48.0141
56.6665
66.7863
78.688
92.4326
107.964
125.414
145.089
166.495
188.422
208.819
222.484
220.567
195.177
140.208
45.2408
-94.098
-277.216
-498.057
-746.031
-1005.22
-1249.42
-1458.77
-1633.28
-1772.37
-1873.81
-1935.02
-1956.82
-1941.96
-1894.85
-1820.92
-1724.92
-1611.47
-1485.78
-1352.81
-1216.81
-1081.53
-950.277
-825.871
-710.578
-606.124
-513.791
-434.402
-368.398
-315.759
-276.041
-248.406
-231.938
-223.895
31.9572
37.6722
44.3646
52.3666
61.7481
72.1678
82.9434
94.2406
105.988
117.414
127.983
136.383
138.537
129.278
101.23
44.0545
-48.882
-183.87
-363.928
-583.564
-832.997
-1097.09
-1345.49
-1553.93
-1729.51
-1870.44
-1970.3
-2028.78
-2049.01
-2032.61
-1983.77
-1908
-1810.73
-1696.75
-1570.91
-1437.95
-1302.07
-1166.92
-1035.63
-910.836
-794.797
-689.274
-595.641
-514.846
-447.44
-393.591
-353.144
-325.479
-309.891
-303.127
22.3456
26.5143
31.6105
37.5136
43.8836
50.6075
57.3849
64.6619
71.5303
76.262
78.5647
77.2569
69.2653
51.7551
20.0724
-34.0179
-120.174
-247.051
-417.965
-629.183
-871.746
-1132.92
-1382.87
-1599.3
-1782.55
-1933.21
-2039.15
-2100.63
-2123.08
-2107.9
-2059.79
-1984.5
-1887.69
-1774.67
-1650.24
-1518.82
-1384.53
-1250.84
-1120.83
-997.016
-881.552
-776.264
-682.606
-601.699
-534.296
-480.708
-440.863
-414.339
-400.48
-395.232
13.4995
15.9991
19.0696
22.4632
26.2745
30.5579
34.9009
38.4585
40.3738
41.0339
39.031
31.6429
17.2655
-5.7596
-40.6835
-93.1197
-171.639
-284.177
-437.85
-632.755
-859.596
-1108.12
-1357.09
-1583.31
-1776.52
-1935.43
-2051.54
-2125.21
-2157.35
-2148.73
-2106.22
-2035.68
-1942.74
-1833.21
-1712.26
-1584.11
-1452.78
-1321.92
-1194.36
-1072.72
-959.093
-855.247
-762.718
-682.656
-615.946
-563.096
-524.19
-498.882
-487.25
-484.466
5.22284
6.33411
7.82777
9.70116
11.5801
13.0701
14.2157
14.6497
14.3202
12.4121
6.678
-4.3759
-21.2805
-46.2958
-82.0879
-132.655
-204.36
-303.094
-433.82
-599.168
-802.3
-1033.13
-1272.08
-1503.41
-1706.82
-1875.49
-2004.83
-2091.98
-2136.52
-2140.28
-2109.68
-2048.98
-1963.73
-1861.82
-1747.13
-1624.57
-1498.25
-1371.74
-1248.1
-1129.7
-1018.83
-917.277
-826.55
-747.912
-682.24
-630.157
-591.812
-566.95
-555.93
-555.067
-2.2605
-2.19149
-1.68801
-1.1422
-1.01728
-1.01016
-1.66286
-3.78457
-7.07607
-12.0413
-19.9658
-31.8165
-49.5844
-75.2367
-110.069
-157.441
-221.578
-306.284
-415.394
-554.249
-727.657
-929.875
-1147.48
-1369.65
-1580.42
-1759.26
-1901.64
-2002.92
-2062.21
-2081.64
-2065.99
-2017.98
-1945.26
-1853.6
-1748.22
-1633.85
-1514.54
-1394.48
-1276.25
-1162.61
-1055.62
-957.182
-868.851
-791.839
-727.108
-675.291
-636.734
-610.944
-599.428
-597.871
-8.4889
-9.45628
-10.1346
-10.938
-11.6252
-12.5188
-14.7227
-18.2782
-22.8861
-29.655
-39.7371
-53.0032
-70.6916
-94.8303
-128.242
-172.803
-229.995
-301.936
-392.836
-508.464
-653.618
-826.577
-1017.94
-1215.51
-1412.57
-1599.5
-1753.91
-1868.86
-1942.75
-1978.31
-1977.17
-1943.92
-1885.72
-1807.17
-1713.12
-1608.99
-1499.11
-1386.93
-1276.04
-1168.53
-1066.79
-972.525
-887.258
-812.296
-748.467
-696.524
-656.8
-629.54
-615.528
-611.925
-13.9612
-15.3585
-16.7982
-18.5227
-20.0102
-22.31
-25.8705
-29.998
-34.8437
-42.3353
-53.3097
-67.0789
-84.7411
-107.76
-138.656
-179.339
-231.061
-294.032
-370.729
-466.17
-585.687
-730.75
-895.14
-1068.93
-1243.49
-1414.44
-1574.04
-1703.46
-1791.38
-1840.92
-1853.67
-1834.15
-1789.03
-1723.53
-1642.32
-1550.15
-1450.83
-1348.69
-1246.57
-1147
-1051.97
-963.179
-882.063
-809.742
-747.229
-695.206
-654.148
-624.77
-609.791
-607.84
-18.3807
-20.4457
-22.5945
-24.6337
-26.8214
-29.9636
-34.0318
-38.3428
-43.9396
-51.9555
-62.7177
-76.1645
-92.8146
-114.343
-142.673
-179.093
-224.802
-280.49
-347.179
-427.677
-525.437
-643.864
-781.752
-932.766
-1087.56
-1238.38
-1382.75
-1516.7
-1620.65
-1682.43
-1707.54
-1700.56
-1666.78
-1611.28
-1541.33
-1459.95
-1372.09
-1280.63
-1188.99
-1098.9
-1012.45
-930.861
-855.343
-787.132
-727.152
-676.329
-635.119
-605.273
-592.193
-598.595
-22.3155
-24.8356
-26.9967
-29.2534
-32.1519
-35.5445
-39.5552
-44.0691
-49.7489
-57.7506
-68.3783
-81.0708
-96.3622
-115.833
-141.394
-173.966
-213.682
-261.666
-319.65
-389.647
-471.81
-568.173
-680.715
-807.905
-943.83
-1079.1
-1207.46
-1327.92
-1437.55
-1515.37
-1551.63
-1555.7
-1530.44
-1483.77
-1419.17
-1346.49
-1267.55
-1186.5
-1105.72
-1026.88
-951.064
-878.89
-811.398
-749.23
-693.698
-645.88
-607.67
-582.003
-571.971
-582.832
-27.1099
-27.3834
-29.9296
-32.4339
-35.7347
-39.5686
-43.4969
-47.9221
-53.2047
-60.6741
-70.9252
-82.4105
-96.363
-113.738
-136.571
-165.8
-200.84
-242.105
-290.997
-350.488
-421.411
-502.987
-595.426
-700.083
-815.212
-935.368
-1052.16
-1160.64
-1259.02
-1344.48
-1399.88
-1414.99
-1398.63
-1356.5
-1295.63
-1222.86
-1146.57
-1073.04
-1002.34
-935.124
-871.605
-811.596
-754.663
-701.43
-652.594
-610.521
-579.066
-561.99
-559.573
-565.318
-35.8408
-28.8171
-32.2635
-33.4621
-38.3234
-41.5013
-46.2334
-50.4512
-55.6121
-62.6957
-72.285
-83.2932
-96.6822
-113.093
-133.61
-158.973
-189.29
-226.091
-269.418
-319.939
-379.38
-448.72
-528.331
-617.321
-714.21
-816.182
-919.007
-1017.22
-1106.33
-1184.4
-1249.74
-1285.52
-1284.12
-1245.42
-1184.19
-1105.73
-1024.43
-947.948
-882.946
-826.318
-777.224
-732.031
-689.757
-649.426
-611.373
-578.944
-558.087
-550.055
-552.585
-556.084
-44.0241
-29.8162
-34.6678
-33.873
-42.158
-40.7879
-49.2249
-52.1416
-59.424
-67.2518
-76.176
-87.6894
-101.507
-118.174
-137.851
-161.54
-189.603
-223.386
-263.336
-309.241
-362.015
-422.719
-491.954
-569.242
-652.377
-738.56
-825.048
-908.054
-984.54
-1052.58
-1108.06
-1150.33
-1168.29
-1145.36
-1080.99
-998.613
-905.406
-823.461
-758.704
-708.247
-670.854
-643.974
-621.242
-599.95
-579.039
-560.423
-548.736
-546.275
-548.686
-551.224
68.684
65.1605
63.3264
62.3653
62.021
62.0522
62.3797
62.9376
63.841
65.0242
66.4692
68.1709
70.1957
72.6159
75.4589
78.6959
82.2659
86.1683
90.4461
95.2015
100.401
105.936
111.799
117.956
124.396
131.099
138.003
145.111
152.291
159.303
165.957
172.193
177.966
183.083
187.226
190.067
191.316
190.605
187.523
181.639
172.479
159.514
142.142
119.643
91.367
56.6285
14.8859
-34.7904
-94.5251
-154.673
67.2678
66.1086
65.5057
65.2978
65.4482
65.9125
66.6481
67.6564
68.9908
70.6324
72.541
74.7339
77.2424
80.1541
83.4974
87.2973
91.5059
96.1479
101.255
106.867
112.909
119.31
126.046
133.123
140.576
148.411
156.607
165.047
173.541
181.95
190.155
198.098
205.734
212.854
219.175
224.424
228.291
230.432
230.485
228.049
222.655
213.783
200.874
183.331
160.535
131.816
96.481
53.5856
1.95636
-49.2628
67.5204
67.7957
68.1934
68.7054
69.4368
70.3785
71.5223
72.917
74.6435
76.7231
79.1161
81.8749
84.9685
88.4565
92.3552
96.7474
101.621
107.049
113.047
119.609
126.634
134.011
141.688
149.727
158.237
167.287
176.823
186.654
196.574
206.447
216.213
225.878
235.386
244.546
253.1
260.754
267.221
272.215
275.417
276.443
274.841
270.106
261.725
249.164
231.868
209.203
180.509
145.165
102.451
61.1759
69.3481
70.3365
71.4519
72.6239
73.9193
75.367
76.9383
78.7392
80.8465
83.3501
86.223
89.5525
93.2874
97.4177
101.933
106.931
112.47
118.673
125.571
133.139
141.214
149.635
158.318
167.368
176.976
187.274
198.191
209.492
220.929
232.36
243.784
255.239
266.676
277.944
288.776
298.888
308.025
315.927
322.307
326.794
328.944
328.293
324.386
316.747
304.856
288.115
265.991
237.942
203.386
172.097
72.3091
73.6928
75.2882
77.0203
78.864
80.8135
82.812
84.9775
87.4779
90.431
93.8219
97.6963
102.1
106.919
112.131
117.753
123.97
130.923
138.74
147.344
156.515
166.016
175.761
185.89
196.644
208.205
220.515
233.325
246.355
259.45
272.617
285.901
299.309
312.709
325.867
338.514
350.379
361.217
370.755
378.651
384.522
387.962
388.523
385.714
379.055
368.08
352.348
331.468
305.104
282.22
76.1167
77.777
79.7407
81.8555
84.1438
86.573
89.0409
91.6099
94.507
97.8662
101.771
106.192
111.256
116.811
122.778
129.099
136.019
143.742
152.466
162.097
172.372
182.984
193.844
205.1
217.035
229.858
243.561
257.919
272.61
287.443
302.391
317.54
332.942
348.516
364.061
379.283
393.89
407.633
420.258
431.488
440.985
448.328
453.059
454.743
452.992
447.37
437.463
422.846
403.253
387.412
80.6377
82.4688
84.6619
87.0893
89.727
92.5454
95.435
98.4159
101.774
105.629
110.038
114.996
120.635
126.937
133.678
140.776
148.409
156.915
166.503
177.131
188.482
200.21
212.213
224.628
237.772
251.881
267.002
282.912
299.272
315.84
332.581
349.612
367.018
384.768
402.661
420.391
437.659
454.206
469.81
484.235
497.15
508.164
516.871
522.86
525.712
525.027
520.435
511.63
498.538
488.399
85.7333
87.6334
89.9093
92.5103
95.4578
98.6502
101.929
105.325
109.106
113.441
118.331
123.868
130.14
137.198
144.731
152.6
160.944
170.202
180.651
192.244
204.628
217.46
230.6
244.208
258.582
273.99
290.494
307.889
325.851
344.121
362.655
381.558
400.939
420.789
440.93
461.075
480.906
500.153
518.605
536.027
552.114
566.503
578.766
588.491
595.333
598.885
598.73
594.494
586.165
580.218
91.1766
92.9737
95.2936
98.0433
101.175
104.653
108.31
112.132
116.34
121.158
126.561
132.64
139.548
147.269
155.521
164.106
173.206
183.244
194.547
207.054
220.403
234.265
248.509
263.288
278.871
295.517
313.311
332.111
351.609
371.539
391.817
412.521
433.764
455.572
477.812
500.199
522.389
544.096
565.101
585.184
604.077
621.426
636.843
650.001
660.487
667.791
671.536
671.575
668.029
665.504
96.6369
98.3032
100.585
103.372
106.689
110.461
114.429
118.598
123.225
128.504
134.425
141.04
148.554
156.888
165.774
175.051
184.904
195.728
207.81
221.118
235.358
250.181
265.482
281.362
298.078
315.883
334.899
355.025
375.972
397.451
419.334
441.673
464.596
488.176
512.31
536.702
560.998
584.902
608.196
630.687
652.128
672.173
690.425
706.401
719.568
729.542
736.115
739.067
738.512
738.147
101.822
103.316
105.533
108.376
111.811
115.746
119.977
124.516
129.593
135.295
141.648
148.749
156.761
165.643
175.124
185.051
195.6
207.117
219.886
233.913
248.936
264.639
280.872
297.73
315.453
334.297
354.409
375.705
397.912
420.726
443.995
467.759
492.162
517.312
543.111
569.258
595.387
621.189
646.44
670.937
694.406
716.473
736.685
754.594
769.884
782.398
791.907
798.131
801.057
802.908
106.426
107.762
109.903
112.733
116.238
120.337
124.828
129.662
135.07
141.158
147.902
155.429
163.889
173.218
183.192
193.68
204.816
216.929
230.278
244.91
260.611
277.067
294.114
311.824
330.42
350.162
371.2
393.472
416.724
440.653
465.092
490.069
515.75
542.246
569.451
597.053
624.676
651.993
678.764
704.763
729.706
753.233
774.966
794.596
811.853
826.31
837.355
844.635
848.353
850.407
110.167
111.353
113.411
116.224
119.78
123.996
128.664
133.75
139.436
145.844
152.934
160.784
169.54
179.191
189.543
200.499
212.161
224.762
238.557
253.637
269.844
286.89
304.583
322.951
342.209
362.617
384.34
407.341
431.383
456.165
481.499
507.407
534.057
561.556
589.787
618.43
647.099
675.465
703.273
730.297
756.259
780.817
803.589
824.183
842.242
857.576
870.237
880.383
887.534
892.203
112.797
113.85
115.847
118.654
122.204
126.479
131.297
136.583
142.474
149.079
156.394
164.471
173.432
183.288
193.916
205.216
217.232
230.159
244.242
259.607
276.152
293.605
311.742
330.561
350.261
371.109
393.285
416.775
441.351
466.704
492.63
519.153
546.44
574.592
603.481
632.782
662.11
691.136
719.616
747.331
774.017
799.336
822.932
844.488
863.762
880.407
893.858
903.37
908.86
911.949
114.146
115.112
117.044
119.835
123.394
127.686
132.58
137.972
143.959
150.67
158.103
166.292
175.354
185.309
196.06
207.515
219.705
232.798
247.02
262.52
279.229
296.879
315.226
334.251
354.148
375.187
397.562
421.264
446.069
471.66
497.832
524.608
552.153
580.562
609.702
639.241
668.796
698.046
726.756
754.718
781.673
807.276
831.126
852.803
871.883
888.007
900.898
910.327
916.233
919.677
114.001
114.988
116.924
119.712
123.268
127.558
132.448
137.83
143.816
150.519
157.945
166.13
175.179
185.116
195.851
207.293
219.464
232.531
246.728
262.2
278.875
296.489
314.802
333.788
353.635
374.616
396.927
420.56
445.29
470.797
496.876
523.546
550.972
579.25
608.246
637.625
667.002
696.057
724.56
752.304
779.033
804.408
828.017
849.404
868.067
883.611
895.85
904.784
910.408
913.625
112.409
113.478
115.481
118.291
121.832
126.089
130.899
136.166
142.043
148.631
155.925
163.975
172.903
182.725
193.304
204.545
216.509
229.374
243.375
258.655
275.109
292.46
310.488
329.184
348.74
369.419
391.407
414.693
439.046
464.148
489.793
516.001
542.939
570.705
599.168
627.995
656.795
685.241
713.093
740.139
766.121
790.706
813.533
834.262
852.606
868.145
880.182
887.882
891.527
893.109
109.534
110.733
112.803
115.621
119.164
123.366
128.007
133.068
138.736
145.108
152.158
159.972
168.679
178.257
188.539
199.407
210.972
223.47
237.146
252.088
268.145
285.025
302.535
320.702
339.729
359.871
381.292
403.961
427.638
452.009
476.877
502.265
528.346
555.221
582.761
610.635
638.447
665.861
692.624
718.51
743.246
766.49
787.862
806.975
823.469
837.131
847.986
856.002
860.637
863.106
105.557
106.912
109.068
111.899
115.397
119.482
123.934
128.744
134.11
140.148
146.854
154.312
162.701
171.956
181.81
192.183
203.196
215.163
228.358
242.809
258.307
274.54
291.34
308.773
327.058
346.447
367.087
388.918
411.673
435.037
458.832
483.094
507.996
533.645
559.916
586.477
612.937
638.962
664.303
688.728
711.95
733.609
753.336
770.817
785.763
797.707
806.115
810.812
811.983
812.049
100.736
102.252
104.487
107.335
110.762
114.674
118.874
123.374
128.396
134.051
140.328
147.358
155.292
164.052
173.409
183.198
193.578
204.924
217.495
231.316
246.096
261.523
277.455
293.971
311.308
329.727
349.358
370.117
391.715
413.828
436.296
459.164
482.597
506.694
531.335
556.19
580.875
605.071
628.546
651.088
672.402
692.095
709.721
724.874
737.296
746.833
753.166
755.897
754.984
753.582
95.3597
97.048
99.3473
102.14
105.45
109.197
113.129
117.245
121.829
127.03
132.872
139.418
146.811
155.021
163.767
172.869
182.535
193.152
205.021
218.079
232.046
246.563
261.51
276.998
293.269
310.576
329.049
348.556
368.798
389.463
410.413
431.703
453.485
475.837
498.618
521.5
544.098
566.104
587.297
607.48
626.396
643.675
658.887
671.536
681.148
687.384
690.041
688.974
684.22
680.057
89.7272
91.5501
93.8888
96.6436
99.76
103.212
106.83
110.603
114.755
119.486
124.82
130.784
137.577
145.161
153.25
161.638
170.545
180.358
191.413
203.65
216.704
230.219
244.079
258.413
273.508
289.608
306.797
324.918
343.628
362.651
381.894
401.435
421.394
441.819
462.547
483.243
503.532
523.099
541.715
559.159
575.159
589.363
601.375
610.808
617.216
620.172
619.333
614.491
605.734
598.293
84.1485
86.0652
88.3559
90.9607
93.8892
97.0519
100.288
103.644
107.343
111.611
116.404
121.823
127.983
134.877
142.233
149.902
158.035
167.045
177.236
188.549
200.606
213.069
225.787
238.926
252.771
267.601
283.453
300.12
317.236
334.526
351.939
369.592
387.597
405.945
424.442
442.747
460.506
477.428
493.276
507.798
520.681
531.545
539.976
545.555
547.86
546.452
541.019
531.268
517.116
505.356
78.9373
80.7792
82.987
85.4058
88.0234
90.8113
93.6586
96.5891
99.8641
103.661
107.941
112.801
118.298
124.451
130.991
137.898
145.282
153.542
162.866
173.199
184.206
195.554
207.111
219.03
231.618
245.12
259.571
274.707
290.176
305.709
321.275
336.984
352.947
369.127
385.289
401.076
416.136
430.194
443.022
454.353
463.837
471.054
475.573
476.993
474.898
468.848
458.408
443.241
423.245
405.623
74.3067
75.9856
77.9577
80.0594
82.3322
84.7212
87.1491
89.6506
92.4788
95.7504
99.5429
103.859
108.777
114.183
119.942
126.059
132.719
140.205
148.648
157.976
167.912
178.125
188.522
199.254
210.628
222.831
235.845
249.405
263.17
276.935
290.668
304.464
318.375
332.332
346.093
359.304
371.627
382.768
392.467
400.44
406.318
409.647
409.938
406.731
399.619
388.148
371.915
350.446
323.461
299.175
70.409
71.8109
73.414
75.1346
76.9576
78.8635
80.8151
82.9098
85.3528
88.1914
91.4916
95.2318
99.5113
104.155
109.179
114.566
120.553
127.254
134.793
143.093
151.928
161.013
170.275
179.874
190.059
201
212.604
224.603
236.684
248.693
260.623
272.541
284.458
296.217
307.553
318.144
327.677
335.865
342.392
346.909
349.028
348.304
344.238
336.317
324.048
306.927
284.453
256.23
222.063
190.139
67.3808
68.3839
69.5028
70.6628
71.934
73.3396
74.8541
76.5921
78.6265
81.023
83.8011
86.9866
90.5964
94.5436
98.8836
103.646
108.973
114.911
121.547
128.811
136.533
144.524
152.724
161.242
170.275
179.942
190.155
200.637
211.114
221.444
231.641
241.73
251.689
261.322
270.309
278.338
285.115
290.346
293.697
294.751
293.053
288.142
279.517
266.631
248.934
225.836
196.809
161.236
118.758
78.2448
65.5057
65.7894
66.189
66.6901
67.3869
68.284
69.3738
70.7087
72.3539
74.3428
76.6254
79.2507
82.2
85.5114
89.2342
93.4192
98.0759
103.249
108.982
115.231
121.88
128.826
136.024
143.527
151.458
159.884
168.716
177.72
186.681
195.447
203.99
212.329
220.373
227.909
234.617
240.168
244.263
246.589
246.775
244.389
238.934
229.896
216.758
198.941
175.825
146.741
111.016
68.0109
17.3092
-33.4574
65.2273
64.0716
63.4616
63.231
63.3453
63.7736
64.4567
65.4042
66.6592
68.2156
70.012
72.0819
74.4329
77.1885
80.3602
83.9685
87.9543
92.3419
97.1702
102.455
108.113
114.082
120.33
126.871
133.744
140.964
148.454
156.08
163.613
170.917
177.902
184.563
190.763
196.242
200.728
203.891
205.388
204.871
201.946
196.138
186.94
173.821
156.197
133.445
104.905
69.8378
27.56
-22.9526
-82.4906
-143.047
66.6434
63.0961
61.2417
60.2567
59.8774
59.8742
60.1498
60.6592
61.4692
62.5721
63.9063
65.5032
67.369
69.6534
72.3195
75.3713
78.7138
82.3579
86.3385
90.759
95.5644
100.674
106.04
111.663
117.518
123.582
129.778
136.112
142.368
148.235
153.65
158.631
163.011
166.477
168.746
169.54
168.483
165.15
159.123
149.936
137.076
119.965
97.9777
70.4282
36.6356
-4.28146
-52.8508
-110.063
-177.086
-246.779
-8.34232
-25.2259
-19.1917
-18.0783
-15.1704
-11.2846
-6.53408
-1.19905
5.22159
12.1046
19.3829
27.3984
33.978
38.8917
42.688
42.6356
38.8382
33.8678
27.2332
19.18
11.8429
4.92328
-1.5713
-6.93187
-11.7437
-15.6791
-18.5785
-19.7636
-25.8224
-8.92889
0.0902518
-15.9092
-12.3637
-14.5606
-11.9682
-8.71586
-4.79699
-0.212093
5.19758
10.9552
17.0139
23.2365
28.3806
32.315
34.9134
34.8833
32.2437
28.2659
23.0684
16.8147
10.6971
4.90297
-0.56325
-5.18337
-9.1379
-12.4464
-15.0397
-12.8961
-16.4326
-0.473983
-5.53543
-10.5212
-7.88178
-11.1522
-8.58748
-6.14311
-2.92758
1.00379
5.4976
10.2693
15.1594
19.9556
23.9898
27.0264
28.8416
28.8127
26.9591
23.8782
19.7985
14.9725
10.0319
5.22479
0.683955
-3.29454
-6.53488
-9.0271
-11.6098
-8.37793
-11.0165
-6.02896
-9.42023
-8.84515
-6.02502
-8.05096
-5.52856
-3.84715
-1.15467
2.16239
5.88028
9.73429
13.6026
17.3459
20.4451
22.7631
24.0706
24.046
22.7041
20.3477
17.2094
13.4336
9.52072
5.63028
1.87367
-1.49
-4.20901
-5.92608
-8.47763
-6.47392
-9.39548
-9.90246
-8.66895
-7.94957
-5.49243
-5.69725
-3.19436
-2.00129
0.335073
3.11309
6.11424
9.22092
12.3147
15.2013
17.5533
19.3165
20.2646
20.2454
19.2663
17.4668
15.0836
12.1638
9.03146
5.89047
2.85154
0.0368983
-2.32654
-3.54769
-6.08339
-5.89488
-8.38922
-9.08993
-6.273
-6.72995
-4.90339
-4.23268
-1.88753
-0.804392
1.35448
3.65167
6.02813
8.57122
11.0428
13.2989
15.1421
16.5045
17.2081
17.191
16.4594
15.0594
13.1896
10.9054
8.39807
5.82854
3.41772
1.08912
-1.09328
-2.19866
-4.57816
-5.23739
-7.08313
-6.639
-4.22467
-5.01285
-3.84257
-3.39956
-1.33777
-0.239608
1.76728
3.61808
5.59366
7.68623
9.6616
11.5035
13.0079
14.0898
14.6398
14.6229
14.0503
12.9335
11.4024
9.53759
7.52512
5.40436
3.40798
1.52658
-0.502645
-1.61374
-3.70302
-4.12815
-5.32135
-4.53255
-2.76782
-3.26611
-2.44911
-2.58271
-0.873981
0.0619284
1.79501
3.296
5.02427
6.73139
8.34915
9.90221
11.1106
11.9805
12.4256
12.4083
11.9447
11.0495
9.81268
8.23209
6.58103
4.84459
3.10215
1.57907
-0.177311
-1.12027
-2.85218
-2.71097
-3.53647
-3.00679
-2.0379
-2.08088
-1.19746
-1.53847
-0.264439
0.415427
1.80817
3.06
4.4832
5.9049
7.24546
8.52532
9.48765
10.2232
10.5868
10.5692
10.1798
9.43399
8.441
7.12459
5.773
4.32754
2.88516
1.61858
0.208642
-0.485263
-1.77839
-1.45
-2.30517
-2.23543
-1.66259
-1.488
-0.470436
-0.664531
0.296258
0.858916
1.90225
2.9418
4.05408
5.15546
6.34089
7.2986
8.08973
8.7446
9.02947
9.0174
8.68807
8.04004
7.21937
6.23645
5.03445
3.9065
2.78745
1.73884
0.676699
0.0994129
-0.879022
-0.75804
-1.64202
-1.86502
-1.21476
-0.998069
-0.464242
-0.173056
0.57348
1.19013
1.95128
2.71503
3.68665
4.64525
5.51948
6.26918
6.89006
7.42066
7.6209
7.62228
7.36704
6.84723
6.20026
5.43359
4.51923
3.5819
2.5911
1.81365
1.02598
0.404751
-0.357351
-0.706769
-1.19496
-1.43115
-0.729026
-0.490939
-0.482114
0.121417
0.629656
1.32542
1.89503
2.66203
3.30694
4.22478
4.82826
5.46927
5.92146
6.26254
6.39507
6.40597
6.23107
5.87299
5.41361
4.76988
4.13174
3.20793
2.53223
1.77959
1.18217
0.486239
-0.0611987
-0.691785
-0.659058
-0.909417
-0.202955
0.0358923
-0.0365413
0.413108
0.597073
1.2055
1.63241
2.53932
3.02642
3.76765
4.13128
4.7557
5.05148
5.31394
5.40323
5.42097
5.28477
4.99499
4.70399
4.07892
3.68579
2.90771
2.44388
1.53227
1.09385
0.475933
0.257002
-0.220574
-0.0760236
-0.329201
0.275383
0.332301
0.425126
0.668498
0.668962
1.18684
1.41543
2.16591
2.52929
3.1702
3.40569
4.00636
4.19387
4.49211
4.53856
4.57334
4.44905
4.13944
3.95262
3.3635
3.11281
2.42849
2.06231
1.37759
1.11292
0.548506
0.539302
0.303091
0.22422
0.168664
0.481179
0.620416
0.552322
0.718378
0.856275
1.21456
1.22326
1.83112
2.03384
2.59807
2.78801
3.28671
3.33393
3.70158
3.68769
3.73989
3.63308
3.32911
3.22525
2.74891
2.53682
1.96848
1.78067
1.21362
1.12492
0.741192
0.607262
0.451731
0.508831
0.36952
0.295933
1.00176
0.34942
0.911588
0.706565
1.12503
1.00171
1.58034
1.59492
2.10531
2.16518
2.68755
2.60784
2.91759
2.87428
2.92479
2.85898
2.60339
2.58072
2.17568
2.04501
1.55411
1.54603
0.985687
1.10597
0.592974
0.802864
0.256299
0.892821
0.188423
0.370209
0.986411
0.208752
0.989841
0.419729
0.925304
0.791253
1.29726
1.25632
1.62093
1.64398
2.1148
1.96848
2.21422
2.15442
2.1957
2.17145
1.96733
2.02636
1.62064
1.60319
1.24011
1.27706
0.771228
0.939587
0.305333
0.914272
0.113243
0.904771
0.315558
1.45787
0.576089
0.0790743
0.710536
0.291965
0.66933
0.589211
0.925647
0.885713
1.15373
1.15974
1.51567
1.41859
1.57838
1.52085
1.55273
1.55015
1.40575
1.47563
1.13079
1.18322
0.865827
0.900984
0.551756
0.737926
0.184814
0.668691
0.0149351
0.543246
1.46475
1.83858
1.6688
-0.246149
0.361125
0.275185
0.454866
0.381639
0.50563
0.522649
0.771628
0.717164
0.891236
0.859656
0.956665
0.916478
0.937705
0.940141
0.836695
0.887215
0.696368
0.772341
0.487585
0.535512
0.241143
0.544255
0.246948
0.340295
-0.266206
1.67528
1.82783
-0.0957503
1.36638
0.468602
0.265253
0.166529
0.188063
0.14251
0.18033
0.16678
0.333437
0.277515
0.31537
0.289662
0.335346
0.316773
0.325378
0.32997
0.2748
0.321283
0.259727
0.334508
0.15569
0.183505
0.110239
0.201886
0.157125
0.263585
0.465097
1.35805
-0.11669
)
;

boundaryField
{
    INLET
    {
        type            zeroGradient;
    }
    OUTLET
    {
        type            fixedValue;
        value           uniform 0;
    }
    WALL
    {
        type            zeroGradient;
    }
    CYLINDER
    {
        type            zeroGradient;
    }
    frontAndBackPlanes
    {
        type            empty;
    }
}


// ************************************************************************* //
