/*--------------------------------*- C++ -*----------------------------------*\
| =========                 |                                                 |
| \\      /  F ield         | OpenFOAM: The Open Source CFD Toolbox           |
|  \\    /   O peration     | Version:  v1912                                 |
|   \\  /    A nd           | Website:  www.openfoam.com                      |
|    \\/     M anipulation  |                                                 |
\*---------------------------------------------------------------------------*/
FoamFile
{
    version     2.0;
    format      ascii;
    class       volScalarField;
    location    "0.48";
    object      p;
}
// * * * * * * * * * * * * * * * * * * * * * * * * * * * * * * * * * * * * * //

dimensions      [0 2 -2 0 0 0 0];


internalField   nonuniform List<scalar> 
6600
(
193.292
188.767
186.41
184.911
184.248
183.932
183.652
183.347
183.113
183.044
183.147
183.362
183.655
184.035
184.532
185.294
186.213
187.275
188.3
189.336
190.462
191.597
192.611
193.575
194.468
195.136
195.496
195.536
195.124
193.987
191.756
188.538
184.296
178.395
170.29
159.615
146.268
129.64
108.827
83.3752
52.7073
15.8667
-27.9365
-79.8818
-140.652
-211.287
-291.957
-383.241
-490.197
-608.401
190.582
186.088
184.632
183.225
182.267
181.645
181.101
180.662
180.316
180.083
179.97
179.937
179.942
180.05
180.211
180.53
180.931
181.42
182.049
182.611
183.023
183.287
183.302
183.118
182.847
182.417
181.463
179.861
177.663
174.664
170.388
164.68
157.697
148.851
137.464
123.135
105.807
84.9806
59.4894
28.7128
-7.63976
-50.4724
-100.542
-159.357
-227.586
-306.313
-395.279
-494.599
-607.972
-731.268
187.115
182.66
182.226
180.847
179.764
178.947
178.188
177.547
177.037
176.647
176.362
176.139
175.942
175.837
175.814
175.761
175.734
175.607
175.351
175.161
174.858
174.399
173.722
172.512
170.851
168.862
166.523
163.437
159.377
154.191
147.554
139.142
128.969
116.712
101.79
83.6382
62.0323
36.3561
5.65129
-30.4561
-72.5115
-121.427
-178.028
-243.504
-318.662
-404.6
-501.121
-607.168
-722.843
-844.514
183.293
178.9
179.151
177.346
176.409
175.484
174.575
173.805
173.127
172.513
171.995
171.537
171.169
170.772
170.378
169.852
169.311
168.766
167.971
166.895
165.615
164.127
162.385
160.308
157.607
154.058
149.784
144.748
138.618
131.087
121.838
110.473
97.3447
81.5055
62.7432
40.5328
14.4164
-16.1129
-51.9416
-93.5198
-141.287
-196.203
-259.05
-330.619
-411.758
-503.569
-605.836
-716.316
-832.178
-949.37
179.239
174.76
175.464
172.929
172.312
171.213
170.179
169.283
168.424
167.594
166.777
165.975
165.24
164.498
163.683
162.78
161.616
160.213
158.69
156.883
154.789
152.296
149.259
145.752
141.633
136.793
130.837
123.67
115.199
105.117
93.218
78.9884
62.3441
42.9055
20.2626
-6.05957
-36.7161
-72.1746
-112.94
-159.493
-212.518
-272.748
-340.818
-417.412
-503.243
-599.318
-705.238
-818.132
-932.906
-1044.03
174.911
170.323
171.275
168.15
167.804
166.476
165.34
164.269
163.17
162.07
160.943
159.813
158.549
157.156
155.653
154.1
152.447
150.448
148.044
145.234
141.978
138.307
134.229
129.388
123.599
116.873
108.942
99.5902
88.6282
75.9649
61.2474
44.1115
24.2692
1.38576
-25.0314
-55.4493
-90.2917
-130.047
-175.201
-226.26
-283.779
-348.474
-420.77
-501.049
-589.83
-688.101
-795.751
-909.785
-1022.59
-1125.75
170.136
165.568
166.503
163.397
162.966
161.426
160.196
158.937
157.607
156.236
154.789
153.253
151.562
149.627
147.441
144.94
142.203
139.245
136.016
132.333
127.973
122.877
117.115
110.607
103.248
94.7371
84.8808
73.3698
60.0429
44.6994
27.0908
6.9873
-15.913
-42.2819
-72.3092
-106.36
-144.94
-188.47
-237.349
-292.057
-353.132
-420.965
-495.943
-578.457
-668.805
-767.72
-875.368
-988.86
-1098.14
-1190.89
164.914
160.542
161.288
158.248
157.635
155.986
154.666
153.215
151.674
150.054
148.279
146.269
143.993
141.448
138.652
135.512
131.955
127.854
123.307
118.325
112.801
106.565
99.3329
91.0332
81.6637
71.0253
58.994
45.2876
29.6596
11.8204
-8.51714
-31.5196
-57.5731
-86.9056
-120.044
-157.256
-198.895
-245.399
-297.168
-354.618
-418.168
-488.193
-564.769
-648.026
-738.276
-836.244
-942.289
-1053.65
-1157.79
-1237.71
159.349
155.212
155.799
152.702
151.903
150.051
148.582
146.928
145.116
143.135
140.934
138.52
135.793
132.709
129.203
125.241
120.859
115.975
110.405
104.101
97.0172
89.1268
80.3304
70.4614
59.275
46.6679
32.4456
16.4896
-1.48279
-21.7147
-44.4669
-70.0927
-98.998
-131.191
-166.922
-206.679
-250.822
-299.678
-353.574
-412.817
-477.695
-548.37
-625.045
-707.94
-797.182
-893.259
-995.987
-1102.57
-1200.01
-1265.57
153.361
149.488
149.912
146.814
146.004
143.802
142.123
140.145
137.973
135.552
132.825
129.787
126.433
122.758
118.695
114.113
108.846
102.975
96.4025
89.0654
80.8378
71.6161
61.2582
49.553
36.4089
21.7569
5.47203
-12.6496
-32.8291
-55.3093
-80.3931
-108.253
-139.102
-173.459
-211.513
-253.335
-299.282
-349.691
-404.799
-464.862
-530.128
-600.745
-676.582
-757.656
-844.342
-937.242
-1035.91
-1136.42
-1225.16
-1275.67
146.811
143.385
143.596
140.738
139.94
137.409
135.549
133.139
130.53
127.62
124.423
120.852
116.837
112.351
107.366
101.947
95.9267
89.1258
81.5111
72.9379
63.3669
52.7689
41.0576
28.002
13.412
-2.8597
-20.9438
-40.9673
-63.155
-87.6406
-114.739
-144.724
-177.649
-213.645
-253.096
-296.394
-343.593
-394.864
-450.413
-510.402
-574.909
-644.019
-717.902
-796.572
-879.993
-968.659
-1062.15
-1155.49
-1234.31
-1271
140.007
137.164
137.274
134.66
133.73
130.99
128.995
126.188
123.208
119.835
116.028
111.82
107.167
102.017
96.1996
89.709
82.6092
74.7691
66.1404
56.5842
45.9502
34.0064
20.7796
6.22262
-9.81689
-27.5504
-47.1851
-68.8695
-92.734
-118.967
-147.613
-178.907
-213.182
-250.681
-291.357
-335.294
-382.862
-434.18
-489.332
-548.405
-611.508
-678.643
-749.662
-824.586
-903.538
-986.856
-1074.68
-1161.1
-1230.59
-1255.69
133.408
131.218
131.163
128.533
127.459
124.587
122.482
119.353
116.07
112.343
108.135
103.354
97.9617
92.0037
85.4386
78.1219
69.986
61.0348
51.1033
40.2133
28.3453
15.3116
0.928188
-14.928
-32.3048
-51.3338
-72.2259
-95.1909
-120.373
-147.956
-178.118
-210.835
-246.11
-284.163
-325.324
-369.666
-417.098
-467.766
-521.753
-579.17
-639.917
-703.933
-771.321
-842.009
-915.824
-992.96
-1073.27
-1152.11
-1214.8
-1233.76
127.171
125.497
125.229
122.726
121.544
118.447
116.235
112.787
109.26
105.091
100.449
95.2605
89.4177
82.801
75.4301
67.2887
58.307
48.4663
37.6409
25.7007
12.5034
-1.91447
-17.6248
-34.7956
-53.5664
-73.9832
-96.158
-120.283
-146.543
-174.996
-205.77
-239.111
-275.103
-313.763
-354.982
-398.851
-445.594
-495.137
-547.509
-602.609
-660.501
-721.104
-784.141
-849.477
-916.724
-987.255
-1058.56
-1126.45
-1177.92
-1196.53
121.373
120.185
119.741
117.416
116.185
112.891
110.653
106.813
103.065
98.6152
93.5258
87.7933
81.4561
74.3739
66.4819
57.6478
47.8778
37.0317
25.1755
12.2797
-1.80921
-17.207
-34.0453
-52.3357
-72.2215
-93.8145
-117.104
-142.235
-169.382
-198.803
-230.456
-264.294
-300.402
-338.895
-379.905
-423.3
-468.963
-516.953
-567.158
-619.693
-674.28
-730.599
-788.686
-848.371
-909.436
-970.878
-1030.14
-1082.31
-1116.09
-1132.38
116.287
115.488
114.977
112.88
111.551
108.083
105.917
101.79
97.7819
93.0369
87.6769
81.5642
74.6661
66.9908
58.537
49.1974
38.9187
27.544
14.9432
1.05631
-14.0835
-30.4605
-48.243
-67.5428
-88.474
-111.076
-135.456
-161.629
-189.555
-219.357
-251.288
-285.393
-321.61
-359.957
-400.32
-442.716
-487.163
-533.486
-581.53
-630.915
-681.852
-734.227
-787.186
-840.019
-893.834
-946.453
-993.831
-1028.26
-1040.94
-1051.5
112.188
111.661
111.14
109.09
107.888
104.23
102.19
97.8474
93.8498
88.7792
83.0786
76.6835
69.4612
61.3716
52.3285
42.3426
31.3202
19.2795
6.1281
-8.2877
-24.0939
-41.313
-59.9078
-79.9072
-101.585
-124.932
-149.941
-176.777
-205.558
-236.192
-268.598
-302.883
-339.037
-377.027
-416.878
-458.377
-501.401
-545.859
-591.563
-638.452
-685.877
-733.571
-781.516
-829.117
-874.974
-917.663
-954.59
-978.967
-983.694
-986.971
109.18
108.756
108.222
106.246
105.159
101.548
99.5419
95.1006
91.1494
86.018
80.1446
73.4055
65.8446
57.4189
48.0424
37.6684
26.1985
13.492
-0.408528
-15.5151
-31.9406
-49.7917
-69.19
-89.9565
-112.232
-136.249
-162.017
-189.409
-218.457
-249.33
-282.048
-316.475
-352.611
-390.414
-429.682
-470.351
-512.272
-555.261
-598.914
-642.718
-686.955
-731.376
-774.867
-817.223
-857.159
-892.284
-918.449
-932.727
-942.701
-943.109
107.167
106.694
106.214
104.258
103.599
100.03
97.9457
93.7483
89.7284
84.6809
78.8833
72.1133
64.3673
55.5536
45.7145
34.7447
22.9631
9.75506
-4.63914
-20.2543
-37.3497
-55.7569
-75.6084
-97.0662
-120.037
-144.422
-170.457
-198.338
-228.036
-259.395
-292.373
-326.992
-363.099
-400.634
-439.63
-479.751
-520.736
-562.325
-604.464
-646.839
-688.551
-729.728
-769.93
-808.196
-842.38
-869.879
-887.622
-893.545
-902.094
-904.781
106.02
105.439
105.442
103.425
102.792
99.8132
97.5637
93.84
89.7834
84.7919
79.02
72.372
64.7166
55.9397
45.9871
34.7724
22.3254
8.55642
-6.52075
-22.3241
-40.2047
-59.407
-79.8898
-101.751
-125.237
-150.45
-177.044
-205.045
-234.722
-266.207
-299.453
-334.291
-370.652
-408.364
-447.164
-487.034
-527.697
-568.896
-609.789
-650.382
-690.613
-729.543
-767.263
-802.353
-832.34
-853.164
-861.851
-866.959
-870.294
-875.352
105.728
105.082
105.274
103.582
102.856
100.495
98.3749
95.0799
91.2947
86.5435
80.9883
74.4555
66.7557
57.9654
47.977
36.7353
24.1149
10.0647
-5.36011
-22.0726
-40.3433
-60.0243
-81.2733
-103.925
-127.866
-153.327
-180.539
-209.318
-239.589
-271.314
-304.595
-339.484
-375.877
-413.7
-452.872
-493.018
-533.832
-574.41
-615.294
-656.116
-696.035
-733.951
-768.892
-800.744
-826.729
-841.936
-845.455
-851.443
-852.246
-856.643
105.824
105.132
105.561
104.368
103.707
101.875
100.043
97.216
93.8175
89.492
84.1555
78.3795
70.8144
62.147
52.2075
40.9194
28.2201
13.9729
-1.83904
-19.1296
-37.9527
-58.3048
-80.2077
-103.617
-128.448
-154.646
-182.188
-211.185
-241.698
-273.862
-307.55
-342.698
-379.421
-417.593
-456.999
-497.534
-538.862
-580.83
-622.389
-663.418
-703.45
-740.896
-775.178
-804.951
-826.63
-834.322
-836.997
-838.518
-841.865
-843.876
106.167
105.507
105.878
105.181
104.838
103.614
102.248
100.036
97.2107
93.4584
88.7212
83.0168
76.0577
67.7421
58.0502
46.8871
34.2499
19.9886
4.0273
-13.6424
-32.9438
-53.9053
-76.5702
-100.747
-126.259
-153.367
-181.921
-211.801
-242.935
-275.343
-309.184
-344.585
-381.441
-420.013
-460.218
-501.694
-544.365
-587.342
-630.56
-673.253
-714.247
-752.158
-784.102
-808.54
-823.185
-827.003
-831.059
-830.565
-835.257
-836.404
106.306
105.995
106.298
106.011
106.074
105.472
104.628
103.054
100.908
97.9284
93.968
88.9114
82.5295
74.7999
65.4983
54.6278
42.0248
27.7412
11.6854
-6.24848
-26.0462
-47.6204
-70.903
-95.9766
-122.64
-150.54
-179.869
-210.421
-242.355
-275.501
-309.802
-345.316
-382.413
-421.214
-461.928
-504.462
-548.279
-593.694
-639.557
-684.762
-727.449
-765.176
-796.477
-816.034
-818.214
-820.237
-822.023
-826.067
-830.678
-832.17
105.858
106.472
106.606
106.874
107.307
107.169
107.009
106.195
104.769
102.555
99.3975
95.1361
89.5181
82.4419
73.8522
63.5788
51.4142
37.2115
21.1034
3.0384
-17.0838
-39.2307
-63.2605
-89.0154
-116.681
-145.786
-176.464
-208.246
-241.031
-274.889
-309.839
-345.728
-382.761
-421.521
-462.563
-505.997
-551.79
-599.073
-648.008
-697.12
-742.989
-783.004
-810.656
-822.322
-820.358
-819.864
-819.538
-824.082
-828.237
-830.037
104.679
106.851
106.283
107.488
108.231
108.557
109.042
109.055
108.54
107.3
105.122
101.815
97.1009
90.8542
82.8721
73.2689
61.9272
47.9164
31.8045
13.5677
-6.83956
-29.4968
-54.3302
-81.286
-109.828
-139.972
-171.87
-205.049
-239.155
-274.182
-309.743
-346.105
-383.207
-421.527
-462.101
-505.898
-552.912
-603.319
-656.367
-709.604
-760.449
-804.894
-831.978
-830.221
-826.577
-821.977
-822.229
-823.356
-825.26
-826.506
102.928
106.923
105.286
107.815
108.775
109.761
110.81
111.413
111.788
111.569
110.414
108.205
104.631
99.4648
92.4236
83.166
73.4997
59.7685
43.8178
25.544
4.91895
-18.1398
-43.5371
-71.3924
-101.423
-133.052
-166.467
-201.278
-236.988
-273.394
-310.209
-347.098
-384.22
-421.911
-461.231
-504.105
-551.828
-604.085
-661.079
-720.965
-779.8
-829.577
-853.707
-847.302
-839.144
-829.852
-825.504
-822.035
-820.447
-820.328
99.6792
107.506
103.722
107.514
108.438
110.363
112.165
113.46
114.669
115.449
115.453
114.429
112.088
108.058
102.134
94.0846
84.3163
71.7847
56.2614
38.1351
17.3281
-6.34646
-32.7852
-61.4401
-92.5613
-125.57
-160.587
-197.345
-235.148
-273.391
-311.73
-349.637
-387.036
-423.879
-461.065
-501.103
-546.747
-600.697
-661.653
-727.442
-794.908
-850.799
-873.001
-863.379
-848.025
-837.158
-826.399
-817.879
-812.725
-810.951
94.2143
108.283
102.028
106.597
107.42
109.994
112.354
114.512
116.558
118.25
119.496
119.786
118.881
116.041
111.217
104.603
95.7789
83.9936
69.0556
51.4861
30.6679
6.65489
-20.5019
-50.8714
-83.5551
-118.556
-155.24
-193.983
-233.666
-274.289
-314.719
-354.136
-392.151
-428.802
-463.869
-499.482
-538.746
-589.93
-653.752
-729.724
-811.927
-869.613
-885.359
-888.7
-857.494
-841.505
-826.78
-813.78
-804.487
-800.027
64.0466
99.2922
100.021
104.885
106.374
109.242
111.974
115.205
118.123
120.437
122.693
123.749
123.746
122.664
119.537
114.247
105.881
94.8305
80.9408
63.737
42.2712
17.7484
-9.86513
-41.0107
-75.2519
-111.969
-151.163
-192.374
-234.328
-277.365
-320.58
-362.108
-401.105
-438.463
-471.831
-498.764
-528.978
-571.691
-630.406
-703.3
-783.626
-862.177
-883.097
-883.303
-864.648
-848.132
-833.33
-816.866
-803.826
-796.346
187.002
182.624
180.593
179.496
178.585
177.83
177.234
176.752
176.381
176.018
175.623
175.301
175.038
174.805
174.583
174.374
174.154
174.05
173.97
173.756
173.498
173.42
173.477
173.483
173.426
173.038
172.506
171.867
171.19
170.25
168.959
167.239
165.22
162.597
159.117
154.524
148.349
140.229
129.913
117.068
101.104
81.3884
57.2326
27.9363
-7.16331
-48.9515
-97.9345
-153.197
-222.329
-295.136
184.293
180.253
178.652
177.306
176.128
175.12
174.313
173.65
173.007
172.308
171.583
170.831
170.162
169.535
168.896
168.235
167.472
166.684
165.865
164.931
163.754
162.445
161.223
159.878
158.468
156.982
155.196
152.988
150.36
147.369
143.843
139.593
134.583
128.856
122.05
113.878
103.909
91.6397
76.7325
58.9037
37.6408
12.2377
-18.0537
-53.974
-96.0504
-145.22
-202.154
-265.13
-340.456
-420.859
180.865
177.052
175.885
174.384
173.06
171.995
170.997
170.008
169.039
168.058
167.084
166.028
164.869
163.689
162.45
161.16
159.802
158.309
156.637
154.872
152.959
150.705
148.205
145.544
142.486
139.132
135.577
131.756
127.293
122.108
116.233
109.537
101.654
92.5454
82.0975
70.0413
55.9931
39.3858
19.7431
-3.25126
-30.0168
-61.2647
-97.696
-140.058
-188.868
-244.928
-308.957
-379.527
-458.201
-540.999
177.142
173.337
172.561
171.017
169.675
168.519
167.378
166.156
164.905
163.654
162.372
161.035
159.517
157.841
155.979
153.943
151.808
149.576
147.082
144.206
141.153
137.87
134.075
129.92
125.448
120.442
114.853
108.751
102.137
94.7425
86.3161
76.7874
66.0131
53.6577
39.5152
23.3288
4.89859
-16.2012
-40.5895
-68.7627
-101.014
-138.078
-180.504
-228.907
-283.83
-346.174
-416.456
-492.916
-573.937
-655.142
173.093
169.333
168.859
167.285
166.009
164.687
163.351
161.971
160.52
159.009
157.363
155.587
153.655
151.508
149.117
146.406
143.387
140.14
136.773
133.01
128.732
124.17
119.219
113.539
107.157
100.253
92.7168
84.4538
75.3027
65.2851
54.1497
41.7142
27.7551
12.0045
-5.7845
-25.9513
-48.7774
-74.5618
-103.729
-136.851
-174.375
-216.893
-264.837
-318.691
-378.988
-446.431
-521.297
-601.645
-684.384
-762.568
168.825
165.249
164.912
163.093
161.773
160.397
158.897
157.275
155.56
153.712
151.68
149.439
147.041
144.311
141.297
137.982
134.318
130.107
125.438
120.493
115.017
108.833
102.297
95.3034
87.4705
78.6229
68.8378
58.3105
46.7106
33.8612
19.748
4.21362
-12.9335
-32.1441
-53.66
-77.7459
-104.735
-134.972
-168.792
-206.634
-249.002
-296.244
-348.806
-407.158
-471.658
-542.835
-620.998
-704.058
-787.588
-861.849
164.465
160.994
160.662
158.521
157.112
155.564
153.86
151.998
149.961
147.719
145.184
142.335
139.5
136.113
132.324
128.133
123.535
118.57
112.897
106.574
99.8359
92.463
84.0603
74.9091
65.1821
54.5531
42.8125
29.8887
15.6476
0.142611
-16.8928
-35.6667
-56.2637
-78.9876
-104.126
-131.927
-162.759
-196.997
-234.956
-277
-323.497
-374.727
-430.996
-492.694
-560.085
-633.584
-713.556
-798.105
-881.461
-950.273
159.918
156.513
156.154
153.703
152.373
150.595
148.555
146.363
143.93
141.198
138.165
134.779
131.022
126.864
122.334
117.348
111.678
105.396
98.5368
90.8489
82.3658
73.4359
63.7371
52.9203
41.0114
28.1047
14.1304
-1.06663
-17.7306
-35.9661
-55.9265
-77.7564
-101.662
-127.799
-156.369
-187.716
-222.135
-259.939
-301.413
-346.851
-396.555
-450.723
-509.671
-573.629
-642.745
-717.381
-798.136
-882.917
-964.333
-1025.76
155.167
151.921
151.568
149.017
147.691
145.582
143.274
140.674
137.798
134.516
130.866
126.85
122.329
117.165
111.471
105.287
98.5986
91.1693
83.0394
74.1947
64.2876
53.2566
41.5083
28.7729
14.8746
-0.18574
-16.5387
-34.332
-53.514
-74.3904
-97.1208
-121.85
-148.748
-178.051
-209.823
-244.276
-281.722
-322.476
-366.815
-414.902
-466.955
-523.223
-583.839
-649.01
-718.857
-793.654
-873.624
-956.786
-1034.72
-1086.39
150.216
147.41
146.943
144.421
142.935
140.548
137.966
134.991
131.623
127.82
123.52
118.715
113.422
107.527
100.913
93.4564
85.2723
76.4086
66.6618
56.1338
44.8368
32.3237
18.6095
3.80291
-12.2515
-29.6278
-48.3713
-68.6032
-90.5081
-114.091
-139.491
-166.964
-196.579
-228.511
-263.043
-300.31
-340.422
-383.573
-429.994
-479.938
-533.544
-590.905
-652.265
-717.734
-787.414
-861.461
-939.613
-1019.56
-1092.17
-1133.48
145.379
142.985
142.478
139.894
138.111
135.463
132.575
129.292
125.477
121.14
116.287
110.788
104.541
97.6433
90.0298
81.6605
72.3946
62.2405
51.1412
38.8542
25.5232
11.2191
-4.4563
-21.4035
-39.6255
-59.3112
-80.5557
-103.241
-127.616
-153.755
-181.752
-211.722
-243.906
-278.404
-315.255
-354.66
-396.782
-441.749
-489.722
-540.795
-595.147
-652.934
-714.18
-779.026
-847.576
-920.087
-995.852
-1071.49
-1137.66
-1169.62
140.797
138.859
138.123
135.59
133.573
130.628
127.379
123.673
119.439
114.558
109.055
102.951
96.1492
88.5521
79.9541
70.4096
59.8121
48.2291
35.7353
22.0955
7.124
-9.05839
-26.5453
-45.5037
-65.9871
-87.914
-111.456
-136.708
-163.619
-192.255
-222.747
-255.14
-289.449
-325.977
-364.864
-406.101
-449.801
-496.062
-544.944
-596.62
-651.163
-708.611
-769.092
-832.655
-899.268
-969.204
-1041.64
-1112.8
-1172.48
-1197.04
136.581
135.072
134.128
131.643
129.549
126.347
122.812
118.7
113.979
108.658
102.585
95.6507
87.9743
79.5193
70.2395
60.0121
48.6529
35.9642
21.9043
6.69026
-9.88488
-27.9612
-47.4421
-68.3908
-90.9594
-115.113
-140.829
-168.258
-197.46
-228.439
-261.184
-295.826
-332.434
-370.904
-411.354
-453.952
-498.723
-545.74
-595.11
-646.8
-700.909
-757.489
-816.489
-878.039
-942.238
-1008.93
-1077.71
-1144.36
-1198.02
-1216.47
133.123
131.86
130.909
128.459
126.195
122.846
119.076
114.654
109.475
103.652
97.1708
89.8738
81.6292
72.2663
61.8988
50.4812
38.121
24.5666
9.49119
-7.02798
-24.9952
-44.5259
-65.6903
-88.5559
-113.068
-139.357
-167.388
-197.095
-228.515
-261.693
-296.637
-333.207
-371.486
-411.68
-453.697
-497.462
-543.058
-590.523
-639.849
-691.123
-744.362
-799.626
-856.856
-915.902
-976.886
-1040
-1103.28
-1163.51
-1209.92
-1225.56
130.67
129.616
128.508
126.108
123.67
120.195
116.357
111.757
106.337
100.141
93.0661
85.1828
76.4172
66.7047
55.9099
43.8016
30.3263
15.5679
-0.530607
-18.2676
-37.6675
-58.7477
-81.515
-106.068
-132.414
-160.584
-190.601
-222.429
-255.994
-291.228
-328.155
-366.819
-407.018
-448.584
-491.673
-536.353
-582.549
-630.227
-679.388
-729.943
-781.938
-835.314
-890.122
-946.437
-1003.8
-1061.94
-1118.58
-1169.1
-1203.62
-1217.67
129.267
128.397
127.108
124.736
122.248
118.654
114.683
109.929
104.455
98.2417
91.089
82.9512
73.6504
63.2134
51.7765
39.2167
25.1148
9.48178
-7.55714
-26.2163
-46.6118
-68.8922
-93.1545
-119.361
-147.553
-177.709
-209.743
-243.655
-279.385
-316.849
-355.841
-396.178
-437.936
-481.131
-525.545
-571.009
-617.554
-665.189
-713.88
-763.586
-814.128
-865.549
-917.679
-970.423
-1024.14
-1076.54
-1124.08
-1161.17
-1180.81
-1191.91
128.917
128.105
126.831
124.431
121.913
118.401
114.45
109.615
104.042
97.6683
90.4192
82.2624
73.1723
62.8743
51.0944
37.8548
23.2921
7.14022
-10.7385
-30.384
-51.8903
-75.2874
-100.742
-128.337
-158.105
-190.058
-224.125
-260.165
-298.004
-337.504
-378.629
-421.223
-464.856
-509.362
-554.808
-601.189
-648.362
-696.168
-744.45
-793.135
-842.24
-891.47
-940.95
-990.161
-1038.68
-1084.63
-1125.26
-1153.87
-1164.01
-1169.61
129.862
128.886
127.498
125.189
122.679
119.229
115.395
110.721
105.339
99.1536
91.997
83.7531
74.477
64.1495
52.6392
39.5747
24.9016
8.53843
-9.63012
-29.6757
-51.8787
-76.3094
-102.967
-131.942
-163.28
-196.965
-232.975
-271.233
-311.563
-353.639
-397.109
-441.726
-487.388
-533.793
-580.711
-628.022
-675.605
-723.425
-771.478
-819.589
-867.423
-914.796
-961.568
-1007.98
-1052.36
-1092.1
-1125.23
-1148.63
-1159.21
-1159.74
131.918
130.752
129.218
127.005
124.557
121.261
117.572
113.055
107.878
101.895
95.0859
87.3902
78.5354
68.4285
57.0279
44.2458
29.8327
13.5699
-4.67563
-24.9315
-47.3727
-72.2543
-99.6744
-129.709
-162.426
-197.805
-235.749
-276.118
-318.756
-363.41
-409.759
-457.327
-505.564
-554.199
-602.929
-651.574
-700.258
-748.747
-796.662
-844.004
-890.865
-937.28
-982.475
-1026.18
-1066.91
-1103.74
-1131.41
-1144.6
-1152.71
-1153.02
134.767
133.504
131.794
129.663
127.313
124.194
120.801
116.633
111.886
106.293
99.8056
92.4452
84.0913
74.6532
63.8363
51.6101
37.7832
22.1828
4.64102
-15.2849
-37.7384
-62.7478
-90.5566
-121.301
-155.109
-192.028
-231.963
-274.772
-320.17
-367.864
-417.301
-468.057
-519.518
-570.932
-622.044
-672.785
-722.704
-771.838
-820.436
-868.109
-914.666
-960.041
-1004.34
-1045.88
-1084.19
-1115.47
-1137.31
-1147.55
-1149.32
-1150.37
138.125
136.758
135.092
133.067
130.816
128.001
124.83
121.01
116.728
111.763
106.041
99.3852
91.736
83.0143
72.9651
61.5221
48.4147
33.4759
16.807
-2.08283
-23.7138
-48.2599
-75.9208
-106.89
-141.284
-179.284
-220.894
-265.96
-314.202
-365.182
-418.493
-473.338
-528.888
-584.429
-639.039
-692.167
-744.221
-795.093
-844.191
-891.903
-938.402
-983.748
-1026.47
-1066.01
-1101.09
-1128.86
-1142.05
-1149.45
-1149.87
-1150.29
141.92
140.406
138.744
136.875
134.786
132.278
129.535
126.195
122.365
117.891
112.813
107.02
100.325
92.5866
83.7368
73.5189
61.7861
48.3218
32.5951
14.6613
-5.83022
-29.355
-56.1872
-86.7803
-121.364
-160.011
-202.88
-249.906
-300.967
-355.626
-413.146
-472.801
-533.484
-593.828
-652.84
-709.987
-764.832
-817.47
-868.299
-917.447
-964.378
-1007.97
-1048.93
-1086.56
-1117.64
-1137.18
-1149.01
-1151
-1151.84
-1151.65
145.752
144.148
142.55
140.895
139.163
136.846
134.393
131.539
128.363
124.586
120.242
115.305
109.625
103.061
95.5271
86.7252
76.4648
64.5117
50.5447
34.4882
15.7479
-6.23739
-31.8031
-61.3418
-95.316
-134.102
-177.846
-226.66
-280.275
-338.431
-400.575
-465.808
-532.748
-599.665
-664.976
-727.223
-785.942
-841.769
-894.087
-943.311
-990.207
-1033.34
-1072.76
-1106.66
-1132.26
-1145.99
-1152.12
-1153.72
-1154.46
-1154.23
149.398
147.791
146.26
144.839
143.372
141.512
139.428
136.917
134.213
131.068
127.517
123.453
118.81
113.526
107.413
100.392
92.1625
82.3971
70.5038
55.9811
39.416
19.7229
-3.91387
-31.765
-64.2188
-101.99
-145.56
-195.223
-251.19
-313.028
-380.212
-451.583
-525.651
-600.67
-673.867
-742.94
-807.341
-866.751
-922.358
-973.439
-1018.98
-1060.39
-1096.73
-1125.98
-1142.73
-1153.22
-1155.81
-1157.72
-1158.6
-1158.53
152.697
151.357
149.582
148.735
147.329
145.831
144.197
142.161
139.939
137.384
134.522
131.275
127.629
123.51
118.781
113.335
106.949
99.3838
90.2955
78.7873
64.4979
47.3387
26.5978
1.30407
-29.1557
-65.2466
-107.793
-157.306
-214.217
-278.72
-350.397
-428.513
-511.257
-595.973
-679.477
-758.556
-830.466
-895.587
-954.753
-1005.73
-1050.9
-1088.97
-1120.48
-1140.6
-1153.88
-1159.2
-1162.12
-1163.88
-1164.73
-1164.88
155.406
154.795
152.555
152.411
151.032
149.849
148.528
146.942
145.143
143.09
140.84
138.282
135.462
132.355
128.935
125.055
120.549
115.192
108.789
100.557
89.322
75.374
58.2769
36.8127
9.79154
-23.5087
-63.9434
-112.559
-169.776
-236.176
-311.95
-396.615
-488.406
-584.506
-681.108
-772.303
-855.445
-928.945
-991.5
-1043.26
-1086.96
-1121.48
-1142.96
-1157.18
-1164.69
-1168.61
-1171
-1172.16
-1172.57
-1172.7
156.804
158.025
154.875
155.599
154.362
153.527
152.589
151.387
149.97
148.271
146.474
144.472
142.333
140.08
137.692
135.123
132.269
128.883
124.77
119.675
112.599
102.63
89.3255
72.1058
49.7168
20.6523
-16.1159
-61.8709
-117.741
-184.542
-262.934
-353.192
-455.035
-564.755
-676.668
-785.189
-882.512
-967.652
-1036.7
-1087.31
-1128.05
-1154.54
-1167.3
-1173.16
-1176.2
-1178.73
-1180.33
-1181.11
-1181.34
-1181.09
156.603
161.158
156.607
158.233
157.306
156.798
156.093
155.143
154.031
152.649
151.179
149.61
147.97
146.333
144.833
143.43
142.141
140.768
138.945
136.515
133.028
127.497
118.93
106.635
89.5607
66.0331
34.3558
-6.8474
-59.6994
-125.509
-205.494
-300.243
-410.606
-534.878
-666.456
-795.859
-913.09
-1012.49
-1089.82
-1143
-1176.33
-1188.07
-1190.44
-1189.35
-1189.45
-1190.44
-1191.05
-1190.82
-1190.17
-1189.59
154.334
164.478
158
160.241
159.795
159.601
159.14
158.48
157.61
156.499
155.302
154.078
152.886
151.675
150.812
150.186
150.077
150.388
150.677
150.508
149.97
148.48
145.074
138.39
127.17
110.119
84.9401
50.0268
2.95968
-59.4038
-138.958
-236.933
-355.544
-495.93
-649.76
-806.163
-950.291
-1066.45
-1151.4
-1212.61
-1231.05
-1228.45
-1219.75
-1212.92
-1207.88
-1205.18
-1203.23
-1200.84
-1198.79
-1198.22
131.343
161.632
159.31
161.902
161.483
161.481
161.517
161.164
160.509
159.442
158.267
157.159
156.141
155.43
154.923
155.023
156.056
157.834
159.954
162.707
165.684
167.953
168.599
167.019
162.04
151.567
133.752
106.258
65.943
8.94088
-67.8033
-166.698
-290.207
-446
-625.955
-816.839
-993.93
-1124.09
-1220.35
-1279.82
-1292.43
-1280.53
-1264.4
-1248.32
-1236.38
-1227.11
-1219.27
-1212.16
-1207.05
-1205.98
137.268
163.224
163.431
163.707
163.66
163.67
163.982
164.132
163.832
163.047
161.859
160.296
158.531
157.484
156.839
156.548
157.474
160.51
164.588
169.338
174.868
181.74
187.603
191.81
192.82
189.152
178.512
158.028
124.453
73.9548
1.36894
-97.9351
-226.115
-394.016
-608.29
-845.985
-1068.68
-1236.21
-1351.43
-1386.3
-1382.78
-1361.94
-1335.64
-1306.99
-1280.87
-1258.03
-1238.47
-1223.15
-1213.99
-1212.27
148.677
162.095
163.949
164.642
165.645
166.496
166.956
167.057
166.678
165.896
164.934
163.49
161.541
159.84
159.148
159.526
161.099
165.115
171.254
178.94
187.855
197.255
206.996
217.128
224.866
226.297
220.195
202.945
171.495
121.11
45.6065
-63.4872
-210.181
-409.269
-671.128
-973.124
-1226.5
-1394.29
-1479.64
-1505.42
-1497.44
-1463.07
-1419.55
-1371.88
-1329.71
-1291.03
-1257.83
-1233.01
-1218.98
-1215.71
158.404
163.16
165.311
166.933
168.101
168.609
169.375
170.003
169.572
168.421
167.221
165.945
164.455
162.958
162.53
163.807
167.102
173.205
182.492
193.103
204.14
217.451
232.766
246.322
259.061
264.946
260.973
244.662
210.337
153.49
66.6749
-61.9912
-239.632
-477.53
-794.398
-1148.05
-1421.37
-1567.66
-1633.98
-1654.62
-1631.43
-1580.91
-1514.02
-1449.85
-1382.22
-1322.78
-1274.47
-1239.44
-1219.24
-1213.07
164.375
166.565
168.061
169.824
171.511
172.353
172.56
172.344
171.653
170.341
168.28
166.177
164.447
163.671
164.084
166.714
172.632
181.942
193.286
208.117
226.66
243.963
262.95
283.038
300.637
312.226
311.399
295.805
258.658
193.519
90.3284
-66.1826
-290.711
-578.986
-944.908
-1337.76
-1646.96
-1779.17
-1817.4
-1824.79
-1777.19
-1699.42
-1610.21
-1508.88
-1416.01
-1337.41
-1276.24
-1232.73
-1207.31
-1197.87
167.932
170.477
172.255
174.393
175.455
175.591
175.943
175.41
173.494
171.094
168.169
165.035
161.657
159.632
160.469
164.773
172.88
185.398
204.291
225.387
245.456
265.827
293.224
323.865
349.116
367.557
371.545
354.303
312.451
237.224
118.156
-67.0094
-346.611
-703.377
-1108.41
-1523.38
-1843.56
-1966.3
-1983.59
-1963.55
-1888.52
-1779.25
-1656.63
-1530.25
-1415.67
-1320.5
-1249.44
-1197.47
-1168.45
-1155.94
170.321
173.802
176.113
178.289
179.518
180.141
179.565
177.599
174.473
170.342
165.437
160.322
155.063
151.038
150.671
155.537
167.668
187.389
206.63
221.203
252.098
289.305
323.796
363.843
400.396
426.03
435.785
419.63
370.514
278.337
126.994
-101.313
-418.593
-812.975
-1232.28
-1629.35
-1952.36
-2057.86
-2067.61
-2022.65
-1925.69
-1793.01
-1643.78
-1496.6
-1366.84
-1261.75
-1183.18
-1128.51
-1094.83
-1078.62
174.221
178.609
180.595
182.503
183.502
182.846
181.102
178.282
173.513
167.126
159.311
150.355
140.792
132.835
130.653
139.819
155.695
162.908
184.468
219.617
258.894
307.072
355.855
404.804
451.811
483.52
490.185
465.462
397.34
277.5
95.7149
-162.37
-496.763
-899.831
-1304.14
-1668.25
-1924.88
-2037.8
-2052.75
-1990.96
-1872.53
-1720.56
-1556.21
-1399.94
-1265.4
-1158.82
-1080.35
-1026.39
-992.702
-975.605
178.214
182.445
185.378
186.483
185.091
184.363
181.619
175.846
167.493
157.225
145.138
130.357
113.365
97.088
89.5556
92.4946
99.0495
121.081
156.438
191.215
247.149
301.505
357.72
407.396
443.515
458.783
444.22
393.617
301.501
157.603
-46.4774
-313.327
-635.741
-998.684
-1353.24
-1653.84
-1860.58
-1951.38
-1943.14
-1855.96
-1717.77
-1557.15
-1399.34
-1254.29
-1130.46
-1031.99
-958.895
-908.103
-876.194
-859.785
180.575
185.04
184.75
186.81
186.907
182.842
176.599
167.565
154.198
136.946
115.887
90.7517
59.1759
22.0906
-5.04047
-3.1537
27.3964
46.474
122.536
185.737
221.295
266.84
311.82
348.223
363.912
348.761
299.618
209.12
76.2434
-103.525
-325.235
-584.127
-864.647
-1155.01
-1422.14
-1636.83
-1771.88
-1811.63
-1767.44
-1665.72
-1530.52
-1382.82
-1240.13
-1111.63
-1001.91
-913.644
-847.342
-800.892
-771.37
-755.247
179.735
181.498
183.61
180.986
178.391
173.685
162.078
145.881
126.246
100.242
65.7941
19.7947
-43.4147
-120.569
-164.267
-129.361
-59.6856
20.5858
49.8316
102.571
143.151
180.706
210.718
221.153
202.725
147.146
56.6639
-80.2322
-253.326
-472.084
-696.736
-923.087
-1143.7
-1346.19
-1514.97
-1630.28
-1682.06
-1670.97
-1605.25
-1501.54
-1375.13
-1241.82
-1114.53
-1000.4
-902.869
-824.245
-765.755
-725.91
-702.189
-691.537
159.264
162.665
159.41
153.861
150.857
143.771
128.369
106.344
75.7503
34.0838
-20.8222
-100.043
-215.239
-340.082
-389.818
-292.403
-212.946
-134.307
-77.5822
-26.3108
13.1258
39.6027
45.777
20.2728
-44.2076
-154.008
-308.962
-509.429
-737.209
-945.345
-1141.03
-1309.88
-1454.14
-1568.1
-1648.53
-1682.32
-1661.42
-1599.77
-1510.08
-1399.81
-1276.24
-1151.59
-1035.71
-933.419
-847.347
-779.097
-729.284
-697.195
-681.568
-677.676
100.296
112.454
96.9481
93.1765
89.0901
80.5294
64.4525
38.1326
-1.36338
-61.9218
-149.165
-278.212
-456.174
-638.919
-707.064
-617.092
-459.445
-351.04
-265.293
-199.997
-158.84
-146.193
-166.06
-230.013
-347.317
-522.212
-750.394
-1015.39
-1261.22
-1441.88
-1600.53
-1709.04
-1778.43
-1812.03
-1806.74
-1769.19
-1695.03
-1593.15
-1476.04
-1355.21
-1233.85
-1116.86
-1009.55
-916.154
-839.411
-780.42
-739.454
-715.289
-706.667
-709.704
-5.74343
24.2963
29.4236
2.05161
-11.1647
-21.1603
-34.3183
-60.0123
-109.847
-193.581
-309.329
-494.314
-756.105
-1026.27
-1139.21
-1013.24
-788.992
-613.945
-480.576
-393.136
-352.955
-349.826
-388.755
-484.961
-650.257
-881.169
-1164.52
-1465.41
-1719.23
-1880.48
-1967.7
-2019.23
-2032.59
-2009.76
-1955.85
-1870.18
-1756.28
-1631.34
-1502.81
-1374.83
-1250.5
-1134.61
-1031.56
-944.268
-874.213
-821.417
-785.632
-765.926
-762.703
-770.412
-170.818
-155.58
-177.042
-209.55
-223.446
-205.785
-187.993
-194.699
-238.534
-337.168
-487.568
-708.533
-1028.35
-1365.95
-1528.1
-1349.38
-1049.41
-813.273
-648.557
-548.86
-512.314
-511.825
-566.72
-690.999
-890.559
-1153.76
-1464.56
-1770.03
-1991.98
-2115.79
-2180.95
-2207.8
-2191.66
-2136.15
-2052.02
-1943.65
-1819.54
-1689.64
-1557.07
-1426.05
-1299.49
-1182.88
-1082.23
-997.972
-930.725
-880.568
-847.572
-830.201
-826.664
-836.296
-352.628
-419.537
-509.236
-564.85
-576.18
-493.007
-387.124
-342.568
-364.732
-447.25
-596.94
-818.91
-1123.48
-1437.05
-1616.04
-1449.46
-1128.74
-869.178
-710.135
-630.377
-597.993
-610.52
-682.244
-822.776
-1034.92
-1305.8
-1620.96
-1917.69
-2115.99
-2216.57
-2272.03
-2291.72
-2258.71
-2184.16
-2089.45
-1977.8
-1855.97
-1727.3
-1596.86
-1468.38
-1345.78
-1233.84
-1135.32
-1053.04
-987.475
-938.528
-905.721
-885.826
-879.183
-883.964
-465.791
-693.857
-973.527
-1145.9
-1059.03
-798.251
-574.744
-458.567
-433.512
-473.425
-576.795
-749.783
-981.743
-1212.51
-1334.84
-1252.5
-1015.02
-797.299
-682.07
-631.551
-607.266
-641.703
-726.2
-868.788
-1072.53
-1336.16
-1641.09
-1923.29
-2106.95
-2197.15
-2251.69
-2280.98
-2236.53
-2156.69
-2065.95
-1962.96
-1849.18
-1729
-1606.67
-1485.88
-1371.55
-1265.99
-1172.76
-1092.88
-1027.18
-976.767
-941.612
-919.432
-909.059
-906.777
-412.489
-710.862
-1126.81
-1459.84
-1341.27
-964.926
-658.123
-481.035
-406.285
-399.501
-449.657
-553.828
-698.834
-845.265
-935.214
-913.658
-789.026
-654.351
-589.611
-566.771
-569.085
-616.146
-703.858
-841.768
-1024.36
-1264.96
-1550.26
-1818.88
-1996.63
-2080.45
-2124.43
-2132.44
-2110.43
-2051.04
-1980.41
-1896.67
-1796.37
-1692.31
-1581.82
-1474.09
-1368.55
-1270.22
-1181.57
-1103.31
-1038.75
-987.979
-950.413
-928.273
-923.261
-927.029
-194.091
-435.208
-750.604
-1025.29
-1014.32
-786.306
-547.638
-385.088
-293.53
-256.049
-273.366
-330.773
-418.938
-513.215
-581.064
-595.51
-546.03
-491.532
-467.98
-471.664
-500.39
-553.752
-638.234
-758.799
-919.003
-1134.46
-1391.32
-1644.88
-1829.38
-1923.2
-1963.67
-1971
-1946.11
-1899.72
-1845.84
-1780.2
-1698.54
-1612.67
-1521.5
-1429.07
-1335.37
-1246.44
-1162.82
-1089.39
-1027.52
-977.515
-941.433
-920.325
-914.167
-929.38
-34.0767
-172.699
-334.426
-453.373
-463.893
-387.564
-260.192
-165.764
-119.823
-103.833
-103.961
-132.667
-188.316
-254.953
-309.088
-339.831
-336.1
-334.859
-347.072
-372.588
-412.049
-468.419
-552.479
-660.5
-796.595
-973.787
-1197.71
-1428.44
-1618.68
-1734.34
-1780.13
-1779.77
-1758.23
-1726.66
-1677.64
-1622.28
-1561.86
-1495.84
-1429.34
-1354.73
-1279.95
-1202.89
-1127.91
-1057.85
-997.649
-951.186
-919.782
-903.539
-901.504
-909.275
44.5854
-9.57196
-70.9575
-102.641
-105.776
-92.646
-50.4875
-0.628563
22.8328
24.6213
21.1133
8.49643
-22.0395
-68.4476
-114.038
-149.928
-171.252
-198.097
-230.44
-270.186
-319.357
-382.796
-462.001
-554.38
-669.984
-818.234
-1003.64
-1200.04
-1380.31
-1519.61
-1578.64
-1577.91
-1547.22
-1503.7
-1468.39
-1424.98
-1381.1
-1340.71
-1301.3
-1255.99
-1206.99
-1148.38
-1084.14
-1019.8
-963.273
-921.421
-900.085
-894.72
-899.847
-902.959
76.9102
56.2974
31.418
15.1759
27.0463
46.7761
60.6195
76.2428
99.1924
110.821
105.934
98.5176
83.0931
55.556
20.9519
-14.086
-48.5092
-87.8615
-132.425
-182.541
-236.989
-299.695
-371.862
-457.059
-557.731
-678.147
-824.927
-990.307
-1150.62
-1285.71
-1375.55
-1388.13
-1349.66
-1294.82
-1247.63
-1204.8
-1174.08
-1157.6
-1144.94
-1135.04
-1118.93
-1094.93
-1051.9
-993.833
-937.222
-901.419
-888.295
-894.012
-900.869
-901.426
92.8964
80.7629
66.4915
63.2973
73.4077
88.9417
103.589
120.708
137.467
145.921
147.488
145.117
138.588
124.622
100.913
68.5537
29.2144
-14.9203
-62.4341
-112.303
-166.074
-226.404
-293.862
-371.149
-458.043
-558.336
-674.205
-812.43
-952.07
-1065.4
-1154.94
-1203.38
-1179.16
-1109.72
-1036.09
-987.304
-956.658
-959.036
-979.526
-1006.3
-1034.43
-1061.4
-1046.2
-997.03
-944.12
-905.81
-892.534
-898.461
-909.71
-912.345
98.6773
95.2877
92.0498
91.4819
97.1712
107.418
118.941
131.586
145.97
160.042
165.671
165.127
161.628
152.144
133.752
106.295
71.974
33.3714
-9.18142
-55.6823
-107.119
-163.431
-226.183
-295.861
-372.997
-459.318
-555.225
-662.677
-779.122
-883.102
-957.086
-1009.88
-1021.44
-964.253
-869.036
-788.807
-743.466
-744.453
-791.144
-865.986
-961.252
-1061.23
-1089.54
-1053.21
-1000.06
-958.376
-936.605
-930.87
-933.198
-938.525
99.8519
99.1282
98.2606
99.4443
106.301
116.091
126.764
135.632
148.465
159.254
164.694
167.116
166.038
159.501
146.519
126.439
99.7592
67.0056
28.8273
-14.3047
-62.1271
-113.909
-171.378
-234.331
-302.984
-376.786
-457.131
-543.661
-635.263
-725.509
-799.631
-846.698
-865.693
-841.324
-770.496
-646.763
-541.187
-528.761
-606.722
-728.896
-890.018
-1060.08
-1154.59
-1156.37
-1115.77
-1073.57
-1029.77
-996.752
-980.051
-976.446
100.251
101.305
101.821
103.632
108.098
115.351
124.794
135.748
145.663
152.558
158.958
163.101
162.76
158.443
149.266
134.163
111.948
83.8219
51.184
13.5544
-28.1952
-74.8314
-126.401
-181.879
-241.572
-305.732
-374.523
-447.61
-522.95
-596.984
-665.403
-716.786
-742.245
-737.674
-688.126
-598.901
-482.381
-381.64
-432.156
-593.088
-813.52
-1035.02
-1203.66
-1255.38
-1238.47
-1200.85
-1143.73
-1081.42
-1038.92
-1022.68
98.3314
100.312
102.118
104.624
109.095
114.816
121.224
129.305
137.592
145.453
151.409
154.285
155.562
153.427
145.88
133.74
116.661
94.8072
67.6845
35.1694
-1.62277
-42.2808
-86.5799
-135.191
-187.055
-243.195
-303.998
-368.197
-432.878
-496.824
-556.738
-608.515
-643.025
-654.698
-636.211
-573.279
-480.936
-411.912
-378.664
-505.265
-715.246
-955.364
-1169.16
-1275.7
-1289.43
-1258.15
-1191.54
-1115.14
-1059.55
-1038.22
95.035
98.447
101.817
104.375
108.075
112.785
118.717
124.984
130.914
137.319
142.939
146.589
147.962
146.298
142.423
134.116
120.503
102.261
79.5379
52.7389
22.0746
-12.7313
-51.8666
-94.3696
-140.859
-191.585
-245.364
-301.624
-359.628
-417.516
-472.771
-522.085
-562.12
-585.948
-587.868
-561.87
-506.096
-446.973
-442.29
-504.902
-676.334
-868.463
-1039.93
-1156.38
-1196.46
-1185.86
-1133.34
-1067.64
-1016.03
-999.122
90.0098
97.2927
100.892
104.072
107.44
110.683
114.838
120.053
125.593
131.432
135.767
139.588
141.576
141.332
138.551
131.911
121.582
107.444
89.3221
67.0311
40.5577
10.29
-23.8259
-62.0824
-103.986
-148.885
-197.782
-249.696
-302.85
-356.378
-408.618
-456.774
-497.934
-530.318
-545.866
-540.811
-520.177
-496.911
-512.8
-588.341
-697.311
-824.178
-932.391
-1012.38
-1050.66
-1047.34
-1018.6
-976.658
-943.02
-928.023
81.1989
98.0193
101.074
103.611
106.049
109.065
112.797
116.485
121.06
125.71
129.768
133.587
135.143
135.263
133.741
129.155
121.177
109.474
94.0319
74.9349
52.1471
25.1233
-6.25598
-40.9137
-78.875
-120.977
-166.411
-213.823
-263.067
-313.276
-363.008
-409.722
-450.488
-487.053
-514.83
-524.189
-519.562
-525.179
-569.756
-653.143
-747.105
-832.685
-889.701
-920.857
-944.546
-944.621
-925.001
-895.813
-869.974
-856.247
69.0039
100.402
102.802
103.696
105.513
108.314
111.177
114.792
118.942
122
125.483
128.134
129.23
129.478
127.391
123.029
116.18
105.612
91.3708
73.8399
52.2579
26.5535
-2.45292
-34.6145
-70.6368
-109.314
-150.95
-195.043
-240.911
-287.222
-333.961
-378.935
-419.774
-456.551
-489.319
-510.753
-522.709
-545.979
-599.46
-683.849
-779.629
-851.453
-901.54
-889.385
-884.565
-878.043
-860.854
-839.215
-820.602
-810.749
187.118
183.248
181.332
180.629
180.243
179.883
179.575
179.299
179.113
179.023
178.949
178.953
178.981
179.082
179.25
179.513
179.884
180.385
180.941
181.509
182.21
183.097
184.091
185.121
186.09
186.967
187.886
188.953
190.083
191.173
192.139
192.94
193.5
193.667
193.231
191.852
189.236
185.14
179.267
171.139
160.214
145.977
127.811
105.03
76.9231
42.7335
1.85052
-46.485
-105.653
-165.747
185.201
183.42
182.382
182.048
182.073
182.139
182.185
182.211
182.265
182.377
182.577
182.889
183.33
183.884
184.574
185.389
186.341
187.435
188.695
190.139
191.803
193.675
195.65
197.766
199.978
202.39
204.995
207.829
210.861
214.036
217.23
220.432
223.581
226.531
229.053
230.933
231.968
231.887
230.298
226.724
220.723
211.834
199.46
182.952
161.63
134.817
101.766
61.376
12.0448
-37.5678
184.556
184.155
183.861
183.87
184.178
184.619
185.103
185.495
185.852
186.294
186.864
187.58
188.464
189.503
190.72
192.11
193.694
195.5
197.563
199.92
202.547
205.406
208.49
211.837
215.485
219.471
223.79
228.475
233.496
238.771
244.27
249.93
255.712
261.438
266.987
272.195
276.849
280.622
283.147
284.042
282.911
279.251
272.508
262.102
247.407
227.753
202.309
170.417
131.153
92.6683
185.048
185.399
185.711
186.069
186.623
187.392
188.315
189.184
189.856
190.58
191.568
192.759
194.131
195.681
197.475
199.505
201.818
204.411
207.365
210.639
214.275
218.236
222.555
227.265
232.428
238.073
244.195
250.791
257.851
265.314
273.174
281.378
289.822
298.406
307.024
315.522
323.684
331.227
337.842
343.151
346.721
348.078
346.73
342.112
333.626
320.599
302.411
278.513
248.093
220.321
186.465
187.265
188.019
188.681
189.453
190.528
191.907
193.209
194.241
195.283
196.689
198.431
200.373
202.479
204.874
207.581
210.682
214.156
218.04
222.337
227.07
232.223
237.855
244.029
250.793
258.144
266.094
274.634
283.754
293.459
303.713
314.466
325.613
337.078
348.753
360.505
372.134
383.407
393.998
403.535
411.617
417.8
421.563
422.368
419.684
412.964
401.648
385.34
363.557
344.331
188.611
189.7
190.776
191.697
192.706
194.066
195.835
197.558
198.961
200.4
202.275
204.607
207.161
209.896
212.918
216.359
220.27
224.697
229.585
234.974
240.85
247.256
254.258
261.946
270.321
279.404
289.205
299.734
310.971
322.937
335.6
348.889
362.75
377.086
391.79
406.729
421.741
436.586
450.955
464.501
476.804
487.384
495.76
501.5
504.11
503.012
497.746
487.892
473.009
460.873
191.393
192.669
193.963
195.076
196.316
198.002
200.111
202.223
204.026
205.904
208.289
211.211
214.382
217.754
221.46
225.688
230.475
235.862
241.793
248.285
255.335
263.045
271.465
280.66
290.667
301.513
313.191
325.693
339.044
353.237
368.241
384.02
400.51
417.619
435.23
453.225
471.439
489.642
507.539
524.757
540.863
555.429
568.062
578.32
585.646
589.598
589.81
585.954
577.797
571.331
194.694
196.063
197.477
198.725
200.25
202.246
204.685
207.136
209.344
211.677
214.593
218.096
221.928
225.992
230.435
235.447
241.116
247.447
254.412
262.019
270.304
279.319
289.155
299.865
311.5
324.071
337.582
352.022
367.404
383.73
400.987
419.154
438.151
457.883
478.249
499.13
520.349
541.667
562.771
583.274
602.774
620.88
637.169
651.167
662.464
670.692
675.343
675.901
672.272
669.777
198.365
199.74
201.182
202.538
204.351
206.649
209.382
212.166
214.799
217.616
221.055
225.138
229.618
234.384
239.546
245.326
251.848
259.111
267.125
275.861
285.347
295.645
306.832
318.993
332.176
346.387
361.622
377.888
395.182
413.517
432.901
453.287
474.599
496.753
519.646
543.13
567.018
591.055
614.907
638.206
660.578
681.632
700.968
718.213
733.021
744.942
753.381
758.049
758.996
759.512
202.223
203.541
204.954
206.461
208.443
211.03
214.044
217.157
220.207
223.509
227.464
232.119
237.208
242.601
248.457
254.995
262.367
270.565
279.571
289.37
299.983
311.47
323.944
337.467
352.088
367.829
384.673
402.615
421.667
441.853
463.16
485.531
508.909
533.203
558.289
584.017
610.182
636.519
662.711
688.415
713.277
736.922
758.966
778.981
796.479
810.881
821.668
828.519
831.412
832.999
206.05
207.244
208.633
210.322
212.412
215.207
218.474
221.923
225.385
229.13
233.564
238.716
244.346
250.349
256.864
264.138
272.299
281.329
291.233
301.962
313.577
326.151
339.763
354.52
370.434
387.516
405.763
425.166
445.755
467.525
490.449
514.497
539.609
565.69
592.613
620.207
648.258
676.5
704.624
732.295
759.142
784.771
808.744
830.585
849.779
865.906
878.818
888.484
894.615
898.79
209.614
210.638
212.028
213.819
216.07
219.018
222.496
226.231
230.046
234.207
239.067
244.641
250.74
257.273
264.392
272.314
281.134
290.886
301.532
313.083
325.572
339.096
353.731
369.525
386.521
404.729
424.139
444.763
466.598
489.64
513.872
539.274
565.791
593.32
621.725
650.827
680.392
710.134
739.742
768.873
797.153
824.17
849.5
872.729
893.456
911.124
924.904
933.925
938.522
941.056
212.685
213.571
215.005
216.752
219.185
222.259
225.88
229.833
233.983
238.501
243.69
249.585
256.044
263.017
270.626
279.068
288.443
298.771
310.02
322.208
335.411
349.686
365.096
381.692
399.503
418.555
438.841
460.361
483.115
507.085
532.269
558.652
586.174
614.733
644.175
674.297
704.848
735.536
766.025
795.969
824.994
852.687
878.579
902.165
922.912
940.467
954.716
965.774
973.46
978.335
215.049
215.85
217.248
219.035
221.565
224.715
228.433
232.548
236.949
241.751
247.167
253.267
259.969
267.247
275.239
284.081
293.854
304.558
316.209
328.854
342.538
357.326
373.27
390.402
408.765
428.372
449.222
471.315
494.635
519.173
544.94
571.917
600.042
629.207
659.233
689.883
720.911
752.028
782.899
813.158
842.428
870.311
896.34
920.129
941.266
959.347
974.044
985.138
992.391
996.872
216.55
217.245
218.566
220.523
223.119
226.289
229.999
234.191
238.775
243.767
249.302
255.471
262.283
269.754
277.964
287.037
297.022
307.915
319.763
332.632
346.583
361.644
377.852
395.242
413.843
433.679
454.757
477.063
500.582
525.316
551.266
578.409
606.684
635.955
666.04
696.714
727.701
758.702
789.391
819.42
848.391
875.869
901.485
924.856
945.704
963.722
978.368
988.882
994.998
998.229
217.014
217.637
218.94
221.084
223.753
226.886
230.514
234.693
239.358
244.431
249.976
256.089
262.861
270.367
278.66
287.79
297.783
308.671
320.508
333.376
347.333
362.403
378.604
395.95
414.474
434.214
455.182
477.366
500.737
525.282
551.002
577.874
605.826
634.728
664.387
694.568
724.996
755.387
785.426
814.742
842.953
869.679
894.495
916.859
936.238
952.282
965.052
974.846
981.352
985.043
216.488
217.062
218.461
220.724
223.446
226.473
229.964
234.051
238.688
243.732
249.15
255.096
261.712
269.094
277.3
286.332
296.162
306.836
318.441
331.076
344.795
359.61
375.518
392.528
410.684
430.023
450.557
472.271
495.142
519.131
544.213
570.378
597.563
625.632
654.411
683.647
713.071
742.381
771.273
799.403
826.366
851.727
875.128
896.213
914.669
930.059
941.495
948.33
950.977
951.617
215.08
215.607
217.118
219.485
222.22
225.132
228.403
232.309
236.827
241.723
246.949
252.619
258.93
266.053
274.024
282.78
292.282
302.56
313.736
325.928
339.189
353.516
368.87
385.273
402.772
421.408
441.195
462.114
484.126
507.191
531.269
556.311
582.285
609.076
636.5
664.336
692.298
720.074
747.304
773.643
798.809
822.416
843.98
863.026
878.982
891.538
900.67
906.235
907.938
908.166
212.871
213.45
215.019
217.484
220.197
222.941
225.977
229.631
233.914
238.589
243.501
248.803
254.748
261.488
269.06
277.404
286.423
296.147
306.732
318.298
330.899
344.509
359.099
374.665
391.247
408.912
427.675
447.513
468.378
490.205
512.943
536.546
560.937
586.051
611.723
637.723
663.773
689.559
714.782
739.02
761.818
782.862
801.811
818.353
832.105
842.375
848.528
850.097
847.363
844.382
210.027
210.744
212.357
214.843
217.541
220.074
222.815
226.2
230.176
234.505
239.062
243.94
249.408
255.677
262.758
270.558
278.97
288.023
297.868
308.665
320.441
333.153
346.77
361.292
376.755
393.212
410.679
429.151
448.57
468.871
489.975
511.818
534.322
557.388
580.908
604.67
628.413
651.763
674.353
695.936
716.118
734.397
750.275
763.238
773.03
779.565
782.514
781.402
776.069
770.927
206.829
207.637
209.277
211.774
214.379
216.69
219.16
222.195
225.807
229.765
233.891
238.298
243.241
248.944
255.46
262.629
270.344
278.63
287.644
297.54
308.37
320.08
332.596
345.929
360.119
375.205
391.211
408.109
425.85
444.375
463.591
483.408
503.752
524.506
545.554
566.714
587.733
608.355
628.117
646.535
663.278
678.036
690.489
700.174
706.36
708.442
706.252
699.765
689.013
679.891
203.484
204.342
205.991
208.438
210.896
212.987
215.156
217.842
221.063
224.585
228.266
232.179
236.574
241.668
247.518
254.002
260.968
268.407
276.524
285.457
295.239
305.796
317.108
329.15
341.964
355.568
369.974
385.149
401.053
417.603
434.738
452.345
470.312
488.543
506.863
525.118
543.052
560.372
576.807
591.906
605.102
615.876
623.828
628.774
630.451
628.187
621.313
609.695
593.656
580.06
200.194
201.079
202.671
204.996
207.282
209.12
210.995
213.334
216.12
219.187
222.402
225.824
229.652
234.145
239.33
245.046
251.187
257.806
265.027
272.976
281.667
291.05
301.089
311.76
323.101
335.144
347.859
361.244
375.193
389.662
404.558
419.792
435.247
450.8
466.307
481.527
496.197
509.978
522.567
533.665
542.844
549.569
553.196
553.117
549.072
540.754
527.742
509.608
486.213
466.321
197.19
198.029
199.486
201.625
203.64
205.208
206.822
208.802
211.201
213.798
216.523
219.44
222.714
226.603
231.084
236.06
241.392
247.128
253.407
260.357
267.964
276.176
284.925
294.223
304.082
314.506
325.519
337.022
348.999
361.331
373.91
386.651
399.445
412.15
424.658
436.765
448.148
458.392
467.014
473.687
478.115
479.878
478.503
473.318
463.598
448.956
429.059
403.635
372.626
344.742
194.591
195.312
196.574
198.432
200.119
201.416
202.708
204.366
206.401
208.547
210.813
213.231
216.006
219.277
223.072
227.294
231.818
236.731
242.122
248.071
254.579
261.614
269.124
277.069
285.471
294.313
303.578
313.244
323.22
333.406
343.717
353.986
364.086
373.901
383.28
392.04
399.889
406.458
411.249
413.647
413.263
409.76
402.629
391.295
375.107
353.411
325.842
291.913
251.28
213.877
192.457
193.065
194.038
195.472
196.756
197.771
198.798
200.18
201.779
203.478
205.297
207.27
209.565
212.292
215.457
218.91
222.671
226.772
231.276
236.249
241.698
247.596
253.872
260.53
267.513
274.832
282.424
290.246
298.227
306.313
314.315
322.17
329.716
336.748
343.068
348.466
352.653
355.247
355.825
353.87
348.697
339.814
326.815
309.075
285.922
256.674
220.712
177.755
127.723
80.1875
190.982
191.265
191.866
192.82
193.632
194.333
195.173
196.273
197.451
198.716
200.08
201.639
203.481
205.68
208.194
210.986
214.049
217.367
221.035
225.094
229.538
234.348
239.472
244.885
250.519
256.364
262.37
268.433
274.502
280.47
286.272
291.718
296.687
301.053
304.516
306.685
307.286
305.961
302.221
295.608
285.536
271.19
251.976
227.438
196.957
159.729
115.005
62.0443
0.52628
-59.1634
190.485
190.069
190.038
190.387
190.734
191.169
191.817
192.596
193.381
194.235
195.199
196.365
197.787
199.49
201.467
203.657
206.031
208.632
211.501
214.655
218.145
221.939
225.988
230.217
234.588
239.043
243.554
247.988
252.231
256.178
259.801
262.94
265.423
267.13
267.775
266.885
263.962
258.707
250.736
239.48
224.321
204.494
179.184
147.773
109.723
64.2465
10.4247
-52.6252
-125.457
-199.375
191.26
189.478
188.569
188.248
188.132
188.302
188.658
189.033
189.435
189.938
190.625
191.479
192.475
193.676
195.124
196.733
198.549
200.505
202.646
204.995
207.636
210.476
213.493
216.596
219.731
222.89
225.977
228.93
231.516
233.602
235.152
236.118
236.269
235.337
233.087
229.196
222.936
213.744
201.477
185.692
165.38
139.786
108.321
70.1503
24.5297
-29.3065
-92.2611
-165.818
-251.333
-340.011
193.358
189.496
187.535
186.444
185.948
185.829
185.816
185.754
185.77
185.958
186.367
186.923
187.579
188.375
189.331
190.48
191.786
193.193
194.645
196.3
198.212
200.246
202.3
204.316
206.272
208.129
209.846
211.344
212.4
212.77
212.387
211.283
209.195
205.777
200.637
193.467
183.785
170.904
154.442
133.937
108.519
77.2277
39.4169
-5.62378
-58.7866
-120.983
-192.8
-275.698
-372.562
-475.298
170.448
162.635
162.147
163.522
165.657
167.359
169.645
172.49
170.845
170.706
137.845
46.1556
-97.2565
-232.242
-317.921
-316.184
-209.435
-57.0424
43.079
77.3121
92.3002
101.303
100.692
100.14
98.8025
96.8279
94.7111
93.3965
93.1161
101.29
176.412
167.195
164.446
164.202
165.021
166.388
166.995
167.693
162.807
149.335
99.7677
-33.3249
-235.508
-361.975
-349.541
-267.605
-108.621
11.575
84.1447
101.387
103.756
106.003
102.283
99.3792
96.8852
94.7261
93.5378
95.0493
98.1864
106.965
169.233
165.45
164.472
164.461
164.825
165.841
164.812
161.887
155.936
134.433
90.5383
-88.3836
-375.265
-559.1
-475.658
-291.527
-104.473
28.6191
101.026
118.431
113.371
109.32
103.029
98.3461
95.6367
92.9345
91.6234
93.1112
94.0994
96.6241
162.93
162.798
163.333
163.265
163.766
164.454
163.108
158.236
148.42
119.533
64.1445
-126.184
-400.91
-594.023
-486.898
-258.526
-74.6505
40.7299
102.095
123.581
121.026
112.888
104.271
97.4652
94.8678
91.2645
89.3519
89.1217
87.9291
87.3276
158.854
160.305
162.009
162.511
163.737
164.469
164.09
161.076
152.861
135.425
78.8346
-46.2422
-257.608
-411.649
-383.856
-230.018
-67.2969
51.2261
102.952
112.864
118.551
112.109
103.842
96.6722
91.836
88.346
86.3063
84.4767
82.5178
82.1693
156.748
158.101
160.683
162.905
165.564
167.875
170.9
170.23
168.917
157.618
118.208
48.3551
-111.058
-230.882
-282.567
-219.396
-98.0711
14.9061
72.8422
99.3898
109.155
105.938
98.5785
92.35
87.4839
84.0387
81.5306
79.571
77.5763
78.1863
154.998
155.806
159.043
163.072
167.593
171.958
177.551
181.29
185.002
172.345
151.576
96.0468
-17.0956
-124.907
-237.819
-253.489
-193.66
-75.5314
14.4772
69.7244
91.8539
93.2978
88.9183
84.2433
80.5604
77.8256
75.3299
74.0339
72.9674
73.5857
152.463
153.057
156.286
160.071
165.504
173.235
180.934
187.884
193.481
180.852
167.635
107.501
15.807
-115.215
-273.735
-347.355
-324.483
-193.971
-56.0486
30.0262
69.3566
76.4692
76.6298
74.2311
72.4921
70.6644
69.0286
68.3999
68.1718
68.2638
147.954
148.324
151.351
155.011
160.63
169.117
178.949
187.613
193.705
183.794
165.032
98.8056
4.69781
-160.283
-374.323
-517.843
-483.381
-316.275
-123.384
0.213435
45.0207
59.3647
63.8971
64.4218
64.3255
63.6601
62.8537
62.8826
62.7428
62.7672
141.058
141.225
143.501
147.026
152.461
161.404
171.355
178.346
183.572
173.647
140.35
73.9823
-23.1714
-175.957
-388.719
-611.277
-575.844
-377.573
-174.162
-36.0802
16.9437
41.2085
50.2865
54.2633
55.6882
56.3839
56.4954
57.2104
56.687
56.9743
131.859
132.176
133.809
136.658
141.123
148.894
157.097
157.359
150.603
132.804
94.604
34.1321
-55.2257
-181.522
-350.24
-477.718
-459.935
-313.005
-155.947
-48.3676
1.76904
28.6479
38.8659
45.0533
47.8361
49.3888
50.0288
50.7096
50.514
50.8095
121.127
121.543
122.864
124.294
126.2
128.176
129.272
115.562
87.6514
60.0767
27.2389
-19.1262
-80.4026
-161.664
-261.005
-315.543
-283.899
-194.325
-97.1072
-33.7946
0.853912
21.4458
32.0556
38.076
40.8839
43.1009
43.5122
44.3605
44.35
44.6533
109.258
109.212
109.508
107.924
105.02
97.3187
81.0651
46.476
-11.6374
-46.9214
-62.5123
-84.7929
-105.472
-136.003
-173.475
-185.314
-154.231
-99.4229
-47.0731
-14.5082
4.99205
18.5643
26.9748
31.8033
34.4845
36.7161
37.1991
38.1734
38.1594
38.4554
95.6901
94.6438
92.9505
88.1243
78.4457
58.8283
15.7979
-54.0134
-146.653
-185.11
-173.794
-155.965
-129.152
-107.689
-92.8609
-83.2635
-76.8736
-54.7453
-20.202
-2.07677
8.54042
18.4253
23.308
27.2164
28.6584
30.4083
31.1706
31.911
31.8795
32.3142
79.7734
77.6735
73.5138
65.7679
50.1557
19.7219
-48.1222
-162.617
-295.975
-345.103
-302.719
-230.352
-155.53
-93.008
-54.1617
-31.641
-19.2714
-20.366
-4.90439
6.06736
10.082
16.7189
19.6595
22.9139
24.3305
25.3645
25.9474
26.3892
25.9068
26.2741
63.7102
60.6061
54.4555
44.0391
24.4094
-14.3101
-95.1462
-239.134
-437.39
-509.483
-428.495
-289.222
-177.258
-90.8502
-38.7806
-16.7498
-4.25617
-6.10505
1.77386
8.29997
10.8406
15.6278
17.3813
18.4699
20.3769
21.143
21.305
21.7744
20.5702
20.8923
47.881
44.7842
37.5967
26.5408
4.43543
-34.5098
-119.267
-241.624
-499.848
-532.687
-427.501
-285.551
-171.09
-86.2398
-37.5947
-17.9496
-4.77812
-3.44249
3.73243
7.00661
9.00539
12.1577
14.4912
15.7236
15.9904
16.6283
16.5929
16.6873
16.1964
16.2666
32.2942
31.514
23.0579
14.3064
-5.93934
-35.9063
-105.139
-208.634
-357.41
-404.315
-324.327
-219.058
-141.726
-73.1332
-31.3788
-17.7071
-9.77732
-7.60256
-0.701623
3.97477
7.91432
9.41686
9.10785
11.1778
11.9059
12.2426
12.3523
12.324
11.8026
11.2504
17.6977
17.2157
13.191
7.66135
-5.04896
-24.5487
-63.1579
-122.785
-189.284
-231.279
-197.068
-131.204
-79.3963
-45.141
-24.5012
-13.4333
-10.1488
-7.77588
-0.788307
3.18315
6.04669
7.98116
6.84256
5.54294
7.36144
7.76158
7.91051
7.75527
7.12349
6.91712
4.07157
4.57658
3.37498
2.02199
-2.39272
-9.25957
-20.9074
-41.4187
-58.7773
-67.3675
-53.3444
-22.3827
2.37805
-0.188039
-6.85545
-7.11103
-7.40167
-6.49305
-3.61143
-1.8291
0.0110484
1.62036
2.66109
2.00104
1.90971
2.20854
2.47074
2.6309
2.9335
3.38907
)
;

boundaryField
{
    INLET
    {
        type            zeroGradient;
    }
    OUTLET
    {
        type            fixedValue;
        value           uniform 0;
    }
    WALL
    {
        type            zeroGradient;
    }
    CYLINDER
    {
        type            zeroGradient;
    }
    frontAndBackPlanes
    {
        type            empty;
    }
}


// ************************************************************************* //
